    19.95000          0.1464684E-12
    19.85000          0.1579086E-12
    19.75000          0.1702046E-12
    19.65000          0.1834706E-12
    19.55000          0.1977923E-12
    19.45000          0.2131980E-12
    19.35000          0.2298019E-12
    19.25000          0.2477182E-12
    19.15000          0.2670039E-12
    19.05000          0.2878586E-12
    18.95000          0.3101113E-12
    18.85000          0.3343611E-12
    18.75000          0.3603226E-12
    18.65000          0.3885664E-12
    18.55000          0.4188072E-12
    18.45000          0.4513304E-12
    18.35000          0.4864212E-12
    18.25000          0.5243649E-12
    18.15000          0.5651615E-12
    18.05000          0.6090963E-12
    17.95000          0.6564547E-12
    17.85000          0.7075217E-12
    17.75000          0.7625829E-12
    17.65000          0.8219234E-12
    17.55000          0.8855433E-12
    17.45000          0.9542985E-12
    17.35000          0.1028474E-11
    17.25000          0.1108356E-11
    17.15000          0.1194513E-11
    17.05000          0.1287233E-11
    16.95000          0.1387085E-11
    16.85000          0.1494925E-11
    16.75000          0.1610753E-11
    16.65000          0.1735711E-11
    16.55000          0.1870368E-11
    16.45000          0.2015296E-11
    16.35000          0.2171635E-11
    16.25000          0.2339957E-11
    16.15000          0.2521117E-11
    16.05000          0.2716541E-11
    15.95000          0.2927086E-11
    15.85000          0.3152465E-11
    15.75000          0.3397816E-11
    15.65000          0.3660284E-11
    15.55000          0.3945575E-11
    15.45000          0.4250836E-11
    15.35000          0.4578921E-11
    15.25000          0.4932681E-11
    15.15000          0.5314972E-11
    15.05000          0.5725791E-11
    14.95000          0.6167991E-11
    14.85000          0.6647280E-11
    14.75000          0.7160805E-11
    14.65000          0.7711417E-11
    14.55000          0.8307675E-11
    14.45000          0.8949579E-11
    14.35000          0.9642838E-11
    14.25000          0.1039030E-10
    14.15000          0.1119482E-10
    14.05000          0.1206210E-10
    13.95000          0.1299501E-10
    13.85000          0.1400208E-10
    13.75000          0.1508619E-10
    13.65000          0.1625588E-10
    13.55000          0.1751687E-10
    13.45000          0.1888056E-10
    13.35000          0.2035266E-10
    13.25000          0.2194744E-10
    13.15000          0.2367059E-10
    13.05000          0.2553925E-10
    12.95000          0.2757052E-10
    12.85000          0.2978438E-10
    12.75000          0.3218082E-10
    12.65000          0.3483403E-10
    12.55000          0.3774400E-10
    12.45000          0.4096779E-10
    12.35000          0.4456246E-10
    12.25000          0.4849947E-10
    12.15000          0.5272178E-10
    12.05000          0.5711526E-10
    11.95000          0.6162286E-10
    11.85000          0.6618751E-10
    11.75000          0.7103747E-10
    11.65000          0.7625828E-10
    11.55000          0.8196412E-10
    11.45000          0.8815492E-10
    11.35000          0.9485926E-10
    11.25000          0.1020201E-09
    11.15000          0.1096944E-09
    11.05000          0.1178822E-09
    10.95000          0.1266692E-09
    10.85000          0.1360838E-09
    10.75000          0.1461831E-09
    10.65000          0.1570242E-09
    10.55000          0.1686355E-09
    10.45000          0.1811027E-09
    10.35000          0.1945114E-09
    10.25000          0.2089472E-09
    10.15000          0.2245241E-09
    10.05000          0.2412991E-09
    9.950000          0.2594151E-09
    9.850000          0.2788149E-09
    9.750000          0.2995556E-09
    9.650000          0.3218083E-09
    9.550000          0.3454874E-09
    9.450000          0.3708784E-09
    9.350000          0.3979810E-09
    9.250000          0.4270807E-09
    9.150000          0.4581774E-09
    9.050000          0.4915564E-09
    8.950000          0.5272178E-09
    8.850000          0.5657320E-09
    8.750000          0.6073846E-09
    8.650000          0.6518900E-09
    8.550000          0.6998189E-09
    8.450000          0.7511713E-09
    8.350000          0.8056618E-09
    8.250000          0.8647171E-09
    8.150000          0.9289075E-09
    8.050000          0.9985186E-09
    7.950000          0.1066132E-08
    7.850000          0.1131464E-08
    7.750000          0.1202787E-08
    7.650000          0.1281527E-08
    7.550000          0.1366259E-08
    7.450000          0.1455555E-08
    7.350000          0.1551698E-08
    7.250000          0.1655544E-08
    7.150000          0.1763669E-08
    7.050000          0.1876930E-08
    6.950000          0.1999890E-08
    6.850000          0.2131695E-08
    6.750000          0.2274910E-08
    6.650000          0.2439238E-08
    6.550000          0.2629527E-08
    6.450000          0.2843210E-08
    6.350000          0.3081143E-08
    6.250000          0.3340758E-08
    6.150000          0.3600373E-08
    6.050000          0.3868546E-08
    5.950000          0.4162396E-08
    5.850000          0.4481922E-08
    5.750000          0.4829977E-08
    5.650000          0.5215119E-08
    5.550000          0.5643056E-08
    5.450000          0.6110934E-08
    5.350000          0.6624457E-08
    5.250000          0.7195040E-08
    5.150000          0.7819827E-08
    5.050000          0.8510231E-08
    4.950000          0.9229163E-08
    4.850000          0.9973774E-08
    4.750000          0.1079826E-07
    4.650000          0.1170549E-07
    4.550000          0.1270971E-07
    4.450000          0.1383376E-07
    4.350000          0.1509189E-07
    4.250000          0.1650694E-07
    4.150000          0.1812454E-07
    4.050000          0.1998463E-07
    3.950000          0.2166215E-07
    3.850000          0.2305437E-07
    3.750000          0.2457212E-07
    3.650000          0.2622966E-07
    3.550000          0.2803269E-07
    3.450000          0.3006967E-07
    3.350000          0.3232347E-07
    3.250000          0.3489109E-07
    3.150000          0.3780106E-07
    3.050000          0.4111043E-07
    2.950000          0.4396335E-07
    2.850000          0.4624567E-07
    2.750000          0.4878476E-07
    2.650000          0.5152355E-07
    2.550000          0.5454764E-07
    2.450000          0.5788555E-07
    2.350000          0.6159433E-07
    2.250000          0.6578812E-07
    2.150000          0.7040982E-07
    2.050000          0.7563065E-07
    1.950000          0.8079441E-07
    1.850000          0.8561583E-07
    1.750000          0.9100783E-07
    1.650000          0.9717012E-07
    1.550000          0.1042453E-06
    1.450000          0.1110638E-06
    1.350000          0.1178822E-06
    1.250000          0.1254710E-06
    1.150000          0.1339441E-06
    1.050000          0.1435014E-06
   0.9800000          0.1513754E-06
   0.9400000          0.1565392E-06
   0.9000000          0.1616174E-06
   0.8600000          0.1679223E-06
   0.8200000          0.1749690E-06
   0.7800000          0.1824721E-06
   0.7400000          0.1906315E-06
   0.7050000          0.1989620E-06
   0.6750000          0.2058945E-06
   0.6450000          0.2127700E-06
   0.6150000          0.2192747E-06
   0.5875000          0.2261787E-06
   0.5625000          0.2331398E-06
   0.5375000          0.2406430E-06
   0.5125000          0.2489735E-06
   0.4875000          0.2591869E-06
   0.4625000          0.2699994E-06
   0.4375000          0.2815823E-06
   0.4125000          0.2947056E-06
   0.3900000          0.3075437E-06
   0.3700000          0.3203818E-06
   0.3500000          0.3343611E-06
   0.3300000          0.3500521E-06
   0.3100000          0.3677401E-06
   0.2900000          0.3865693E-06
   0.2750000          0.4008339E-06
   0.2625000          0.4139572E-06
   0.2475000          0.4313600E-06
   0.2350000          0.4470510E-06
   0.2250000          0.4601744E-06
   0.2150000          0.4738683E-06
   0.2050000          0.4895593E-06
   0.1950000          0.5075327E-06
   0.1850000          0.5283590E-06
   0.1750000          0.5526088E-06
   0.1650000          0.5799966E-06
   0.1550000          0.6119492E-06
   0.1462500          0.6421901E-06
   0.1387500          0.6681516E-06
   0.1312500          0.6912601E-06
   0.1237500          0.7215010E-06
   0.1175000          0.7480331E-06
   0.1125000          0.7711416E-06
   0.1075000          0.7959619E-06
   0.1025000          0.8287704E-06
   0.9800000E-01      0.8558731E-06
   0.9400000E-01      0.8829757E-06
   0.9000000E-01      0.9123607E-06
   0.8600000E-01      0.9440280E-06
   0.8200000E-01      0.9799747E-06
   0.7799999E-01      0.1017633E-05
   0.7400000E-01      0.1059571E-05
   0.7050000E-01      0.1098656E-05
   0.6750000E-01      0.1131179E-05
   0.6450000E-01      0.1163132E-05
   0.6150000E-01      0.1193372E-05
   0.5875000E-01      0.1220760E-05
   0.5625000E-01      0.1252142E-05
   0.5375000E-01      0.1290371E-05
   0.5125000E-01      0.1331739E-05
   0.4875000E-01      0.1385373E-05
   0.4625000E-01      0.1450990E-05
   0.4375000E-01      0.1513184E-05
   0.4125000E-01      0.1576804E-05
   0.3900000E-01      0.1618741E-05
   0.3700000E-01      0.1679223E-05
   0.3500000E-01      0.1744269E-05
   0.3300000E-01      0.1818730E-05
   0.3100000E-01      0.1898897E-05
   0.2900000E-01      0.2018719E-05
   0.2750000E-01      0.2097175E-05
   0.2625000E-01      0.2172491E-05
   0.2475000E-01      0.2268634E-05
   0.2350000E-01      0.2360783E-05
   0.2250000E-01      0.2435815E-05
   0.2150000E-01      0.2515696E-05
   0.2050000E-01      0.2598431E-05
   0.1950000E-01      0.2686300E-05
   0.1850000E-01      0.2783870E-05
   0.1750000E-01      0.2901410E-05
   0.1650000E-01      0.3026938E-05
   0.1550000E-01      0.3169583E-05
   0.1462500E-01      0.3320788E-05
   0.1387500E-01      0.3440609E-05
   0.1312500E-01      0.3571843E-05
   0.1237500E-01      0.3723048E-05
   0.1175000E-01      0.3851429E-05
   0.1125000E-01      0.3959839E-05
   0.1075000E-01      0.4113896E-05
   0.1025000E-01      0.4265101E-05
   0.9800000E-02      0.4396335E-05
   0.9400001E-02      0.4530421E-05
   0.9000000E-02      0.4678772E-05
   0.8600000E-02      0.4824271E-05
   0.8200000E-02      0.4989740E-05
   0.7800000E-02      0.5166620E-05
   0.7400000E-02      0.5372029E-05
   0.7050000E-02      0.5543204E-05
   0.6750000E-02      0.5728643E-05
   0.6450000E-02      0.6028199E-05
   0.6150000E-02      0.6324902E-05
   0.5875000E-02      0.6658692E-05
   0.5625000E-02      0.6949690E-05
   0.5375000E-02      0.7237832E-05
   0.5125000E-02      0.7511712E-05
   0.4875000E-02      0.7856914E-05
   0.4625000E-02      0.8082295E-05
   0.4375000E-02      0.8376144E-05
   0.4125000E-02      0.8669995E-05
   0.3900000E-02      0.8972402E-05
   0.3700000E-02      0.9097931E-05
   0.3500000E-02      0.9246282E-05
   0.3300000E-02      0.9406045E-05
   0.3100000E-02      0.9759806E-05
   0.2900000E-02      0.1037318E-04
   0.2750000E-02      0.1071838E-04
   0.2625000E-02      0.1108641E-04
   0.2475000E-02      0.1167696E-04
   0.2350000E-02      0.1225895E-04
   0.2250000E-02      0.1274110E-04
   0.2150000E-02      0.1343150E-04
   0.2050000E-02      0.1402776E-04
   0.1950000E-02      0.1473528E-04
   0.1850000E-02      0.1553695E-04
   0.1750000E-02      0.1589356E-04
   0.1650000E-02      0.1665814E-04
   0.1550000E-02      0.1769090E-04
   0.1462500E-02      0.1867230E-04
   0.1387500E-02      0.1961661E-04
   0.1312500E-02      0.2060657E-04
   0.1237500E-02      0.2077489E-04
   0.1175000E-02      0.2135118E-04
   0.1125000E-02      0.2217567E-04
   0.1075000E-02      0.2332824E-04
   0.1025000E-02      0.2437526E-04
   0.9800000E-03      0.2571043E-04
   0.9400000E-03      0.2830943E-04
   0.9000000E-03      0.2989850E-04
   0.8600000E-03      0.3081143E-04
   0.8200000E-03      0.3215229E-04
   0.7800000E-03      0.3369287E-04
   0.7400000E-03      0.3537609E-04
   0.7050000E-03      0.3748724E-04
   0.6750000E-03      0.3897075E-04
   0.6450000E-03      0.4225160E-04
   0.6150000E-03      0.4390629E-04
   0.5875000E-03      0.4553244E-04
   0.5625000E-03      0.4715860E-04
   0.5375000E-03      0.4892741E-04
   0.5125000E-03      0.4787183E-04
   0.4875000E-03      0.4827123E-04
   0.4625000E-03      0.4992593E-04
   0.4375000E-03      0.5169474E-04
   0.4125000E-03      0.5317824E-04
   0.3900000E-03      0.5449059E-04
   0.3700000E-03      0.5685849E-04
   0.3500000E-03      0.5979700E-04
   0.3300000E-03      0.6316343E-04
   0.3100000E-03      0.6690074E-04
   0.2900000E-03      0.7135128E-04
   0.2750000E-03      0.7603005E-04
   0.2625000E-03      0.8076589E-04
   0.2475000E-03      0.8592966E-04
   0.2350000E-03      0.9057990E-04
   0.2250000E-03      0.9448838E-04
   0.2150000E-03      0.9888186E-04
   0.2050000E-03      0.1036748E-03
   0.1950000E-03      0.1087815E-03
   0.1850000E-03      0.1150579E-03
   0.1750000E-03      0.1214484E-03
   0.1650000E-03      0.1279530E-03
   0.1550000E-03      0.1351994E-03
   0.1462500E-03      0.1422176E-03
   0.1387500E-03      0.1488648E-03
   0.1312500E-03      0.1562253E-03
   0.1237500E-03      0.1644417E-03
   0.1175000E-03      0.1720590E-03
   0.1125000E-03      0.1786492E-03
   0.1075000E-03      0.1857815E-03
   0.1025000E-03      0.1936555E-03
   0.9800000E-04      0.2034696E-03
   0.9400000E-04      0.2147385E-03
   0.9000000E-04      0.2278619E-03
   0.8600000E-04      0.2443803E-03
   0.8200000E-04      0.2607845E-03
   0.7800000E-04      0.2792429E-03
   0.7400000E-04      0.3001262E-03
   0.7050000E-04      0.3200965E-03
   0.6750000E-04      0.3466286E-03
   0.6450000E-04      0.3657430E-03
   0.6150000E-04      0.3851429E-03
   0.5875000E-04      0.4045427E-03
   0.5625000E-04      0.4242277E-03
   0.5375000E-04      0.4339276E-03
   0.5125000E-04      0.4533275E-03
   0.4875000E-04      0.4775772E-03
   0.4625000E-04      0.5035386E-03
   0.4375000E-04      0.5323531E-03
   0.4125000E-04      0.5648762E-03
   0.3900000E-04      0.5976848E-03
   0.3700000E-04      0.6302078E-03
   0.3500000E-04      0.6667250E-03
   0.3300000E-04      0.7072364E-03
   0.3100000E-04      0.7531682E-03
   0.2900000E-04      0.8133646E-03
   0.2750000E-04      0.8704229E-03
   0.2625000E-04      0.9243428E-03
   0.2475000E-04      0.9970921E-03
   0.2350000E-04      0.1065277E-02
   0.2250000E-04      0.1126614E-02
   0.2150000E-04      0.1194513E-02
   0.2050000E-04      0.1269830E-02
   0.1950000E-04      0.1349997E-02
   0.1850000E-04      0.1435584E-02
   0.1750000E-04      0.1531727E-02
   0.1650000E-04      0.1640709E-02
   0.1550000E-04      0.1764810E-02
   0.1462500E-04      0.1888341E-02
   0.1387500E-04      0.2007878E-02
   0.1312500E-04      0.2142536E-02
   0.1237500E-04      0.2294595E-02
   0.1175000E-04      0.2437241E-02
   0.1125000E-04      0.2564196E-02
   0.1075000E-04      0.2703988E-02
   0.1025000E-04      0.2858616E-02
   0.9800000E-05      0.3004114E-02
   0.9400001E-05      0.3138201E-02
   0.8999999E-05      0.3283700E-02
   0.8600000E-05      0.3443463E-02
   0.8200001E-05      0.3620343E-02
   0.7800000E-05      0.3814341E-02
   0.7400000E-05      0.4034015E-02
   0.7050000E-05      0.4247983E-02
   0.6750000E-05      0.4459098E-02
   0.6450000E-05      0.4701596E-02
   0.6150000E-05      0.4978328E-02
   0.5875000E-05      0.5283590E-02
   0.5625000E-05      0.5651615E-02
   0.5375000E-05      0.6011081E-02
   0.5125000E-05      0.6330607E-02
   0.4875000E-05      0.6658693E-02
   0.4625000E-05      0.7003895E-02
   0.4375000E-05      0.7380479E-02
   0.4125000E-05      0.7665770E-02
   0.3900000E-05      0.7965325E-02
   0.3700000E-05      0.8316233E-02
   0.3500000E-05      0.8735611E-02
   0.3300000E-05      0.9223458E-02
   0.3100000E-05      0.9779776E-02
   0.2900000E-05      0.1044736E-01
   0.2750000E-05      0.1103506E-01
   0.2625000E-05      0.1158282E-01
   0.2475000E-05      0.1231601E-01
   0.2350000E-05      0.1300071E-01
   0.2250000E-05      0.1360553E-01
   0.2150000E-05      0.1426740E-01
   0.2050000E-05      0.1499775E-01
   0.1950000E-05      0.1575948E-01
   0.1850000E-05      0.1655829E-01
   0.1750000E-05      0.1744269E-01
   0.1650000E-05      0.1843551E-01
   0.1550000E-05      0.1955099E-01
   0.1462500E-05      0.2064366E-01
   0.1387500E-05      0.2168782E-01
   0.1312500E-05      0.2285181E-01
   0.1237500E-05      0.2414988E-01
   0.1175000E-05      0.2535381E-01
   0.1125000E-05      0.2640939E-01
   0.1075000E-05      0.2756196E-01
   0.1025000E-05      0.2881439E-01
   0.9800000E-06      0.3006967E-01
   0.9399999E-06      0.3129642E-01
   0.9000000E-06      0.3260876E-01
   0.8600000E-06      0.3406375E-01
   0.8200000E-06      0.3563285E-01
   0.7800000E-06      0.3737313E-01
   0.7400000E-06      0.3928458E-01
   0.7050000E-06      0.4113897E-01
   0.6750000E-06      0.4282218E-01
   0.6450000E-06      0.4467658E-01
   0.6150000E-06      0.4667361E-01
   0.5875000E-06      0.4869917E-01
   0.5625000E-06      0.5069622E-01
   0.5375000E-06      0.5286442E-01
   0.5125000E-06      0.5523234E-01
   0.4875000E-06      0.5797113E-01
   0.4625000E-06      0.6110934E-01
   0.4375000E-06      0.6461842E-01
   0.4125000E-06      0.6858396E-01
   0.3900000E-06      0.7257804E-01
   0.3700000E-06      0.7654358E-01
   0.3500000E-06      0.8105117E-01
   0.3300000E-06      0.8612935E-01
   0.3100000E-06      0.9189223E-01
   0.2900000E-06      0.9839687E-01
   0.2750000E-06      0.1039030    
   0.2625000E-06      0.1090382    
   0.2475000E-06      0.1155999    
   0.2350000E-06      0.1214769    
   0.2250000E-06      0.1266121    
   0.2150000E-06      0.1322039    
   0.2050000E-06      0.1382806    
   0.1950000E-06      0.1452131    
   0.1850000E-06      0.1532013    
   0.1750000E-06      0.1621309    
   0.1650000E-06      0.1720876    
   0.1550000E-06      0.1833851    
   0.1462500E-06      0.1945114    
   0.1387500E-06      0.2052098    
   0.1312500E-06      0.2171635    
   0.1237500E-06      0.2305151    
   0.1175000E-06      0.2429538    
   0.1125000E-06      0.2539375    
   0.1075000E-06      0.2659197    
   0.1025000E-06      0.2791287    
   0.9800000E-07      0.2924233    
   0.9400000E-07      0.3055466    
   0.9000000E-07      0.3200965    
   0.8600000E-07      0.3357875    
   0.8200000E-07      0.3531902    
   0.7800000E-07      0.3725901    
   0.7400000E-07      0.3939869    
   0.7050000E-07      0.4142426    
   0.6750000E-07      0.4322159    
   0.6450000E-07      0.4510451    
   0.6150000E-07      0.4715860    
   0.5875000E-07      0.4921270    
   0.5625000E-07      0.5123826    
   0.5375000E-07      0.5346354    
   0.5125000E-07      0.5588851    
   0.4875000E-07      0.5857025    
   0.4625000E-07      0.6133757    
   0.4375000E-07      0.6404783    
   0.4125000E-07      0.6667251    
   0.3900000E-07      0.6889778    
   0.3700000E-07      0.7075217    
   0.3500000E-07      0.7246392    
   0.3300000E-07      0.7394743    
   0.3100000E-07      0.7517418    
   0.2900000E-07      0.7611564    
   0.2750000E-07      0.7662917    
   0.2625000E-07      0.7685739    
   0.2475000E-07      0.7688593    
   0.2350000E-07      0.7674329    
   0.2250000E-07      0.7642946    
   0.2150000E-07      0.7600152    
   0.2050000E-07      0.7537389    
   0.1950000E-07      0.7460360    
   0.1850000E-07      0.7363361    
   0.1750000E-07      0.7246392    
   0.1650000E-07      0.7109452    
   0.1550000E-07      0.6946836    
   0.1462500E-07      0.6787072    
   0.1387500E-07      0.6633016    
   0.1312500E-07      0.6464694    
   0.1237500E-07      0.6279255    
   0.1175000E-07      0.6110933    
   0.1125000E-07      0.5968288    
   0.1075000E-07      0.5817084    
   0.1025000E-07      0.5657321    
   0.9800000E-08      0.5506117    
   0.9400000E-08      0.5366324    
   0.9000000E-08      0.5220826    
   0.8600000E-08      0.5066769    
   0.8200000E-08      0.4909858    
   0.7800000E-08      0.4744390    
   0.7400000E-08      0.4573215    
   0.7050000E-08      0.4416305    
   0.6750000E-08      0.4279365    
   0.6450000E-08      0.4139572    
   0.6150000E-08      0.3994074    
   0.5875000E-08      0.3857134    
   0.5625000E-08      0.3728754    
   0.5375000E-08      0.3597519    
   0.5125000E-08      0.3466286    
   0.4875000E-08      0.3329346    
   0.4625000E-08      0.3189553    
   0.4375000E-08      0.3046908    
   0.4125000E-08      0.2901409    
   0.3900000E-08      0.2768464    
   0.3700000E-08      0.2647215    
   0.3500000E-08      0.2523970    
   0.3300000E-08      0.2398727    
   0.3100000E-08      0.2271202    
   0.2900000E-08      0.2141680    
   0.2750000E-08      0.2042969    
   0.2625000E-08      0.1959664    
   0.2475000E-08      0.1858671    
   0.2350000E-08      0.1773654    
   0.2250000E-08      0.1704899    
   0.2150000E-08      0.1635574    
   0.2050000E-08      0.1565677    
   0.1950000E-08      0.1495210    
   0.1850000E-08      0.1424173    
   0.1750000E-08      0.1352565    
   0.1650000E-08      0.1280386    
   0.1550000E-08      0.1207637    
   0.1462500E-08      0.1143446    
   0.1387500E-08      0.1087814    
   0.1312500E-08      0.1032183    
   0.1237500E-08      0.9759806E-01
   0.1175000E-08      0.9291928E-01
   0.1125000E-08      0.8912491E-01
   0.1075000E-08      0.8533054E-01
   0.1025000E-08      0.8153617E-01
   0.9800000E-09      0.7808416E-01
   0.9400000E-09      0.7503153E-01
   0.9000000E-09      0.7195039E-01
   0.8600000E-09      0.6886925E-01
   0.8200000E-09      0.6575958E-01
   0.7800000E-09      0.6264991E-01
   0.7400000E-09      0.5954023E-01
   0.7050000E-09      0.5680145E-01
   0.6750000E-09      0.5443352E-01
   0.6450000E-09      0.5209414E-01
   0.6150000E-09      0.4972622E-01
   0.5875000E-09      0.4755801E-01
   0.5625000E-09      0.4556097E-01
   0.5375000E-09      0.4359247E-01
   0.5125000E-09      0.4159543E-01
   0.4875000E-09      0.3959839E-01
   0.4625000E-09      0.3762989E-01
   0.4375000E-09      0.3563285E-01
   0.4125000E-09      0.3360729E-01
   0.3900000E-09      0.3180995E-01
   0.3700000E-09      0.3021232E-01
   0.3500000E-09      0.2858616E-01
   0.3300000E-09      0.2697997E-01
   0.3100000E-09      0.2536522E-01
   0.2900000E-09      0.2374762E-01
   0.2750000E-09      0.2253228E-01
   0.2625000E-09      0.2151950E-01
   0.2475000E-09      0.2030131E-01
   0.2350000E-09      0.1928567E-01
   0.2250000E-09      0.1847259E-01
   0.2150000E-09      0.1765951E-01
   0.2050000E-09      0.1684358E-01
   0.1950000E-09      0.1602765E-01
   0.1850000E-09      0.1521172E-01
   0.1750000E-09      0.1439579E-01
   0.1650000E-09      0.1357985E-01
   0.1550000E-09      0.1276107E-01
   0.1462500E-09      0.1204499E-01
   0.1387500E-09      0.1143161E-01
   0.1312500E-09      0.1081538E-01
   0.1237500E-09      0.1020201E-01
   0.1175000E-09      0.9688484E-02
   0.1125000E-09      0.9277664E-02
   0.1075000E-09      0.8866845E-02
   0.1025000E-09      0.8456025E-02
