    19.95000          0.1463385E-12
    19.85000          0.1577685E-12
    19.75000          0.1700537E-12
    19.65000          0.1833079E-12
    19.55000          0.1976168E-12
    19.45000          0.2130089E-12
    19.35000          0.2295981E-12
    19.25000          0.2474985E-12
    19.15000          0.2667671E-12
    19.05000          0.2876033E-12
    18.95000          0.3098363E-12
    18.85000          0.3340645E-12
    18.75000          0.3600030E-12
    18.65000          0.3882218E-12
    18.55000          0.4184358E-12
    18.45000          0.4509301E-12
    18.35000          0.4859899E-12
    18.25000          0.5238998E-12
    18.15000          0.5646602E-12
    18.05000          0.6085562E-12
    17.95000          0.6558724E-12
    17.85000          0.7068942E-12
    17.75000          0.7619065E-12
    17.65000          0.8211945E-12
    17.55000          0.8847580E-12
    17.45000          0.9534522E-12
    17.35000          0.1027562E-11
    17.25000          0.1107373E-11
    17.15000          0.1193454E-11
    17.05000          0.1286091E-11
    16.95000          0.1385855E-11
    16.85000          0.1493599E-11
    16.75000          0.1609325E-11
    16.65000          0.1734171E-11
    16.55000          0.1868709E-11
    16.45000          0.2013509E-11
    16.35000          0.2169709E-11
    16.25000          0.2337882E-11
    16.15000          0.2518881E-11
    16.05000          0.2714132E-11
    15.95000          0.2924490E-11
    15.85000          0.3149670E-11
    15.75000          0.3394803E-11
    15.65000          0.3657038E-11
    15.55000          0.3942076E-11
    15.45000          0.4247066E-11
    15.35000          0.4574860E-11
    15.25000          0.4928307E-11
    15.15000          0.5310258E-11
    15.05000          0.5720713E-11
    14.95000          0.6162521E-11
    14.85000          0.6641385E-11
    14.75000          0.7154454E-11
    14.65000          0.7704578E-11
    14.55000          0.8300307E-11
    14.45000          0.8941642E-11
    14.35000          0.9634285E-11
    14.25000          0.1038108E-10
    14.15000          0.1118489E-10
    14.05000          0.1205141E-10
    13.95000          0.1298348E-10
    13.85000          0.1398967E-10
    13.75000          0.1507281E-10
    13.65000          0.1624146E-10
    13.55000          0.1750133E-10
    13.45000          0.1886382E-10
    13.35000          0.2033461E-10
    13.25000          0.2192798E-10
    13.15000          0.2364960E-10
    13.05000          0.2551660E-10
    12.95000          0.2754607E-10
    12.85000          0.2975797E-10
    12.75000          0.3215228E-10
    12.65000          0.3480314E-10
    12.55000          0.3771053E-10
    12.45000          0.4093146E-10
    12.35000          0.4452293E-10
    12.25000          0.4845646E-10
    12.15000          0.5267503E-10
    12.05000          0.5706461E-10
    11.95000          0.6156821E-10
    11.85000          0.6612881E-10
    11.75000          0.7097447E-10
    11.65000          0.7619066E-10
    11.55000          0.8189142E-10
    11.45000          0.8807674E-10
    11.35000          0.9477513E-10
    11.25000          0.1019296E-09
    11.15000          0.1095971E-09
    11.05000          0.1177777E-09
    10.95000          0.1265569E-09
    10.85000          0.1359631E-09
    10.75000          0.1460535E-09
    10.65000          0.1568849E-09
    10.55000          0.1684860E-09
    10.45000          0.1809136E-09
    10.35000          0.1943389E-09
    10.25000          0.2087619E-09
    10.15000          0.2242964E-09
    10.05000          0.2410852E-09
    9.950000          0.2591851E-09
    9.850000          0.2785677E-09
    9.750000          0.2992899E-09
    9.650000          0.3215229E-09
    9.550000          0.3451810E-09
    9.450000          0.3705494E-09
    9.350000          0.3976280E-09
    9.250000          0.4267020E-09
    9.150000          0.4577710E-09
    9.050000          0.4911204E-09
    8.950000          0.5267503E-09
    8.850000          0.5652303E-09
    8.750000          0.6068460E-09
    8.650000          0.6513119E-09
    8.550000          0.6991982E-09
    8.450000          0.7502200E-09
    8.350000          0.8049473E-09
    8.250000          0.8639502E-09
    8.150000          0.9280837E-09
    8.050000          0.9976330E-09
    7.950000          0.1065187E-08
    7.850000          0.1130461E-08
    7.750000          0.1201435E-08
    7.650000          0.1280391E-08
    7.550000          0.1365047E-08
    7.450000          0.1454264E-08
    7.350000          0.1550322E-08
    7.250000          0.1654075E-08
    7.150000          0.1762105E-08
    7.050000          0.1874980E-08
    6.950000          0.1997831E-08
    6.850000          0.2129804E-08
    6.750000          0.2272608E-08
    6.650000          0.2437075E-08
    6.550000          0.2626910E-08
    6.450000          0.2840404E-08
    6.350000          0.3078411E-08
    6.250000          0.3337795E-08
    6.150000          0.3597180E-08
    6.050000          0.3865116E-08
    5.950000          0.4158704E-08
    5.850000          0.4477947E-08
    5.750000          0.4825693E-08
    5.650000          0.5210495E-08
    5.550000          0.5635202E-08
    5.450000          0.6102664E-08
    5.350000          0.6618582E-08
    5.250000          0.7188659E-08
    5.150000          0.7812891E-08
    5.050000          0.8502684E-08
    4.950000          0.9220980E-08
    4.850000          0.9964928E-08
    4.750000          0.1078869E-07
    4.650000          0.1169511E-07
    4.550000          0.1269844E-07
    4.450000          0.1382149E-07
    4.350000          0.1507851E-07
    4.250000          0.1649230E-07
    4.150000          0.1810561E-07
    4.050000          0.1996691E-07
    3.950000          0.2164009E-07
    3.850000          0.2303107E-07
    3.750000          0.2454747E-07
    3.650000          0.2620354E-07
    3.550000          0.2800783E-07
    3.450000          0.3004300E-07
    3.350000          0.3229481E-07
    3.250000          0.3486015E-07
    3.150000          0.3776753E-07
    3.050000          0.4107398E-07
    2.950000          0.4392436E-07
    2.850000          0.4623316E-07
    2.750000          0.4874150E-07
    2.650000          0.5150637E-07
    2.550000          0.5452777E-07
    2.450000          0.5786272E-07
    2.350000          0.6156821E-07
    2.250000          0.6575826E-07
    2.150000          0.7040439E-07
    2.050000          0.7562058E-07
    1.950000          0.8080827E-07
    1.850000          0.8565392E-07
    1.750000          0.9106964E-07
    1.650000          0.9725495E-07
    1.550000          0.1043524E-06
    1.450000          0.1112218E-06
    1.350000          0.1180057E-06
    1.250000          0.1256163E-06
    1.150000          0.1341389E-06
    1.050000          0.1437446E-06
   0.9800000          0.1516687E-06
   0.9400000          0.1568849E-06
   0.9000000          0.1621296E-06
   0.8600000          0.1684289E-06
   0.8200000          0.1754409E-06
   0.7800000          0.1829374E-06
   0.7400000          0.1911180E-06
   0.7050000          0.1993271E-06
   0.6750000          0.2062250E-06
   0.6450000          0.2131229E-06
   0.6150000          0.2198498E-06
   0.5875000          0.2268903E-06
   0.5625000          0.2339307E-06
   0.5375000          0.2415127E-06
   0.5125000          0.2498928E-06
   0.4875000          0.2599547E-06
   0.4625000          0.2707576E-06
   0.4375000          0.2823871E-06
   0.4125000          0.2952993E-06
   0.3900000          0.3084111E-06
   0.3700000          0.3212378E-06
   0.3500000          0.3354897E-06
   0.3300000          0.3511668E-06
   0.3100000          0.3688392E-06
   0.2900000          0.3876517E-06
   0.2750000          0.4021886E-06
   0.2625000          0.4155854E-06
   0.2475000          0.4332578E-06
   0.2350000          0.4492199E-06
   0.2250000          0.4623316E-06
   0.2150000          0.4765836E-06
   0.2050000          0.4925457E-06
   0.1950000          0.5105031E-06
   0.1850000          0.5313108E-06
   0.1750000          0.5549690E-06
   0.1650000          0.5811925E-06
   0.1550000          0.6119766E-06
   0.1462500          0.6410505E-06
   0.1387500          0.6667039E-06
   0.1312500          0.6895070E-06
   0.1237500          0.7200060E-06
   0.1175000          0.7465145E-06
   0.1125000          0.7696026E-06
   0.1075000          0.7944009E-06
   0.1025000          0.8271804E-06
   0.9800000E-01      0.8542589E-06
   0.9400000E-01      0.8813375E-06
   0.9000000E-01      0.9104114E-06
   0.8600000E-01      0.9423356E-06
   0.8200000E-01      0.9779653E-06
   0.7799999E-01      0.1015590E-05
   0.7400000E-01      0.1057491E-05
   0.7050000E-01      0.1096826E-05
   0.6750000E-01      0.1129321E-05
   0.6450000E-01      0.1161245E-05
   0.6150000E-01      0.1192884E-05
   0.5875000E-01      0.1219963E-05
   0.5625000E-01      0.1251317E-05
   0.5375000E-01      0.1289227E-05
   0.5125000E-01      0.1330272E-05
   0.4875000E-01      0.1382149E-05
   0.4625000E-01      0.1447708E-05
   0.4375000E-01      0.1509846E-05
   0.4125000E-01      0.1573410E-05
   0.3900000E-01      0.1615310E-05
   0.3700000E-01      0.1675739E-05
   0.3500000E-01      0.1740442E-05
   0.3300000E-01      0.1814837E-05
   0.3100000E-01      0.1894933E-05
   0.2900000E-01      0.2014078E-05
   0.2750000E-01      0.2092464E-05
   0.2625000E-01      0.2167429E-05
   0.2475000E-01      0.2263487E-05
   0.2350000E-01      0.2355554E-05
   0.2250000E-01      0.2430519E-05
   0.2150000E-01      0.2510330E-05
   0.2050000E-01      0.2592421E-05
   0.1950000E-01      0.2680497E-05
   0.1850000E-01      0.2777695E-05
   0.1750000E-01      0.2895986E-05
   0.1650000E-01      0.3021403E-05
   0.1550000E-01      0.3163922E-05
   0.1462500E-01      0.3312142E-05
   0.1387500E-01      0.3431858E-05
   0.1312500E-01      0.3562975E-05
   0.1237500E-01      0.3714046E-05
   0.1175000E-01      0.3842312E-05
   0.1125000E-01      0.3950627E-05
   0.1075000E-01      0.4104547E-05
   0.1025000E-01      0.4255618E-05
   0.9800000E-02      0.4386735E-05
   0.9400001E-02      0.4523553E-05
   0.9000000E-02      0.4668922E-05
   0.8600000E-02      0.4817142E-05
   0.8200000E-02      0.4979613E-05
   0.7800000E-02      0.5159188E-05
   0.7400000E-02      0.5361564E-05
   0.7050000E-02      0.5532588E-05
   0.6750000E-02      0.5715011E-05
   0.6450000E-02      0.6017153E-05
   0.6150000E-02      0.6310741E-05
   0.5875000E-02      0.6647086E-05
   0.5625000E-02      0.6934975E-05
   0.5375000E-02      0.7225713E-05
   0.5125000E-02      0.7499350E-05
   0.4875000E-02      0.7844246E-05
   0.4625000E-02      0.8069426E-05
   0.4375000E-02      0.8363015E-05
   0.4125000E-02      0.8653754E-05
   0.3900000E-02      0.8955893E-05
   0.3700000E-02      0.9084160E-05
   0.3500000E-02      0.9232380E-05
   0.3300000E-02      0.9394852E-05
   0.3100000E-02      0.9748300E-05
   0.2900000E-02      0.1036113E-04
   0.2750000E-02      0.1070603E-04
   0.2625000E-02      0.1107373E-04
   0.2475000E-02      0.1166375E-04
   0.2350000E-02      0.1224523E-04
   0.2250000E-02      0.1272410E-04
   0.2150000E-02      0.1341389E-04
   0.2050000E-02      0.1400962E-04
   0.1950000E-02      0.1471651E-04
   0.1850000E-02      0.1551462E-04
   0.1750000E-02      0.1586521E-04
   0.1650000E-02      0.1662627E-04
   0.1550000E-02      0.1765525E-04
   0.1462500E-02      0.1863293E-04
   0.1387500E-02      0.1957356E-04
   0.1312500E-02      0.2056264E-04
   0.1237500E-02      0.2074222E-04
   0.1175000E-02      0.2132369E-04
   0.1125000E-02      0.2215030E-04
   0.1075000E-02      0.2330185E-04
   0.1025000E-02      0.2434509E-04
   0.9800000E-03      0.2567907E-04
   0.9400000E-03      0.2825867E-04
   0.9000000E-03      0.2984348E-04
   0.8600000E-03      0.3075560E-04
   0.8200000E-03      0.3209528E-04
   0.7800000E-03      0.3363448E-04
   0.7400000E-03      0.3528770E-04
   0.7050000E-03      0.3742549E-04
   0.6750000E-03      0.3890769E-04
   0.6450000E-03      0.4221413E-04
   0.6150000E-03      0.4386735E-04
   0.5875000E-03      0.4549206E-04
   0.5625000E-03      0.4711678E-04
   0.5375000E-03      0.4885552E-04
   0.5125000E-03      0.4780087E-04
   0.4875000E-03      0.4819993E-04
   0.4625000E-03      0.4985315E-04
   0.4375000E-03      0.5162038E-04
   0.4125000E-03      0.5313108E-04
   0.3900000E-03      0.5444226E-04
   0.3700000E-03      0.5680807E-04
   0.3500000E-03      0.5974397E-04
   0.3300000E-03      0.6310741E-04
   0.3100000E-03      0.6684141E-04
   0.2900000E-03      0.7128800E-04
   0.2750000E-03      0.7596262E-04
   0.2625000E-03      0.8066576E-04
   0.2475000E-03      0.8582494E-04
   0.2350000E-03      0.9047105E-04
   0.2250000E-03      0.9437608E-04
   0.2150000E-03      0.9876566E-04
   0.2050000E-03      0.1035543E-03
   0.1950000E-03      0.1086565E-03
   0.1850000E-03      0.1149273E-03
   0.1750000E-03      0.1213407E-03
   0.1650000E-03      0.1278110E-03
   0.1550000E-03      0.1350795E-03
   0.1462500E-03      0.1420914E-03
   0.1387500E-03      0.1487328E-03
   0.1312500E-03      0.1560868E-03
   0.1237500E-03      0.1642959E-03
   0.1175000E-03      0.1719064E-03
   0.1125000E-03      0.1784908E-03
   0.1075000E-03      0.1856168E-03
   0.1025000E-03      0.1934838E-03
   0.9800000E-04      0.2032891E-03
   0.9400000E-04      0.2145481E-03
   0.9000000E-04      0.2276599E-03
   0.8600000E-04      0.2441635E-03
   0.8200000E-04      0.2605532E-03
   0.7800000E-04      0.2789667E-03
   0.7400000E-04      0.2998600E-03
   0.7050000E-04      0.3198126E-03
   0.6750000E-04      0.3463212E-03
   0.6450000E-04      0.3654187E-03
   0.6150000E-04      0.3848013E-03
   0.5875000E-04      0.4041839E-03
   0.5625000E-04      0.4238515E-03
   0.5375000E-04      0.4335428E-03
   0.5125000E-04      0.4529254E-03
   0.4875000E-04      0.4771536E-03
   0.4625000E-04      0.5030921E-03
   0.4375000E-04      0.5318809E-03
   0.4125000E-04      0.5643753E-03
   0.3900000E-04      0.5971547E-03
   0.3700000E-04      0.6296489E-03
   0.3500000E-04      0.6661338E-03
   0.3300000E-04      0.7066092E-03
   0.3100000E-04      0.7525003E-03
   0.2900000E-04      0.8126433E-03
   0.2750000E-04      0.8696510E-03
   0.2625000E-04      0.9235232E-03
   0.2475000E-04      0.9962078E-03
   0.2350000E-04      0.1064332E-02
   0.2250000E-04      0.1125615E-02
   0.2150000E-04      0.1193454E-02
   0.2050000E-04      0.1268704E-02
   0.1950000E-04      0.1348800E-02
   0.1850000E-04      0.1434311E-02
   0.1750000E-04      0.1530369E-02
   0.1650000E-04      0.1639254E-02
   0.1550000E-04      0.1763245E-02
   0.1462500E-04      0.1886667E-02
   0.1387500E-04      0.2006097E-02
   0.1312500E-04      0.2140635E-02
   0.1237500E-04      0.2292561E-02
   0.1175000E-04      0.2434795E-02
   0.1125000E-04      0.2561922E-02
   0.1075000E-04      0.2701590E-02
   0.1025000E-04      0.2856081E-02
   0.9800000E-05      0.3001450E-02
   0.9400001E-05      0.3135418E-02
   0.8999999E-05      0.3280787E-02
   0.8600000E-05      0.3440409E-02
   0.8200001E-05      0.3617132E-02
   0.7800000E-05      0.3810958E-02
   0.7400000E-05      0.4030438E-02
   0.7050000E-05      0.4244216E-02
   0.6750000E-05      0.4455144E-02
   0.6450000E-05      0.4697426E-02
   0.6150000E-05      0.4973913E-02
   0.5875000E-05      0.5278904E-02
   0.5625000E-05      0.5646603E-02
   0.5375000E-05      0.6005751E-02
   0.5125000E-05      0.6324993E-02
   0.4875000E-05      0.6652788E-02
   0.4625000E-05      0.6997683E-02
   0.4375000E-05      0.7373933E-02
   0.4125000E-05      0.7658971E-02
   0.3900000E-05      0.7958261E-02
   0.3700000E-05      0.8308858E-02
   0.3500000E-05      0.8727864E-02
   0.3300000E-05      0.9215279E-02
   0.3100000E-05      0.9771102E-02
   0.2900000E-05      0.1043809E-01
   0.2750000E-05      0.1102527E-01
   0.2625000E-05      0.1157254E-01
   0.2475000E-05      0.1230509E-01
   0.2350000E-05      0.1298918E-01
   0.2250000E-05      0.1359346E-01
   0.2150000E-05      0.1425475E-01
   0.2050000E-05      0.1498445E-01
   0.1950000E-05      0.1574550E-01
   0.1850000E-05      0.1654361E-01
   0.1750000E-05      0.1742722E-01
   0.1650000E-05      0.1841916E-01
   0.1550000E-05      0.1953080E-01
   0.1462500E-05      0.2062535E-01
   0.1387500E-05      0.2166859E-01
   0.1312500E-05      0.2283155E-01
   0.1237500E-05      0.2412846E-01
   0.1175000E-05      0.2532848E-01
   0.1125000E-05      0.2638596E-01
   0.1075000E-05      0.2753752E-01
   0.1025000E-05      0.2878884E-01
   0.9800000E-06      0.3004301E-01
   0.9399999E-06      0.3126867E-01
   0.9000000E-06      0.3257984E-01
   0.8600000E-06      0.3403354E-01
   0.8200000E-06      0.3560125E-01
   0.7800000E-06      0.3733998E-01
   0.7400000E-06      0.3924973E-01
   0.7050000E-06      0.4110248E-01
   0.6750000E-06      0.4278420E-01
   0.6450000E-06      0.4463695E-01
   0.6150000E-06      0.4663222E-01
   0.5875000E-06      0.4865599E-01
   0.5625000E-06      0.5065125E-01
   0.5375000E-06      0.5281754E-01
   0.5125000E-06      0.5518336E-01
   0.4875000E-06      0.5791972E-01
   0.4625000E-06      0.6105514E-01
   0.4375000E-06      0.6456111E-01
   0.4125000E-06      0.6852313E-01
   0.3900000E-06      0.7251367E-01
   0.3700000E-06      0.7647569E-01
   0.3500000E-06      0.8097930E-01
   0.3300000E-06      0.8605297E-01
   0.3100000E-06      0.9181074E-01
   0.2900000E-06      0.9830961E-01
   0.2750000E-06      0.1038109    
   0.2625000E-06      0.1089415    
   0.2475000E-06      0.1154974    
   0.2350000E-06      0.1213692    
   0.2250000E-06      0.1264999    
   0.2150000E-06      0.1320866    
   0.2050000E-06      0.1381579    
   0.1950000E-06      0.1450843    
   0.1850000E-06      0.1530654    
   0.1750000E-06      0.1619871    
   0.1650000E-06      0.1719349    
   0.1550000E-06      0.1832224    
   0.1462500E-06      0.1943389    
   0.1387500E-06      0.2050278    
   0.1312500E-06      0.2169709    
   0.1237500E-06      0.2303107    
   0.1175000E-06      0.2427384    
   0.1125000E-06      0.2537123    
   0.1075000E-06      0.2656839    
   0.1025000E-06      0.2788812    
   0.9800000E-07      0.2921639    
   0.9400000E-07      0.3052756    
   0.9000000E-07      0.3198126    
   0.8600000E-07      0.3354897    
   0.8200000E-07      0.3528770    
   0.7800000E-07      0.3722596    
   0.7400000E-07      0.3936375    
   0.7050000E-07      0.4138752    
   0.6750000E-07      0.4318326    
   0.6450000E-07      0.4506451    
   0.6150000E-07      0.4711678    
   0.5875000E-07      0.4916906    
   0.5625000E-07      0.5119283    
   0.5375000E-07      0.5341613    
   0.5125000E-07      0.5583894    
   0.4875000E-07      0.5851831    
   0.4625000E-07      0.6128317    
   0.4375000E-07      0.6399103    
   0.4125000E-07      0.6661339    
   0.3900000E-07      0.6883668    
   0.3700000E-07      0.7068943    
   0.3500000E-07      0.7239966    
   0.3300000E-07      0.7388185    
   0.3100000E-07      0.7510752    
   0.2900000E-07      0.7604814    
   0.2750000E-07      0.7656121    
   0.2625000E-07      0.7678924    
   0.2475000E-07      0.7681774    
   0.2350000E-07      0.7667523    
   0.2250000E-07      0.7636168    
   0.2150000E-07      0.7593412    
   0.2050000E-07      0.7530704    
   0.1950000E-07      0.7453744    
   0.1850000E-07      0.7356831    
   0.1750000E-07      0.7239966    
   0.1650000E-07      0.7103147    
   0.1550000E-07      0.6940675    
   0.1462500E-07      0.6781054    
   0.1387500E-07      0.6627133    
   0.1312500E-07      0.6458961    
   0.1237500E-07      0.6273686    
   0.1175000E-07      0.6105513    
   0.1125000E-07      0.5962996    
   0.1075000E-07      0.5811925    
   0.1025000E-07      0.5652304    
   0.9800000E-08      0.5501234    
   0.9400000E-08      0.5361564    
   0.9000000E-08      0.5216196    
   0.8600000E-08      0.5062275    
   0.8200000E-08      0.4905504    
   0.7800000E-08      0.4740182    
   0.7400000E-08      0.4569159    
   0.7050000E-08      0.4412388    
   0.6750000E-08      0.4275570    
   0.6450000E-08      0.4135901    
   0.6150000E-08      0.3990532    
   0.5875000E-08      0.3853714    
   0.5625000E-08      0.3725447    
   0.5375000E-08      0.3594329    
   0.5125000E-08      0.3463212    
   0.4875000E-08      0.3326394    
   0.4625000E-08      0.3186725    
   0.4375000E-08      0.3044206    
   0.4125000E-08      0.2898836    
   0.3900000E-08      0.2765724    
   0.3700000E-08      0.2644868    
   0.3500000E-08      0.2521732    
   0.3300000E-08      0.2396600    
   0.3100000E-08      0.2269188    
   0.2900000E-08      0.2139780    
   0.2750000E-08      0.2041157    
   0.2625000E-08      0.1957926    
   0.2475000E-08      0.1857023    
   0.2350000E-08      0.1772081    
   0.2250000E-08      0.1703387    
   0.2150000E-08      0.1634123    
   0.2050000E-08      0.1564289    
   0.1950000E-08      0.1493884    
   0.1850000E-08      0.1422910    
   0.1750000E-08      0.1351365    
   0.1650000E-08      0.1279251    
   0.1550000E-08      0.1206566    
   0.1462500E-08      0.1142432    
   0.1387500E-08      0.1086850    
   0.1312500E-08      0.1031267    
   0.1237500E-08      0.9751151E-01
   0.1175000E-08      0.9283687E-01
   0.1125000E-08      0.8904587E-01
   0.1075000E-08      0.8525486E-01
   0.1025000E-08      0.8146386E-01
   0.9800000E-09      0.7801490E-01
   0.9400000E-09      0.7496499E-01
   0.9000000E-09      0.7188658E-01
   0.8600000E-09      0.6880817E-01
   0.8200000E-09      0.6570126E-01
   0.7800000E-09      0.6259435E-01
   0.7400000E-09      0.5948743E-01
   0.7050000E-09      0.5675107E-01
   0.6750000E-09      0.5438524E-01
   0.6450000E-09      0.5204794E-01
   0.6150000E-09      0.4968213E-01
   0.5875000E-09      0.4751584E-01
   0.5625000E-09      0.4552057E-01
   0.5375000E-09      0.4355380E-01
   0.5125000E-09      0.4155854E-01
   0.4875000E-09      0.3956328E-01
   0.4625000E-09      0.3759652E-01
   0.4375000E-09      0.3560125E-01
   0.4125000E-09      0.3357748E-01
   0.3900000E-09      0.3178174E-01
   0.3700000E-09      0.3018552E-01
   0.3500000E-09      0.2856081E-01
   0.3300000E-09      0.2695604E-01
   0.3100000E-09      0.2534273E-01
   0.2900000E-09      0.2372656E-01
   0.2750000E-09      0.2251230E-01
   0.2625000E-09      0.2150042E-01
   0.2475000E-09      0.2028330E-01
   0.2350000E-09      0.1926857E-01
   0.2250000E-09      0.1845621E-01
   0.2150000E-09      0.1764385E-01
   0.2050000E-09      0.1682864E-01
   0.1950000E-09      0.1601343E-01
   0.1850000E-09      0.1519822E-01
   0.1750000E-09      0.1438302E-01
   0.1650000E-09      0.1356781E-01
   0.1550000E-09      0.1274975E-01
   0.1462500E-09      0.1203430E-01
   0.1387500E-09      0.1142147E-01
   0.1312500E-09      0.1080579E-01
   0.1237500E-09      0.1019296E-01
   0.1175000E-09      0.9679890E-02
   0.1125000E-09      0.9269436E-02
   0.1075000E-09      0.8858982E-02
   0.1025000E-09      0.8448525E-02
