 640
 acf9, acrr central cavity
 snlrml xsec
 1.000E-10 2.964E+18 1.050E-10 3.108E+18 1.100E-10 3.252E+18 1.150E-10 3.396E+18
 1.200E-10 3.576E+18 1.275E-10 3.791E+18 1.350E-10 4.007E+18 1.425E-10 4.222E+18
 1.500E-10 4.473E+18 1.600E-10 4.760E+18 1.700E-10 5.046E+18 1.800E-10 5.332E+18
 1.900E-10 5.618E+18 2.000E-10 5.904E+18 2.100E-10 6.190E+18 2.200E-10 6.475E+18
 2.300E-10 6.760E+18 2.400E-10 7.116E+18 2.550E-10 7.543E+18 2.700E-10 7.898E+18
 2.800E-10 8.324E+18 3.000E-10 8.891E+18 3.200E-10 9.457E+18 3.400E-10 1.002E+19
 3.600E-10 1.059E+19 3.800E-10 1.115E+19 4.000E-10 1.178E+19 4.250E-10 1.249E+19
 4.500E-10 1.319E+19 4.750E-10 1.388E+19 5.000E-10 1.458E+19 5.250E-10 1.528E+19
 5.500E-10 1.597E+19 5.750E-10 1.667E+19 6.000E-10 1.743E+19 6.300E-10 1.826E+19
 6.600E-10 1.908E+19 6.900E-10 1.991E+19 7.200E-10 2.087E+19 7.600E-10 2.196E+19
 8.000E-10 2.305E+19 8.400E-10 2.414E+19 8.800E-10 2.522E+19 9.200E-10 2.630E+19
 9.600E-10 2.737E+19 1.000E-09 2.858E+19 1.050E-09 2.991E+19 1.100E-09 3.124E+19
 1.150E-09 3.257E+19 1.200E-09 3.421E+19 1.275E-09 3.618E+19 1.350E-09 3.813E+19
 1.425E-09 4.008E+19 1.500E-09 4.233E+19 1.600E-09 4.488E+19 1.700E-09 4.741E+19
 1.800E-09 4.992E+19 1.900E-09 5.241E+19 2.000E-09 5.488E+19 2.100E-09 5.733E+19
 2.200E-09 5.976E+19 2.300E-09 6.217E+19 2.400E-09 6.515E+19 2.550E-09 6.869E+19
 2.700E-09 7.161E+19 2.800E-09 7.507E+19 3.000E-09 7.961E+19 3.200E-09 8.408E+19
 3.400E-09 8.847E+19 3.600E-09 9.279E+19 3.800E-09 9.703E+19 4.000E-09 1.017E+20
 4.250E-09 1.068E+20 4.500E-09 1.118E+20 4.750E-09 1.167E+20 5.000E-09 1.215E+20
 5.250E-09 1.261E+20 5.500E-09 1.307E+20 5.750E-09 1.352E+20 6.000E-09 1.400E+20
 6.300E-09 1.451E+20 6.600E-09 1.500E+20 6.900E-09 1.548E+20 7.200E-09 1.603E+20
 7.600E-09 1.663E+20 8.000E-09 1.721E+20 8.400E-09 1.776E+20 8.800E-09 1.830E+20
 9.200E-09 1.881E+20 9.600E-09 1.930E+20 1.000E-08 1.983E+20 1.050E-08 2.039E+20
 1.100E-08 2.092E+20 1.150E-08 2.142E+20 1.200E-08 2.201E+20 1.275E-08 2.266E+20
 1.350E-08 2.325E+20 1.425E-08 2.379E+20 1.500E-08 2.435E+20 1.600E-08 2.492E+20
 1.700E-08 2.540E+20 1.800E-08 2.581E+20 1.900E-08 2.615E+20 2.000E-08 2.642E+20
 2.100E-08 2.664E+20 2.200E-08 2.679E+20 2.300E-08 2.690E+20 2.400E-08 2.695E+20
 2.550E-08 2.694E+20 2.700E-08 2.686E+20 2.800E-08 2.668E+20 3.000E-08 2.635E+20
 3.200E-08 2.592E+20 3.400E-08 2.540E+20 3.600E-08 2.480E+20 3.800E-08 2.415E+20
 4.000E-08 2.337E+20 4.250E-08 2.245E+20 4.500E-08 2.150E+20 4.750E-08 2.053E+20
 5.000E-08 1.959E+20 5.250E-08 1.874E+20 5.500E-08 1.796E+20 5.750E-08 1.725E+20
 6.000E-08 1.653E+20 6.300E-08 1.581E+20 6.600E-08 1.515E+20 6.900E-08 1.452E+20
 7.200E-08 1.381E+20 7.600E-08 1.306E+20 8.000E-08 1.238E+20 8.400E-08 1.177E+20
 8.800E-08 1.122E+20 9.200E-08 1.071E+20 9.600E-08 1.025E+20 1.000E-07 9.784E+19
 1.050E-07 9.321E+19 1.100E-07 8.901E+19 1.150E-07 8.516E+19 1.200E-07 8.080E+19
 1.275E-07 7.612E+19 1.350E-07 7.193E+19 1.425E-07 6.818E+19 1.500E-07 6.428E+19
 1.600E-07 6.032E+19 1.700E-07 5.683E+19 1.800E-07 5.370E+19 1.900E-07 5.090E+19
 2.000E-07 4.847E+19 2.100E-07 4.634E+19 2.200E-07 4.438E+19 2.300E-07 4.258E+19
 2.400E-07 4.052E+19 2.550E-07 3.822E+19 2.700E-07 3.642E+19 2.800E-07 3.449E+19
 3.000E-07 3.221E+19 3.200E-07 3.019E+19 3.400E-07 2.841E+19 3.600E-07 2.683E+19
 3.800E-07 2.544E+19 4.000E-07 2.404E+19 4.250E-07 2.265E+19 4.500E-07 2.142E+19
 4.750E-07 2.032E+19 5.000E-07 1.936E+19 5.250E-07 1.853E+19 5.500E-07 1.777E+19
 5.750E-07 1.707E+19 6.000E-07 1.636E+19 6.300E-07 1.566E+19 6.600E-07 1.501E+19
 6.900E-07 1.442E+19 7.200E-07 1.377E+19 7.600E-07 1.310E+19 8.000E-07 1.249E+19
 8.400E-07 1.194E+19 8.800E-07 1.143E+19 9.200E-07 1.097E+19 9.600E-07 1.054E+19
 1.000E-06 1.010E+19 1.050E-06 9.661E+18 1.100E-06 9.257E+18 1.150E-06 8.886E+18
 1.200E-06 8.465E+18 1.275E-06 8.010E+18 1.350E-06 7.602E+18 1.425E-06 7.236E+18
 1.500E-06 6.852E+18 1.600E-06 6.462E+18 1.700E-06 6.114E+18 1.800E-06 5.804E+18
 1.900E-06 5.524E+18 2.000E-06 5.257E+18 2.100E-06 5.001E+18 2.200E-06 4.769E+18
 2.300E-06 4.557E+18 2.400E-06 4.317E+18 2.550E-06 4.060E+18 2.700E-06 3.868E+18
 2.800E-06 3.662E+18 3.000E-06 3.428E+18 3.200E-06 3.233E+18 3.400E-06 3.062E+18
 3.600E-06 2.915E+18 3.800E-06 2.792E+18 4.000E-06 2.687E+18 4.250E-06 2.587E+18
 4.500E-06 2.455E+18 4.750E-06 2.334E+18 5.000E-06 2.219E+18 5.250E-06 2.107E+18
 5.500E-06 1.981E+18 5.750E-06 1.852E+18 6.000E-06 1.745E+18 6.300E-06 1.648E+18
 6.600E-06 1.563E+18 6.900E-06 1.489E+18 7.200E-06 1.414E+18 7.600E-06 1.337E+18
 8.000E-06 1.269E+18 8.400E-06 1.207E+18 8.800E-06 1.151E+18 9.200E-06 1.100E+18
 9.600E-06 1.053E+18 1.000E-05 1.002E+18 1.050E-05 9.478E+17 1.100E-05 8.988E+17
 1.150E-05 8.542E+17 1.200E-05 8.043E+17 1.275E-05 7.510E+17 1.350E-05 7.038E+17
 1.425E-05 6.619E+17 1.500E-05 6.186E+17 1.600E-05 5.751E+17 1.700E-05 5.369E+17
 1.800E-05 5.032E+17 1.900E-05 4.732E+17 2.000E-05 4.451E+17 2.100E-05 4.187E+17
 2.200E-05 3.949E+17 2.300E-05 3.734E+17 2.400E-05 3.495E+17 2.550E-05 3.240E+17
 2.700E-05 3.051E+17 2.800E-05 2.851E+17 3.000E-05 2.640E+17 3.200E-05 2.479E+17
 3.400E-05 2.337E+17 3.600E-05 2.209E+17 3.800E-05 2.095E+17 4.000E-05 1.980E+17
 4.250E-05 1.866E+17 4.500E-05 1.765E+17 4.750E-05 1.674E+17 5.000E-05 1.589E+17
 5.250E-05 1.521E+17 5.500E-05 1.487E+17 5.750E-05 1.418E+17 6.000E-05 1.350E+17
 6.300E-05 1.282E+17 6.600E-05 1.215E+17 6.900E-05 1.122E+17 7.200E-05 1.052E+17
 7.600E-05 9.787E+16 8.000E-05 9.141E+16 8.400E-05 8.566E+16 8.800E-05 7.987E+16
 9.200E-05 7.527E+16 9.600E-05 7.132E+16 1.000E-04 6.788E+16 1.050E-04 6.512E+16
 1.100E-04 6.262E+16 1.150E-04 6.031E+16 1.200E-04 5.764E+16 1.275E-04 5.476E+16
 1.350E-04 5.218E+16 1.425E-04 4.985E+16 1.500E-04 4.739E+16 1.600E-04 4.484E+16
 1.700E-04 4.257E+16 1.800E-04 4.032E+16 1.900E-04 3.812E+16 2.000E-04 3.633E+16
 2.100E-04 3.465E+16 2.200E-04 3.311E+16 2.300E-04 3.174E+16 2.400E-04 3.011E+16
 2.550E-04 2.830E+16 2.700E-04 2.665E+16 2.800E-04 2.501E+16 3.000E-04 2.345E+16
 3.200E-04 2.214E+16 3.400E-04 2.096E+16 3.600E-04 1.993E+16 3.800E-04 1.910E+16
 4.000E-04 1.864E+16 4.250E-04 1.811E+16 4.500E-04 1.749E+16 4.750E-04 1.691E+16
 5.000E-04 1.677E+16 5.250E-04 1.714E+16 5.500E-04 1.653E+16 5.750E-04 1.596E+16
 6.000E-04 1.539E+16 6.300E-04 1.481E+16 6.600E-04 1.365E+16 6.900E-04 1.313E+16
 7.200E-04 1.238E+16 7.600E-04 1.180E+16 8.000E-04 1.126E+16 8.400E-04 1.079E+16
 8.800E-04 1.047E+16 9.200E-04 9.914E+15 9.600E-04 9.009E+15 1.000E-03 8.541E+15
 1.050E-03 8.175E+15 1.100E-03 7.771E+15 1.150E-03 7.481E+15 1.200E-03 7.277E+15
 1.275E-03 7.214E+15 1.350E-03 6.867E+15 1.425E-03 6.537E+15 1.500E-03 6.194E+15
 1.600E-03 5.833E+15 1.700E-03 5.566E+15 1.800E-03 5.443E+15 1.900E-03 5.163E+15
 2.000E-03 4.915E+15 2.100E-03 4.706E+15 2.200E-03 4.464E+15 2.300E-03 4.296E+15
 2.400E-03 4.092E+15 2.550E-03 3.885E+15 2.700E-03 3.756E+15 2.800E-03 3.635E+15
 3.000E-03 3.420E+15 3.200E-03 3.296E+15 3.400E-03 3.239E+15 3.600E-03 3.187E+15
 3.800E-03 3.142E+15 4.000E-03 3.036E+15 4.250E-03 2.934E+15 4.500E-03 2.831E+15
 4.750E-03 2.752E+15 5.000E-03 2.631E+15 5.250E-03 2.535E+15 5.500E-03 2.433E+15
 5.750E-03 2.332E+15 6.000E-03 2.214E+15 6.300E-03 2.111E+15 6.600E-03 2.005E+15
 6.900E-03 1.941E+15 7.200E-03 1.881E+15 7.600E-03 1.810E+15 8.000E-03 1.747E+15
 8.400E-03 1.690E+15 8.800E-03 1.638E+15 9.200E-03 1.587E+15 9.600E-03 1.539E+15
 1.000E-02 1.493E+15 1.050E-02 1.440E+15 1.100E-02 1.386E+15 1.150E-02 1.348E+15
 1.200E-02 1.303E+15 1.275E-02 1.250E+15 1.350E-02 1.204E+15 1.425E-02 1.162E+15
 1.500E-02 1.110E+15 1.600E-02 1.060E+15 1.700E-02 1.016E+15 1.800E-02 9.745E+14
 1.900E-02 9.404E+14 2.000E-02 9.095E+14 2.100E-02 8.807E+14 2.200E-02 8.527E+14
 2.300E-02 8.264E+14 2.400E-02 7.941E+14 2.550E-02 7.604E+14 2.700E-02 7.341E+14
 2.800E-02 7.066E+14 3.000E-02 6.648E+14 3.200E-02 6.367E+14 3.400E-02 6.106E+14
 3.600E-02 5.879E+14 3.800E-02 5.667E+14 4.000E-02 5.520E+14 4.250E-02 5.297E+14
 4.500E-02 5.079E+14 4.750E-02 4.849E+14 5.000E-02 4.667E+14 5.250E-02 4.523E+14
 5.500E-02 4.390E+14 5.750E-02 4.280E+14 6.000E-02 4.185E+14 6.300E-02 4.074E+14
 6.600E-02 3.962E+14 6.900E-02 3.848E+14 7.200E-02 3.710E+14 7.600E-02 3.563E+14
 8.000E-02 3.431E+14 8.400E-02 3.306E+14 8.800E-02 3.194E+14 9.200E-02 3.092E+14
 9.600E-02 2.997E+14 1.000E-01 2.902E+14 1.050E-01 2.787E+14 1.100E-01 2.700E+14
 1.150E-01 2.619E+14 1.200E-01 2.526E+14 1.275E-01 2.419E+14 1.350E-01 2.339E+14
 1.425E-01 2.249E+14 1.500E-01 2.147E+14 1.600E-01 2.039E+14 1.700E-01 1.947E+14
 1.800E-01 1.864E+14 1.900E-01 1.791E+14 2.000E-01 1.728E+14 2.100E-01 1.672E+14
 2.200E-01 1.622E+14 2.300E-01 1.576E+14 2.400E-01 1.520E+14 2.550E-01 1.458E+14
 2.700E-01 1.411E+14 2.800E-01 1.360E+14 3.000E-01 1.294E+14 3.200E-01 1.232E+14
 3.400E-01 1.177E+14 3.600E-01 1.127E+14 3.800E-01 1.082E+14 4.000E-01 1.036E+14
 4.250E-01 9.907E+13 4.500E-01 9.499E+13 4.750E-01 9.120E+13 5.000E-01 8.767E+13
 5.250E-01 8.473E+13 5.500E-01 8.207E+13 5.750E-01 7.960E+13 6.000E-01 7.713E+13
 6.300E-01 7.477E+13 6.600E-01 7.235E+13 6.900E-01 6.993E+13 7.200E-01 6.705E+13
 7.600E-01 6.418E+13 8.000E-01 6.155E+13 8.400E-01 5.909E+13 8.800E-01 5.688E+13
 9.200E-01 5.504E+13 9.600E-01 5.321E+13 1.000E+00 5.043E+13 1.100E+00 4.706E+13
 1.200E+00 4.407E+13 1.300E+00 4.140E+13 1.400E+00 3.902E+13 1.500E+00 3.661E+13
 1.600E+00 3.412E+13 1.700E+00 3.195E+13 1.800E+00 3.005E+13 1.900E+00 2.835E+13
 2.000E+00 2.653E+13 2.100E+00 2.470E+13 2.200E+00 2.307E+13 2.300E+00 2.160E+13
 2.400E+00 2.030E+13 2.500E+00 1.913E+13 2.600E+00 1.807E+13 2.700E+00 1.710E+13
 2.800E+00 1.622E+13 2.900E+00 1.541E+13 3.000E+00 1.441E+13 3.100E+00 1.325E+13
 3.200E+00 1.223E+13 3.300E+00 1.133E+13 3.400E+00 1.054E+13 3.500E+00 9.826E+12
 3.600E+00 9.193E+12 3.700E+00 8.612E+12 3.800E+00 8.080E+12 3.900E+00 7.592E+12
 4.000E+00 7.005E+12 4.100E+00 6.352E+12 4.200E+00 5.786E+12 4.300E+00 5.290E+12
 4.400E+00 4.849E+12 4.500E+00 4.455E+12 4.600E+00 4.103E+12 4.700E+00 3.785E+12
 4.800E+00 3.496E+12 4.900E+00 3.235E+12 5.000E+00 2.983E+12 5.100E+00 2.741E+12
 5.200E+00 2.522E+12 5.300E+00 2.322E+12 5.400E+00 2.141E+12 5.500E+00 1.977E+12
 5.600E+00 1.828E+12 5.700E+00 1.693E+12 5.800E+00 1.571E+12 5.900E+00 1.459E+12
 6.000E+00 1.356E+12 6.100E+00 1.262E+12 6.200E+00 1.171E+12 6.300E+00 1.080E+12
 6.400E+00 9.965E+11 6.500E+00 9.216E+11 6.600E+00 8.550E+11 6.700E+00 7.973E+11
 6.800E+00 7.472E+11 6.900E+00 7.009E+11 7.000E+00 6.578E+11 7.100E+00 6.182E+11
 7.200E+00 5.803E+11 7.300E+00 5.439E+11 7.400E+00 5.102E+11 7.500E+00 4.789E+11
 7.600E+00 4.492E+11 7.700E+00 4.215E+11 7.800E+00 3.966E+11 7.900E+00 3.737E+11
 8.000E+00 3.500E+11 8.100E+00 3.256E+11 8.200E+00 3.031E+11 8.300E+00 2.824E+11
 8.400E+00 2.632E+11 8.500E+00 2.453E+11 8.600E+00 2.285E+11 8.700E+00 2.129E+11
 8.800E+00 1.983E+11 8.900E+00 1.848E+11 9.000E+00 1.723E+11 9.100E+00 1.606E+11
 9.200E+00 1.497E+11 9.300E+00 1.395E+11 9.400E+00 1.300E+11 9.500E+00 1.211E+11
 9.600E+00 1.128E+11 9.700E+00 1.050E+11 9.800E+00 9.773E+10 9.900E+00 9.093E+10
 1.000E+01 8.458E+10 1.010E+01 7.869E+10 1.020E+01 7.324E+10 1.030E+01 6.818E+10
 1.040E+01 6.347E+10 1.050E+01 5.911E+10 1.060E+01 5.504E+10 1.070E+01 5.124E+10
 1.080E+01 4.770E+10 1.090E+01 4.440E+10 1.100E+01 4.132E+10 1.110E+01 3.845E+10
 1.120E+01 3.576E+10 1.130E+01 3.325E+10 1.140E+01 3.090E+10 1.150E+01 2.873E+10
 1.160E+01 2.673E+10 1.170E+01 2.490E+10 1.180E+01 2.320E+10 1.190E+01 2.160E+10
 1.200E+01 2.002E+10 1.210E+01 1.848E+10 1.220E+01 1.700E+10 1.230E+01 1.562E+10
 1.240E+01 1.436E+10 1.250E+01 1.323E+10 1.260E+01 1.221E+10 1.270E+01 1.128E+10
 1.280E+01 1.044E+10 1.290E+01 9.664E+09 1.300E+01 8.952E+09 1.310E+01 8.297E+09
 1.320E+01 7.693E+09 1.330E+01 7.134E+09 1.340E+01 6.618E+09 1.350E+01 6.140E+09
 1.360E+01 5.698E+09 1.370E+01 5.288E+09 1.380E+01 4.908E+09 1.390E+01 4.555E+09
 1.400E+01 4.228E+09 1.410E+01 3.924E+09 1.420E+01 3.642E+09 1.430E+01 3.380E+09
 1.440E+01 3.137E+09 1.450E+01 2.912E+09 1.460E+01 2.703E+09 1.470E+01 2.510E+09
 1.480E+01 2.330E+09 1.490E+01 2.162E+09 1.500E+01 2.007E+09 1.510E+01 1.863E+09
 1.520E+01 1.729E+09 1.530E+01 1.605E+09 1.540E+01 1.490E+09 1.550E+01 1.383E+09
 1.560E+01 1.283E+09 1.570E+01 1.191E+09 1.580E+01 1.105E+09 1.590E+01 1.026E+09
 1.600E+01 9.522E+08 1.610E+01 8.837E+08 1.620E+01 8.202E+08 1.630E+01 7.612E+08
 1.640E+01 7.064E+08 1.650E+01 6.556E+08 1.660E+01 6.084E+08 1.670E+01 5.646E+08
 1.680E+01 5.240E+08 1.690E+01 4.862E+08 1.700E+01 4.512E+08 1.710E+01 4.187E+08
 1.720E+01 3.885E+08 1.730E+01 3.605E+08 1.740E+01 3.345E+08 1.750E+01 3.104E+08
 1.760E+01 2.881E+08 1.770E+01 2.673E+08 1.780E+01 2.480E+08 1.790E+01 2.301E+08
 1.800E+01 2.135E+08 1.810E+01 1.981E+08 1.820E+01 1.838E+08 1.830E+01 1.705E+08
 1.840E+01 1.582E+08 1.850E+01 1.468E+08 1.860E+01 1.362E+08 1.870E+01 1.263E+08
 1.880E+01 1.172E+08 1.890E+01 1.087E+08 1.900E+01 1.009E+08 1.910E+01 9.359E+07
 1.920E+01 8.683E+07 1.930E+01 8.055E+07 1.940E+01 7.473E+07 1.950E+01 6.933E+07
 1.960E+01 6.431E+07 1.970E+01 5.966E+07 1.980E+01 5.535E+07 1.990E+01 5.134E+07
 2.000E+01 0.000E+00
