    19.95000          0.1000000E-32
    19.85000          0.1000000E-32
    19.75000          0.1000000E-32
    19.65000          0.1000000E-32
    19.55000          0.1000000E-32
    19.45000          0.1000000E-32
    19.35000          0.1000000E-32
    19.25000          0.1000000E-32
    19.15000          0.1000000E-32
    19.05000          0.1000000E-32
    18.95000          0.1000000E-32
    18.85000          0.1000000E-32
    18.75000          0.1000000E-32
    18.65000          0.1000000E-32
    18.55000          0.1000000E-32
    18.45000          0.1000000E-32
    18.35000          0.1000000E-32
    18.25000          0.1000000E-32
    18.15000          0.1000000E-32
    18.05000          0.1000000E-32
    17.95000          0.9008444E-12
    17.85000          0.9705752E-12
    17.75000          0.1045960E-11
    17.65000          0.1126998E-11
    17.55000          0.1214318E-11
    17.45000          0.1308549E-11
    17.35000          0.1409690E-11
    17.25000          0.1518997E-11
    17.15000          0.1636471E-11
    17.05000          0.1762741E-11
    16.95000          0.1899061E-11
    16.85000          0.2046060E-11
    16.75000          0.2203740E-11
    16.65000          0.2373983E-11
    16.55000          0.2557419E-11
    16.45000          0.2755302E-11
    16.35000          0.2967635E-11
    16.25000          0.3196930E-11
    16.15000          0.3443186E-11
    16.05000          0.3708288E-11
    15.95000          0.3993493E-11
    15.85000          0.4301313E-11
    15.75000          0.4631748E-11
    15.65000          0.4987311E-11
    15.55000          0.5370516E-11
    15.45000          0.5782618E-11
    15.35000          0.6226130E-11
    15.25000          0.6702937E-11
    15.15000          0.7218064E-11
    15.05000          0.7770884E-11
    14.95000          0.8367678E-11
    14.85000          0.9008445E-11
    14.75000          0.9693187E-11
    14.65000          0.1043447E-10
    14.55000          0.1122601E-10
    14.45000          0.1208036E-10
    14.35000          0.1300382E-10
    14.25000          0.1399010E-10
    14.15000          0.1505177E-10
    14.05000          0.1618882E-10
    13.95000          0.1741382E-10
    13.85000          0.1872048E-10
    13.75000          0.2012765E-10
    13.65000          0.2162278E-10
    13.55000          0.2323098E-10
    13.45000          0.2495226E-10
    13.35000          0.2679918E-10
    13.25000          0.2876546E-10
    13.15000          0.3086366E-10
    13.05000          0.3309379E-10
    12.95000          0.3544955E-10
    12.85000          0.3791839E-10
    12.75000          0.4050031E-10
    12.65000          0.4317018E-10
    12.55000          0.4590915E-10
    12.45000          0.4861670E-10
    12.35000          0.5112952E-10
    12.25000          0.5333451E-10
    12.15000          0.5535105E-10
    12.05000          0.5736758E-10
    11.95000          0.5991181E-10
    11.85000          0.6369989E-10
    11.75000          0.6853706E-10
    11.65000          0.7375115E-10
    11.55000          0.7940498E-10
    11.45000          0.8543574E-10
    11.35000          0.9190624E-10
    11.25000          0.9887931E-10
    11.15000          0.1064178E-09
    11.05000          0.1144588E-09
    10.95000          0.1231280E-09
    10.85000          0.1324254E-09
    10.75000          0.1424138E-09
    10.65000          0.1532190E-09
    10.55000          0.1647779E-09
    10.45000          0.1772163E-09
    10.35000          0.1905971E-09
    10.25000          0.2049830E-09
    10.15000          0.2204368E-09
    10.05000          0.2370214E-09
    9.950000          0.2548623E-09
    9.850000          0.2740226E-09
    9.750000          0.2946277E-09
    9.650000          0.3167404E-09
    9.550000          0.3404866E-09
    9.450000          0.3660545E-09
    9.350000          0.3934441E-09
    9.250000          0.4229069E-09
    9.150000          0.4545684E-09
    9.050000          0.4885543E-09
    8.950000          0.5249901E-09
    8.850000          0.5641900E-09
    8.750000          0.6062169E-09
    8.650000          0.6514476E-09
    8.550000          0.6998193E-09
    8.450000          0.7519602E-09
    8.350000          0.8078703E-09
    8.250000          0.8675498E-09
    8.150000          0.9322547E-09
    8.050000          0.1001357E-08
    7.950000          0.1057896E-08
    7.850000          0.1099357E-08
    7.750000          0.1143331E-08
    7.650000          0.1189818E-08
    7.550000          0.1238818E-08
    7.450000          0.1290331E-08
    7.350000          0.1344985E-08
    7.250000          0.1402779E-08
    7.150000          0.1463715E-08
    7.050000          0.1527792E-08
    6.950000          0.1595638E-08
    6.850000          0.1667882E-08
    6.750000          0.1743894E-08
    6.650000          0.1825561E-08
    6.550000          0.1912253E-08
    6.450000          0.2005855E-08
    6.350000          0.2104483E-08
    6.250000          0.2210650E-08
    6.150000          0.2321214E-08
    6.050000          0.2439316E-08
    5.950000          0.2607675E-08
    5.850000          0.2836969E-08
    5.750000          0.3090135E-08
    5.650000          0.3370943E-08
    5.550000          0.3682532E-08
    5.450000          0.4028673E-08
    5.350000          0.4415018E-08
    5.250000          0.4847222E-08
    5.150000          0.5332196E-08
    5.050000          0.5878104E-08
    4.950000          0.6508193E-08
    4.850000          0.7243192E-08
    4.750000          0.8072421E-08
    4.650000          0.9027291E-08
    4.550000          0.1012037E-07
    4.450000          0.1137049E-07
    4.350000          0.1281536E-07
    4.250000          0.1448010E-07
    4.150000          0.1640241E-07
    4.050000          0.1862625E-07
    3.950000          0.2072445E-07
    3.850000          0.2260906E-07
    3.750000          0.2471982E-07
    3.650000          0.2710072E-07
    3.550000          0.2978943E-07
    3.450000          0.3281738E-07
    3.350000          0.3625365E-07
    3.250000          0.4017365E-07
    3.150000          0.4464646E-07
    3.050000          0.4979145E-07
    2.950000          0.5378682E-07
    2.850000          0.5622425E-07
    2.750000          0.5886900E-07
    2.650000          0.6176502E-07
    2.550000          0.6489346E-07
    2.450000          0.6834858E-07
    2.350000          0.7211782E-07
    2.250000          0.7626397E-07
    2.150000          0.8078703E-07
    2.050000          0.8587548E-07
    1.950000          0.9046137E-07
    1.850000          0.9448188E-07
    1.750000          0.9900496E-07
    1.650000          0.1040934E-06
    1.550000          0.1098729E-06
    1.450000          0.1159665E-06
    1.350000          0.1223741E-06
    1.250000          0.1297869E-06
    1.150000          0.1380792E-06
    1.050000          0.1475651E-06
   0.9800000          0.1548523E-06
   0.9400000          0.1593753E-06
   0.9000000          0.1641497E-06
   0.8600000          0.1693010E-06
   0.8200000          0.1748292E-06
   0.7800000          0.1808599E-06
   0.7400000          0.1874561E-06
   0.7050000          0.1936753E-06
   0.6750000          0.1993291E-06
   0.6450000          0.2054227E-06
   0.6150000          0.2120188E-06
   0.5875000          0.2184893E-06
   0.5625000          0.2248342E-06
   0.5375000          0.2316188E-06
   0.5125000          0.2389688E-06
   0.4875000          0.2477009E-06
   0.4625000          0.2579406E-06
   0.4375000          0.2692483E-06
   0.4125000          0.2817495E-06
   0.3900000          0.2942508E-06
   0.3700000          0.3065007E-06
   0.3500000          0.3199443E-06
   0.3300000          0.3348956E-06
   0.3100000          0.3515430E-06
   0.2900000          0.3696981E-06
   0.2750000          0.3843352E-06
   0.2625000          0.3977159E-06
   0.2475000          0.4153685E-06
   0.2350000          0.4315133E-06
   0.2250000          0.4455223E-06
   0.2150000          0.4606619E-06
   0.2050000          0.4772465E-06
   0.1950000          0.4957157E-06
   0.1850000          0.5165722E-06
   0.1750000          0.5395016E-06
   0.1650000          0.5648182E-06
   0.1550000          0.5929617E-06
   0.1462500          0.6203514E-06
   0.1387500          0.6464219E-06
   0.1312500          0.6746910E-06
   0.1237500          0.7061012E-06
   0.1175000          0.7349987E-06
   0.1125000          0.7607550E-06
   0.1075000          0.7883960E-06
   0.1025000          0.8185498E-06
   0.9800000E-01      0.8449343E-06
   0.9400000E-01      0.8675497E-06
   0.9000000E-01      0.8914215E-06
   0.8600000E-01      0.9171778E-06
   0.8200000E-01      0.9454470E-06
   0.7799999E-01      0.9756008E-06
   0.7400000E-01      0.1008267E-05
   0.7050000E-01      0.1039677E-05
   0.6750000E-01      0.1071088E-05
   0.6450000E-01      0.1105639E-05
   0.6150000E-01      0.1143331E-05
   0.5875000E-01      0.1179767E-05
   0.5625000E-01      0.1216203E-05
   0.5375000E-01      0.1255780E-05
   0.5125000E-01      0.1299126E-05
   0.4875000E-01      0.1345613E-05
   0.4625000E-01      0.1396498E-05
   0.4375000E-01      0.1451151E-05
   0.4125000E-01      0.1511459E-05
   0.3900000E-01      0.1568625E-05
   0.3700000E-01      0.1627048E-05
   0.3500000E-01      0.1690497E-05
   0.3300000E-01      0.1760856E-05
   0.3100000E-01      0.1838753E-05
   0.2900000E-01      0.1924817E-05
   0.2750000E-01      0.1990779E-05
   0.2625000E-01      0.2051714E-05
   0.2475000E-01      0.2130240E-05
   0.2350000E-01      0.2202483E-05
   0.2250000E-01      0.2264676E-05
   0.2150000E-01      0.2331265E-05
   0.2050000E-01      0.2404137E-05
   0.1950000E-01      0.2487688E-05
   0.1850000E-01      0.2584431E-05
   0.1750000E-01      0.2692482E-05
   0.1650000E-01      0.2810584E-05
   0.1550000E-01      0.2942508E-05
   0.1462500E-01      0.3071289E-05
   0.1387500E-01      0.3191904E-05
   0.1312500E-01      0.3323827E-05
   0.1237500E-01      0.3470199E-05
   0.1175000E-01      0.3602750E-05
   0.1125000E-01      0.3718339E-05
   0.1075000E-01      0.3844608E-05
   0.1025000E-01      0.3982185E-05
   0.9800000E-02      0.4118506E-05
   0.9400001E-02      0.4256082E-05
   0.9000000E-02      0.4403082E-05
   0.8600000E-02      0.4563274E-05
   0.8200000E-02      0.4737286E-05
   0.7800000E-02      0.4929517E-05
   0.7400000E-02      0.5143106E-05
   0.7050000E-02      0.5340990E-05
   0.6750000E-02      0.5509349E-05
   0.6450000E-02      0.5677708E-05
   0.6150000E-02      0.5861772E-05
   0.5875000E-02      0.6041437E-05
   0.5625000E-02      0.6219219E-05
   0.5375000E-02      0.6401399E-05
   0.5125000E-02      0.6602424E-05
   0.4875000E-02      0.6872551E-05
   0.4625000E-02      0.7218063E-05
   0.4375000E-02      0.7607550E-05
   0.4125000E-02      0.8041012E-05
   0.3900000E-02      0.8461908E-05
   0.3700000E-02      0.8863958E-05
   0.3500000E-02      0.9291137E-05
   0.3300000E-02      0.9737161E-05
   0.3100000E-02      0.1028370E-04
   0.2900000E-02      0.1085537E-04
   0.2750000E-02      0.1128883E-04
   0.2625000E-02      0.1169716E-04
   0.2475000E-02      0.1226254E-04
   0.2350000E-02      0.1280280E-04
   0.2250000E-02      0.1328651E-04
   0.2150000E-02      0.1379536E-04
   0.2050000E-02      0.1432305E-04
   0.1950000E-02      0.1493241E-04
   0.1850000E-02      0.1564856E-04
   0.1750000E-02      0.1642125E-04
   0.1650000E-02      0.1725676E-04
   0.1550000E-02      0.1820535E-04
   0.1462500E-02      0.1912253E-04
   0.1387500E-02      0.1998945E-04
   0.1312500E-02      0.2095689E-04
   0.1237500E-02      0.2196201E-04
   0.1175000E-02      0.2291060E-04
   0.1125000E-02      0.2377752E-04
   0.1075000E-02      0.2470726E-04
   0.1025000E-02      0.2572495E-04
   0.9800000E-03      0.2669239E-04
   0.9400000E-03      0.2762841E-04
   0.9000000E-03      0.2861469E-04
   0.8600000E-03      0.2969520E-04
   0.8200000E-03      0.3085110E-04
   0.7800000E-03      0.3207610E-04
   0.7400000E-03      0.3343302E-04
   0.7050000E-03      0.3473340E-04
   0.6750000E-03      0.3598981E-04
   0.6450000E-03      0.3730903E-04
   0.6150000E-03      0.3874762E-04
   0.5875000E-03      0.4014223E-04
   0.5625000E-03      0.4155569E-04
   0.5375000E-03      0.4310736E-04
   0.5125000E-03      0.4482864E-04
   0.4875000E-03      0.4670068E-04
   0.4625000E-03      0.4874234E-04
   0.4375000E-03      0.5095991E-04
   0.4125000E-03      0.5339106E-04
   0.3900000E-03      0.5582221E-04
   0.3700000E-03      0.5825336E-04
   0.3500000E-03      0.6094207E-04
   0.3300000E-03      0.6395117E-04
   0.3100000E-03      0.6728066E-04
   0.2900000E-03      0.7148961E-04
   0.2750000E-03      0.7538448E-04
   0.2625000E-03      0.7902806E-04
   0.2475000E-03      0.8380241E-04
   0.2350000E-03      0.8832548E-04
   0.2250000E-03      0.9222035E-04
   0.2150000E-03      0.9649214E-04
   0.2050000E-03      0.1012037E-03
   0.1950000E-03      0.1064177E-03
   0.1850000E-03      0.1122601E-03
   0.1750000E-03      0.1187934E-03
   0.1650000E-03      0.1260805E-03
   0.1550000E-03      0.1343728E-03
   0.1462500E-03      0.1424138E-03
   0.1387500E-03      0.1501408E-03
   0.1312500E-03      0.1586843E-03
   0.1237500E-03      0.1683587E-03
   0.1175000E-03      0.1772792E-03
   0.1125000E-03      0.1850689E-03
   0.1075000E-03      0.1935497E-03
   0.1025000E-03      0.2029099E-03
   0.9800000E-04      0.2132125E-03
   0.9400000E-04      0.2245201E-03
   0.9000000E-04      0.2370214E-03
   0.8600000E-04      0.2510303E-03
   0.8200000E-04      0.2664213E-03
   0.7800000E-04      0.2836969E-03
   0.7400000E-04      0.3031084E-03
   0.7050000E-04      0.3214520E-03
   0.6750000E-04      0.3375340E-03
   0.6450000E-04      0.3534904E-03
   0.6150000E-04      0.3708916E-03
   0.5875000E-04      0.3883557E-03
   0.5625000E-04      0.4056313E-03
   0.5375000E-04      0.4237236E-03
   0.5125000E-04      0.4443287E-03
   0.4875000E-04      0.4690171E-03
   0.4625000E-04      0.4987940E-03
   0.4375000E-04      0.5322144E-03
   0.4125000E-04      0.5700951E-03
   0.3900000E-04      0.6086040E-03
   0.3700000E-04      0.6470501E-03
   0.3500000E-04      0.6903962E-03
   0.3300000E-04      0.7400243E-03
   0.3100000E-04      0.7959345E-03
   0.2900000E-04      0.8631522E-03
   0.2750000E-04      0.9222034E-03
   0.2625000E-04      0.9781136E-03
   0.2475000E-04      0.1053498E-02
   0.2350000E-04      0.1124485E-02
   0.2250000E-04      0.1187934E-02
   0.2150000E-04      0.1257664E-02
   0.2050000E-04      0.1335562E-02
   0.1950000E-04      0.1417856E-02
   0.1850000E-04      0.1505177E-02
   0.1750000E-04      0.1603176E-02
   0.1650000E-04      0.1714369E-02
   0.1550000E-04      0.1840638E-02
   0.1462500E-04      0.1966279E-02
   0.1387500E-04      0.2087522E-02
   0.1312500E-04      0.2223842E-02
   0.1237500E-04      0.2378380E-02
   0.1175000E-04      0.2522239E-02
   0.1125000E-04      0.2649764E-02
   0.1075000E-04      0.2790482E-02
   0.1025000E-04      0.2946277E-02
   0.9800000E-05      0.3095161E-02
   0.9400001E-05      0.3233994E-02
   0.8999999E-05      0.3385392E-02
   0.8600000E-05      0.3551238E-02
   0.8200001E-05      0.3734044E-02
   0.7800000E-05      0.3936326E-02
   0.7400000E-05      0.4161223E-02
   0.7050000E-05      0.4377325E-02
   0.6750000E-05      0.4569556E-02
   0.6450000E-05      0.4773722E-02
   0.6150000E-05      0.4999247E-02
   0.5875000E-05      0.5226657E-02
   0.5625000E-05      0.5455324E-02
   0.5375000E-05      0.5698438E-02
   0.5125000E-05      0.5961028E-02
   0.4875000E-05      0.6265707E-02
   0.4625000E-05      0.6621270E-02
   0.4375000E-05      0.7017039E-02
   0.4125000E-05      0.7450500E-02
   0.3900000E-05      0.7890242E-02
   0.3700000E-05      0.8323702E-02
   0.3500000E-05      0.8819984E-02
   0.3300000E-05      0.9372803E-02
   0.3100000E-05      0.1000101E-01
   0.2900000E-05      0.1072344E-01
   0.2750000E-05      0.1133280E-01
   0.2625000E-05      0.1190447E-01
   0.2475000E-05      0.1266459E-01
   0.2350000E-05      0.1336818E-01
   0.2250000E-05      0.1399639E-01
   0.2150000E-05      0.1468113E-01
   0.2050000E-05      0.1543497E-01
   0.1950000E-05      0.1623907E-01
   0.1850000E-05      0.1708715E-01
   0.1750000E-05      0.1802946E-01
   0.1650000E-05      0.1908484E-01
   0.1550000E-05      0.2027842E-01
   0.1462500E-05      0.2144688E-01
   0.1387500E-05      0.2257137E-01
   0.1312500E-05      0.2381521E-01
   0.1237500E-05      0.2520983E-01
   0.1175000E-05      0.2650393E-01
   0.1125000E-05      0.2764098E-01
   0.1075000E-05      0.2888482E-01
   0.1025000E-05      0.3024802E-01
   0.9800000E-06      0.3157353E-01
   0.9399999E-06      0.3283622E-01
   0.9000000E-06      0.3421199E-01
   0.8600000E-06      0.3571339E-01
   0.8200000E-06      0.3735301E-01
   0.7800000E-06      0.3915595E-01
   0.7400000E-06      0.4114736E-01
   0.7050000E-06      0.4305710E-01
   0.6750000E-06      0.4482864E-01
   0.6450000E-06      0.4675094E-01
   0.6150000E-06      0.4884914E-01
   0.5875000E-06      0.5095363E-01
   0.5625000E-06      0.5302670E-01
   0.5375000E-06      0.5529452E-01
   0.5125000E-06      0.5776336E-01
   0.4875000E-06      0.6051488E-01
   0.4625000E-06      0.6357424E-01
   0.4375000E-06      0.6702936E-01
   0.4125000E-06      0.7079858E-01
   0.3900000E-06      0.7463063E-01
   0.3700000E-06      0.7833704E-01
   0.3500000E-06      0.8235754E-01
   0.3300000E-06      0.8688061E-01
   0.3100000E-06      0.9203188E-01
   0.2900000E-06      0.9793700E-01
   0.2750000E-06      0.1029626    
   0.2625000E-06      0.1076742    
   0.2475000E-06      0.1140190    
   0.2350000E-06      0.1200498    
   0.2250000E-06      0.1253895    
   0.2150000E-06      0.1311690    
   0.2050000E-06      0.1375767    
   0.1950000E-06      0.1446754    
   0.1850000E-06      0.1524651    
   0.1750000E-06      0.1611971    
   0.1650000E-06      0.1709343    
   0.1550000E-06      0.1819907    
   0.1462500E-06      0.1928586    
   0.1387500E-06      0.2032868    
   0.1312500E-06      0.2149086    
   0.1237500E-06      0.2279752    
   0.1175000E-06      0.2400367    
   0.1125000E-06      0.2507162    
   0.1075000E-06      0.2623380    
   0.1025000E-06      0.2751533    
   0.9800000E-07      0.2877803    
   0.9400000E-07      0.3000302    
   0.9000000E-07      0.3134109    
   0.8600000E-07      0.3279853    
   0.8200000E-07      0.3440045    
   0.7800000E-07      0.3616571    
   0.7400000E-07      0.3811941    
   0.7050000E-07      0.4001031    
   0.6750000E-07      0.4178813    
   0.6450000E-07      0.4373556    
   0.6150000E-07      0.4587146    
   0.5875000E-07      0.4801363    
   0.5625000E-07      0.5014952    
   0.5375000E-07      0.5248644    
   0.5125000E-07      0.5508093    
   0.4875000E-07      0.5776336    
   0.4625000E-07      0.6049605    
   0.4375000E-07      0.6319732    
   0.4125000E-07      0.6577296    
   0.3900000E-07      0.6797168    
   0.3700000E-07      0.6979346    
   0.3500000E-07      0.7148961    
   0.3300000E-07      0.7293448    
   0.3100000E-07      0.7412807    
   0.2900000E-07      0.7507038    
   0.2750000E-07      0.7557294    
   0.2625000E-07      0.7576140    
   0.2475000E-07      0.7582422    
   0.2350000E-07      0.7569858    
   0.2250000E-07      0.7538447    
   0.2150000E-07      0.7494473    
   0.2050000E-07      0.7431653    
   0.1950000E-07      0.7356269    
   0.1850000E-07      0.7262038    
   0.1750000E-07      0.7142678    
   0.1650000E-07      0.7010756    
   0.1550000E-07      0.6847423    
   0.1462500E-07      0.6690372    
   0.1387500E-07      0.6539603    
   0.1312500E-07      0.6369989    
   0.1237500E-07      0.6188437    
   0.1175000E-07      0.6023848    
   0.1125000E-07      0.5882503    
   0.1075000E-07      0.5733618    
   0.1025000E-07      0.5575938    
   0.9800000E-08      0.5427054    
   0.9400000E-08      0.5288849    
   0.9000000E-08      0.5144362    
   0.8600000E-08      0.4994222    
   0.8200000E-08      0.4837799    
   0.7800000E-08      0.4675094    
   0.7400000E-08      0.4506108    
   0.7050000E-08      0.4353454    
   0.6750000E-08      0.4217761    
   0.6450000E-08      0.4078300    
   0.6150000E-08      0.3935070    
   0.5875000E-08      0.3800634    
   0.5625000E-08      0.3674994    
   0.5375000E-08      0.3546840    
   0.5125000E-08      0.3415545    
   0.4875000E-08      0.3281109    
   0.4625000E-08      0.3143533    
   0.4375000E-08      0.3003443    
   0.4125000E-08      0.2859585    
   0.3900000E-08      0.2728290    
   0.3700000E-08      0.2608931    
   0.3500000E-08      0.2487060    
   0.3300000E-08      0.2363932    
   0.3100000E-08      0.2238291    
   0.2900000E-08      0.2110137    
   0.2750000E-08      0.2013394    
   0.2625000E-08      0.1931099    
   0.2475000E-08      0.1831843    
   0.2350000E-08      0.1747663    
   0.2250000E-08      0.1680446    
   0.2150000E-08      0.1611971    
   0.2050000E-08      0.1542869    
   0.1950000E-08      0.1473766    
   0.1850000E-08      0.1403408    
   0.1750000E-08      0.1333049    
   0.1650000E-08      0.1261434    
   0.1550000E-08      0.1189818    
   0.1462500E-08      0.1126998    
   0.1387500E-08      0.1072344    
   0.1312500E-08      0.1017062    
   0.1237500E-08      0.9617803E-01
   0.1175000E-08      0.9152932E-01
   0.1125000E-08      0.8782292E-01
   0.1075000E-08      0.8411651E-01
   0.1025000E-08      0.8034729E-01
   0.9800000E-09      0.7695499E-01
   0.9400000E-09      0.7393961E-01
   0.9000000E-09      0.7092423E-01
   0.8600000E-09      0.6784602E-01
   0.8200000E-09      0.6483065E-01
   0.7800000E-09      0.6173989E-01
   0.7400000E-09      0.5866169E-01
   0.7050000E-09      0.5596669E-01
   0.6750000E-09      0.5364862E-01
   0.6450000E-09      0.5132427E-01
   0.6150000E-09      0.4899991E-01
   0.5875000E-09      0.4685773E-01
   0.5625000E-09      0.4491030E-01
   0.5375000E-09      0.4295659E-01
   0.5125000E-09      0.4099659E-01
   0.4875000E-09      0.3903660E-01
   0.4625000E-09      0.3707032E-01
   0.4375000E-09      0.3510404E-01
   0.4125000E-09      0.3313148E-01
   0.3900000E-09      0.3134738E-01
   0.3700000E-09      0.2976431E-01
   0.3500000E-09      0.2818123E-01
   0.3300000E-09      0.2659187E-01
   0.3100000E-09      0.2499624E-01
   0.2900000E-09      0.2340060E-01
   0.2750000E-09      0.2220701E-01
   0.2625000E-09      0.2120817E-01
   0.2475000E-09      0.2000830E-01
   0.2350000E-09      0.1900945E-01
   0.2250000E-09      0.1820535E-01
   0.2150000E-09      0.1740125E-01
   0.2050000E-09      0.1659715E-01
   0.1950000E-09      0.1579933E-01
   0.1850000E-09      0.1498895E-01
   0.1750000E-09      0.1418485E-01
   0.1650000E-09      0.1338075E-01
   0.1550000E-09      0.1257664E-01
   0.1462500E-09      0.1187306E-01
   0.1387500E-09      0.1126370E-01
   0.1312500E-09      0.1066062E-01
   0.1237500E-09      0.1005126E-01
   0.1175000E-09      0.9548701E-02
   0.1125000E-09      0.9140369E-02
   0.1075000E-09      0.8738318E-02
   0.1025000E-09      0.8336267E-02
