1.995000e+01 2.928845e-13 1.995000e+01 1.463385e-13 1.995000e+01 1.288818e-13 1.995000e+01 1.784379e-12 1.995000e+01 8.370318e-13 
1.985000e+01 3.157950e-13 1.985000e+01 1.577685e-13 1.985000e+01 1.389218e-13 1.985000e+01 1.927181e-12 1.985000e+01 9.027901e-13 
1.975000e+01 3.404052e-13 1.975000e+01 1.700537e-13 1.975000e+01 1.497230e-13 1.975000e+01 2.069976e-12 1.975000e+01 9.725097e-13 
1.965000e+01 3.669371e-13 1.965000e+01 1.833079e-13 1.965000e+01 1.614315e-13 1.965000e+01 2.212772e-12 1.965000e+01 1.048171e-12 
1.955000e+01 3.955382e-13 1.955000e+01 1.976168e-13 1.955000e+01 1.740182e-13 1.955000e+01 2.355573e-12 1.955000e+01 1.129775e-12 
1.945000e+01 4.263565e-13 1.945000e+01 2.130089e-13 1.945000e+01 1.874830e-13 1.945000e+01 2.535756e-12 1.945000e+01 1.217717e-12 
1.935000e+01 4.595397e-13 1.935000e+01 2.295981e-13 1.935000e+01 2.021187e-13 1.935000e+01 2.753330e-12 1.935000e+01 1.312393e-12 
1.925000e+01 4.953096e-13 1.925000e+01 2.474985e-13 1.925000e+01 2.179252e-13 1.925000e+01 2.970894e-12 1.925000e+01 1.414596e-12 
1.915000e+01 5.338879e-13 1.915000e+01 2.667671e-13 1.915000e+01 2.349026e-13 1.915000e+01 3.188459e-12 1.915000e+01 1.524721e-12 
1.905000e+01 5.754963e-13 1.905000e+01 2.876033e-13 1.905000e+01 2.530508e-13 1.905000e+01 3.406032e-12 1.905000e+01 1.643165e-12 
1.895000e+01 6.202825e-13 1.895000e+01 3.098363e-13 1.895000e+01 2.728090e-13 1.895000e+01 3.623601e-12 1.895000e+01 1.770720e-12 
1.885000e+01 6.685423e-13 1.885000e+01 3.340645e-13 1.885000e+01 2.940307e-13 1.885000e+01 3.841174e-12 1.885000e+01 1.908575e-12 
1.875000e+01 7.205712e-13 1.875000e+01 3.600030e-13 1.875000e+01 3.168624e-13 1.875000e+01 4.126524e-12 1.875000e+01 2.056729e-12 
1.865000e+01 7.767388e-13 1.865000e+01 3.882218e-13 1.865000e+01 3.415967e-13 1.865000e+01 4.479656e-12 1.865000e+01 2.216768e-12 
1.855000e+01 8.373408e-13 1.855000e+01 4.184358e-13 1.855000e+01 3.680872e-13 1.855000e+01 4.832802e-12 1.855000e+01 2.389086e-12 
1.845000e+01 9.023769e-13 1.845000e+01 4.509301e-13 1.845000e+01 3.967732e-13 1.845000e+01 5.185941e-12 1.845000e+01 2.574873e-12 
1.835000e+01 9.725864e-13 1.835000e+01 4.859899e-13 1.835000e+01 4.275081e-13 1.835000e+01 5.539086e-12 1.835000e+01 2.774921e-12 
1.825000e+01 1.047969e-12 1.825000e+01 5.238998e-13 1.825000e+01 4.607311e-13 1.825000e+01 5.892218e-12 1.825000e+01 2.990418e-12 
1.815000e+01 1.129265e-12 1.815000e+01 5.646602e-13 1.815000e+01 4.965885e-13 1.815000e+01 6.245350e-12 1.815000e+01 3.135403e-12 
1.805000e+01 1.217211e-12 1.805000e+01 6.085562e-13 1.805000e+01 5.352266e-13 1.805000e+01 6.707494e-12 1.805000e+01 3.311682e-12 
1.795000e+01 1.311809e-12 1.795000e+01 6.558724e-13 1.795000e+01 5.767920e-13 1.795000e+01 7.278630e-12 1.795000e+01 3.514107e-12 
1.785000e+01 1.413798e-12 1.785000e+01 7.068942e-13 1.785000e+01 6.215772e-13 1.785000e+01 7.849777e-12 1.785000e+01 3.741488e-12 
1.775000e+01 1.523177e-12 1.775000e+01 7.619065e-13 1.775000e+01 6.698748e-13 1.775000e+01 8.420903e-12 1.775000e+01 3.993034e-12 
1.765000e+01 1.642163e-12 1.765000e+01 8.211945e-13 1.765000e+01 7.218315e-13 1.765000e+01 8.992028e-12 1.765000e+01 4.309941e-12 
1.755000e+01 1.769280e-12 1.755000e+01 8.847580e-13 1.755000e+01 7.778862e-13 1.755000e+01 9.563175e-12 1.755000e+01 4.646655e-12 
1.745000e+01 1.906742e-12 1.745000e+01 9.534522e-13 1.745000e+01 8.381852e-13 1.745000e+01 1.013431e-11 1.745000e+01 5.011099e-12 
1.735000e+01 2.054552e-12 1.735000e+01 1.027562e-12 1.735000e+01 9.033139e-13 1.735000e+01 1.088132e-11 1.735000e+01 5.407233e-12 
1.725000e+01 2.214186e-12 1.725000e+01 1.107373e-12 1.725000e+01 9.732724e-13 1.725000e+01 1.180415e-11 1.725000e+01 5.831096e-12 
1.715000e+01 2.385645e-12 1.715000e+01 1.193454e-12 1.715000e+01 1.048792e-12 1.715000e+01 1.272698e-11 1.715000e+01 6.278728e-12 
1.705000e+01 2.570407e-12 1.705000e+01 1.286091e-12 1.705000e+01 1.130020e-12 1.705000e+01 1.364984e-11 1.705000e+01 6.762012e-12 
1.695000e+01 2.769950e-12 1.695000e+01 1.385855e-12 1.695000e+01 1.217542e-12 1.695000e+01 1.457269e-11 1.695000e+01 7.284910e-12 
1.685000e+01 2.984274e-12 1.685000e+01 1.493599e-12 1.685000e+01 1.311796e-12 1.685000e+01 1.549555e-11 1.685000e+01 7.847421e-12 
1.675000e+01 3.215595e-12 1.675000e+01 1.609325e-12 1.675000e+01 1.413367e-12 1.675000e+01 1.641838e-11 1.675000e+01 8.453506e-12 
1.665000e+01 3.465394e-12 1.665000e+01 1.734171e-12 1.665000e+01 1.522110e-12 1.665000e+01 1.762619e-11 1.665000e+01 9.119010e-12 
1.655000e+01 3.733667e-12 1.655000e+01 1.868709e-12 1.655000e+01 1.640659e-12 1.655000e+01 1.911908e-11 1.655000e+01 9.836014e-12 
1.645000e+01 4.022636e-12 1.645000e+01 2.013509e-12 1.645000e+01 1.767990e-12 1.645000e+01 2.061189e-11 1.645000e+01 1.060848e-11 
1.635000e+01 4.333775e-12 1.635000e+01 2.169709e-12 1.635000e+01 1.904101e-12 1.635000e+01 2.210477e-11 1.635000e+01 1.144036e-11 
1.625000e+01 4.669302e-12 1.625000e+01 2.337882e-12 1.625000e+01 2.051922e-12 1.625000e+01 2.359758e-11 1.625000e+01 1.233958e-11 
1.615000e+01 5.030696e-12 1.615000e+01 2.518881e-12 1.615000e+01 2.209987e-12 1.615000e+01 2.509039e-11 1.615000e+01 1.328634e-11 
1.605000e+01 5.419435e-12 1.605000e+01 2.714132e-12 1.605000e+01 2.381225e-12 1.605000e+01 2.658328e-11 1.605000e+01 1.430837e-11 
1.595000e+01 5.838474e-12 1.595000e+01 2.924490e-12 1.595000e+01 2.564170e-12 1.595000e+01 2.853467e-11 1.595000e+01 1.541359e-11 
1.585000e+01 6.290033e-12 1.585000e+01 3.149670e-12 1.585000e+01 2.763215e-12 1.585000e+01 3.094464e-11 1.585000e+01 1.660595e-11 
1.575000e+01 6.776326e-12 1.575000e+01 3.394803e-12 1.575000e+01 2.976897e-12 1.575000e+01 3.335461e-11 1.575000e+01 1.788942e-11 
1.565000e+01 7.299572e-12 1.565000e+01 3.657038e-12 1.565000e+01 3.205213e-12 1.565000e+01 3.576459e-11 1.565000e+01 1.925609e-11 
1.555000e+01 7.863465e-12 1.555000e+01 3.942076e-12 1.555000e+01 3.452556e-12 1.555000e+01 3.817456e-11 1.555000e+01 2.073367e-11 
1.545000e+01 8.469484e-12 1.545000e+01 4.247066e-12 1.545000e+01 3.718925e-12 1.545000e+01 4.058453e-11 1.545000e+01 2.232217e-11 
1.535000e+01 9.127236e-12 1.535000e+01 4.574860e-12 1.535000e+01 4.005784e-12 1.535000e+01 4.299450e-11 1.535000e+01 2.403743e-11 
1.525000e+01 9.829331e-12 1.525000e+01 4.928307e-12 1.525000e+01 4.314597e-12 1.525000e+01 4.614590e-11 1.525000e+01 2.588342e-11 
1.515000e+01 1.059055e-11 1.515000e+01 5.310258e-12 1.515000e+01 4.646827e-12 1.515000e+01 5.003871e-11 1.515000e+01 2.791162e-11 
1.505000e+01 1.140350e-11 1.505000e+01 5.720713e-12 1.505000e+01 5.005401e-12 1.505000e+01 5.393152e-11 1.505000e+01 3.009828e-11 
1.495000e+01 1.228297e-11 1.495000e+01 6.162521e-12 1.495000e+01 5.390319e-12 1.495000e+01 5.782433e-11 1.495000e+01 3.242755e-11 
1.485000e+01 1.322895e-11 1.485000e+01 6.641385e-12 1.485000e+01 5.805973e-12 1.485000e+01 6.171715e-11 1.485000e+01 3.493508e-11 
1.475000e+01 1.424884e-11 1.475000e+01 7.154454e-12 1.475000e+01 6.252361e-12 1.475000e+01 6.560995e-11 1.475000e+01 3.761295e-11 
1.465000e+01 1.535002e-11 1.465000e+01 7.704578e-12 1.465000e+01 6.732411e-12 1.465000e+01 6.950276e-11 1.465000e+01 4.048492e-11 
1.455000e+01 1.653249e-11 1.455000e+01 8.300307e-12 1.455000e+01 7.249050e-12 1.455000e+01 7.407414e-11 1.455000e+01 4.357478e-11 
1.445000e+01 1.780365e-11 1.445000e+01 8.941642e-12 1.445000e+01 7.805206e-12 1.445000e+01 7.932409e-11 1.445000e+01 4.690230e-11 
1.435000e+01 1.917089e-11 1.435000e+01 9.634285e-12 1.435000e+01 8.403805e-12 1.435000e+01 8.495902e-11 1.435000e+01 5.050712e-11 
1.425000e+01 2.064899e-11 1.425000e+01 1.038108e-11 1.425000e+01 9.047775e-12 1.425000e+01 9.097895e-11 1.425000e+01 5.442885e-11 
1.415000e+01 2.223794e-11 1.415000e+01 1.118489e-11 1.415000e+01 9.741506e-12 1.415000e+01 9.734388e-11 1.415000e+01 5.862787e-11 
1.405000e+01 2.394514e-11 1.405000e+01 1.205141e-11 1.405000e+01 1.048793e-11 1.405000e+01 1.043738e-10 1.405000e+01 6.318342e-11 
1.395000e+01 2.578536e-11 1.395000e+01 1.298348e-11 1.395000e+01 1.129142e-11 1.395000e+01 1.117237e-10 1.395000e+01 6.805587e-11 
1.385000e+01 2.776601e-11 1.385000e+01 1.398967e-11 1.385000e+01 1.215346e-11 1.385000e+01 1.196236e-10 1.385000e+01 7.328484e-11 
1.375000e+01 2.990186e-11 1.375000e+01 1.507281e-11 1.375000e+01 1.308137e-11 1.375000e+01 1.280735e-10 1.375000e+01 7.879111e-11 
1.365000e+01 3.219291e-11 1.365000e+01 1.624146e-11 1.365000e+01 1.407806e-11 1.365000e+01 1.371484e-10 1.365000e+01 8.473313e-11 
1.355000e+01 3.466872e-11 1.355000e+01 1.750133e-11 1.355000e+01 1.514792e-11 1.355000e+01 1.468483e-10 1.355000e+01 9.115050e-11 
1.345000e+01 3.732929e-11 1.345000e+01 1.886382e-11 1.345000e+01 1.630414e-11 1.345000e+01 1.570982e-10 1.345000e+01 9.808285e-11 
1.335000e+01 4.018940e-11 1.335000e+01 2.033461e-11 1.335000e+01 1.753354e-11 1.335000e+01 1.684231e-10 1.335000e+01 1.056094e-10 
1.325000e+01 4.327123e-11 1.325000e+01 2.192798e-11 1.325000e+01 1.886538e-11 1.325000e+01 1.802729e-10 1.325000e+01 1.138094e-10 
1.315000e+01 4.659694e-11 1.315000e+01 2.364960e-11 1.315000e+01 2.029968e-11 1.315000e+01 1.927978e-10 1.315000e+01 1.226036e-10 
1.305000e+01 5.016653e-11 1.305000e+01 2.551660e-11 1.305000e+01 2.182179e-11 1.305000e+01 2.066476e-10 1.305000e+01 1.320316e-10 
1.295000e+01 5.401697e-11 1.295000e+01 2.754607e-11 1.295000e+01 2.346099e-11 1.295000e+01 2.211474e-10 1.295000e+01 1.421726e-10 
1.285000e+01 5.815564e-11 1.285000e+01 2.975797e-11 1.285000e+01 2.520263e-11 1.285000e+01 2.367223e-10 1.285000e+01 1.529871e-10 
1.275000e+01 6.261210e-11 1.275000e+01 3.215228e-11 1.275000e+01 2.704673e-11 1.275000e+01 2.533720e-10 1.275000e+01 1.645542e-10 
1.265000e+01 6.740852e-11 1.265000e+01 3.480314e-11 1.265000e+01 2.900791e-11 1.265000e+01 2.711719e-10 1.265000e+01 1.769532e-10 
1.255000e+01 7.258184e-11 1.255000e+01 3.771053e-11 1.255000e+01 3.108618e-11 1.255000e+01 2.901216e-10 1.255000e+01 1.905010e-10 
1.245000e+01 7.819122e-11 1.245000e+01 4.093146e-11 1.245000e+01 3.329616e-11 1.245000e+01 3.104464e-10 1.245000e+01 2.050391e-10 
1.235000e+01 8.417751e-11 1.235000e+01 4.452293e-11 1.235000e+01 3.562323e-11 1.235000e+01 3.321461e-10 1.235000e+01 2.208449e-10 
1.225000e+01 9.068112e-11 1.225000e+01 4.845646e-11 1.225000e+01 3.811130e-11 1.225000e+01 3.554209e-10 1.225000e+01 2.379579e-10 
1.215000e+01 9.762817e-11 1.215000e+01 5.267503e-11 1.215000e+01 4.078963e-11 1.215000e+01 3.802706e-10 1.215000e+01 2.563385e-10 
1.205000e+01 1.051664e-10 1.205000e+01 5.706461e-11 1.205000e+01 4.368749e-11 1.205000e+01 4.068703e-10 1.205000e+01 2.758679e-10 
1.195000e+01 1.131482e-10 1.195000e+01 6.156821e-11 1.195000e+01 4.684880e-11 1.195000e+01 4.352200e-10 1.195000e+01 2.968234e-10 
1.185000e+01 1.217211e-10 1.185000e+01 6.612881e-11 1.185000e+01 5.030282e-11 1.185000e+01 4.655946e-10 1.185000e+01 3.192050e-10 
1.175000e+01 1.308853e-10 1.175000e+01 7.097447e-11 1.175000e+01 5.403492e-11 1.175000e+01 4.979943e-10 1.175000e+01 3.432107e-10 
1.165000e+01 1.407885e-10 1.165000e+01 7.619066e-11 1.165000e+01 5.804509e-11 1.165000e+01 5.327189e-10 1.165000e+01 3.695933e-10 
1.155000e+01 1.514308e-10 1.155000e+01 8.189142e-11 1.155000e+01 6.237725e-11 1.155000e+01 5.697684e-10 1.155000e+01 3.981149e-10 
1.145000e+01 1.629600e-10 1.145000e+01 8.807674e-11 1.145000e+01 6.707530e-11 1.145000e+01 6.094430e-10 1.145000e+01 4.286173e-10 
1.135000e+01 1.753760e-10 1.135000e+01 9.477513e-11 1.135000e+01 7.212461e-11 1.135000e+01 6.517424e-10 1.135000e+01 4.614964e-10 
1.125000e+01 1.886788e-10 1.125000e+01 1.019296e-10 1.125000e+01 7.755445e-11 1.125000e+01 6.970920e-10 1.125000e+01 4.967524e-10 
1.115000e+01 2.029424e-10 1.115000e+01 1.095971e-10 1.115000e+01 8.337944e-11 1.115000e+01 7.454914e-10 1.115000e+01 5.339891e-10 
1.105000e+01 2.183146e-10 1.105000e+01 1.177777e-10 1.105000e+01 8.961425e-11 1.105000e+01 7.973158e-10 1.105000e+01 5.736025e-10 
1.095000e+01 2.347215e-10 1.095000e+01 1.265569e-10 1.095000e+01 9.630274e-11 1.095000e+01 8.525652e-10 1.095000e+01 6.167810e-10 
1.085000e+01 2.524586e-10 1.085000e+01 1.359631e-10 1.085000e+01 1.034742e-10 1.085000e+01 9.118895e-10 1.085000e+01 6.627326e-10 
1.075000e+01 2.714521e-10 1.075000e+01 1.460535e-10 1.075000e+01 1.111872e-10 1.075000e+01 9.752888e-10 1.075000e+01 7.122494e-10 
1.065000e+01 2.918498e-10 1.065000e+01 1.568849e-10 1.065000e+01 1.194710e-10 1.065000e+01 1.042988e-09 1.065000e+01 7.657275e-10 
1.055000e+01 3.137996e-10 1.055000e+01 1.684860e-10 1.055000e+01 1.283695e-10 1.055000e+01 1.114987e-09 1.055000e+01 8.235632e-10 
1.045000e+01 3.373752e-10 1.045000e+01 1.809136e-10 1.045000e+01 1.379120e-10 1.045000e+01 1.192486e-09 1.045000e+01 8.853602e-10 
1.035000e+01 3.626506e-10 1.035000e+01 1.943389e-10 1.035000e+01 1.481130e-10 1.035000e+01 1.275485e-09 1.035000e+01 9.515145e-10 
1.025000e+01 3.899215e-10 1.025000e+01 2.087619e-10 1.025000e+01 1.592362e-10 1.025000e+01 1.364234e-09 1.025000e+01 1.022423e-09 
1.015000e+01 4.192617e-10 1.015000e+01 2.242964e-10 1.015000e+01 1.709447e-10 1.015000e+01 1.458733e-09 1.015000e+01 1.100461e-09 
1.005000e+01 4.508189e-10 1.005000e+01 2.410852e-10 1.005000e+01 1.836777e-10 1.005000e+01 1.560232e-09 1.005000e+01 1.184442e-09 
9.950000e+00 4.847412e-10 9.950000e+00 2.591851e-10 9.950000e+00 1.974352e-10 9.950000e+00 1.668731e-09 9.950000e+00 1.263668e-09 
9.850000e+00 5.211763e-10 9.850000e+00 2.785677e-10 9.850000e+00 2.120709e-10 9.850000e+00 1.784729e-09 9.850000e+00 1.337745e-09 
9.750000e+00 5.602719e-10 9.750000e+00 2.992899e-10 9.750000e+00 2.278775e-10 9.750000e+00 1.908228e-09 9.750000e+00 1.416576e-09 
9.650000e+00 6.022498e-10 9.650000e+00 3.215229e-10 9.650000e+00 2.447085e-10 9.650000e+00 2.040476e-09 9.650000e+00 1.498972e-09 
9.550000e+00 6.471839e-10 9.550000e+00 3.451810e-10 9.550000e+00 2.627104e-10 9.550000e+00 2.181475e-09 9.550000e+00 1.586914e-09 
9.450000e+00 6.954436e-10 9.450000e+00 3.705494e-10 9.450000e+00 2.821758e-10 9.450000e+00 2.332223e-09 9.450000e+00 1.681590e-09 
9.350000e+00 7.471770e-10 9.350000e+00 3.976280e-10 9.350000e+00 3.029585e-10 9.350000e+00 2.492721e-09 9.350000e+00 1.782604e-09 
9.250000e+00 8.026056e-10 9.250000e+00 4.267020e-10 9.250000e+00 3.252048e-10 9.250000e+00 2.664719e-09 9.250000e+00 1.890749e-09 
9.150000e+00 8.624683e-10 9.150000e+00 4.577710e-10 9.150000e+00 3.492072e-10 9.150000e+00 2.848217e-09 9.150000e+00 2.006024e-09 
9.050000e+00 9.260264e-10 9.050000e+00 4.911204e-10 9.050000e+00 3.749660e-10 9.050000e+00 3.044965e-09 9.050000e+00 2.129618e-09 
8.950000e+00 9.947579e-10 8.950000e+00 5.267503e-10 8.950000e+00 4.026274e-10 8.950000e+00 3.254962e-09 8.950000e+00 2.261927e-09 
8.850000e+00 1.068663e-09 8.850000e+00 5.652303e-10 8.850000e+00 4.323379e-10 8.850000e+00 3.479460e-09 8.850000e+00 2.403743e-09 
8.750000e+00 1.147741e-09 8.750000e+00 6.068460e-10 8.750000e+00 4.643900e-10 8.750000e+00 3.718457e-09 8.750000e+00 2.554670e-09 
8.650000e+00 1.232731e-09 8.650000e+00 6.513119e-10 8.650000e+00 4.989302e-10 8.650000e+00 3.974704e-09 8.650000e+00 2.716293e-09 
8.550000e+00 1.323634e-09 8.550000e+00 6.991982e-10 8.550000e+00 5.359584e-10 8.550000e+00 4.248200e-09 8.550000e+00 2.889007e-09 
8.450000e+00 1.421188e-09 8.450000e+00 7.502200e-10 8.450000e+00 5.757675e-10 8.450000e+00 4.541448e-09 8.450000e+00 3.074794e-09 
8.350000e+00 1.526133e-09 8.350000e+00 8.049473e-10 8.350000e+00 6.183573e-10 8.350000e+00 4.854442e-09 8.350000e+00 3.276031e-09 
8.250000e+00 1.638468e-09 8.250000e+00 8.639502e-10 8.250000e+00 6.643133e-10 8.250000e+00 5.189440e-09 8.250000e+00 3.498658e-09 
8.150000e+00 1.758933e-09 8.150000e+00 9.280837e-10 8.150000e+00 7.136355e-10 8.149995e+00 5.546454e-09 8.150000e+00 3.741488e-09 
8.050000e+00 1.889744e-09 8.050000e+00 9.976330e-10 8.050000e+00 7.669094e-10 8.049990e+00 5.928974e-09 8.050000e+00 4.012840e-09 
7.950000e+00 2.058247e-09 7.950000e+00 1.065187e-09 7.950000e+00 8.239886e-10 7.949990e+00 6.336966e-09 7.950000e+00 4.282212e-09 
7.850000e+00 2.274788e-09 7.850000e+00 1.130461e-09 7.850000e+00 8.857511e-10 7.849990e+00 6.774469e-09 7.850000e+00 4.559506e-09 
7.750000e+00 2.517196e-09 7.750000e+00 1.201435e-09 7.750000e+00 9.535143e-10 7.749995e+00 7.241439e-09 7.750000e+00 4.848683e-09 
7.650000e+00 2.790643e-09 7.650000e+00 1.280391e-09 7.650000e+00 1.028595e-09 7.650000e+00 7.741163e-09 7.650000e+00 5.185398e-09 
7.550000e+00 3.096609e-09 7.550000e+00 1.365047e-09 7.550000e+00 1.110701e-09 7.550000e+00 8.273654e-09 7.550000e+00 5.541918e-09 
7.450000e+00 3.441005e-09 7.450000e+00 1.454264e-09 7.450000e+00 1.199247e-09 7.450000e+00 8.843648e-09 7.450000e+00 5.922207e-09 
7.350000e+00 3.828266e-09 7.350000e+00 1.550322e-09 7.350000e+00 1.295550e-09 7.350000e+00 9.451138e-09 7.350000e+00 6.322303e-09 
7.250000e+00 4.265043e-09 7.250000e+00 1.654075e-09 7.250000e+00 1.400927e-09 7.250000e+00 1.010113e-08 7.250000e+00 6.777857e-09 
7.150000e+00 4.756510e-09 7.150000e+00 1.762105e-09 7.150000e+00 1.514793e-09 7.150000e+00 1.079363e-08 7.150000e+00 7.237373e-09 
7.050000e+00 5.310795e-09 7.050000e+00 1.874980e-09 7.050000e+00 1.637732e-09 7.050000e+00 1.153487e-08 7.050000e+00 7.716697e-09 
6.950000e+00 5.827389e-09 6.950000e+00 1.997831e-09 6.950000e+00 1.773844e-09 6.950000e+00 1.232486e-08 6.950000e+00 8.239593e-09 
6.850000e+00 6.285599e-09 6.850000e+00 2.129804e-09 6.850000e+00 1.923128e-09 6.850000e+00 1.316734e-08 6.850000e+00 8.825872e-09 
6.750000e+00 6.787412e-09 6.750000e+00 2.272608e-09 6.750000e+00 2.085584e-09 6.750000e+00 1.406234e-08 6.750000e+00 9.424035e-09 
6.650000e+00 7.343914e-09 6.650000e+00 2.437075e-09 6.650000e+00 2.271457e-09 6.650000e+00 1.501983e-08 6.650000e+00 1.015688e-08 
6.550000e+00 7.959541e-09 6.550000e+00 2.626910e-09 6.550000e+00 2.480747e-09 6.550000e+00 1.603982e-08 6.550000e+00 1.099273e-08 
6.450000e+00 8.646855e-09 6.450000e+00 2.840404e-09 6.450000e+00 2.714918e-09 6.450000e+00 1.712980e-08 6.450000e+00 1.194741e-08 
6.350000e+00 9.400684e-09 6.350000e+00 3.078411e-09 6.350000e+00 2.976897e-09 6.350000e+00 1.828978e-08 6.350000e+00 1.299717e-08 
6.250000e+00 1.022842e-08 6.250000e+00 3.337795e-09 6.250000e+00 3.265219e-09 6.250000e+00 1.952477e-08 6.250000e+00 1.420934e-08 
6.150000e+00 1.114484e-08 6.150000e+00 3.597180e-09 6.150000e+00 3.571105e-09 6.150000e+00 2.083477e-08 6.150000e+00 1.535416e-08 
6.050000e+00 1.214255e-08 6.050000e+00 3.865116e-09 6.050000e+00 3.897481e-09 6.050000e+00 2.223224e-08 6.050000e+00 1.661387e-08 
5.950000e+00 1.291855e-08 5.950000e+00 4.158704e-09 5.950000e+00 4.228247e-09 5.950000e+00 2.371723e-08 5.950000e+00 1.771513e-08 
5.850000e+00 1.342849e-08 5.850000e+00 4.477947e-09 5.850000e+00 4.559013e-09 5.850000e+00 2.529970e-08 5.850000e+00 1.863812e-08 
5.750000e+00 1.396800e-08 5.750000e+00 4.825693e-09 5.750000e+00 4.919051e-09 5.750000e+00 2.697969e-08 5.750000e+00 1.959676e-08 
5.650000e+00 1.453706e-08 5.650000e+00 5.210495e-09 5.650000e+00 5.317141e-09 5.650000e+00 2.877218e-08 5.650000e+00 2.062671e-08 
5.550000e+00 1.515047e-08 5.550000e+00 5.635202e-09 5.550000e+00 5.754748e-09 5.550000e+00 3.067715e-08 5.550000e+00 2.172400e-08 
5.450000e+00 1.579344e-08 5.450000e+00 6.102664e-09 5.450000e+00 6.242116e-09 5.450000e+00 3.270213e-08 5.450000e+00 2.286487e-08 
5.350000e+00 1.648815e-08 5.350000e+00 6.618582e-09 5.350000e+00 6.783636e-09 5.350000e+00 3.484708e-08 5.350000e+00 2.410081e-08 
5.250000e+00 1.722720e-08 5.250000e+00 7.188659e-09 5.250000e+00 7.385161e-09 5.250000e+00 3.713457e-08 5.250000e+00 2.543579e-08 
5.150000e+00 1.801059e-08 5.150000e+00 7.812891e-09 5.150000e+00 8.056940e-09 5.150000e+00 3.956455e-08 5.150000e+00 2.689752e-08 
5.050000e+00 1.885310e-08 5.050000e+00 8.502684e-09 5.050000e+00 8.809213e-09 5.050000e+00 4.214701e-08 5.050000e+00 2.850186e-08 
4.950000e+00 1.985081e-08 4.950000e+00 9.220980e-09 4.950000e+00 9.472210e-09 4.950000e+00 4.488198e-08 4.950000e+00 3.011017e-08 
4.850000e+00 2.102590e-08 4.850000e+00 9.964928e-09 4.850000e+00 1.001373e-08 4.850000e+00 4.779194e-08 4.850000e+00 3.171055e-08 
4.750000e+00 2.229706e-08 4.750000e+00 1.078869e-08 4.750000e+00 1.059916e-08 4.750000e+00 5.087691e-08 4.750000e+00 3.344165e-08 
4.650000e+00 2.367169e-08 4.650000e+00 1.169511e-08 4.650000e+00 1.123434e-08 4.650000e+00 5.415689e-08 4.650000e+00 3.531141e-08 
4.550000e+00 2.517195e-08 4.550000e+00 1.269844e-08 4.550000e+00 1.192222e-08 4.550000e+00 5.763183e-08 4.550000e+00 3.733962e-08 
4.450000e+00 2.679786e-08 4.450000e+00 1.382149e-08 4.450000e+00 1.267596e-08 4.450000e+00 6.131679e-08 4.450000e+00 3.953816e-08 
4.350000e+00 2.857896e-08 4.350000e+00 1.507851e-08 4.350000e+00 1.349556e-08 4.350000e+00 6.521173e-08 4.350000e+00 4.191100e-08 
4.250000e+00 3.051527e-08 4.250000e+00 1.649230e-08 4.250000e+00 1.439858e-08 4.250000e+00 6.933920e-08 4.250000e+00 4.448588e-08 
4.150000e+00 3.264373e-08 4.150000e+00 1.810561e-08 4.150000e+00 1.539673e-08 4.150000e+00 7.369917e-08 4.150000e+00 4.729844e-08 
4.050000e+00 3.497912e-08 4.050000e+00 1.996691e-08 4.050000e+00 1.650904e-08 4.050000e+00 7.830659e-08 4.050000e+00 5.030905e-08 
3.950000e+00 3.739580e-08 3.950000e+00 2.164009e-08 3.950000e+00 1.763599e-08 3.950000e+00 8.316155e-08 3.950000e+00 5.328006e-08 
3.850000e+00 3.990856e-08 3.850000e+00 2.303107e-08 3.850000e+00 1.879221e-08 3.850000e+00 8.828149e-08 3.850000e+00 5.629068e-08 
3.750000e+00 4.266521e-08 3.750000e+00 2.454747e-08 3.750000e+00 2.005088e-08 3.750000e+00 9.366642e-08 3.750000e+00 5.953898e-08 
3.650000e+00 4.569531e-08 3.650000e+00 2.620354e-08 3.650000e+00 2.145590e-08 3.650000e+00 9.931885e-08 3.650000e+00 6.314382e-08 
3.550000e+00 4.903580e-08 3.550000e+00 2.800783e-08 3.550000e+00 2.300728e-08 3.550000e+00 1.052388e-07 3.550000e+00 6.702592e-08 
3.450000e+00 5.272365e-08 3.450000e+00 3.004300e-08 3.450000e+00 2.473429e-08 3.450000e+00 1.114737e-07 3.450000e+00 7.126456e-08 
3.350000e+00 5.681797e-08 3.350000e+00 3.229481e-08 3.350000e+00 2.668084e-08 3.350000e+00 1.180236e-07 3.350000e+00 7.589932e-08 
3.250000e+00 6.137789e-08 3.250000e+00 3.486015e-08 3.250000e+00 2.886155e-08 3.250000e+00 1.249319e-07 3.250000e+00 8.093023e-08 
3.150000e+00 6.646993e-08 3.150000e+00 3.776753e-08 3.150000e+00 3.133498e-08 3.150000e+00 1.321985e-07 3.150000e+00 8.647612e-08 
3.050000e+00 7.218276e-08 3.050000e+00 4.107398e-08 3.050000e+00 3.420357e-08 3.050000e+00 1.394650e-07 3.050000e+00 9.249735e-08 
2.950000e+00 7.723046e-08 2.950000e+00 4.392436e-08 2.950000e+00 3.721852e-08 2.950000e+00 1.471983e-07 2.950000e+00 9.919203e-08 
2.850000e+00 8.144303e-08 2.850000e+00 4.623316e-08 2.850000e+00 4.040910e-08 2.850000e+00 1.553982e-07 2.850000e+00 1.066393e-07 
2.750000e+00 8.602512e-08 2.750000e+00 4.874150e-08 2.750000e+00 4.412656e-08 2.750000e+00 1.635981e-07 2.750000e+00 1.150770e-07 
2.650000e+00 9.105064e-08 2.650000e+00 5.150637e-08 2.650000e+00 4.837090e-08 2.650000e+00 1.722480e-07 2.650000e+00 1.247823e-07 
2.550000e+00 9.659350e-08 2.550000e+00 5.452777e-08 2.550000e+00 5.320068e-08 2.550000e+00 1.813479e-07 2.550000e+00 1.357948e-07 
2.450000e+00 1.026537e-07 2.450000e+00 5.786272e-08 2.450000e+00 5.876224e-08 2.450000e+00 1.904478e-07 2.450000e+00 1.481146e-07 
2.350000e+00 1.093790e-07 2.350000e+00 6.156821e-08 2.350000e+00 6.515803e-08 2.350000e+00 2.000227e-07 2.350000e+00 1.619397e-07 
2.250000e+00 1.169173e-07 2.250000e+00 6.575826e-08 2.250000e+00 7.259296e-08 2.250000e+00 2.100726e-07 2.250000e+00 1.775078e-07 
2.150000e+00 1.252685e-07 2.150000e+00 7.040439e-08 2.150000e+00 8.137436e-08 2.150000e+00 2.201225e-07 2.150000e+00 1.949377e-07 
2.050000e+00 1.346544e-07 2.050000e+00 7.562058e-08 2.050000e+00 9.170714e-08 2.050000e+00 2.301723e-07 2.050000e+00 2.144275e-07 
1.950000e+00 1.422666e-07 1.950000e+00 8.080827e-08 1.950000e+00 1.012789e-07 1.950000e+00 2.404272e-07 1.950000e+00 2.302729e-07 
1.850000e+00 1.475878e-07 1.850000e+00 8.565392e-08 1.850000e+00 1.097822e-07 1.850000e+00 2.508871e-07 1.850000e+00 2.407704e-07 
1.750000e+00 1.533523e-07 1.750000e+00 9.106964e-08 1.750000e+00 1.190612e-07 1.750000e+00 2.613470e-07 1.750000e+00 2.515453e-07 
1.650000e+00 1.597082e-07 1.650000e+00 9.725495e-08 1.650000e+00 1.288964e-07 1.650000e+00 2.718068e-07 1.650000e+00 2.629936e-07 
1.550000e+00 1.666552e-07 1.550000e+00 1.043524e-07 1.550000e+00 1.389511e-07 1.550000e+00 2.822668e-07 1.550000e+00 2.761848e-07 
1.450000e+00 1.762628e-07 1.450000e+00 1.112218e-07 1.450000e+00 1.481130e-07 1.450000e+00 2.921133e-07 1.450000e+00 2.883858e-07 
1.350000e+00 1.893440e-07 1.350000e+00 1.180057e-07 1.350000e+00 1.557236e-07 1.350000e+00 3.013465e-07 1.350000e+00 2.986456e-07 
1.250000e+00 2.044944e-07 1.250000e+00 1.256163e-07 1.250000e+00 1.643586e-07 1.250000e+00 3.105797e-07 1.250000e+00 3.105693e-07 
1.150000e+00 2.224533e-07 1.150000e+00 1.341389e-07 1.150000e+00 1.754817e-07 1.150000e+00 3.186213e-07 1.150000e+00 3.262958e-07 
1.050000e+00 2.440334e-07 1.050000e+00 1.437446e-07 1.050000e+00 1.902638e-07 1.050000e+00 3.254712e-07 1.050000e+00 3.438842e-07 
9.800000e-01 2.653181e-07 9.800000e-01 1.516687e-07 9.800000e-01 2.029968e-07 9.800000e-01 3.297362e-07 9.800000e-01 3.547779e-07 
9.400000e-01 2.849028e-07 9.400000e-01 1.568849e-07 9.400000e-01 2.116319e-07 9.400000e-01 3.314161e-07 9.400000e-01 3.596899e-07 
9.000000e-01 3.068525e-07 9.000000e-01 1.621296e-07 9.000000e-01 2.218768e-07 9.000000e-01 3.330962e-07 9.000000e-01 3.672165e-07 
8.600000e-01 3.315367e-07 8.600000e-01 1.684289e-07 8.600000e-01 2.313900e-07 8.600000e-01 3.347762e-07 8.600000e-01 3.763275e-07 
8.200000e-01 3.595466e-07 8.200000e-01 1.754409e-07 8.200000e-01 2.413423e-07 8.200000e-01 3.354161e-07 8.200000e-01 3.861517e-07 
7.800000e-01 3.916212e-07 7.800000e-01 1.829374e-07 7.800000e-01 2.527581e-07 7.800000e-01 3.357094e-07 7.800000e-01 3.969266e-07 
7.400000e-01 4.284258e-07 7.400000e-01 1.911180e-07 7.400000e-01 2.657839e-07 7.400000e-01 3.360028e-07 7.400000e-01 4.088105e-07 
7.050000e-01 4.579877e-07 7.050000e-01 1.993271e-07 7.050000e-01 2.758825e-07 7.050000e-01 3.362595e-07 7.050000e-01 4.187139e-07 
6.750000e-01 4.777942e-07 6.750000e-01 2.062250e-07 6.750000e-01 2.852493e-07 6.750000e-01 3.354461e-07 6.750000e-01 4.250521e-07 
6.450000e-01 4.993744e-07 6.450000e-01 2.131229e-07 6.450000e-01 2.963724e-07 6.450000e-01 3.344261e-07 6.450000e-01 4.302019e-07 
6.150000e-01 5.233934e-07 6.150000e-01 2.198498e-07 6.150000e-01 3.107154e-07 6.150000e-01 3.334061e-07 6.150000e-01 4.349554e-07 
5.875000e-01 5.474125e-07 5.875000e-01 2.268903e-07 5.875000e-01 3.238875e-07 5.875000e-01 3.318837e-07 5.875000e-01 4.385206e-07 
5.625000e-01 5.717271e-07 5.625000e-01 2.339307e-07 5.625000e-01 3.363278e-07 5.625000e-01 3.298587e-07 5.625000e-01 4.416897e-07 
5.375000e-01 5.987763e-07 5.375000e-01 2.415127e-07 5.375000e-01 3.502317e-07 5.375000e-01 3.278337e-07 5.375000e-01 4.448588e-07 
5.125000e-01 6.274513e-07 5.125000e-01 2.498928e-07 5.125000e-01 3.644283e-07 5.125000e-01 3.258088e-07 5.125000e-01 4.500085e-07 
4.875000e-01 6.514704e-07 4.875000e-01 2.599547e-07 4.875000e-01 3.758441e-07 4.875000e-01 3.233275e-07 4.875000e-01 4.543660e-07 
4.625000e-01 6.741592e-07 4.625000e-01 2.707576e-07 4.625000e-01 3.904798e-07 4.625000e-01 3.203901e-07 4.625000e-01 4.543660e-07 
4.375000e-01 6.967001e-07 4.375000e-01 2.823871e-07 4.375000e-01 4.065790e-07 4.375000e-01 3.162963e-07 4.375000e-01 4.559505e-07 
4.125000e-01 7.236753e-07 4.125000e-01 2.952993e-07 4.125000e-01 4.251664e-07 4.125000e-01 3.120742e-07 4.125000e-01 4.543660e-07 
3.900000e-01 7.523504e-07 3.900000e-01 3.084111e-07 3.900000e-01 4.444854e-07 3.900000e-01 3.082742e-07 3.900000e-01 4.511969e-07 
3.700000e-01 7.819121e-07 3.700000e-01 3.212378e-07 3.700000e-01 4.646827e-07 3.700000e-01 3.048965e-07 3.700000e-01 4.452549e-07 
3.500000e-01 8.085179e-07 3.500000e-01 3.354897e-07 3.500000e-01 4.838554e-07 3.500000e-01 2.999822e-07 3.500000e-01 4.456511e-07 
3.300000e-01 8.402970e-07 3.300000e-01 3.511668e-07 3.300000e-01 5.058090e-07 3.300000e-01 2.950680e-07 3.300000e-01 4.444627e-07 
3.100000e-01 8.757712e-07 3.100000e-01 3.688392e-07 3.100000e-01 5.311286e-07 3.100000e-01 2.901538e-07 3.100000e-01 4.432742e-07 
2.900000e-01 9.016380e-07 2.900000e-01 3.876517e-07 2.900000e-01 5.615709e-07 2.900000e-01 2.844767e-07 2.900000e-01 4.393130e-07 
2.750000e-01 9.082893e-07 2.750000e-01 4.021886e-07 2.750000e-01 5.858661e-07 2.750000e-01 2.796468e-07 2.750000e-01 4.397091e-07 
2.625000e-01 9.134627e-07 2.625000e-01 4.155854e-07 2.625000e-01 6.076731e-07 2.625000e-01 2.756218e-07 2.625000e-01 4.393129e-07 
2.475000e-01 9.289827e-07 2.475000e-01 4.332578e-07 2.475000e-01 6.438234e-07 2.475000e-01 2.705769e-07 2.475000e-01 4.317863e-07 
2.350000e-01 9.385903e-07 2.350000e-01 4.492199e-07 2.350000e-01 6.739729e-07 2.350000e-01 2.654769e-07 2.350000e-01 4.298057e-07 
2.250000e-01 9.415464e-07 2.250000e-01 4.623316e-07 2.250000e-01 6.981217e-07 2.250000e-01 2.613970e-07 2.250000e-01 4.321825e-07 
2.150000e-01 9.474589e-07 2.150000e-01 4.765836e-07 2.150000e-01 7.263686e-07 2.150000e-01 2.573170e-07 2.150000e-01 4.325786e-07 
2.050000e-01 9.651959e-07 2.050000e-01 4.925457e-07 2.050000e-01 7.682266e-07 2.050000e-01 2.532370e-07 2.050000e-01 4.242598e-07 
1.950000e-01 9.755427e-07 1.950000e-01 5.105031e-07 1.950000e-01 7.998397e-07 1.950000e-01 2.486471e-07 1.950000e-01 4.171294e-07 
1.850000e-01 9.851502e-07 1.850000e-01 5.313108e-07 1.850000e-01 8.276475e-07 1.850000e-01 2.435472e-07 1.850000e-01 4.048492e-07 
1.750000e-01 9.999313e-07 1.750000e-01 5.549690e-07 1.750000e-01 8.592606e-07 1.750000e-01 2.384473e-07 1.750000e-01 3.879343e-07 
1.650000e-01 1.011017e-06 1.650000e-01 5.811925e-07 1.650000e-01 8.851655e-07 1.650000e-01 2.333473e-07 1.650000e-01 3.733961e-07 
1.550000e-01 1.020624e-06 1.550000e-01 6.119766e-07 1.550000e-01 9.107782e-07 1.550000e-01 2.277140e-07 1.550000e-01 3.625421e-07 
1.462500e-01 1.021364e-06 1.462500e-01 6.410505e-07 1.462500e-01 9.381469e-07 1.462500e-01 2.223183e-07 1.462500e-01 3.546194e-07 
1.387500e-01 1.009539e-06 1.387500e-01 6.667039e-07 1.387500e-01 9.712235e-07 1.387500e-01 2.176933e-07 1.387500e-01 3.480436e-07 
1.312500e-01 9.755425e-07 1.312500e-01 6.895070e-07 1.312500e-01 9.731261e-07 1.312500e-01 2.130684e-07 1.312500e-01 3.537083e-07 
1.237500e-01 9.688912e-07 1.237500e-01 7.200060e-07 1.237500e-01 1.024790e-06 1.237500e-01 2.076517e-07 1.237500e-01 3.423789e-07 
1.175000e-01 9.555883e-07 1.175000e-01 7.465145e-07 1.175000e-01 1.062696e-06 1.175000e-01 2.030060e-07 1.175000e-01 3.347731e-07 
1.125000e-01 9.430245e-07 1.125000e-01 7.696026e-07 1.125000e-01 1.095920e-06 1.125000e-01 1.992893e-07 1.125000e-01 3.281576e-07 
1.075000e-01 9.334169e-07 1.075000e-01 7.944009e-07 1.075000e-01 1.129142e-06 1.075000e-01 1.955728e-07 1.075000e-01 3.219780e-07 
1.025000e-01 9.585445e-07 1.025000e-01 8.271804e-07 1.025000e-01 1.232324e-06 1.025000e-01 1.918561e-07 1.025000e-01 2.902872e-07 
9.800000e-02 9.467198e-07 9.800000e-02 8.542589e-07 9.800000e-02 1.274328e-06 9.800000e-02 1.882511e-07 9.800000e-02 2.815722e-07 
9.400000e-02 9.267655e-07 9.400000e-02 8.813375e-07 9.400000e-02 1.329358e-06 9.400000e-02 1.847579e-07 9.400000e-02 2.689752e-07 
9.000000e-02 9.082893e-07 9.000000e-02 9.104114e-07 9.000000e-02 1.374143e-06 9.000000e-02 1.812646e-07 9.000000e-02 2.605375e-07 
8.600000e-02 8.853788e-07 8.600000e-02 9.423356e-07 8.600000e-02 1.418051e-06 8.600000e-02 1.777713e-07 8.600000e-02 2.519414e-07 
8.200000e-02 8.632074e-07 8.200000e-02 9.779653e-07 8.200000e-02 1.467958e-06 8.200000e-02 1.739580e-07 8.200000e-02 2.463559e-07 
7.799999e-02 8.417749e-07 7.799999e-02 1.015590e-06 7.799999e-02 1.520647e-06 7.799999e-02 1.700380e-07 7.799999e-02 2.428303e-07 
7.400000e-02 8.188646e-07 7.400000e-02 1.057491e-06 7.400000e-02 1.573335e-06 7.400000e-02 1.661181e-07 7.400000e-02 2.365318e-07 
7.050000e-02 7.878245e-07 7.050000e-02 1.096826e-06 7.050000e-02 1.627487e-06 7.050000e-02 1.626881e-07 7.050000e-02 2.320159e-07 
6.750000e-02 7.538284e-07 6.750000e-02 1.129321e-06 6.750000e-02 1.678712e-06 6.750000e-02 1.593648e-07 6.750000e-02 2.278169e-07 
6.450000e-02 7.202756e-07 6.450000e-02 1.161245e-06 6.450000e-02 1.731400e-06 6.450000e-02 1.559649e-07 6.450000e-02 2.237763e-07 
6.150000e-02 6.815496e-07 6.150000e-02 1.192884e-06 6.150000e-02 1.782625e-06 6.150000e-02 1.525649e-07 6.150000e-02 2.178739e-07 
5.875000e-02 6.346939e-07 5.875000e-02 1.219963e-06 5.875000e-02 1.734328e-06 5.875000e-02 1.494483e-07 5.875000e-02 2.274207e-07 
5.625000e-02 6.035061e-07 5.625000e-02 1.251317e-06 5.625000e-02 1.767989e-06 5.625000e-02 1.466150e-07 5.625000e-02 2.229444e-07 
5.375000e-02 5.723183e-07 5.375000e-02 1.289227e-06 5.375000e-02 1.822142e-06 5.375000e-02 1.435733e-07 5.375000e-02 2.167647e-07 
5.125000e-02 5.431999e-07 5.125000e-02 1.330272e-06 5.125000e-02 1.882148e-06 5.125000e-02 1.403234e-07 5.125000e-02 2.107038e-07 
4.875000e-02 5.172593e-07 4.875000e-02 1.382149e-06 4.875000e-02 1.964108e-06 4.875000e-02 1.370734e-07 4.875000e-02 2.026623e-07 
4.625000e-02 5.045476e-07 4.625000e-02 1.447708e-06 4.625000e-02 2.149981e-06 4.625000e-02 1.338234e-07 4.625000e-02 1.875300e-07 
4.375000e-02 4.817850e-07 4.375000e-02 1.509846e-06 4.375000e-02 2.265603e-06 4.375000e-02 1.303485e-07 4.375000e-02 1.788943e-07 
4.125000e-02 4.574704e-07 4.125000e-02 1.573410e-06 4.125000e-02 2.360734e-06 4.125000e-02 1.266485e-07 4.125000e-02 1.781020e-07 
3.900000e-02 4.210353e-07 3.900000e-02 1.615310e-06 3.900000e-02 2.258285e-06 3.900000e-02 1.233186e-07 3.900000e-02 1.926401e-07 
3.700000e-02 4.011549e-07 3.700000e-02 1.675739e-06 3.700000e-02 2.332926e-06 3.700000e-02 1.203586e-07 3.700000e-02 1.912536e-07 
3.500000e-02 3.805355e-07 3.500000e-02 1.740442e-06 3.500000e-02 2.397324e-06 3.500000e-02 1.173986e-07 3.500000e-02 1.902633e-07 
3.300000e-02 3.612464e-07 3.300000e-02 1.814837e-06 3.300000e-02 2.529045e-06 3.300000e-02 1.140387e-07 3.300000e-02 1.848759e-07 
3.100000e-02 3.404053e-07 3.100000e-02 1.894933e-06 3.100000e-02 2.634422e-06 3.100000e-02 1.106787e-07 3.100000e-02 1.819841e-07 
2.900000e-02 3.358232e-07 2.900000e-02 2.014078e-06 2.900000e-02 2.988605e-06 2.900000e-02 1.071768e-07 2.900000e-02 1.706943e-07 
2.750000e-02 3.223725e-07 2.750000e-02 2.092464e-06 2.750000e-02 3.099836e-06 2.750000e-02 1.044438e-07 2.750000e-02 1.704566e-07 
2.625000e-02 3.098826e-07 2.625000e-02 2.167429e-06 2.625000e-02 3.225703e-06 2.625000e-02 1.021663e-07 2.625000e-02 1.696247e-07 
2.475000e-02 2.975405e-07 2.475000e-02 2.263487e-06 2.475000e-02 3.298881e-06 2.475000e-02 9.928819e-08 2.475000e-02 1.815483e-07 
2.350000e-02 2.850506e-07 2.350000e-02 2.355554e-06 2.350000e-02 3.443774e-06 2.350000e-02 9.628489e-08 2.350000e-02 1.774682e-07 
2.250000e-02 2.741127e-07 2.250000e-02 2.430519e-06 2.250000e-02 3.610621e-06 2.250000e-02 9.388226e-08 2.250000e-02 1.692682e-07 
2.150000e-02 2.647268e-07 2.150000e-02 2.510330e-06 2.150000e-02 3.736488e-06 2.150000e-02 9.147961e-08 2.150000e-02 1.672875e-07 
2.050000e-02 2.556365e-07 2.050000e-02 2.592421e-06 2.050000e-02 3.874063e-06 2.050000e-02 8.907696e-08 2.050000e-02 1.668518e-07 
1.950000e-02 2.454377e-07 1.950000e-02 2.680497e-06 1.950000e-02 4.097989e-06 1.950000e-02 8.667433e-08 1.950000e-02 1.674460e-07 
1.850000e-02 2.361996e-07 1.850000e-02 2.777695e-06 1.850000e-02 4.193122e-06 1.850000e-02 8.427170e-08 1.850000e-02 1.750517e-07 
1.750000e-02 2.249660e-07 1.750000e-02 2.895986e-06 1.750000e-02 4.343869e-06 1.750000e-02 8.186905e-08 1.750000e-02 1.744179e-07 
1.650000e-02 2.141020e-07 1.650000e-02 3.021403e-06 1.650000e-02 4.567795e-06 1.650000e-02 7.946642e-08 1.650000e-02 1.784981e-07 
1.550000e-02 2.027207e-07 1.550000e-02 3.163922e-06 1.550000e-02 4.768303e-06 1.550000e-02 7.706378e-08 1.550000e-02 1.803203e-07 
1.462500e-02 1.916350e-07 1.462500e-02 3.312142e-06 1.462500e-02 4.835627e-06 1.462500e-02 7.496147e-08 1.462500e-02 1.785773e-07 
1.387500e-02 1.832838e-07 1.387500e-02 3.431858e-06 1.387500e-02 5.024428e-06 1.387500e-02 7.315949e-08 1.387500e-02 1.865000e-07 
1.312500e-02 1.755977e-07 1.312500e-02 3.562975e-06 1.312500e-02 5.232253e-06 1.312500e-02 7.135751e-08 1.312500e-02 1.941058e-07 
1.237500e-02 1.665813e-07 1.237500e-02 3.714046e-06 1.237500e-02 5.423981e-06 1.237500e-02 6.955553e-08 1.237500e-02 1.960865e-07 
1.175000e-02 1.599299e-07 1.175000e-02 3.842312e-06 1.175000e-02 5.803045e-06 1.175000e-02 6.805389e-08 1.175000e-02 1.948188e-07 
1.125000e-02 1.543131e-07 1.125000e-02 3.950627e-06 1.125000e-02 6.025507e-06 1.125000e-02 6.685256e-08 1.125000e-02 1.976314e-07 
1.075000e-02 1.472183e-07 1.075000e-02 4.104547e-06 1.075000e-02 6.306513e-06 1.075000e-02 6.565124e-08 1.075000e-02 1.920063e-07 
1.025000e-02 1.414537e-07 1.025000e-02 4.255618e-06 1.025000e-02 6.502631e-06 1.025000e-02 6.444993e-08 1.025000e-02 1.979483e-07 
9.800000e-03 1.366499e-07 9.800000e-03 4.386735e-06 9.800000e-03 6.868523e-06 9.800000e-03 6.310727e-08 9.800000e-03 2.075347e-07 
9.400001e-03 1.324373e-07 9.400001e-03 4.523553e-06 9.400001e-03 6.959264e-06 9.400001e-03 6.162330e-08 9.400001e-03 2.259550e-07 
9.000000e-03 1.280030e-07 9.000000e-03 4.668922e-06 9.000000e-03 7.184653e-06 9.000000e-03 6.013931e-08 9.000000e-03 2.313821e-07 
8.600000e-03 1.233470e-07 8.600000e-03 4.817142e-06 8.600000e-03 7.254905e-06 8.600000e-03 5.865532e-08 8.600000e-03 2.420777e-07 
8.200000e-03 1.192822e-07 8.200000e-03 4.979613e-06 8.200000e-03 7.423214e-06 8.200000e-03 5.717134e-08 8.200000e-03 2.569723e-07 
7.800000e-03 1.163261e-07 7.800000e-03 5.159188e-06 7.800000e-03 7.241732e-06 7.800000e-03 5.568736e-08 7.800000e-03 2.953577e-07 
7.400000e-03 1.111527e-07 7.400000e-03 5.361564e-06 7.400000e-03 7.724710e-06 7.400000e-03 5.420338e-08 7.400000e-03 2.871577e-07 
7.050000e-03 1.081966e-07 7.050000e-03 5.532588e-06 7.050000e-03 7.900338e-06 7.050000e-03 5.290489e-08 7.050000e-03 3.064099e-07 
6.750000e-03 1.062011e-07 6.750000e-03 5.715011e-06 6.750000e-03 8.154999e-06 6.750000e-03 5.179189e-08 6.750000e-03 3.242359e-07 
6.450000e-03 1.025059e-07 6.450000e-03 6.017153e-06 6.450000e-03 8.416977e-06 6.450000e-03 5.067891e-08 6.450000e-03 3.270881e-07 
6.150000e-03 9.762816e-08 6.150000e-03 6.310741e-06 6.150000e-03 8.686274e-06 6.150000e-03 4.956593e-08 6.150000e-03 3.169866e-07 
5.875000e-03 9.481978e-08 5.875000e-03 6.647086e-06 5.875000e-03 8.396487e-06 5.875000e-03 4.854569e-08 5.875000e-03 3.551343e-07 
5.625000e-03 9.082893e-08 5.625000e-03 6.934975e-06 5.625000e-03 8.436004e-06 5.625000e-03 4.761820e-08 5.625000e-03 3.503808e-07 
5.375000e-03 8.957255e-08 5.375000e-03 7.225713e-06 5.375000e-03 8.613096e-06 5.375000e-03 4.669070e-08 5.375000e-03 4.111874e-07 
5.125000e-03 8.676417e-08 5.125000e-03 7.499350e-06 5.125000e-03 8.959962e-06 5.125000e-03 4.576323e-08 5.125000e-03 4.092067e-07 
4.875000e-03 8.366018e-08 4.875000e-03 7.844246e-06 4.875000e-03 9.688817e-06 4.875000e-03 4.460823e-08 4.875000e-03 3.833787e-07 
4.625000e-03 8.166475e-08 4.625000e-03 8.069426e-06 4.625000e-03 1.014106e-05 4.625000e-03 4.322575e-08 4.625000e-03 3.869836e-07 
4.375000e-03 7.959541e-08 4.375000e-03 8.363015e-06 4.375000e-03 1.042792e-05 4.375000e-03 4.184326e-08 4.375000e-03 4.028686e-07 
4.125000e-03 7.597408e-08 4.125000e-03 8.653754e-06 4.125000e-03 1.071770e-05 4.125000e-03 4.046078e-08 4.125000e-03 3.977188e-07 
3.900000e-03 7.372738e-08 3.900000e-03 8.955893e-06 3.900000e-03 1.120361e-05 3.900000e-03 3.921654e-08 3.900000e-03 4.119797e-07 
3.700000e-03 7.126634e-08 3.700000e-03 9.084160e-06 3.700000e-03 1.155486e-05 3.700000e-03 3.811055e-08 3.700000e-03 4.298057e-07 
3.500000e-03 6.870924e-08 3.500000e-03 9.232380e-06 3.500000e-03 1.122117e-05 3.500000e-03 3.700457e-08 3.500000e-03 4.737766e-07 
3.300000e-03 6.599694e-08 3.300000e-03 9.394852e-06 3.300000e-03 1.096651e-05 3.300000e-03 3.589858e-08 3.300000e-03 5.189359e-07 
3.100000e-03 6.400890e-08 3.100000e-03 9.748300e-06 3.100000e-03 1.129581e-05 3.100000e-03 3.479260e-08 3.100000e-03 5.470615e-07 
2.900000e-03 6.462970e-08 2.900000e-03 1.036113e-05 2.900000e-03 1.162365e-05 2.900000e-03 3.368661e-08 2.900000e-03 5.811290e-07 
2.750000e-03 6.709072e-08 2.750000e-03 1.070603e-05 2.750000e-03 1.181977e-05 2.750000e-03 3.285712e-08 2.750000e-03 6.148004e-07 
2.625000e-03 6.961088e-08 2.625000e-03 1.107373e-05 2.625000e-03 1.220615e-05 2.625000e-03 3.216588e-08 2.625000e-03 6.381723e-07 
2.475000e-03 7.340959e-08 2.475000e-03 1.166375e-05 2.475000e-03 1.279304e-05 2.475000e-03 3.133638e-08 2.475000e-03 6.694670e-07 
2.350000e-03 7.715655e-08 2.350000e-03 1.224523e-05 2.350000e-03 1.332139e-05 2.350000e-03 3.064515e-08 2.350000e-03 7.019499e-07 
2.250000e-03 8.107351e-08 2.250000e-03 1.272410e-05 2.250000e-03 1.391414e-05 2.250000e-03 3.009215e-08 2.250000e-03 7.352253e-07 
2.150000e-03 8.417750e-08 2.150000e-03 1.341389e-05 2.150000e-03 1.453030e-05 2.150000e-03 2.953916e-08 2.150000e-03 7.661237e-07 
2.050000e-03 8.669026e-08 2.050000e-03 1.400962e-05 2.050000e-03 1.513329e-05 2.050000e-03 2.898616e-08 2.050000e-03 7.863266e-07 
1.950000e-03 8.979426e-08 1.950000e-03 1.471651e-05 1.950000e-03 1.579189e-05 1.950000e-03 2.829018e-08 1.950000e-03 8.041526e-07 
1.850000e-03 9.378513e-08 1.850000e-03 1.551462e-05 1.850000e-03 1.645050e-05 1.850000e-03 2.745118e-08 1.850000e-03 8.980365e-07 
1.750000e-03 9.836722e-08 1.750000e-03 1.586521e-05 1.750000e-03 1.712374e-05 1.750000e-03 2.661219e-08 1.750000e-03 9.388382e-07 
1.650000e-03 1.037623e-07 1.650000e-03 1.662627e-05 1.650000e-03 1.792870e-05 1.650000e-03 2.577320e-08 1.650000e-03 9.800362e-07 
1.550000e-03 1.096007e-07 1.550000e-03 1.765525e-05 1.550000e-03 1.877757e-05 1.550000e-03 2.493421e-08 1.550000e-03 1.030345e-06 
1.462500e-03 1.155131e-07 1.462500e-03 1.863293e-05 1.462500e-03 1.961181e-05 1.462500e-03 2.420009e-08 1.462500e-03 1.077881e-06 
1.387500e-03 1.214255e-07 1.387500e-03 1.957356e-05 1.387500e-03 2.043140e-05 1.387500e-03 2.357085e-08 1.387500e-03 1.004200e-06 
1.312500e-03 1.285204e-07 1.312500e-03 2.056264e-05 1.312500e-03 2.132418e-05 1.312500e-03 2.294161e-08 1.312500e-03 1.068770e-06 
1.237500e-03 1.418232e-07 1.237500e-03 2.074222e-05 1.237500e-03 2.242186e-05 1.237500e-03 2.231237e-08 1.237500e-03 1.289813e-06 
1.175000e-03 1.498788e-07 1.175000e-03 2.132369e-05 1.175000e-03 2.366589e-05 1.175000e-03 2.178800e-08 1.175000e-03 1.365871e-06 
1.125000e-03 1.557173e-07 1.125000e-03 2.215030e-05 1.125000e-03 2.438304e-05 1.125000e-03 2.136850e-08 1.125000e-03 1.415784e-06 
1.075000e-03 1.615558e-07 1.075000e-03 2.330185e-05 1.075000e-03 2.515873e-05 1.075000e-03 2.094901e-08 1.075000e-03 1.461339e-06 
1.025000e-03 1.681333e-07 1.025000e-03 2.434509e-05 1.025000e-03 2.597832e-05 1.025000e-03 2.052951e-08 1.025000e-03 1.512044e-06 
9.800000e-04 1.734544e-07 9.800000e-04 2.567907e-05 9.800000e-04 2.690037e-05 9.800000e-04 2.008177e-08 9.800000e-04 1.526701e-06 
9.400000e-04 1.710895e-07 9.400000e-04 2.825867e-05 9.400000e-04 2.706137e-05 9.400000e-04 1.960577e-08 9.400000e-04 1.396373e-06 
9.000000e-04 1.752282e-07 9.000000e-04 2.984348e-05 9.000000e-04 2.811513e-05 9.000000e-04 1.912978e-08 9.000000e-04 1.382905e-06 
8.600000e-04 1.813622e-07 8.600000e-04 3.075560e-05 8.600000e-04 2.924208e-05 8.600000e-04 1.865378e-08 8.600000e-04 1.419745e-06 
8.200000e-04 1.880137e-07 8.200000e-04 3.209528e-05 8.200000e-04 3.033976e-05 8.200000e-04 1.817779e-08 8.200000e-04 1.471243e-06 
7.800000e-04 1.956259e-07 7.800000e-04 3.363448e-05 7.800000e-04 3.174478e-05 7.800000e-04 1.770180e-08 7.800000e-04 1.505706e-06 
7.400000e-04 2.037554e-07 7.400000e-04 3.528770e-05 7.400000e-04 3.309127e-05 7.400000e-04 1.722580e-08 7.400000e-04 1.569880e-06 
7.050000e-04 2.110719e-07 7.050000e-04 3.742549e-05 7.050000e-04 3.430602e-05 7.050000e-04 1.680931e-08 7.050000e-04 1.634450e-06 
6.750000e-04 2.178712e-07 6.750000e-04 3.890769e-05 6.750000e-04 3.538906e-05 6.750000e-04 1.645231e-08 6.750000e-04 1.691889e-06 
6.450000e-04 2.211969e-07 6.450000e-04 4.221413e-05 6.450000e-04 3.661846e-05 6.450000e-04 1.609531e-08 6.450000e-04 1.743783e-06 
6.150000e-04 2.284396e-07 6.150000e-04 4.386735e-05 6.150000e-04 3.768687e-05 6.150000e-04 1.573832e-08 6.150000e-04 1.838459e-06 
5.875000e-04 2.363474e-07 5.875000e-04 4.549206e-05 5.875000e-04 3.887235e-05 5.875000e-04 1.541107e-08 5.875000e-04 1.910952e-06 
5.625000e-04 2.438117e-07 5.625000e-04 4.711678e-05 5.625000e-04 3.997004e-05 5.625000e-04 1.511358e-08 5.625000e-04 2.009985e-06 
5.375000e-04 2.522369e-07 5.375000e-04 4.885552e-05 5.375000e-04 4.127261e-05 5.375000e-04 1.481608e-08 5.375000e-04 2.102285e-06 
5.125000e-04 2.667961e-07 5.125000e-04 4.780087e-05 5.125000e-04 4.494616e-05 5.125000e-04 1.451858e-08 5.125000e-04 2.095550e-06 
4.875000e-04 2.787687e-07 4.875000e-04 4.819993e-05 4.875000e-04 4.623410e-05 4.875000e-04 1.414992e-08 4.875000e-04 2.240932e-06 
4.625000e-04 2.920715e-07 4.625000e-04 4.985315e-05 4.625000e-04 4.753668e-05 4.625000e-04 1.371009e-08 4.625000e-04 2.458013e-06 
4.375000e-04 3.064090e-07 4.375000e-04 5.162038e-05 4.375000e-04 4.880998e-05 4.375000e-04 1.327026e-08 4.375000e-04 2.691337e-06 
4.125000e-04 3.251070e-07 4.125000e-04 5.313108e-05 4.125000e-04 4.998083e-05 4.125000e-04 1.283044e-08 4.125000e-04 3.040331e-06 
3.900000e-04 3.446178e-07 3.900000e-04 5.444226e-05 3.900000e-04 4.999547e-05 3.900000e-04 1.243459e-08 3.900000e-04 3.447557e-06 
3.700000e-04 3.589553e-07 3.700000e-04 5.680807e-05 3.700000e-04 5.151758e-05 3.700000e-04 1.208273e-08 3.700000e-04 3.651962e-06 
3.500000e-04 3.732190e-07 3.500000e-04 5.974397e-05 3.500000e-04 5.324459e-05 3.500000e-04 1.173086e-08 3.500000e-04 3.841315e-06 
3.300000e-04 3.880738e-07 3.300000e-04 6.310741e-05 3.300000e-04 5.519114e-05 3.300000e-04 1.137900e-08 3.300000e-04 4.032647e-06 
3.100000e-04 4.053675e-07 3.100000e-04 6.684141e-05 3.100000e-04 5.728404e-05 3.100000e-04 1.102714e-08 3.100000e-04 4.262405e-06 
2.900000e-04 4.208875e-07 2.900000e-04 7.128800e-05 2.900000e-04 5.966965e-05 2.900000e-04 1.067528e-08 2.900000e-04 4.468395e-06 
2.750000e-04 4.262087e-07 2.750000e-04 7.596262e-05 2.750000e-04 6.187964e-05 2.750000e-04 1.041138e-08 2.750000e-04 4.448588e-06 
2.625000e-04 4.300518e-07 2.625000e-04 8.066576e-05 2.625000e-04 6.389936e-05 2.625000e-04 1.019147e-08 2.625000e-04 4.377283e-06 
2.475000e-04 4.420243e-07 2.475000e-04 8.582494e-05 2.475000e-04 6.619716e-05 2.475000e-04 9.927569e-09 2.475000e-04 4.519892e-06 
2.350000e-04 4.525187e-07 2.350000e-04 9.047105e-05 2.350000e-04 6.830470e-05 2.350000e-04 9.707656e-09 2.350000e-04 4.630810e-06 
2.250000e-04 4.619785e-07 2.250000e-04 9.437608e-05 2.250000e-04 6.992926e-05 2.250000e-04 9.531723e-09 2.250000e-04 4.761534e-06 
2.150000e-04 4.707732e-07 2.150000e-04 9.876566e-05 2.150000e-04 7.152455e-05 2.150000e-04 9.355792e-09 2.150000e-04 4.872451e-06 
2.050000e-04 4.804547e-07 2.050000e-04 1.035543e-04 2.050000e-04 7.313448e-05 2.050000e-04 9.179860e-09 2.050000e-04 4.983369e-06 
1.950000e-04 4.903580e-07 1.950000e-04 1.086565e-04 1.950000e-04 7.481757e-05 1.950000e-04 8.958746e-09 1.950000e-04 5.137862e-06 
1.850000e-04 5.001874e-07 1.850000e-04 1.149273e-04 1.850000e-04 7.720319e-05 1.850000e-04 8.692451e-09 1.850000e-04 5.201243e-06 
1.750000e-04 5.118642e-07 1.750000e-04 1.213407e-04 1.750000e-04 7.863748e-05 1.750000e-04 8.426152e-09 1.750000e-04 5.367619e-06 
1.650000e-04 5.247236e-07 1.650000e-04 1.278110e-04 1.650000e-04 7.824232e-05 1.650000e-04 8.159855e-09 1.650000e-04 5.648875e-06 
1.550000e-04 5.389873e-07 1.550000e-04 1.350795e-04 1.550000e-04 7.483221e-05 1.550000e-04 7.893560e-09 1.550000e-04 5.945976e-06 
1.462500e-04 5.550246e-07 1.462500e-04 1.420914e-04 1.462500e-04 7.377844e-05 1.462500e-04 7.660550e-09 1.462500e-04 6.231192e-06 
1.387500e-04 5.720967e-07 1.387500e-04 1.487328e-04 1.387500e-04 7.609088e-05 1.387500e-04 7.460826e-09 1.387500e-04 6.591674e-06 
1.312500e-04 5.907207e-07 1.312500e-04 1.560868e-04 1.312500e-04 7.887166e-05 1.312500e-04 7.261103e-09 1.312500e-04 6.987808e-06 
1.237500e-04 6.111183e-07 1.237500e-04 1.642959e-04 1.237500e-04 8.228176e-05 1.237500e-04 7.061381e-09 1.237500e-04 7.376020e-06 
1.175000e-04 6.296684e-07 1.175000e-04 1.719064e-04 1.175000e-04 8.594069e-05 1.175000e-04 6.894946e-09 1.175000e-04 7.605777e-06 
1.125000e-04 6.461492e-07 1.125000e-04 1.784908e-04 1.125000e-04 9.356587e-05 1.125000e-04 6.761797e-09 1.125000e-04 7.875150e-06 
1.075000e-04 6.639602e-07 1.075000e-04 1.856168e-04 1.075000e-04 1.030791e-04 1.075000e-04 6.628648e-09 1.075000e-04 8.180173e-06 
1.025000e-04 6.829537e-07 1.025000e-04 1.934838e-04 1.025000e-04 1.105140e-04 1.025000e-04 6.495500e-09 1.025000e-04 8.520848e-06 
9.800000e-05 6.996562e-07 9.800000e-05 2.032891e-04 9.800000e-05 1.174220e-04 9.800000e-05 6.353607e-09 9.800000e-05 8.861523e-06 
9.400000e-05 7.124417e-07 9.400000e-05 2.145481e-04 9.400000e-05 1.224274e-04 9.400000e-05 6.202968e-09 9.400000e-05 9.281425e-06 
9.000000e-05 7.268532e-07 9.000000e-05 2.276599e-04 9.000000e-05 1.292623e-04 9.000000e-05 6.052330e-09 9.000000e-05 9.641909e-06 
8.600000e-05 7.442208e-07 8.600000e-05 2.441635e-04 8.600000e-05 1.375168e-04 8.600000e-05 5.901692e-09 8.600000e-05 9.907318e-06 
8.200000e-05 7.604798e-07 8.200000e-05 2.605532e-04 8.200000e-05 1.439126e-04 8.200000e-05 5.751054e-09 8.200000e-05 1.035495e-05 
7.800000e-05 7.782170e-07 7.800000e-05 2.789667e-04 7.800000e-05 1.503084e-04 7.800000e-05 5.600415e-09 7.800000e-05 1.085408e-05 
7.400000e-05 7.981712e-07 7.400000e-05 2.998600e-04 7.400000e-05 1.574799e-04 7.400000e-05 5.449777e-09 7.400000e-05 1.140074e-05 
7.050000e-05 8.173865e-07 7.050000e-05 3.198126e-04 7.050000e-05 1.642123e-04 7.050000e-05 5.317969e-09 7.050000e-05 1.191572e-05 
6.750000e-05 8.410360e-07 6.750000e-05 3.463212e-04 6.750000e-05 1.699202e-04 6.750000e-05 5.204990e-09 6.750000e-05 1.215736e-05 
6.450000e-05 8.624684e-07 6.450000e-05 3.654187e-04 6.450000e-05 1.760672e-04 6.450000e-05 5.092012e-09 6.450000e-05 1.262084e-05 
6.150000e-05 8.846398e-07 6.150000e-05 3.848013e-04 6.150000e-05 1.826532e-04 6.150000e-05 4.979033e-09 6.150000e-05 1.313977e-05 
5.875000e-05 9.068112e-07 5.875000e-05 4.041839e-04 5.875000e-05 1.890929e-04 5.875000e-05 4.875468e-09 5.875000e-05 1.366267e-05 
5.625000e-05 9.282437e-07 5.625000e-05 4.238515e-04 5.625000e-05 1.955326e-04 5.625000e-05 4.781319e-09 5.625000e-05 1.417369e-05 
5.375000e-05 9.467198e-07 5.375000e-05 4.335428e-04 5.375000e-05 2.048995e-04 5.375000e-05 4.687171e-09 5.375000e-05 1.493030e-05 
5.125000e-05 9.688912e-07 5.125000e-05 4.529254e-04 5.125000e-05 2.148517e-04 5.125000e-05 4.593022e-09 5.125000e-05 1.560373e-05 
4.875000e-05 9.947578e-07 4.875000e-05 4.771536e-04 4.875000e-05 2.229013e-04 4.875000e-05 4.476323e-09 4.875000e-05 1.627320e-05 
4.625000e-05 1.022842e-06 4.625000e-05 5.030921e-04 4.625000e-05 2.302192e-04 4.625000e-05 4.337075e-09 4.625000e-05 1.701397e-05 
4.375000e-05 1.053143e-06 4.375000e-05 5.318809e-04 4.375000e-05 2.382688e-04 4.375000e-05 4.197826e-09 4.375000e-05 1.783396e-05 
4.125000e-05 1.087139e-06 4.125000e-05 5.643753e-04 4.125000e-05 2.469038e-04 4.125000e-05 4.058578e-09 4.125000e-05 1.874904e-05 
3.900000e-05 1.121135e-06 3.900000e-05 5.971547e-04 3.900000e-05 2.555389e-04 3.900000e-05 3.933255e-09 3.900000e-05 1.966411e-05 
3.700000e-05 1.153653e-06 3.700000e-05 6.296489e-04 3.700000e-05 2.637349e-04 3.700000e-05 3.821855e-09 3.700000e-05 2.055937e-05 
3.500000e-05 1.188388e-06 3.500000e-05 6.661338e-04 3.500000e-05 2.728090e-04 3.500000e-05 3.710457e-09 3.500000e-05 2.154971e-05 
3.300000e-05 1.226080e-06 3.300000e-05 7.066092e-04 3.300000e-05 2.824686e-04 3.300000e-05 3.599059e-09 3.300000e-05 2.265888e-05 
3.100000e-05 1.267466e-06 3.100000e-05 7.525003e-04 3.100000e-05 2.930062e-04 3.100000e-05 3.487660e-09 3.100000e-05 2.391463e-05 
2.900000e-05 1.308114e-06 2.900000e-05 8.126433e-04 2.900000e-05 3.042757e-04 2.900000e-05 3.376261e-09 2.900000e-05 2.540013e-05 
2.750000e-05 1.339154e-06 2.750000e-05 8.696510e-04 2.750000e-05 3.130571e-04 2.750000e-05 3.292712e-09 2.750000e-05 2.670341e-05 
2.625000e-05 1.367238e-06 2.625000e-05 9.235232e-04 2.625000e-05 3.211067e-04 2.625000e-05 3.223088e-09 2.625000e-05 2.790766e-05 
2.475000e-05 1.401973e-06 2.475000e-05 9.962078e-04 2.475000e-05 3.313517e-04 2.475000e-05 3.139538e-09 2.475000e-05 2.951597e-05 
2.350000e-05 1.434491e-06 2.350000e-05 1.064332e-03 2.350000e-05 3.405722e-04 2.350000e-05 3.069914e-09 2.350000e-05 3.100939e-05 
2.250000e-05 1.463314e-06 2.250000e-05 1.125615e-03 2.250000e-05 3.486218e-04 2.250000e-05 3.014215e-09 2.250000e-05 3.231268e-05 
2.150000e-05 1.495093e-06 2.150000e-05 1.193454e-03 2.150000e-05 3.572568e-04 2.150000e-05 2.958516e-09 2.150000e-05 3.373875e-05 
2.050000e-05 1.526872e-06 2.050000e-05 1.268704e-03 2.050000e-05 3.664773e-04 2.050000e-05 2.902816e-09 2.050000e-05 3.530745e-05 
1.950000e-05 1.568998e-06 1.950000e-05 1.348800e-03 1.950000e-05 3.733561e-04 1.950000e-05 2.832867e-09 1.950000e-05 3.695141e-05 
1.850000e-05 1.621470e-06 1.850000e-05 1.434311e-03 1.850000e-05 3.778932e-04 1.850000e-05 2.748668e-09 1.850000e-05 3.867459e-05 
1.750000e-05 1.678377e-06 1.750000e-05 1.530369e-03 1.750000e-05 3.827229e-04 1.750000e-05 2.664469e-09 1.750000e-05 4.060377e-05 
1.650000e-05 1.736762e-06 1.650000e-05 1.639254e-03 1.650000e-05 3.878454e-04 1.650000e-05 2.580270e-09 1.650000e-05 4.270328e-05 
1.550000e-05 1.806971e-06 1.550000e-05 1.763245e-03 1.550000e-05 3.932606e-04 1.550000e-05 2.496071e-09 1.550000e-05 4.511970e-05 
1.462500e-05 1.869790e-06 1.462500e-05 1.886667e-03 1.462500e-05 3.983831e-04 1.462500e-05 2.422397e-09 1.462500e-05 4.745689e-05 
1.387500e-05 1.920045e-06 1.387500e-05 2.006097e-03 1.387500e-05 4.030665e-04 1.387500e-05 2.359248e-09 1.387500e-05 4.963562e-05 
1.312500e-05 1.973257e-06 1.312500e-05 2.140635e-03 1.312500e-05 4.078963e-04 1.312500e-05 2.296099e-09 1.312500e-05 5.213128e-05 
1.237500e-05 2.032381e-06 1.237500e-05 2.292561e-03 1.237500e-05 4.131651e-04 1.237500e-05 2.232949e-09 1.237500e-05 5.486460e-05 
1.175000e-05 2.080419e-06 1.175000e-05 2.434795e-03 1.175000e-05 4.178486e-04 1.175000e-05 2.180325e-09 1.175000e-05 5.736025e-05 
1.125000e-05 2.125500e-06 1.125000e-05 2.561922e-03 1.125000e-05 4.218002e-04 1.125000e-05 2.138226e-09 1.125000e-05 5.957860e-05 
1.075000e-05 2.171321e-06 1.075000e-05 2.701590e-03 1.075000e-05 4.260445e-04 1.075000e-05 2.096126e-09 1.075000e-05 6.199502e-05 
1.025000e-05 2.226011e-06 1.025000e-05 2.856081e-03 1.025000e-05 4.302889e-04 1.025000e-05 2.054026e-09 1.025000e-05 6.460950e-05 
9.800000e-06 2.282178e-06 9.800000e-06 3.001450e-03 9.800000e-06 4.332160e-04 9.800000e-06 2.009177e-09 9.800000e-06 6.726360e-05 
9.400001e-06 2.341302e-06 9.400001e-06 3.135418e-03 9.400001e-06 4.343868e-04 9.400001e-06 1.961577e-09 9.400001e-06 6.995732e-05 
8.999999e-06 2.393775e-06 8.999999e-06 3.280787e-03 8.999999e-06 4.355577e-04 8.999999e-06 1.913978e-09 8.999999e-06 7.280950e-05 
8.600000e-06 2.445508e-06 8.600000e-06 3.440409e-03 8.600000e-06 4.367286e-04 8.600000e-06 1.866378e-09 8.600000e-06 7.597855e-05 
8.200001e-06 2.506110e-06 8.200001e-06 3.617132e-03 8.200001e-06 4.376067e-04 8.200001e-06 1.818779e-09 8.200001e-06 7.946454e-05 
7.800000e-06 2.570407e-06 7.800000e-06 3.810958e-03 7.800000e-06 4.386312e-04 7.800000e-06 1.771180e-09 7.800000e-06 8.326743e-05 
7.400000e-06 2.640617e-06 7.400000e-06 4.030438e-03 7.400000e-06 4.393630e-04 7.400000e-06 1.723580e-09 7.400000e-06 8.746645e-05 
7.050000e-06 2.708609e-06 7.050000e-06 4.244216e-03 7.050000e-06 4.390703e-04 7.050000e-06 1.681931e-09 7.050000e-06 9.150702e-05 
6.750000e-06 2.775123e-06 6.750000e-06 4.455144e-03 6.750000e-06 4.374603e-04 6.750000e-06 1.646231e-09 6.750000e-06 9.530992e-05 
6.450000e-06 2.842376e-06 6.450000e-06 4.697426e-03 6.450000e-06 4.351186e-04 6.450000e-06 1.610531e-09 6.450000e-06 9.946931e-05 
6.150000e-06 2.913325e-06 6.150000e-06 4.973913e-03 6.150000e-06 4.320452e-04 6.150000e-06 1.574832e-09 6.150000e-06 1.040249e-04 
5.875000e-06 2.985013e-06 5.875000e-06 5.278904e-03 5.875000e-06 4.273617e-04 5.875000e-06 1.542107e-09 5.875000e-06 1.085804e-04 
5.625000e-06 3.054483e-06 5.625000e-06 5.646603e-03 5.625000e-06 4.212148e-04 5.625000e-06 1.512357e-09 5.625000e-06 1.131756e-04 
5.375000e-06 3.124693e-06 5.375000e-06 6.005751e-03 5.375000e-06 4.193121e-04 5.375000e-06 1.482608e-09 5.375000e-06 1.180876e-04 
5.125000e-06 3.197119e-06 5.125000e-06 6.324993e-03 5.125000e-06 4.198975e-04 5.125000e-06 1.452858e-09 5.125000e-06 1.234354e-04 
4.875000e-06 3.292457e-06 4.875000e-06 6.652788e-03 4.875000e-06 4.198975e-04 4.875000e-06 1.415955e-09 4.875000e-06 1.296547e-04 
4.625000e-06 3.413660e-06 4.625000e-06 6.997683e-03 4.625000e-06 4.194585e-04 4.625000e-06 1.371897e-09 4.625000e-06 1.369040e-04 
4.375000e-06 3.545950e-06 4.375000e-06 7.373933e-03 4.375000e-06 4.190194e-04 4.375000e-06 1.327839e-09 4.375000e-06 1.449852e-04 
4.125000e-06 3.687847e-06 4.125000e-06 7.658971e-03 4.125000e-06 4.226783e-04 4.125000e-06 1.283781e-09 4.125000e-06 1.539378e-04 
3.900000e-06 3.823831e-06 3.900000e-06 7.958261e-03 3.900000e-06 4.280935e-04 3.900000e-06 1.244129e-09 3.900000e-06 1.628904e-04 
3.700000e-06 3.956860e-06 3.700000e-06 8.308858e-03 3.700000e-06 4.321915e-04 3.700000e-06 1.208883e-09 3.700000e-06 1.718827e-04 
3.500000e-06 4.103931e-06 3.500000e-06 8.727864e-03 3.500000e-06 4.351187e-04 3.500000e-06 1.173636e-09 3.500000e-06 1.819049e-04 
3.300000e-06 4.267260e-06 3.300000e-06 9.215279e-03 3.300000e-06 4.367286e-04 3.300000e-06 1.138390e-09 3.300000e-06 1.931947e-04 
3.100000e-06 4.450544e-06 3.100000e-06 9.771102e-03 3.100000e-06 4.376067e-04 3.100000e-06 1.103144e-09 3.100000e-06 2.059898e-04 
2.900000e-06 4.679649e-06 2.900000e-06 1.043809e-02 2.900000e-06 4.368749e-04 2.900000e-06 1.067898e-09 2.900000e-06 2.208845e-04 
2.750000e-06 4.889538e-06 2.750000e-06 1.102527e-02 2.750000e-06 4.351187e-04 2.750000e-06 1.041463e-09 2.750000e-06 2.337192e-04 
2.625000e-06 5.083169e-06 2.625000e-06 1.157254e-02 2.625000e-06 4.333623e-04 2.625000e-06 1.019434e-09 2.625000e-06 2.456825e-04 
2.475000e-06 5.339617e-06 2.475000e-06 1.230509e-02 2.475000e-06 4.310206e-04 2.475000e-06 9.929995e-10 2.475000e-06 2.616467e-04 
2.350000e-06 5.576113e-06 2.350000e-06 1.298918e-02 2.350000e-06 4.286789e-04 2.350000e-06 9.709705e-10 2.350000e-06 2.765413e-04 
2.250000e-06 5.783046e-06 2.250000e-06 1.359346e-02 2.250000e-06 4.267763e-04 2.250000e-06 9.533472e-10 2.250000e-06 2.897326e-04 
2.150000e-06 6.007717e-06 2.150000e-06 1.425475e-02 2.150000e-06 4.248737e-04 2.150000e-06 9.357242e-10 2.150000e-06 3.041519e-04 
2.050000e-06 6.253081e-06 2.050000e-06 1.498445e-02 2.050000e-06 4.226783e-04 2.050000e-06 9.181011e-10 2.050000e-06 3.201161e-04 
1.950000e-06 6.564219e-06 1.950000e-06 1.574550e-02 1.950000e-06 4.188730e-04 1.950000e-06 8.959747e-10 1.950000e-06 3.375064e-04 
1.850000e-06 6.952958e-06 1.850000e-06 1.654361e-02 1.850000e-06 4.133115e-04 1.850000e-06 8.693449e-10 1.850000e-06 3.565209e-04 
1.750000e-06 7.388996e-06 1.750000e-06 1.742722e-02 1.750000e-06 4.074572e-04 1.750000e-06 8.427153e-10 1.750000e-06 3.777537e-04 
1.650000e-06 7.878245e-06 1.650000e-06 1.841916e-02 1.650000e-06 4.014566e-04 1.650000e-06 8.160856e-10 1.650000e-06 4.016802e-04 
1.550000e-06 8.439923e-06 1.550000e-06 1.953080e-02 1.550000e-06 3.950169e-04 1.550000e-06 7.894558e-10 1.550000e-06 4.286173e-04 
1.462500e-06 9.060720e-06 1.462500e-06 2.062535e-02 1.462500e-06 3.891626e-04 1.462500e-06 7.661549e-10 1.462500e-06 4.551583e-04 
1.387500e-06 9.755427e-06 1.387500e-06 2.166859e-02 1.387500e-06 3.840401e-04 1.387500e-06 7.461826e-10 1.387500e-06 4.809071e-04 
1.312500e-06 1.054621e-05 1.312500e-06 2.283155e-02 1.312500e-06 3.784786e-04 1.312500e-06 7.262104e-10 1.312500e-06 5.094287e-04 
1.237500e-06 1.145524e-05 1.237500e-06 2.412846e-02 1.237500e-06 3.727706e-04 1.237500e-06 7.062381e-10 1.237500e-06 5.419117e-04 
1.175000e-06 1.231253e-05 1.175000e-06 2.532848e-02 1.175000e-06 3.679409e-04 1.175000e-06 6.895945e-10 1.175000e-06 5.716218e-04 
1.125000e-06 1.308853e-05 1.125000e-06 2.638596e-02 1.125000e-06 3.638429e-04 1.125000e-06 6.762796e-10 1.125000e-06 5.981628e-04 
1.075000e-06 1.394583e-05 1.075000e-06 2.753752e-02 1.075000e-06 3.595985e-04 1.075000e-06 6.629648e-10 1.075000e-06 6.270806e-04 
1.025000e-06 1.491398e-05 1.025000e-06 2.878884e-02 1.025000e-06 3.552078e-04 1.025000e-06 6.496499e-10 1.025000e-06 6.591675e-04 
9.800000e-07 1.584518e-05 9.800000e-07 3.004301e-02 9.800000e-07 3.505244e-04 9.800000e-07 6.354566e-10 9.800000e-07 7.003654e-04 
9.399999e-07 1.672464e-05 9.399999e-07 3.126867e-02 9.399999e-07 3.454019e-04 9.399999e-07 6.203848e-10 9.399999e-07 7.530513e-04 
9.000000e-07 1.770019e-05 9.000000e-07 3.257984e-02 9.000000e-07 3.402795e-04 9.000000e-07 6.053130e-10 9.000000e-07 8.120753e-04 
8.600000e-07 1.877919e-05 8.600000e-07 3.403354e-02 8.600000e-07 3.350106e-04 8.600000e-07 5.902412e-10 8.600000e-07 8.786258e-04 
8.200000e-07 1.997645e-05 8.200000e-07 3.560125e-02 8.200000e-07 3.295954e-04 8.200000e-07 5.751694e-10 8.200000e-07 9.546836e-04 
7.800000e-07 2.132152e-05 7.800000e-07 3.733998e-02 7.800000e-07 3.238875e-04 7.800000e-07 5.600975e-10 7.800000e-07 1.041041e-03 
7.400000e-07 2.283657e-05 7.400000e-07 3.924973e-02 7.400000e-07 3.180332e-04 7.400000e-07 5.450257e-10 7.400000e-07 1.140471e-03 
7.050000e-07 2.443291e-05 7.050000e-07 4.110248e-02 7.050000e-07 3.113008e-04 7.050000e-07 5.318379e-10 7.050000e-07 1.242277e-03 
6.750000e-07 2.610315e-05 6.750000e-07 4.278420e-02 6.750000e-07 3.035439e-04 6.750000e-07 5.205339e-10 6.750000e-07 1.348045e-03 
6.450000e-07 2.797294e-05 6.450000e-07 4.463695e-02 6.450000e-07 2.956407e-04 6.450000e-07 5.092300e-10 6.450000e-07 1.472431e-03 
6.150000e-07 3.007923e-05 6.150000e-07 4.663222e-02 6.150000e-07 2.877374e-04 6.150000e-07 4.979261e-10 6.150000e-07 1.615436e-03 
5.875000e-07 3.224464e-05 5.875000e-07 4.865599e-02 5.875000e-07 2.801268e-04 5.875000e-07 4.875643e-10 5.875000e-07 1.765571e-03 
5.625000e-07 3.445439e-05 5.625000e-07 5.065125e-02 5.625000e-07 2.731017e-04 5.625000e-07 4.781445e-10 5.625000e-07 1.921251e-03 
5.375000e-07 3.693020e-05 5.375000e-07 5.281754e-02 5.375000e-07 2.659302e-04 5.375000e-07 4.687246e-10 5.375000e-07 2.098720e-03 
5.125000e-07 3.970902e-05 5.125000e-07 5.518336e-02 5.125000e-07 2.586124e-04 5.125000e-07 4.593047e-10 5.125000e-07 2.302728e-03 
4.875000e-07 4.282041e-05 4.875000e-07 5.791972e-02 4.875000e-07 2.505628e-04 4.875000e-07 4.476323e-10 4.875000e-07 2.551897e-03 
4.625000e-07 4.631611e-05 4.625000e-07 6.105514e-02 4.625000e-07 2.417814e-04 4.625000e-07 4.337074e-10 4.625000e-07 2.858505e-03 
4.375000e-07 5.031435e-05 4.375000e-07 6.456111e-02 4.375000e-07 2.328536e-04 4.375000e-07 4.197826e-10 4.375000e-07 3.222552e-03 
4.125000e-07 5.493340e-05 4.125000e-07 6.852313e-02 4.125000e-07 2.233404e-04 4.125000e-07 4.058578e-10 4.125000e-07 3.658696e-03 
3.900000e-07 5.973720e-05 3.900000e-07 7.251367e-02 3.900000e-07 2.141199e-04 3.900000e-07 3.933254e-10 3.900000e-07 4.127719e-03 
3.700000e-07 6.468882e-05 3.700000e-07 7.647569e-02 3.700000e-07 2.048995e-04 3.700000e-07 3.821856e-10 3.700000e-07 4.626848e-03 
3.500000e-07 7.042383e-05 3.500000e-07 8.097930e-02 3.500000e-07 1.948009e-04 3.500000e-07 3.710457e-10 3.500000e-07 5.217088e-03 
3.300000e-07 7.715655e-05 3.300000e-07 8.605297e-02 3.300000e-07 1.839704e-04 3.300000e-07 3.599059e-10 3.300000e-07 5.934091e-03 
3.100000e-07 8.499045e-05 3.100000e-07 9.181074e-02 3.100000e-07 1.734328e-04 3.100000e-07 3.487660e-10 3.100000e-07 6.797663e-03 
2.900000e-07 9.563273e-05 2.900000e-07 9.830961e-02 2.900000e-07 1.620169e-04 2.900000e-07 3.376261e-10 2.900000e-07 7.791962e-03 
2.750000e-07 1.064228e-04 2.750000e-07 1.038109e-01 2.750000e-07 1.526501e-04 2.750000e-07 3.292712e-10 2.750000e-07 8.631766e-03 
2.625000e-07 1.169173e-04 2.625000e-07 1.089415e-01 2.625000e-07 1.455957e-04 2.625000e-07 3.223088e-10 2.625000e-07 9.451764e-03 
2.475000e-07 1.310331e-04 2.475000e-07 1.154974e-01 2.475000e-07 1.387023e-04 2.475000e-07 3.139538e-10 2.475000e-07 1.058075e-02 
2.350000e-07 1.443360e-04 2.350000e-07 1.213692e-01 2.350000e-07 1.336822e-04 2.350000e-07 3.069914e-10 2.350000e-07 1.165823e-02 
2.250000e-07 1.565303e-04 2.250000e-07 1.264999e-01 2.250000e-07 1.297306e-04 2.250000e-07 3.014215e-10 2.250000e-07 1.265253e-02 
2.150000e-07 1.702765e-04 2.150000e-07 1.320866e-01 2.150000e-07 1.258522e-04 2.150000e-07 2.958516e-10 2.150000e-07 1.377359e-02 
2.050000e-07 1.860183e-04 2.050000e-07 1.381579e-01 2.050000e-07 1.219445e-04 2.050000e-07 2.902816e-10 2.050000e-07 1.505706e-02 
1.950000e-07 2.023512e-04 1.950000e-07 1.450843e-01 1.950000e-07 1.178611e-04 1.950000e-07 2.832867e-10 1.950000e-07 1.630092e-02 
1.850000e-07 2.194232e-04 1.850000e-07 1.530654e-01 1.850000e-07 1.135875e-04 1.850000e-07 2.748668e-10 1.850000e-07 1.747348e-02 
1.750000e-07 2.390079e-04 1.750000e-07 1.619871e-01 1.750000e-07 1.092553e-04 1.750000e-07 2.664469e-10 1.750000e-07 1.880449e-02 
1.650000e-07 2.616228e-04 1.650000e-07 1.719349e-01 1.650000e-07 1.048500e-04 1.650000e-07 2.580270e-10 1.650000e-07 2.032565e-02 
1.550000e-07 2.880068e-04 1.550000e-07 1.832224e-01 1.550000e-07 1.003568e-04 1.550000e-07 2.496071e-10 1.550000e-07 2.207656e-02 
1.462500e-07 3.118780e-04 1.462500e-07 1.943389e-01 1.462500e-07 9.636129e-05 1.462500e-07 2.422397e-10 1.462500e-07 2.383144e-02 
1.387500e-07 3.316845e-04 1.387500e-07 2.050278e-01 1.387500e-07 9.286336e-05 1.387500e-07 2.359248e-10 1.387500e-07 2.555066e-02 
1.312500e-07 3.540037e-04 1.312500e-07 2.169709e-01 1.312500e-07 8.932153e-05 1.312500e-07 2.296098e-10 1.312500e-07 2.749964e-02 
1.237500e-07 3.792052e-04 1.237500e-07 2.303107e-01 1.237500e-07 8.572116e-05 1.237500e-07 2.232949e-10 1.237500e-07 2.972196e-02 
1.175000e-07 4.028548e-04 1.175000e-07 2.427384e-01 1.175000e-07 8.266230e-05 1.175000e-07 2.180325e-10 1.175000e-07 3.182147e-02 
1.125000e-07 4.239177e-04 1.125000e-07 2.537123e-01 1.125000e-07 8.018887e-05 1.125000e-07 2.138225e-10 1.125000e-07 3.370310e-02 
1.075000e-07 4.470498e-04 1.075000e-07 2.656839e-01 1.075000e-07 7.767153e-05 1.075000e-07 2.096126e-10 1.075000e-07 3.579073e-02 
1.025000e-07 4.726947e-04 1.025000e-07 2.788812e-01 1.025000e-07 7.512492e-05 1.025000e-07 2.054026e-10 1.025000e-07 3.811604e-02 
9.800000e-08 4.971572e-04 9.800000e-08 2.921639e-01 9.800000e-08 7.216852e-05 9.800000e-08 2.009177e-10 9.800000e-08 4.016802e-02 
9.400000e-08 5.198460e-04 9.400000e-08 3.052756e-01 9.400000e-08 6.881695e-05 9.400000e-08 1.961578e-10 9.400000e-08 4.187140e-02 
9.000000e-08 5.446041e-04 9.000000e-08 3.198126e-01 9.000000e-08 6.549464e-05 9.000000e-08 1.913978e-10 9.000000e-08 4.373323e-02 
8.600000e-08 5.718010e-04 8.600000e-08 3.354897e-01 8.600000e-08 6.218698e-05 8.600000e-08 1.866379e-10 8.600000e-08 4.575351e-02 
8.200000e-08 6.017324e-04 8.200000e-08 3.528770e-01 8.200000e-08 5.890859e-05 8.200000e-08 1.818779e-10 8.200000e-08 4.801148e-02 
7.800000e-08 6.348418e-04 7.800000e-08 3.722596e-01 7.800000e-08 5.564484e-05 7.800000e-08 1.771180e-10 7.800000e-08 5.046750e-02 
7.400000e-08 6.717202e-04 7.400000e-08 3.936375e-01 7.400000e-08 5.241036e-05 7.400000e-08 1.723580e-10 7.400000e-08 5.320083e-02 
7.050000e-08 7.004691e-04 7.050000e-08 4.138752e-01 7.050000e-08 4.980521e-05 7.050000e-08 1.681930e-10 7.050000e-08 5.581532e-02 
6.750000e-08 7.193149e-04 6.750000e-08 4.318326e-01 6.750000e-08 4.781475e-05 6.750000e-08 1.646231e-10 6.750000e-08 5.831097e-02 
6.450000e-08 7.397865e-04 6.450000e-08 4.506451e-01 6.450000e-08 4.580967e-05 6.450000e-08 1.610531e-10 6.450000e-08 6.100468e-02 
6.150000e-08 7.612189e-04 6.150000e-08 4.711678e-01 6.150000e-08 4.380457e-05 6.150000e-08 1.574832e-10 6.150000e-08 6.397568e-02 
5.875000e-08 7.826512e-04 5.875000e-08 4.916906e-01 5.875000e-08 4.196048e-05 5.875000e-08 1.542107e-10 5.875000e-08 6.694669e-02 
5.625000e-08 8.040837e-04 5.625000e-08 5.119283e-01 5.625000e-08 4.029201e-05 5.625000e-08 1.512358e-10 5.625000e-08 6.991770e-02 
5.375000e-08 8.262550e-04 5.375000e-08 5.341613e-01 5.375000e-08 3.859428e-05 5.375000e-08 1.482608e-10 5.375000e-08 7.316600e-02 
5.125000e-08 8.506437e-04 5.125000e-08 5.583894e-01 5.125000e-08 3.691118e-05 5.125000e-08 1.452858e-10 5.125000e-08 7.677083e-02 
4.875000e-08 8.846398e-04 4.875000e-08 5.851831e-01 4.875000e-08 3.515489e-05 4.875000e-08 1.415954e-10 4.875000e-08 8.053409e-02 
4.625000e-08 9.260264e-04 4.625000e-08 6.128317e-01 4.625000e-08 3.335471e-05 4.625000e-08 1.371897e-10 4.625000e-08 8.433698e-02 
4.375000e-08 9.674131e-04 4.375000e-08 6.399103e-01 4.375000e-08 3.155451e-05 4.375000e-08 1.327839e-10 4.375000e-08 8.806065e-02 
4.125000e-08 1.006583e-03 4.125000e-08 6.661339e-01 4.125000e-08 2.975433e-05 4.125000e-08 1.283781e-10 4.125000e-08 9.166548e-02 
3.900000e-08 1.040579e-03 3.900000e-08 6.883668e-01 3.900000e-08 2.812977e-05 3.900000e-08 1.244129e-10 3.900000e-08 9.475532e-02 
3.700000e-08 1.068663e-03 3.700000e-08 7.068943e-01 3.700000e-08 2.669547e-05 3.700000e-08 1.208883e-10 3.700000e-08 9.729059e-02 
3.500000e-08 1.094529e-03 3.500000e-08 7.239966e-01 3.500000e-08 2.524654e-05 3.500000e-08 1.173636e-10 3.500000e-08 9.962777e-02 
3.300000e-08 1.116701e-03 3.300000e-08 7.388185e-01 3.300000e-08 2.379761e-05 3.300000e-08 1.138390e-10 3.300000e-08 1.016481e-01 
3.100000e-08 1.135916e-03 3.100000e-08 7.510752e-01 3.100000e-08 2.236331e-05 3.100000e-08 1.103144e-10 3.100000e-08 1.033514e-01 
2.900000e-08 1.149958e-03 2.900000e-08 7.604814e-01 2.900000e-08 2.091438e-05 2.900000e-08 1.067898e-10 2.900000e-08 1.046587e-01 
2.750000e-08 1.157348e-03 2.750000e-08 7.656121e-01 2.750000e-08 1.983134e-05 2.750000e-08 1.041463e-10 2.750000e-08 1.053717e-01 
2.625000e-08 1.161044e-03 2.625000e-08 7.678924e-01 2.625000e-08 1.892393e-05 2.625000e-08 1.019434e-10 2.625000e-08 1.056490e-01 
2.475000e-08 1.161783e-03 2.475000e-08 7.681774e-01 2.475000e-08 1.784089e-05 2.475000e-08 9.929994e-11 2.475000e-08 1.057282e-01 
2.350000e-08 1.159565e-03 2.350000e-08 7.667523e-01 2.350000e-08 1.694811e-05 2.350000e-08 9.709705e-11 2.350000e-08 1.054906e-01 
2.250000e-08 1.155131e-03 2.250000e-08 7.636168e-01 2.250000e-08 1.621633e-05 2.250000e-08 9.533473e-11 2.250000e-08 1.050944e-01 
2.150000e-08 1.147741e-03 2.150000e-08 7.593412e-01 2.150000e-08 1.549918e-05 2.150000e-08 9.357241e-11 2.150000e-08 1.044606e-01 
2.050000e-08 1.138872e-03 2.050000e-08 7.530704e-01 2.050000e-08 1.476740e-05 2.050000e-08 9.181011e-11 2.050000e-08 1.036287e-01 
1.950000e-08 1.127047e-03 1.950000e-08 7.453744e-01 1.950000e-08 1.405317e-05 1.950000e-08 8.959747e-11 1.950000e-08 1.025592e-01 
1.850000e-08 1.112266e-03 1.850000e-08 7.356831e-01 1.850000e-08 1.333017e-05 1.850000e-08 8.693449e-11 1.850000e-08 1.012519e-01 
1.750000e-08 1.095268e-03 1.750000e-08 7.239966e-01 1.750000e-08 1.260864e-05 1.750000e-08 8.427153e-11 1.750000e-08 9.962777e-02 
1.650000e-08 1.073836e-03 1.650000e-08 7.103147e-01 1.650000e-08 1.188710e-05 1.650000e-08 8.160855e-11 1.650000e-08 9.772633e-02 
1.550000e-08 1.050186e-03 1.550000e-08 6.940675e-01 1.550000e-08 1.116556e-05 1.550000e-08 7.894559e-11 1.550000e-08 9.554759e-02 
1.462500e-08 1.025798e-03 1.462500e-08 6.781054e-01 1.462500e-08 1.053476e-05 1.462500e-08 7.661549e-11 1.462500e-08 9.332924e-02 
1.387500e-08 1.002148e-03 1.387500e-08 6.627133e-01 1.387500e-08 9.994703e-06 1.387500e-08 7.461826e-11 1.387500e-08 9.122973e-02 
1.312500e-08 9.770207e-04 1.312500e-08 6.458961e-01 1.312500e-08 9.453183e-06 1.312500e-08 7.262103e-11 1.312500e-08 8.889254e-02 
1.237500e-08 9.489370e-04 1.237500e-08 6.273686e-01 1.237500e-08 8.913127e-06 1.237500e-08 7.062381e-11 1.237500e-08 8.631767e-02 
1.175000e-08 9.238093e-04 1.175000e-08 6.105513e-01 1.175000e-08 8.462348e-06 1.175000e-08 6.895945e-11 1.175000e-08 8.402008e-02 
1.125000e-08 9.016379e-04 1.125000e-08 5.962996e-01 1.125000e-08 8.102310e-06 1.125000e-08 6.762798e-11 1.125000e-08 8.207902e-02 
1.075000e-08 8.794665e-04 1.075000e-08 5.811925e-01 1.075000e-08 7.740809e-06 1.075000e-08 6.629649e-11 1.075000e-08 7.997951e-02 
1.025000e-08 8.550779e-04 1.025000e-08 5.652304e-01 1.025000e-08 7.380771e-06 1.025000e-08 6.496501e-11 1.025000e-08 7.780077e-02 
9.800000e-09 8.321674e-04 9.800000e-09 5.501234e-01 9.800000e-09 7.057322e-06 9.800000e-09 6.354568e-11 9.800000e-09 7.570127e-02 
9.400000e-09 8.107351e-04 9.400000e-09 5.361564e-01 9.400000e-09 6.769001e-06 9.400000e-09 6.203849e-11 9.400000e-09 7.379982e-02 
9.000000e-09 7.885637e-04 9.000000e-09 5.216196e-01 9.000000e-09 6.480677e-06 9.000000e-09 6.053130e-11 9.000000e-09 7.177953e-02 
8.600000e-09 7.656532e-04 8.600000e-09 5.062275e-01 8.600000e-09 6.192355e-06 8.600000e-09 5.902412e-11 8.600000e-09 6.968002e-02 
8.200000e-09 7.420037e-04 8.200000e-09 4.905504e-01 8.200000e-09 5.904032e-06 8.200000e-09 5.751694e-11 8.200000e-09 6.750128e-02 
7.800000e-09 7.170239e-04 7.800000e-09 4.740182e-01 7.800000e-09 5.615709e-06 7.800000e-09 5.600976e-11 7.800000e-09 6.524332e-02 
7.400000e-09 6.910833e-04 7.400000e-09 4.569159e-01 7.400000e-09 5.328850e-06 7.400000e-09 5.450257e-11 7.400000e-09 6.286651e-02 
7.050000e-09 6.676554e-04 7.050000e-09 4.412388e-01 7.050000e-09 5.075653e-06 7.050000e-09 5.318379e-11 7.050000e-09 6.072738e-02 
6.750000e-09 6.468144e-04 6.750000e-09 4.275570e-01 6.750000e-09 4.860507e-06 6.750000e-09 5.205340e-11 6.750000e-09 5.886555e-02 
6.450000e-09 6.254559e-04 6.450000e-09 4.135901e-01 6.450000e-09 4.643900e-06 6.450000e-09 5.092302e-11 6.450000e-09 5.692450e-02 
6.150000e-09 6.035062e-04 6.150000e-09 3.990532e-01 6.150000e-09 4.428755e-06 6.150000e-09 4.979263e-11 6.150000e-09 5.490421e-02 
5.875000e-09 5.828868e-04 5.875000e-09 3.853714e-01 5.875000e-09 4.229711e-06 5.875000e-09 4.875644e-11 5.875000e-09 5.304238e-02 
5.625000e-09 5.635975e-04 5.625000e-09 3.725447e-01 5.625000e-09 4.049691e-06 5.625000e-09 4.781445e-11 5.625000e-09 5.125978e-02 
5.375000e-09 5.439389e-04 5.375000e-09 3.594329e-01 5.375000e-09 3.869673e-06 5.375000e-09 4.687246e-11 5.375000e-09 4.947717e-02 
5.125000e-09 5.237630e-04 5.125000e-09 3.463212e-01 5.125000e-09 3.689654e-06 5.125000e-09 4.593047e-11 5.125000e-09 4.765495e-02 
4.875000e-09 5.031435e-04 4.875000e-09 3.326394e-01 4.875000e-09 3.509635e-06 4.875000e-09 4.476323e-11 4.875000e-09 4.579312e-02 
4.625000e-09 4.821545e-04 4.625000e-09 3.186725e-01 4.625000e-09 3.329616e-06 4.625000e-09 4.337075e-11 4.625000e-09 4.385206e-02 
4.375000e-09 4.605744e-04 4.375000e-09 3.044206e-01 4.375000e-09 3.149597e-06 4.375000e-09 4.197827e-11 4.375000e-09 4.191101e-02 
4.125000e-09 4.386246e-04 4.125000e-09 2.898836e-01 4.125000e-09 2.969578e-06 4.125000e-09 4.058578e-11 4.125000e-09 3.989072e-02 
3.900000e-09 4.183747e-04 3.900000e-09 2.765724e-01 3.900000e-09 2.808586e-06 3.900000e-09 3.933255e-11 3.900000e-09 3.806454e-02 
3.700000e-09 4.001203e-04 3.700000e-09 2.644868e-01 3.700000e-09 2.663693e-06 3.700000e-09 3.821856e-11 3.700000e-09 3.640078e-02 
3.500000e-09 3.814963e-04 3.500000e-09 2.521732e-01 3.500000e-09 2.520263e-06 3.500000e-09 3.710457e-11 3.500000e-09 3.470532e-02 
3.300000e-09 3.625028e-04 3.300000e-09 2.396600e-01 3.300000e-09 2.375370e-06 3.300000e-09 3.599059e-11 3.300000e-09 3.298214e-02 
3.100000e-09 3.432876e-04 3.100000e-09 2.269188e-01 3.100000e-09 2.231940e-06 3.100000e-09 3.487660e-11 3.100000e-09 3.123123e-02 
2.900000e-09 3.237028e-04 2.900000e-09 2.139780e-01 2.900000e-09 2.088511e-06 2.900000e-09 3.376261e-11 2.900000e-09 2.944466e-02 
2.750000e-09 3.087740e-04 2.750000e-09 2.041157e-01 2.750000e-09 1.980207e-06 2.750000e-09 3.292712e-11 2.750000e-09 2.808988e-02 
2.625000e-09 2.962102e-04 2.625000e-09 1.957926e-01 2.625000e-09 1.889466e-06 2.625000e-09 3.223088e-11 2.625000e-09 2.694505e-02 
2.475000e-09 2.809119e-04 2.475000e-09 1.857023e-01 2.475000e-09 1.782625e-06 2.475000e-09 3.139539e-11 2.475000e-09 2.555858e-02 
2.350000e-09 2.680525e-04 2.350000e-09 1.772081e-01 2.350000e-09 1.691884e-06 2.350000e-09 3.069914e-11 2.350000e-09 2.438999e-02 
2.250000e-09 2.577058e-04 2.250000e-09 1.703387e-01 2.250000e-09 1.620169e-06 2.250000e-09 3.014215e-11 2.250000e-09 2.344323e-02 
2.150000e-09 2.472114e-04 2.150000e-09 1.634123e-01 2.150000e-09 1.548455e-06 2.150000e-09 2.958516e-11 2.150000e-09 2.248854e-02 
2.050000e-09 2.366430e-04 2.050000e-09 1.564289e-01 2.050000e-09 1.475276e-06 2.050000e-09 2.902816e-11 2.050000e-09 2.152990e-02 
1.950000e-09 2.260007e-04 1.950000e-09 1.493884e-01 1.950000e-09 1.404000e-06 1.950000e-09 2.832867e-11 1.950000e-09 2.055937e-02 
1.850000e-09 2.152845e-04 1.850000e-09 1.422910e-01 1.850000e-09 1.331993e-06 1.850000e-09 2.748668e-11 1.850000e-09 1.958488e-02 
1.750000e-09 2.044205e-04 1.750000e-09 1.351365e-01 1.750000e-09 1.259985e-06 1.750000e-09 2.664469e-11 1.750000e-09 1.859851e-02 
1.650000e-09 1.934826e-04 1.650000e-09 1.279251e-01 1.650000e-09 1.187978e-06 1.650000e-09 2.580270e-11 1.650000e-09 1.760421e-02 
1.550000e-09 1.824708e-04 1.550000e-09 1.206566e-01 1.550000e-09 1.115970e-06 1.550000e-09 2.496071e-11 1.550000e-09 1.660199e-02 
1.462500e-09 1.727893e-04 1.462500e-09 1.142432e-01 1.462500e-09 1.053037e-06 1.462500e-09 2.422397e-11 1.462500e-09 1.571861e-02 
1.387500e-09 1.644381e-04 1.387500e-09 1.086850e-01 1.387500e-09 9.990313e-07 1.387500e-09 2.359248e-11 1.387500e-09 1.495803e-02 
1.312500e-09 1.560129e-04 1.312500e-09 1.031267e-01 1.312500e-09 9.450256e-07 1.312500e-09 2.296099e-11 1.312500e-09 1.419349e-02 
1.237500e-09 1.475139e-04 1.237500e-09 9.751151e-02 1.237500e-09 8.910200e-07 1.237500e-09 2.232949e-11 1.237500e-09 1.342103e-02 
1.175000e-09 1.404190e-04 1.175000e-09 9.283687e-02 1.175000e-09 8.459421e-07 1.175000e-09 2.180325e-11 1.175000e-09 1.277533e-02 
1.125000e-09 1.347284e-04 1.125000e-09 8.904587e-02 1.125000e-09 8.099383e-07 1.125000e-09 2.138225e-11 1.125000e-09 1.225639e-02 
1.075000e-09 1.289638e-04 1.075000e-09 8.525486e-02 1.075000e-09 7.739345e-07 1.075000e-09 2.096126e-11 1.075000e-09 1.173350e-02 
1.025000e-09 1.231992e-04 1.025000e-09 8.146386e-02 1.025000e-09 7.379307e-07 1.025000e-09 2.054026e-11 1.025000e-09 1.121060e-02 
9.800000e-10 1.180259e-04 9.800000e-10 7.801490e-02 9.800000e-10 7.055859e-07 9.800000e-10 2.009177e-11 9.800000e-10 1.073920e-02 
9.400000e-10 1.133699e-04 9.400000e-10 7.496499e-02 9.400000e-10 6.767537e-07 9.400000e-10 1.961577e-11 9.400000e-10 1.031534e-02 
9.000000e-10 1.087139e-04 9.000000e-10 7.188658e-02 9.000000e-10 6.479214e-07 9.000000e-10 1.913978e-11 9.000000e-10 9.891473e-03 
8.600000e-10 1.040579e-04 8.600000e-10 6.880817e-02 8.600000e-10 6.192354e-07 8.600000e-10 1.866378e-11 8.600000e-10 9.467609e-03 
8.200000e-10 9.940188e-05 8.200000e-10 6.570126e-02 8.200000e-10 5.904031e-07 8.200000e-10 1.818779e-11 8.200000e-10 9.039785e-03 
7.800000e-10 9.467198e-05 7.800000e-10 6.259435e-02 7.800000e-10 5.615708e-07 7.800000e-10 1.771179e-11 7.800000e-10 8.611959e-03 
7.400000e-10 8.994208e-05 7.400000e-10 5.948743e-02 7.400000e-10 5.327386e-07 7.400000e-10 1.723580e-11 7.400000e-10 8.184134e-03 
7.050000e-10 8.580340e-05 7.050000e-10 5.675107e-02 7.050000e-10 5.075652e-07 7.050000e-10 1.681931e-11 7.050000e-10 7.807807e-03 
6.750000e-10 8.225597e-05 6.750000e-10 5.438524e-02 6.750000e-10 4.860508e-07 6.750000e-10 1.646231e-11 6.750000e-10 7.486937e-03 
6.450000e-10 7.870856e-05 6.450000e-10 5.204794e-02 6.450000e-10 4.643900e-07 6.450000e-10 1.610531e-11 6.450000e-10 7.162108e-03 
6.150000e-10 7.516112e-05 6.150000e-10 4.968213e-02 6.150000e-10 4.427292e-07 6.150000e-10 1.574832e-11 6.150000e-10 6.837278e-03 
5.875000e-10 7.186498e-05 5.875000e-10 4.751584e-02 5.875000e-10 4.229710e-07 5.875000e-10 1.542107e-11 5.875000e-10 6.536216e-03 
5.625000e-10 6.887184e-05 5.625000e-10 4.552057e-02 5.625000e-10 4.049691e-07 5.625000e-10 1.512357e-11 5.625000e-10 6.266844e-03 
5.375000e-10 6.587870e-05 5.375000e-10 4.355380e-02 5.375000e-10 3.869673e-07 5.375000e-10 1.482608e-11 5.375000e-10 5.993512e-03 
5.125000e-10 6.287816e-05 5.125000e-10 4.155854e-02 5.125000e-10 3.689654e-07 5.125000e-10 1.452858e-11 5.125000e-10 5.720180e-03 
4.875000e-10 5.987023e-05 4.875000e-10 3.956328e-02 4.875000e-10 3.509635e-07 4.875000e-10 1.415954e-11 4.875000e-10 5.446846e-03 
4.625000e-10 5.685492e-05 4.625000e-10 3.759652e-02 4.625000e-10 3.329616e-07 4.625000e-10 1.371897e-11 4.625000e-10 5.173514e-03 
4.375000e-10 5.383222e-05 4.375000e-10 3.560125e-02 4.375000e-10 3.149597e-07 4.375000e-10 1.327839e-11 4.375000e-10 4.896220e-03 
4.125000e-10 5.080951e-05 4.125000e-10 3.357748e-02 4.125000e-10 2.969579e-07 4.125000e-10 1.283781e-11 4.125000e-10 4.622886e-03 
3.900000e-10 4.808242e-05 3.900000e-10 3.178174e-02 3.900000e-10 2.808586e-07 3.900000e-10 1.244129e-11 3.900000e-10 4.373322e-03 
3.700000e-10 4.565096e-05 3.700000e-10 3.018552e-02 3.700000e-10 2.663693e-07 3.700000e-10 1.208883e-11 3.700000e-10 4.151488e-03 
3.500000e-10 4.321949e-05 3.500000e-10 2.856081e-02 3.500000e-10 2.520263e-07 3.500000e-10 1.173636e-11 3.500000e-10 3.931633e-03 
3.300000e-10 4.078064e-05 3.300000e-10 2.695604e-02 3.300000e-10 2.375370e-07 3.300000e-10 1.138390e-11 3.300000e-10 3.709798e-03 
3.100000e-10 3.833439e-05 3.100000e-10 2.534273e-02 3.100000e-10 2.231940e-07 3.100000e-10 1.103144e-11 3.100000e-10 3.487962e-03 
2.900000e-10 3.589553e-05 2.900000e-10 2.372656e-02 2.900000e-10 2.088511e-07 2.900000e-10 1.067898e-11 2.900000e-10 3.265335e-03 
2.750000e-10 3.405531e-05 2.750000e-10 2.251230e-02 2.750000e-10 1.980207e-07 2.750000e-10 1.041463e-11 2.750000e-10 3.098166e-03 
2.625000e-10 3.252548e-05 2.625000e-10 2.150042e-02 2.625000e-10 1.889466e-07 2.625000e-10 1.019434e-11 2.625000e-10 2.959123e-03 
2.475000e-10 3.068525e-05 2.475000e-10 2.028330e-02 2.475000e-10 1.782625e-07 2.475000e-10 9.929993e-12 2.475000e-10 2.791558e-03 
2.350000e-10 2.914803e-05 2.350000e-10 1.926857e-02 2.350000e-10 1.691884e-07 2.350000e-10 9.709704e-12 2.350000e-10 2.651723e-03 
2.250000e-10 2.792121e-05 2.250000e-10 1.845621e-02 2.250000e-10 1.620169e-07 2.250000e-10 9.533473e-12 2.250000e-10 2.540013e-03 
2.150000e-10 2.668701e-05 2.150000e-10 1.764385e-02 2.150000e-10 1.548455e-07 2.150000e-10 9.357242e-12 2.150000e-10 2.428303e-03 
2.050000e-10 2.546018e-05 2.050000e-10 1.682864e-02 2.050000e-10 1.475276e-07 2.050000e-10 9.181011e-12 2.050000e-10 2.316197e-03 
1.950000e-10 2.422598e-05 1.950000e-10 1.601343e-02 1.950000e-10 1.404000e-07 1.950000e-10 8.959746e-12 1.950000e-10 2.204091e-03 
1.850000e-10 2.299176e-05 1.850000e-10 1.519822e-02 1.850000e-10 1.331993e-07 1.850000e-10 8.693449e-12 1.850000e-10 2.091589e-03 
1.750000e-10 2.175756e-05 1.750000e-10 1.438302e-02 1.750000e-10 1.259985e-07 1.750000e-10 8.427152e-12 1.750000e-10 1.979483e-03 
1.650000e-10 2.052335e-05 1.650000e-10 1.356781e-02 1.650000e-10 1.187978e-07 1.650000e-10 8.160855e-12 1.650000e-10 1.866981e-03 
1.550000e-10 1.928914e-05 1.550000e-10 1.274975e-02 1.550000e-10 1.115970e-07 1.550000e-10 7.894558e-12 1.550000e-10 1.754479e-03 
1.462500e-10 1.820274e-05 1.462500e-10 1.203430e-02 1.462500e-10 1.053037e-07 1.462500e-10 7.661548e-12 1.462500e-10 1.656237e-03 
1.387500e-10 1.727893e-05 1.387500e-10 1.142147e-02 1.387500e-10 9.990312e-08 1.387500e-10 7.461826e-12 1.387500e-10 1.571861e-03 
1.312500e-10 1.634773e-05 1.312500e-10 1.080579e-02 1.312500e-10 9.450256e-08 1.312500e-10 7.262103e-12 1.312500e-10 1.487088e-03 
1.237500e-10 1.541653e-05 1.237500e-10 1.019296e-02 1.237500e-10 8.910200e-08 1.237500e-10 7.062381e-12 1.237500e-10 1.402711e-03 
1.175000e-10 1.464053e-05 1.175000e-10 9.679890e-03 1.175000e-10 8.459421e-08 1.175000e-10 6.895946e-12 1.175000e-10 1.332200e-03 
1.125000e-10 1.401973e-05 1.125000e-10 9.269436e-03 1.125000e-10 8.099382e-08 1.125000e-10 6.762797e-12 1.125000e-10 1.275552e-03 
1.075000e-10 1.339893e-05 1.075000e-10 8.858982e-03 1.075000e-10 7.739346e-08 1.075000e-10 6.629649e-12 1.075000e-10 1.219301e-03 
1.025000e-10 1.277813e-05 1.025000e-10 8.448525e-03 1.025000e-10 7.379307e-08 1.025000e-10 6.496500e-12 1.025000e-10 1.162654e-03 
