    19.95000          2.17E-6
    19.85000          0.1361583E-08
    19.75000          0.1372871E-08
    19.65000          0.1384365E-08
    19.55000          0.1396269E-08
    19.45000          0.1407968E-08
    19.35000          0.1419872E-08
    19.25000          0.1432186E-08
    19.15000          0.1444501E-08
    19.05000          0.1457021E-08
    18.95000          0.1469541E-08
    18.85000          0.1482471E-08
    18.75000          0.1495401E-08
    18.65000          0.1508742E-08
    18.55000          0.1522083E-08
    18.45000          0.1535629E-08
    18.35000          0.1549175E-08
    18.25000          0.1562105E-08
    18.15000          0.1574830E-08
    18.05000          0.1587555E-08
    17.95000          0.1600281E-08
    17.85000          0.1613416E-08
    17.75000          0.1626757E-08
    17.65000          0.1640098E-08
    17.55000          0.1653849E-08
    17.45000          0.1667600E-08
    17.35000          0.1681557E-08
    17.25000          0.1695719E-08
    17.15000          0.1710291E-08
    17.05000          0.1724863E-08
    16.95000          0.1739641E-08
    16.85000          0.1754829E-08
    16.75000          0.1770016E-08
    16.65000          0.1785615E-08
    16.55000          0.1801214E-08
    16.45000          0.1817222E-08
    16.35000          0.1833437E-08
    16.25000          0.1850061E-08
    16.15000          0.1866686E-08
    16.05000          0.1883721E-08
    15.95000          0.1900756E-08
    15.85000          0.1918407E-08
    15.75000          0.1936058E-08
    15.65000          0.1954120E-08
    15.55000          0.1972386E-08
    15.45000          0.1991063E-08
    15.35000          0.2009946E-08
    15.25000          0.2029239E-08
    15.15000          0.2048737E-08
    15.05000          0.2068851E-08
    14.95000          0.2089375E-08
    14.85000          0.2109899E-08
    14.75000          0.2130423E-08
    14.65000          0.2150948E-08
    14.55000          0.2173525E-08
    14.45000          0.2194049E-08
    14.35000          0.2216626E-08
    14.25000          0.2239202E-08
    14.15000          0.2263832E-08
    14.05000          0.2286408E-08
    13.95000          0.2311037E-08
    13.85000          0.2335667E-08
    13.75000          0.2360296E-08
    13.65000          0.2384925E-08
    13.55000          0.2409554E-08
    13.45000          0.2436236E-08
    13.35000          0.2462917E-08
    13.25000          0.2489599E-08
    13.15000          0.2518333E-08
    13.05000          0.2547067E-08
    12.95000          0.2575801E-08
    12.85000          0.2604535E-08
    12.75000          0.2633269E-08
    12.65000          0.2664056E-08
    12.55000          0.2694842E-08
    12.45000          0.2727681E-08
    12.35000          0.2758467E-08
    12.25000          0.2791306E-08
    12.15000          0.2826198E-08
    12.05000          0.2859037E-08
    11.95000          0.2893928E-08
    11.85000          0.2930872E-08
    11.75000          0.2967815E-08
    11.65000          0.3004759E-08
    11.55000          0.3041703E-08
    11.45000          0.3080699E-08
    11.35000          0.3119695E-08
    11.25000          0.3160744E-08
    11.15000          0.3201793E-08
    11.05000          0.3244894E-08
    10.95000          0.3287995E-08
    10.85000          0.3331096E-08
    10.75000          0.3378302E-08
    10.65000          0.3423455E-08
    10.55000          0.3470661E-08
    10.45000          0.3519920E-08
    10.35000          0.3569178E-08
    10.25000          0.3620488E-08
    10.15000          0.3671799E-08
    10.05000          0.3725162E-08
    9.950000          0.3780578E-08
    9.850000          0.3835994E-08
    9.750000          0.3893462E-08
    9.650000          0.3952982E-08
    9.550000          0.4012503E-08
    9.450000          0.4074075E-08
    9.350000          0.4137701E-08
    9.250000          0.4203379E-08
    9.150000          0.4271109E-08
    9.050000          0.4338839E-08
    8.950000          0.4410674E-08
    8.850000          0.4482509E-08
    8.750000          0.4558450E-08
    8.650000          0.4634389E-08
    8.550000          0.4714435E-08
    8.450000          0.4796532E-08
    8.350000          0.4880681E-08
    8.250000          0.4966883E-08
    8.150000          0.5055138E-08
    8.050000          0.5147498E-08
    7.950000          0.5241909E-08
    7.850000          0.5338374E-08
    7.750000          0.5438943E-08
    7.650000          0.5543617E-08
    7.550000          0.5650342E-08
    7.450000          0.5761175E-08
    7.350000          0.5876110E-08
    7.250000          0.5995151E-08
    7.150000          0.6116245E-08
    7.050000          0.6243496E-08
    6.950000          0.6374851E-08
    6.850000          0.6512364E-08
    6.750000          0.6651930E-08
    6.650000          0.6799704E-08
    6.550000          0.6949533E-08
    6.450000          0.7107569E-08
    6.350000          0.7271763E-08
    6.250000          0.7442116E-08
    6.150000          0.7618624E-08
    6.050000          0.7803344E-08
    5.950000          0.7994220E-08
    5.850000          0.8195357E-08
    5.750000          0.8402653E-08
    5.650000          0.8653049E-08
    5.550000          0.9030697E-08
    5.450000          0.9521227E-08
    5.350000          0.1004665E-07
    5.250000          0.1061107E-07
    5.150000          0.1122064E-07
    5.050000          0.1171322E-07
    4.950000          0.1206419E-07
    4.850000          0.1242747E-07
    4.750000          0.1281128E-07
    4.650000          0.1321355E-07
    4.550000          0.1363840E-07
    4.450000          0.1408789E-07
    4.350000          0.1456200E-07
    4.250000          0.1506279E-07
    4.150000          0.1559437E-07
    4.050000          0.1615879E-07
    3.950000          0.1675810E-07
    3.850000          0.1739641E-07
    3.750000          0.1807781E-07
    3.650000          0.1880232E-07
    3.550000          0.1958019E-07
    3.450000          0.2041143E-07
    3.350000          0.2130424E-07
    3.250000          0.2226888E-07
    3.150000          0.2329509E-07
    3.050000          0.2442393E-07
    2.950000          0.2563486E-07
    2.850000          0.2713314E-07
    2.750000          0.2953448E-07
    2.650000          0.3290047E-07
    2.550000          0.3616384E-07
    2.450000          0.3879095E-07
    2.350000          0.4121282E-07
    2.250000          0.4392203E-07
    2.150000          0.4691858E-07
    2.050000          0.5030509E-07
    1.950000          0.5410208E-07
    1.850000          0.5841219E-07
    1.750000          0.6403585E-07
    1.650000          0.7372332E-07
    1.550000          0.8579162E-07
    1.450000          0.9615641E-07
    1.350000          0.1067264E-06
    1.250000          0.1194104E-06
    1.150000          0.1348447E-06
    1.050000          0.1600691E-06
   0.9800000          0.1891315E-06
   0.9400000          0.2077060E-06
   0.9000000          0.2222783E-06
   0.8600000          0.2374663E-06
   0.8200000          0.2545015E-06
   0.7800000          0.2737943E-06
   0.7400000          0.2955501E-06
   0.7050000          0.3171006E-06
   0.6750000          0.3378302E-06
   0.6450000          0.3610226E-06
   0.6150000          0.3870885E-06
   0.5875000          0.4135649E-06
   0.5625000          0.4406569E-06
   0.5375000          0.4681596E-06
   0.5125000          0.4815004E-06
   0.4875000          0.4812951E-06
   0.4625000          0.4808846E-06
   0.4375000          0.4890944E-06
   0.4125000          0.5198808E-06
   0.3900000          0.5488201E-06
   0.3700000          0.5541564E-06
   0.3500000          0.5537459E-06
   0.3300000          0.5590823E-06
   0.3100000          0.5919211E-06
   0.2900000          0.6290701E-06
   0.2750000          0.6378957E-06
   0.2625000          0.6374851E-06
   0.2475000          0.6370746E-06
   0.2350000          0.6366641E-06
   0.2250000          0.6362537E-06
   0.2150000          0.6360484E-06
   0.2050000          0.6356379E-06
   0.1950000          0.6352274E-06
   0.1850000          0.6348170E-06
   0.1750000          0.6344064E-06
   0.1650000          0.6448739E-06
   0.1550000          0.6873591E-06
   0.1462500          0.7257397E-06
   0.1387500          0.7308707E-06
   0.1312500          0.7302551E-06
   0.1237500          0.7298445E-06
   0.1175000          0.7292288E-06
   0.1125000          0.7290236E-06
   0.1075000          0.7286131E-06
   0.1025000          0.7306656E-06
   0.9800000E-01      0.7552947E-06
   0.9400000E-01      0.8025006E-06
   0.9000000E-01      0.8336976E-06
   0.8600000E-01      0.8394443E-06
   0.8200000E-01      0.8390338E-06
   0.7799999E-01      0.8384181E-06
   0.7400000E-01      0.8628420E-06
   0.7050000E-01      0.9162052E-06
   0.6750000E-01      0.9558172E-06
   0.6450000E-01      0.9664898E-06
   0.6150000E-01      0.9658742E-06
   0.5875000E-01      0.9654636E-06
   0.5625000E-01      0.9761362E-06
   0.5375000E-01      0.1021085E-05
   0.5125000E-01      0.1084299E-05
   0.4875000E-01      0.1112828E-05
   0.4625000E-01      0.1112212E-05
   0.4375000E-01      0.1111391E-05
   0.4125000E-01      0.1144230E-05
   0.3900000E-01      0.1223454E-05
   0.3700000E-01      0.1275586E-05
   0.3500000E-01      0.1287490E-05
   0.3300000E-01      0.1352347E-05
   0.3100000E-01      0.1481240E-05
   0.2900000E-01      0.1626962E-05
   0.2750000E-01      0.1704749E-05
   0.2625000E-01      0.1704749E-05
   0.2475000E-01      0.1781715E-05
   0.2350000E-01      0.1913071E-05
   0.2250000E-01      0.1964998E-05
   0.2150000E-01      0.1963971E-05
   0.2050000E-01      0.2032522E-05
   0.1950000E-01      0.2183787E-05
   0.1850000E-01      0.2265884E-05
   0.1750000E-01      0.2286408E-05
   0.1650000E-01      0.2413659E-05
   0.1550000E-01      0.2565539E-05
   0.1462500E-01      0.2608640E-05
   0.1387500E-01      0.2703052E-05
   0.1312500E-01      0.2918557E-05
   0.1237500E-01      0.3181268E-05
   0.1175000E-01      0.3398826E-05
   0.1125000E-01      0.3472714E-05
   0.1075000E-01      0.3485028E-05
   0.1025000E-01      0.3626646E-05
   0.9800000E-02      0.3870885E-05
   0.9400001E-02      0.3996084E-05
   0.9000000E-02      0.4002241E-05
   0.8600000E-02      0.4096652E-05
   0.8200000E-02      0.4349101E-05
   0.7800000E-02      0.4677490E-05
   0.7400000E-02      0.5051033E-05
   0.7050000E-02      0.5289115E-05
   0.6750000E-02      0.5324006E-05
   0.6450000E-02      0.5424575E-05
   0.6150000E-02      0.5728336E-05
   0.5875000E-02      0.6122402E-05
   0.5625000E-02      0.6524679E-05
   0.5375000E-02      0.6910535E-05
   0.5125000E-02      0.7084992E-05
   0.4875000E-02      0.7154775E-05
   0.4625000E-02      0.7518056E-05
   0.4375000E-02      0.7992167E-05
   0.4125000E-02      0.8164571E-05
   0.3900000E-02      0.8410863E-05
   0.3700000E-02      0.9016329E-05
   0.3500000E-02      0.9777781E-05
   0.3300000E-02      0.1052281E-04
   0.3100000E-02      0.1086147E-04
   0.2900000E-02      0.1127811E-04
   0.2750000E-02      0.1203546E-04
   0.2625000E-02      0.1288311E-04
   0.2475000E-02      0.1393396E-04
   0.2350000E-02      0.1445322E-04
   0.2250000E-02      0.1444501E-04
   0.2150000E-02      0.1493144E-04
   0.2050000E-02      0.1599870E-04
   0.1950000E-02      0.1661854E-04
   0.1850000E-02      0.1670268E-04
   0.1750000E-02      0.1745798E-04
   0.1650000E-02      0.1902193E-04
   0.1550000E-02      0.2083218E-04
   0.1462500E-02      0.2267936E-04
   0.1387500E-02      0.2448550E-04
   0.1312500E-02      0.2551172E-04
   0.1237500E-02      0.2588116E-04
   0.1175000E-02      0.2700999E-04
   0.1125000E-02      0.2867247E-04
   0.1075000E-02      0.2949344E-04
   0.1025000E-02      0.2953448E-04
   0.9800000E-03      0.3049912E-04
   0.9400000E-03      0.3240789E-04
   0.9000000E-03      0.3452189E-04
   0.8600000E-03      0.3688219E-04
   0.8200000E-03      0.3868833E-04
   0.7800000E-03      0.3922196E-04
   0.7400000E-03      0.3918091E-04
   0.7050000E-03      0.3916039E-04
   0.6750000E-03      0.3913986E-04
   0.6450000E-03      0.3911934E-04
   0.6150000E-03      0.4051499E-04
   0.5875000E-03      0.4468142E-04
   0.5625000E-03      0.5024352E-04
   0.5375000E-03      0.5492306E-04
   0.5125000E-03      0.5845324E-04
   0.4875000E-03      0.6013623E-04
   0.4625000E-03      0.6085459E-04
   0.4375000E-03      0.6424110E-04
   0.4125000E-03      0.6998790E-04
   0.3900000E-03      0.7593996E-04
   0.3700000E-03      0.7940856E-04
   0.3500000E-03      0.8016796E-04
   0.3300000E-03      0.8394443E-04
   0.3100000E-03      0.8993754E-04
   0.2900000E-03      0.9229783E-04
   0.2750000E-03      0.9482232E-04
   0.2625000E-03      0.1014927E-03
   0.2475000E-03      0.1105850E-03
   0.2350000E-03      0.1191026E-03
   0.2250000E-03      0.1227149E-03
   0.2150000E-03      0.1226328E-03
   0.2050000E-03      0.1265324E-03
   0.1950000E-03      0.1355836E-03
   0.1850000E-03      0.1410841E-03
   0.1750000E-03      0.1423977E-03
   0.1650000E-03      0.1498685E-03
   0.1550000E-03      0.1641740E-03
   0.1462500E-03      0.1786231E-03
   0.1387500E-03      0.1867712E-03
   0.1312500E-03      0.1885363E-03
   0.1237500E-03      0.1974439E-03
   0.1175000E-03      0.2128371E-03
   0.1125000E-03      0.2267936E-03
   0.1075000E-03      0.2421869E-03
   0.1025000E-03      0.2503966E-03
   0.9800000E-04      0.2501914E-03
   0.9400000E-04      0.2565539E-03
   0.9000000E-04      0.2719472E-03
   0.8600000E-04      0.2846722E-03
   0.8200000E-04      0.2883666E-03
   0.7800000E-04      0.2947291E-03
   0.7400000E-04      0.3134063E-03
   0.7050000E-04      0.3363934E-03
   0.6750000E-04      0.3583545E-03
   0.6450000E-04      0.3829836E-03
   0.6150000E-04      0.4104862E-03
   0.5875000E-04      0.4340892E-03
   0.5625000E-04      0.4429146E-03
   0.5375000E-04      0.4451723E-03
   0.5125000E-04      0.4638494E-03
   0.4875000E-04      0.4954569E-03
   0.4625000E-04      0.5106449E-03
   0.4375000E-04      0.5188545E-03
   0.4125000E-04      0.5514882E-03
   0.3900000E-04      0.5982837E-03
   0.3700000E-04      0.6459001E-03
   0.3500000E-04      0.6754551E-03
   0.3300000E-04      0.6851015E-03
   0.3100000E-04      0.7243029E-03
   0.2900000E-04      0.7708931E-03
   0.2750000E-04      0.7825920E-03
   0.2625000E-04      0.8076316E-03
   0.2475000E-04      0.8712570E-03
   0.2350000E-04      0.9391925E-03
   0.2250000E-04      0.1000765E-02
   0.2150000E-04      0.1037504E-02
   0.2050000E-04      0.1041198E-02
   0.1950000E-04      0.1074243E-02
   0.1850000E-04      0.1153261E-02
   0.1750000E-04      0.1200057E-02
   0.1650000E-04      0.1199851E-02
   0.1550000E-04      0.1198825E-02
   0.1462500E-04      0.1265734E-02
   0.1387500E-04      0.1446348E-02
   0.1312500E-04      0.1580167E-02
   0.1237500E-04      0.1611159E-02
   0.1175000E-04      0.1677042E-02
   0.1125000E-04      0.1786847E-02
   0.1075000E-04      0.1909171E-02
   0.1025000E-04      0.2046479E-02
   0.9800000E-05      0.2122214E-02
   0.9400001E-05      0.2124266E-02
   0.8999999E-05      0.2167367E-02
   0.8600000E-05      0.2290513E-02
   0.8200001E-05      0.2409554E-02
   0.7800000E-05      0.2448550E-02
   0.7400000E-05      0.2508071E-02
   0.7050000E-05      0.2649688E-02
   0.6750000E-05      0.2824146E-02
   0.6450000E-05      0.3017074E-02
   0.6150000E-05      0.3189478E-02
   0.5875000E-05      0.3257208E-02
   0.5625000E-05      0.3275680E-02
   0.5375000E-05      0.3409088E-02
   0.5125000E-05      0.3653327E-02
   0.4875000E-05      0.3930406E-02
   0.4625000E-05      0.4205432E-02
   0.4375000E-05      0.4334735E-02
   0.4125000E-05      0.4435304E-02
   0.3900000E-05      0.4712382E-02
   0.3700000E-05      0.4944307E-02
   0.3500000E-05      0.4993565E-02
   0.3300000E-05      0.5213175E-02
   0.3100000E-05      0.5707811E-02
   0.2900000E-05      0.6290701E-02
   0.2750000E-05      0.6631405E-02
   0.2625000E-05      0.6643720E-02
   0.2475000E-05      0.6902326E-02
   0.2350000E-05      0.7399014E-02
   0.2250000E-05      0.7647358E-02
   0.2150000E-05      0.7659674E-02
   0.2050000E-05      0.7877232E-02
   0.1950000E-05      0.8414968E-02
   0.1850000E-05      0.9086112E-02
   0.1750000E-05      0.9816777E-02
   0.1650000E-05      0.1019237E-01
   0.1550000E-05      0.1043046E-01
   0.1462500E-05      0.1108723E-01
   0.1387500E-05      0.1197183E-01
   0.1312500E-05      0.1298163E-01
   0.1237500E-05      0.1354399E-01
   0.1175000E-05      0.1359120E-01
   0.1125000E-05      0.1407763E-01
   0.1075000E-05      0.1504227E-01
   0.1025000E-05      0.1559437E-01
   0.9800000E-06      0.1562311E-01
   0.9399999E-06      0.1597612E-01
   0.9000000E-06      0.1688124E-01
   0.8600000E-06      0.1803881E-01
   0.8200000E-06      0.1933595E-01
   0.7800000E-06      0.2040938E-01
   0.7400000E-06      0.2079112E-01
   0.7050000E-06      0.2116057E-01
   0.6750000E-06      0.2224835E-01
   0.6450000E-06      0.2376715E-01
   0.6150000E-06      0.2547067E-01
   0.5875000E-06      0.2703052E-01
   0.5625000E-06      0.2766677E-01
   0.5375000E-06      0.2770782E-01
   0.5125000E-06      0.2879561E-01
   0.4875000E-06      0.3084804E-01
   0.4625000E-06      0.3187425E-01
   0.4375000E-06      0.3230527E-01
   0.4125000E-06      0.3423455E-01
   0.3900000E-06      0.3712848E-01
   0.3700000E-06      0.4010450E-01
   0.3500000E-06      0.4205431E-01
   0.3300000E-06      0.4264951E-01
   0.3100000E-06      0.4496877E-01
   0.2900000E-06      0.4954569E-01
   0.2750000E-06      0.5350688E-01
   0.2625000E-06      0.5568245E-01
   0.2475000E-06      0.5648290E-01
   0.2350000E-06      0.5830957E-01
   0.2250000E-06      0.6210656E-01
   0.2150000E-06      0.6637563E-01
   0.2050000E-06      0.7113726E-01
   0.1950000E-06      0.7438011E-01
   0.1850000E-06      0.7503689E-01
   0.1750000E-06      0.7497531E-01
   0.1650000E-06      0.7577576E-01
   0.1550000E-06      0.8027059E-01
   0.1462500E-06      0.8527852E-01
   0.1387500E-06      0.8638682E-01
   0.1312500E-06      0.8632525E-01
   0.1237500E-06      0.8626369E-01
   0.1175000E-06      0.8620211E-01
   0.1125000E-06      0.8616106E-01
   0.1075000E-06      0.8612001E-01
   0.1025000E-06      0.8605843E-01
   0.9800000E-07      0.8841873E-01
   0.9400000E-07      0.9371401E-01
   0.9000000E-07      0.9796254E-01
   0.8600000E-07      0.9923504E-01
   0.8200000E-07      0.9917348E-01
   0.7800000E-07      0.9911190E-01
   0.7400000E-07      0.9905032E-01
   0.7050000E-07      0.9898876E-01
   0.6750000E-07      0.9892717E-01
   0.6450000E-07      0.9886561E-01
   0.6150000E-07      0.9744944E-01
   0.5875000E-07      0.9303672E-01
   0.5625000E-07      0.8772091E-01
   0.5375000E-07      0.8536062E-01
   0.5125000E-07      0.8531956E-01
   0.4875000E-07      0.8525798E-01
   0.4625000E-07      0.8521694E-01
   0.4375000E-07      0.8515537E-01
   0.4125000E-07      0.8291822E-01
   0.3900000E-07      0.7770504E-01
   0.3700000E-07      0.7411329E-01
   0.3500000E-07      0.7347704E-01
   0.3300000E-07      0.7343598E-01
   0.3100000E-07      0.7173247E-01
   0.2900000E-07      0.6670401E-01
   0.2750000E-07      0.6339960E-01
   0.2625000E-07      0.6335855E-01
   0.2475000E-07      0.6060829E-01
   0.2350000E-07      0.5609294E-01
   0.2250000E-07      0.5254224E-01
   0.2150000E-07      0.4905311E-01
   0.2050000E-07      0.4730853E-01
   0.1950000E-07      0.4720592E-01
   0.1850000E-07      0.4525610E-01
   0.1750000E-07      0.4162330E-01
   0.1650000E-07      0.3809312E-01
   0.1550000E-07      0.3466556E-01
   0.1462500E-07      0.3175111E-01
   0.1387500E-07      0.3051965E-01
   0.1312500E-07      0.3029388E-01
   0.1237500E-07      0.2918557E-01
   0.1175000E-07      0.2772835E-01
   0.1125000E-07      0.2653793E-01
   0.1075000E-07      0.2536805E-01
   0.1025000E-07      0.2417764E-01
   0.9800000E-08      0.2311037E-01
   0.9400000E-08      0.2216626E-01
   0.9000000E-08      0.2124266E-01
   0.8600000E-08      0.2028828E-01
   0.8200000E-08      0.1934621E-01
   0.7800000E-08      0.1840210E-01
   0.7400000E-08      0.1745798E-01
   0.7050000E-08      0.1663290E-01
   0.6750000E-08      0.1592482E-01
   0.6450000E-08      0.1521672E-01
   0.6150000E-08      0.1450863E-01
   0.5875000E-08      0.1386007E-01
   0.5625000E-08      0.1327102E-01
   0.5375000E-08      0.1267992E-01
   0.5125000E-08      0.1209087E-01
   0.4875000E-08      0.1150182E-01
   0.4625000E-08      0.1091072E-01
   0.4375000E-08      0.1032168E-01
   0.4125000E-08      0.9732629E-02
   0.3900000E-08      0.9201048E-02
   0.3700000E-08      0.8728989E-02
   0.3500000E-08      0.8256931E-02
   0.3300000E-08      0.7784871E-02
   0.3100000E-08      0.7312812E-02
   0.2900000E-08      0.6840752E-02
   0.2750000E-08      0.6487734E-02
   0.2625000E-08      0.6192185E-02
   0.2475000E-08      0.5839167E-02
   0.2350000E-08      0.5543617E-02
   0.2250000E-08      0.5307587E-02
   0.2150000E-08      0.5071558E-02
   0.2050000E-08      0.4835528E-02
   0.1950000E-08      0.4599498E-02
   0.1850000E-08      0.4363469E-02
   0.1750000E-08      0.4129492E-02
   0.1650000E-08      0.3893462E-02
   0.1550000E-08      0.3657432E-02
   0.1462500E-08      0.3450137E-02
   0.1387500E-08      0.3273628E-02
   0.1312500E-08      0.3097119E-02
   0.1237500E-08      0.2918557E-02
   0.1175000E-08      0.2772834E-02
   0.1125000E-08      0.2653793E-02
   0.1075000E-08      0.2536805E-02
   0.1025000E-08      0.2417764E-02
   0.9800000E-09      0.2311038E-02
   0.9400000E-09      0.2216625E-02
   0.9000000E-09      0.2124266E-02
   0.8600000E-09      0.2028828E-02
   0.8200000E-09      0.1934622E-02
   0.7800000E-09      0.1840210E-02
   0.7400000E-09      0.1745798E-02
   0.7050000E-09      0.1663290E-02
   0.6750000E-09      0.1592481E-02
   0.6450000E-09      0.1521672E-02
   0.6150000E-09      0.1450864E-02
   0.5875000E-09      0.1386007E-02
   0.5625000E-09      0.1327102E-02
   0.5375000E-09      0.1267992E-02
   0.5125000E-09      0.1209087E-02
   0.4875000E-09      0.1150182E-02
   0.4625000E-09      0.1091072E-02
   0.4375000E-09      0.1032168E-02
   0.4125000E-09      0.9732628E-03
   0.3900000E-09      0.9201049E-03
   0.3700000E-09      0.8728990E-03
   0.3500000E-09      0.8256931E-03
   0.3300000E-09      0.7784872E-03
   0.3100000E-09      0.7312812E-03
   0.2900000E-09      0.6840754E-03
   0.2750000E-09      0.6487734E-03
   0.2625000E-09      0.6192185E-03
   0.2475000E-09      0.5839167E-03
   0.2350000E-09      0.5543616E-03
   0.2250000E-09      0.5307586E-03
   0.2150000E-09      0.5071557E-03
   0.2050000E-09      0.4835528E-03
   0.1950000E-09      0.4599498E-03
   0.1850000E-09      0.4363469E-03
   0.1750000E-09      0.4129492E-03
   0.1650000E-09      0.3893462E-03
   0.1550000E-09      0.3657432E-03
   0.1462500E-09      0.3450137E-03
   0.1387500E-09      0.3273628E-03
   0.1312500E-09      0.3097119E-03
   0.1237500E-09      0.2918557E-03
   0.1175000E-09      0.2772835E-03
   0.1125000E-09      0.2653793E-03
   0.1075000E-09      0.2536805E-03
   0.1025000E-09      0.2417764E-03
