   0.1025000E-09      0.6566153E-06
   0.1075000E-09      0.6884771E-06
   0.1125000E-09      0.7203391E-06
   0.1175000E-09      0.7522010E-06
   0.1237500E-09      0.7920534E-06
   0.1312500E-09      0.8397963E-06
   0.1387500E-09      0.8875393E-06
   0.1462500E-09      0.9351823E-06
   0.1550000E-09      0.9908159E-06
   0.1650000E-09      0.1054740E-05
   0.1750000E-09      0.1117664E-05
   0.1850000E-09      0.1181588E-05
   0.1950000E-09      0.1244513E-05
   0.2050000E-09      0.1307437E-05
   0.2150000E-09      0.1371361E-05
   0.2250000E-09      0.1434286E-05
   0.2350000E-09      0.1497211E-05
   0.2475000E-09      0.1576116E-05
   0.2625000E-09      0.1671003E-05
   0.2750000E-09      0.1749909E-05
   0.2900000E-09      0.1843796E-05
   0.3100000E-09      0.1969646E-05
   0.3300000E-09      0.2094497E-05
   0.3500000E-09      0.2220346E-05
   0.3700000E-09      0.2345197E-05
   0.3900000E-09      0.2470048E-05
   0.4125000E-09      0.2609881E-05
   0.4375000E-09      0.2765695E-05
   0.4625000E-09      0.2920510E-05
   0.4875000E-09      0.3075325E-05
   0.5125000E-09      0.3230140E-05
   0.5375000E-09      0.3383956E-05
   0.5625000E-09      0.3537772E-05
   0.5875000E-09      0.3691588E-05
   0.6150000E-09      0.3860386E-05
   0.6450000E-09      0.4044166E-05
   0.6750000E-09      0.4226949E-05
   0.7050000E-09      0.4409730E-05
   0.7400000E-09      0.4622475E-05
   0.7800000E-09      0.4864187E-05
   0.8200000E-09      0.5105898E-05
   0.8600000E-09      0.5346610E-05
   0.9000000E-09      0.5586323E-05
   0.9400000E-09      0.5825038E-05
   0.9800000E-09      0.6063753E-05
   0.1025000E-08      0.6330434E-05
   0.1075000E-08      0.6626081E-05
   0.1125000E-08      0.6920729E-05
   0.1175000E-08      0.7213379E-05
   0.1237500E-08      0.7578942E-05
   0.1312500E-08      0.8014422E-05
   0.1387500E-08      0.8446905E-05
   0.1462500E-08      0.8877390E-05
   0.1550000E-08      0.9375795E-05
   0.1650000E-08      0.9941118E-05
   0.1750000E-08      0.1049745E-04
   0.1850000E-08      0.1105679E-04
   0.1950000E-08      0.1160613E-04
   0.2050000E-08      0.1215547E-04
   0.2150000E-08      0.1269483E-04
   0.2250000E-08      0.1323418E-04
   0.2350000E-08      0.1377354E-04
   0.2475000E-08      0.1443275E-04
   0.2625000E-08      0.1521182E-04
   0.2750000E-08      0.1586105E-04
   0.2900000E-08      0.1663013E-04
   0.3100000E-08      0.1763892E-04
   0.3300000E-08      0.1862774E-04
   0.3500000E-08      0.1959658E-04
   0.3700000E-08      0.2055543E-04
   0.3900000E-08      0.2149431E-04
   0.4125000E-08      0.2253307E-04
   0.4375000E-08      0.2366172E-04
   0.4625000E-08      0.2477040E-04
   0.4875000E-08      0.2584911E-04
   0.5125000E-08      0.2690784E-04
   0.5375000E-08      0.2794660E-04
   0.5625000E-08      0.2895540E-04
   0.5875000E-08      0.2994421E-04
   0.6150000E-08      0.3100295E-04
   0.6450000E-08      0.3213160E-04
   0.6750000E-08      0.3323028E-04
   0.7050000E-08      0.3429901E-04
   0.7400000E-08      0.3550756E-04
   0.7800000E-08      0.3683598E-04
   0.8200000E-08      0.3811445E-04
   0.8600000E-08      0.3935297E-04
   0.9000000E-08      0.4053156E-04
   0.9400000E-08      0.4167020E-04
   0.9800000E-08      0.4275890E-04
   0.1025000E-07      0.4392750E-04
   0.1075000E-07      0.4517601E-04
   0.1125000E-07      0.4634461E-04
   0.1175000E-07      0.4746328E-04
   0.1237500E-07      0.4875174E-04
   0.1312500E-07      0.5020000E-04
   0.1387500E-07      0.5151843E-04
   0.1462500E-07      0.5271699E-04
   0.1550000E-07      0.5395552E-04
   0.1650000E-07      0.5521401E-04
   0.1750000E-07      0.5629272E-04
   0.1850000E-07      0.5720164E-04
   0.1950000E-07      0.5795074E-04
   0.2050000E-07      0.5856002E-04
   0.2150000E-07      0.5903944E-04
   0.2250000E-07      0.5938902E-04
   0.2350000E-07      0.5961875E-04
   0.2475000E-07      0.5974860E-04
   0.2625000E-07      0.5971863E-04
   0.2750000E-07      0.5955882E-04
   0.2900000E-07      0.5915929E-04
   0.3100000E-07      0.5843017E-04
   0.3300000E-07      0.5746132E-04
   0.3500000E-07      0.5631270E-04
   0.3700000E-07      0.5500426E-04
   0.3900000E-07      0.5356598E-04
   0.4125000E-07      0.5181808E-04
   0.4375000E-07      0.4978050E-04
   0.4625000E-07      0.4767302E-04
   0.4875000E-07      0.4551560E-04
   0.5125000E-07      0.4394748E-04
   0.5375000E-07      0.4301859E-04
   0.5625000E-07      0.4213964E-04
   0.5875000E-07      0.4131063E-04
   0.6150000E-07      0.4046164E-04
   0.6450000E-07      0.3960267E-04
   0.6750000E-07      0.3879364E-04
   0.7050000E-07      0.3803454E-04
   0.7400000E-07      0.3719555E-04
   0.7800000E-07      0.3627664E-04
   0.8200000E-07      0.3542766E-04
   0.8600000E-07      0.3463860E-04
   0.9000000E-07      0.3390947E-04
   0.9400000E-07      0.3322029E-04
   0.9800000E-07      0.3257108E-04
   0.1025000E-06      0.3184194E-04
   0.1075000E-06      0.3106288E-04
   0.1125000E-06      0.3032376E-04
   0.1175000E-06      0.2964457E-04
   0.1237500E-06      0.2884552E-04
   0.1312500E-06      0.2797656E-04
   0.1387500E-06      0.2716753E-04
   0.1462500E-06      0.2642841E-04
   0.1550000E-06      0.2566932E-04
   0.1650000E-06      0.2491023E-04
   0.1750000E-06      0.2421107E-04
   0.1850000E-06      0.2357183E-04
   0.1950000E-06      0.2298253E-04
   0.2050000E-06      0.2240323E-04
   0.2150000E-06      0.2185388E-04
   0.2250000E-06      0.2134449E-04
   0.2350000E-06      0.2086506E-04
   0.2475000E-06      0.2031572E-04
   0.2625000E-06      0.1972643E-04
   0.2750000E-06      0.1929694E-04
   0.2900000E-06      0.1882750E-04
   0.3100000E-06      0.1822821E-04
   0.3300000E-06      0.1766888E-04
   0.3500000E-06      0.1716948E-04
   0.3700000E-06      0.1669005E-04
   0.3900000E-06      0.1625058E-04
   0.4125000E-06      0.1578114E-04
   0.4375000E-06      0.1530171E-04
   0.4625000E-06      0.1486224E-04
   0.4875000E-06      0.1445273E-04
   0.5125000E-06      0.1408317E-04
   0.5375000E-06      0.1373359E-04
   0.5625000E-06      0.1341397E-04
   0.5875000E-06      0.1310434E-04
   0.6150000E-06      0.1279471E-04
   0.6450000E-06      0.1248508E-04
   0.6750000E-06      0.1219543E-04
   0.7050000E-06      0.1191576E-04
   0.7400000E-06      0.1158615E-04
   0.7800000E-06      0.1121659E-04
   0.8200000E-06      0.1087700E-04
   0.8600000E-06      0.1056737E-04
   0.9000000E-06      0.1027772E-04
   0.9399999E-06      0.1001803E-04
   0.9800000E-06      0.9776316E-05
   0.1025000E-05      0.9541596E-05
   0.1075000E-05      0.9296888E-05
   0.1125000E-05      0.9048186E-05
   0.1175000E-05      0.8810471E-05
   0.1237500E-05      0.8533802E-05
   0.1312500E-05      0.8229165E-05
   0.1387500E-05      0.7958489E-05
   0.1462500E-05      0.7717776E-05
   0.1550000E-05      0.7462082E-05
   0.1650000E-05      0.7193403E-05
   0.1750000E-05      0.6949694E-05
   0.1850000E-05      0.6729957E-05
   0.1950000E-05      0.6525201E-05
   0.2050000E-05      0.6342420E-05
   0.2150000E-05      0.6178615E-05
   0.2250000E-05      0.6023801E-05
   0.2350000E-05      0.5877976E-05
   0.2475000E-05      0.5713172E-05
   0.2625000E-05      0.5534386E-05
   0.2750000E-05      0.5400545E-05
   0.2900000E-05      0.5244732E-05
   0.3100000E-05      0.5049965E-05
   0.3300000E-05      0.4861190E-05
   0.3500000E-05      0.4683403E-05
   0.3700000E-05      0.4518599E-05
   0.3900000E-05      0.4370776E-05
   0.4125000E-05      0.4219957E-05
   0.4375000E-05      0.4071135E-05
   0.4625000E-05      0.3937294E-05
   0.4875000E-05      0.3814441E-05
   0.5125000E-05      0.3714561E-05
   0.5375000E-05      0.3634656E-05
   0.5625000E-05      0.3561743E-05
   0.5875000E-05      0.3498819E-05
   0.6150000E-05      0.3434895E-05
   0.6450000E-05      0.3372969E-05
   0.6750000E-05      0.3311043E-05
   0.7050000E-05      0.3247120E-05
   0.7400000E-05      0.3165217E-05
   0.7800000E-05      0.3132257E-05
   0.8200001E-05      0.3083315E-05
   0.8600000E-05      0.3028381E-05
   0.8999999E-05      0.2986431E-05
   0.9400001E-05      0.2926502E-05
   0.9800000E-05      0.2787668E-05
   0.1025000E-04      0.2667812E-05
   0.1075000E-04      0.2575922E-05
   0.1125000E-04      0.2531974E-05
   0.1175000E-04      0.2462058E-05
   0.1237500E-04      0.2406124E-05
   0.1312500E-04      0.2312237E-05
   0.1387500E-04      0.2227338E-05
   0.1462500E-04      0.2132452E-05
   0.1550000E-04      0.2048552E-05
   0.1650000E-04      0.1964652E-05
   0.1750000E-04      0.1942678E-05
   0.1850000E-04      0.1884747E-05
   0.1950000E-04      0.1828814E-05
   0.2050000E-04      0.1774879E-05
   0.2150000E-04      0.1728934E-05
   0.2250000E-04      0.1647032E-05
   0.2350000E-04      0.1604083E-05
   0.2475000E-04      0.1550147E-05
   0.2625000E-04      0.1497211E-05
   0.2750000E-04      0.1443275E-05
   0.2900000E-04      0.1398329E-05
   0.3100000E-04      0.1371361E-05
   0.3300000E-04      0.1310434E-05
   0.3500000E-04      0.1271480E-05
   0.3700000E-04      0.1228532E-05
   0.3900000E-04      0.1184584E-05
   0.4125000E-04      0.1116665E-05
   0.4375000E-04      0.1077712E-05
   0.4625000E-04      0.1044751E-05
   0.4875000E-04      0.1006797E-05
   0.5125000E-04      0.9789301E-06
   0.5375000E-04      0.9162050E-06
   0.5625000E-04      0.8687617E-06
   0.5875000E-04      0.8426929E-06
   0.6150000E-04      0.8170236E-06
   0.6450000E-04      0.7905552E-06
   0.6750000E-04      0.7677825E-06
   0.7050000E-04      0.7559966E-06
   0.7400000E-04      0.7334234E-06
   0.7800000E-04      0.7092523E-06
   0.8200000E-04      0.6844820E-06
   0.8600000E-04      0.6619089E-06
   0.9000000E-04      0.6601111E-06
   0.9400000E-04      0.6412337E-06
   0.9800000E-04      0.6110697E-06
   0.1025000E-03      0.5921922E-06
   0.1075000E-03      0.5711174E-06
   0.1125000E-03      0.5528393E-06
   0.1175000E-03      0.5362591E-06
   0.1237500E-03      0.5266706E-06
   0.1312500E-03      0.4990036E-06
   0.1387500E-03      0.4719360E-06
   0.1462500E-03      0.4499623E-06
   0.1550000E-03      0.4306853E-06
   0.1650000E-03      0.4103097E-06
   0.1750000E-03      0.3915321E-06
   0.1850000E-03      0.3767497E-06
   0.1950000E-03      0.3665619E-06
   0.2050000E-03      0.3535774E-06
   0.2150000E-03      0.3426904E-06
   0.2250000E-03      0.3320032E-06
   0.2350000E-03      0.3214159E-06
   0.2475000E-03      0.3107287E-06
   0.2625000E-03      0.2979439E-06
   0.2750000E-03      0.2908524E-06
   0.2900000E-03      0.2825623E-06
   0.3100000E-03      0.2700772E-06
   0.3300000E-03      0.2580915E-06
   0.3500000E-03      0.2475042E-06
   0.3700000E-03      0.2377159E-06
   0.3900000E-03      0.2284270E-06
   0.4125000E-03      0.2180394E-06
   0.4375000E-03      0.2071524E-06
   0.4625000E-03      0.1988623E-06
   0.4875000E-03      0.1904723E-06
   0.5125000E-03      0.1832810E-06
   0.5375000E-03      0.1751906E-06
   0.5625000E-03      0.1684986E-06
   0.5875000E-03      0.1618066E-06
   0.6150000E-03      0.1557139E-06
   0.6450000E-03      0.1491218E-06
   0.6750000E-03      0.1437282E-06
   0.7050000E-03      0.1386343E-06
   0.7400000E-03      0.1339399E-06
   0.7800000E-03      0.1296451E-06
   0.8200000E-03      0.1262491E-06
   0.8600000E-03      0.1225535E-06
   0.9000000E-03      0.1193573E-06
   0.9400000E-03      0.1170601E-06
   0.9800000E-03      0.1164608E-06
   0.1025000E-02      0.1138639E-06
   0.1075000E-02      0.1113669E-06
   0.1125000E-02      0.1091695E-06
   0.1175000E-02      0.1068723E-06
   0.1237500E-02      0.1036761E-06
   0.1312500E-02      0.9880193E-07
   0.1387500E-02      0.9581549E-07
   0.1462500E-02      0.9331847E-07
   0.1550000E-02      0.9106117E-07
   0.1650000E-02      0.8901362E-07
   0.1750000E-02      0.8721576E-07
   0.1850000E-02      0.8548783E-07
   0.1950000E-02      0.8391971E-07
   0.2050000E-02      0.8301078E-07
   0.2150000E-02      0.8255135E-07
   0.2250000E-02      0.8162246E-07
   0.2350000E-02      0.8019416E-07
   0.2475000E-02      0.7896563E-07
   0.2625000E-02      0.7776706E-07
   0.2750000E-02      0.7708786E-07
   0.2900000E-02      0.7639870E-07
   0.3100000E-02      0.7656849E-07
   0.3300000E-02      0.7764721E-07
   0.3500000E-02      0.7935516E-07
   0.3700000E-02      0.8112305E-07
   0.3900000E-02      0.8266120E-07
   0.4125000E-02      0.8407952E-07
   0.4375000E-02      0.8639674E-07
   0.4625000E-02      0.8761529E-07
   0.4875000E-02      0.8868402E-07
   0.5125000E-02      0.8995251E-07
   0.5375000E-02      0.9150065E-07
   0.5625000E-02      0.9210991E-07
   0.5875000E-02      0.9402763E-07
   0.6150000E-02      0.9562572E-07
   0.6450000E-02      0.9775317E-07
   0.6750000E-02      0.9938123E-07
   0.7050000E-02      0.1004799E-06
   0.7400000E-02      0.1027772E-06
   0.7800000E-02      0.1063729E-06
   0.8200000E-02      0.1095691E-06
   0.8600000E-02      0.1128651E-06
   0.9000000E-02      0.1167605E-06
   0.9400001E-02      0.1199566E-06
   0.9800000E-02      0.1233526E-06
   0.1025000E-01      0.1266486E-06
   0.1075000E-01      0.1307437E-06
   0.1125000E-01      0.1350386E-06
   0.1175000E-01      0.1391337E-06
   0.1237500E-01      0.1439280E-06
   0.1312500E-01      0.1502205E-06
   0.1387500E-01      0.1560136E-06
   0.1462500E-01      0.1618066E-06
   0.1550000E-01      0.1696972E-06
   0.1650000E-01      0.1788862E-06
   0.1750000E-01      0.1880752E-06
   0.1850000E-01      0.1971644E-06
   0.1950000E-01      0.2061536E-06
   0.2050000E-01      0.2161417E-06
   0.2150000E-01      0.2271286E-06
   0.2250000E-01      0.2380155E-06
   0.2350000E-01      0.2492021E-06
   0.2475000E-01      0.2629857E-06
   0.2625000E-01      0.2793661E-06
   0.2750000E-01      0.2933494E-06
   0.2900000E-01      0.3101293E-06
   0.3100000E-01      0.3197179E-06
   0.3300000E-01      0.3423908E-06
   0.3500000E-01      0.3641648E-06
   0.3700000E-01      0.3870374E-06
   0.3900000E-01      0.4096105E-06
   0.4125000E-01      0.4499623E-06
   0.4375000E-01      0.4784282E-06
   0.4625000E-01      0.5034983E-06
   0.4875000E-01      0.5192794E-06
   0.5125000E-01      0.5470462E-06
   0.5375000E-01      0.5752125E-06
   0.5625000E-01      0.6047771E-06
   0.5875000E-01      0.6354406E-06
   0.6150000E-01      0.6825842E-06
   0.6450000E-01      0.7188409E-06
   0.6750000E-01      0.7537991E-06
   0.7050000E-01      0.7887573E-06
   0.7400000E-01      0.8214182E-06
   0.7799999E-01      0.8517821E-06
   0.8200000E-01      0.8815464E-06
   0.8600000E-01      0.9106117E-06
   0.9000000E-01      0.9396770E-06
   0.9400000E-01      0.9678433E-06
   0.9800000E-01      0.9958098E-06
   0.1025000          0.1015786E-05
   0.1075000          0.9866208E-06
   0.1125000          0.9998051E-06
   0.1175000          0.1013789E-05
   0.1237500          0.1028770E-05
   0.1312500          0.1038759E-05
   0.1387500          0.1077712E-05
   0.1462500          0.1092694E-05
   0.1550000          0.1096689E-05
   0.1650000          0.1091695E-05
   0.1750000          0.1085703E-05
   0.1850000          0.1074715E-05
   0.1950000          0.1067724E-05
   0.2050000          0.1054740E-05
   0.2150000          0.1026773E-05
   0.2250000          0.1012790E-05
   0.2350000          0.1000804E-05
   0.2475000          0.9823260E-06
   0.2625000          0.9561574E-06
   0.2750000          0.9431727E-06
   0.2900000          0.9280907E-06
   0.3100000          0.8890375E-06
   0.3300000          0.8398962E-06
   0.3500000          0.7974469E-06
   0.3700000          0.7608906E-06
   0.3900000          0.7219372E-06
   0.4125000          0.6847815E-06
   0.4375000          0.6492241E-06
   0.4625000          0.6190601E-06
   0.4875000          0.5896953E-06
   0.5125000          0.5610295E-06
   0.5375000          0.5300665E-06
   0.5625000          0.5012010E-06
   0.5875000          0.4756316E-06
   0.6150000          0.4502619E-06
   0.6450000          0.4254915E-06
   0.6750000          0.4031183E-06
   0.7050000          0.3828424E-06
   0.7400000          0.3605691E-06
   0.7800000          0.3369972E-06
   0.8200000          0.3161222E-06
   0.8600000          0.2974445E-06
   0.9000000          0.2806646E-06
   0.9400000          0.2655826E-06
   0.9800000          0.2518990E-06
    1.050000          0.2345197E-06
    1.150000          0.2153426E-06
    1.250000          0.1993617E-06
    1.350000          0.1859777E-06
    1.450000          0.1743916E-06
    1.550000          0.1665010E-06
    1.650000          0.1613072E-06
    1.750000          0.1565129E-06
    1.850000          0.1519184E-06
    1.950000          0.1479232E-06
    2.050000          0.1417306E-06
    2.150000          0.1337402E-06
    2.250000          0.1265488E-06
    2.350000          0.1199566E-06
    2.450000          0.1137640E-06
    2.550000          0.1079710E-06
    2.650000          0.1026773E-06
    2.750000          0.9773321E-07
    2.850000          0.9338839E-07
    2.950000          0.8943311E-07
    3.050000          0.8369997E-07
    3.150000          0.7677825E-07
    3.250000          0.7065555E-07
    3.350000          0.6512218E-07
    3.450000          0.6016809E-07
    3.550000          0.5567346E-07
    3.650000          0.5149845E-07
    3.750000          0.4777291E-07
    3.850000          0.4445686E-07
    3.950000          0.4148043E-07
    4.050000          0.3873371E-07
    4.150000          0.3613681E-07
    4.250000          0.3367975E-07
    4.350000          0.3139248E-07
    4.450000          0.2927501E-07
    4.550000          0.2732734E-07
    4.650000          0.2553948E-07
    4.750000          0.2393140E-07
    4.850000          0.2248313E-07
    4.950000          0.2115472E-07
    5.050000          0.1993617E-07
    5.150000          0.1883749E-07
    5.250000          0.1782869E-07
    5.350000          0.1690979E-07
    5.450000          0.1606080E-07
    5.550000          0.1528174E-07
    5.650000          0.1455261E-07
    5.750000          0.1387342E-07
    5.850000          0.1323418E-07
    5.950000          0.1263490E-07
    6.050000          0.1187581E-07
    6.150000          0.1100685E-07
    6.250000          0.1020780E-07
    6.350000          0.9486662E-08
    6.450000          0.8816463E-08
    6.550000          0.8198201E-08
    6.650000          0.7627884E-08
    6.750000          0.7102511E-08
    6.850000          0.6617092E-08
    6.950000          0.6171624E-08
    7.050000          0.5644254E-08
    7.150000          0.5060952E-08
    7.250000          0.4544569E-08
    7.350000          0.4086116E-08
    7.450000          0.3679603E-08
    7.550000          0.3317036E-08
    7.650000          0.2994421E-08
    7.750000          0.2705766E-08
    7.850000          0.2449073E-08
    7.950000          0.2219348E-08
    8.050000          0.2039563E-08
    8.150000          0.1899730E-08
    8.250000          0.1768886E-08
    8.350000          0.1647032E-08
    8.450000          0.1534166E-08
    8.550000          0.1428293E-08
    8.650000          0.1330410E-08
    8.750000          0.1238520E-08
    8.850000          0.1152623E-08
    8.950000          0.1073717E-08
    9.050000          0.9988064E-09
    9.150000          0.9297888E-09
    9.250000          0.8653658E-09
    9.350000          0.8052376E-09
    9.450000          0.7493045E-09
    9.550000          0.6971669E-09
    9.650000          0.6486248E-09
    9.750000          0.6034788E-09
    9.850000          0.5613291E-09
    9.950000          0.5220761E-09
    10.05000          0.4855197E-09
    10.15000          0.4515603E-09
    10.25000          0.4198982E-09
    10.35000          0.3905333E-09
    10.45000          0.3631659E-09
    10.55000          0.3376964E-09
    10.65000          0.3140247E-09
    10.75000          0.2919511E-09
    10.85000          0.2714756E-09
    10.95000          0.2523984E-09
    11.05000          0.2346196E-09
    11.15000          0.2181393E-09
    11.25000          0.2027577E-09
    11.35000          0.1884748E-09
    11.45000          0.1751906E-09
    11.55000          0.1628054E-09
    11.65000          0.1513192E-09
    11.75000          0.1406319E-09
    11.85000          0.1306439E-09
    11.95000          0.1216546E-09
    12.05000          0.1135643E-09
    12.15000          0.1061731E-09
    12.25000          0.9911155E-10
    12.35000          0.9245951E-10
    12.45000          0.8614705E-10
    12.55000          0.8018416E-10
    12.65000          0.7460084E-10
    12.75000          0.6938707E-10
    12.85000          0.6451290E-10
    12.95000          0.5996834E-10
    13.05000          0.5573339E-10
    13.15000          0.5179809E-10
    13.25000          0.4812249E-10
    13.35000          0.4471656E-10
    13.45000          0.4154035E-10
    13.55000          0.3859387E-10
    13.65000          0.3584716E-10
    13.75000          0.3330020E-10
    13.85000          0.3093303E-10
    13.95000          0.2873566E-10
    14.05000          0.2668810E-10
    14.15000          0.2478038E-10
    14.25000          0.2301250E-10
    14.35000          0.2137446E-10
    14.45000          0.1984628E-10
    14.55000          0.1842798E-10
    14.65000          0.1711954E-10
    14.75000          0.1589101E-10
    14.85000          0.1475237E-10
    14.95000          0.1370362E-10
    15.05000          0.1272479E-10
    15.15000          0.1181588E-10
    15.25000          0.1096689E-10
    15.35000          0.1017784E-10
    15.45000          0.9451704E-11
    15.55000          0.8774514E-11
    15.65000          0.8145266E-11
    15.75000          0.7561963E-11
    15.85000          0.7019610E-11
    15.95000          0.6516212E-11
    16.05000          0.6048771E-11
    16.15000          0.5614290E-11
    16.25000          0.5211771E-11
    16.35000          0.4837220E-11
    16.45000          0.4489634E-11
    16.55000          0.4167020E-11
    16.65000          0.3868377E-11
    16.75000          0.3589710E-11
    16.85000          0.3332018E-11
    16.95000          0.3092304E-11
    17.05000          0.2869570E-11
    17.15000          0.2663816E-11
    17.25000          0.2472046E-11
    17.35000          0.2294258E-11
    17.45000          0.2128456E-11
    17.55000          0.1975639E-11
    17.65000          0.1832810E-11
    17.75000          0.1700967E-11
    17.85000          0.1578114E-11
    17.95000          0.1465249E-11
    18.05000          0.1000000E-29
    18.15000          0.1000000E-29
    18.25000          0.1000000E-29
    18.35000          0.1000000E-29
    18.45000          0.1000000E-29
    18.55000          0.1000000E-29
    18.65000          0.1000000E-29
    18.75000          0.1000000E-29
    18.85000          0.1000000E-29
    18.95000          0.1000000E-29
    19.05000          0.1000000E-29
    19.15000          0.1000000E-29
    19.25000          0.1000000E-29
    19.35000          0.1000000E-29
    19.45000          0.1000000E-29
    19.55000          0.1000000E-29
    19.65000          0.1000000E-29
    19.75000          0.1000000E-29
    19.85000          0.1000000E-29
    19.95000          0.1000000E-29
