 1.000E-10 6.574E-01 1.050E-10 6.893E-01 1.100E-10 7.212E-01 1.150E-10 7.531E-01
 1.200E-10 7.930E-01 1.275E-10 8.408E-01 1.350E-10 8.886E-01 1.425E-10 9.363E-01
 1.500E-10 9.920E-01 1.600E-10 1.056E+00 1.700E-10 1.119E+00 1.800E-10 1.183E+00
 1.900E-10 1.246E+00 2.000E-10 1.309E+00 2.100E-10 1.373E+00 2.200E-10 1.436E+00
 2.300E-10 1.499E+00 2.400E-10 1.578E+00 2.550E-10 1.673E+00 2.700E-10 1.752E+00
 2.800E-10 1.846E+00 3.000E-10 1.972E+00 3.200E-10 2.097E+00 3.400E-10 2.223E+00
 3.600E-10 2.348E+00 3.800E-10 2.473E+00 4.000E-10 2.613E+00 4.250E-10 2.769E+00
 4.500E-10 2.924E+00 4.750E-10 3.079E+00 5.000E-10 3.234E+00 5.250E-10 3.388E+00
 5.500E-10 3.542E+00 5.750E-10 3.696E+00 6.000E-10 3.865E+00 6.300E-10 4.049E+00
 6.600E-10 4.232E+00 6.900E-10 4.415E+00 7.200E-10 4.628E+00 7.600E-10 4.870E+00
 8.000E-10 5.112E+00 8.400E-10 5.353E+00 8.800E-10 5.593E+00 9.200E-10 5.832E+00
 9.600E-10 6.071E+00 1.000E-09 6.338E+00 1.050E-09 6.634E+00 1.100E-09 6.929E+00
 1.150E-09 7.222E+00 1.200E-09 7.588E+00 1.275E-09 8.024E+00 1.350E-09 8.457E+00
 1.425E-09 8.888E+00 1.500E-09 9.387E+00 1.600E-09 9.953E+00 1.700E-09 1.051E+01
 1.800E-09 1.107E+01 1.900E-09 1.162E+01 2.000E-09 1.217E+01 2.100E-09 1.271E+01
 2.200E-09 1.325E+01 2.300E-09 1.379E+01 2.400E-09 1.445E+01 2.550E-09 1.523E+01
 2.700E-09 1.588E+01 2.800E-09 1.665E+01 3.000E-09 1.766E+01 3.200E-09 1.865E+01
 3.400E-09 1.962E+01 3.600E-09 2.058E+01 3.800E-09 2.152E+01 4.000E-09 2.256E+01
 4.250E-09 2.369E+01 4.500E-09 2.480E+01 4.750E-09 2.588E+01 5.000E-09 2.694E+01
 5.250E-09 2.798E+01 5.500E-09 2.899E+01 5.750E-09 2.998E+01 6.000E-09 3.104E+01
 6.300E-09 3.217E+01 6.600E-09 3.327E+01 6.900E-09 3.434E+01 7.200E-09 3.555E+01
 7.600E-09 3.688E+01 8.000E-09 3.816E+01 8.400E-09 3.940E+01 8.800E-09 4.058E+01
 9.200E-09 4.172E+01 9.600E-09 4.281E+01 1.000E-08 4.398E+01 1.050E-08 4.523E+01
 1.100E-08 4.640E+01 1.150E-08 4.752E+01 1.200E-08 4.881E+01 1.275E-08 5.026E+01
 1.350E-08 5.158E+01 1.425E-08 5.278E+01 1.500E-08 5.402E+01 1.600E-08 5.528E+01
 1.700E-08 5.636E+01 1.800E-08 5.727E+01 1.900E-08 5.802E+01 2.000E-08 5.863E+01
 2.100E-08 5.911E+01 2.200E-08 5.946E+01 2.300E-08 5.969E+01 2.400E-08 5.982E+01
 2.550E-08 5.979E+01 2.700E-08 5.963E+01 2.800E-08 5.923E+01 3.000E-08 5.850E+01
 3.200E-08 5.753E+01 3.400E-08 5.638E+01 3.600E-08 5.507E+01 3.800E-08 5.363E+01
 4.000E-08 5.188E+01 4.250E-08 4.984E+01 4.500E-08 4.773E+01 4.750E-08 4.557E+01
 5.000E-08 4.400E+01 5.250E-08 4.307E+01 5.500E-08 4.219E+01 5.750E-08 4.136E+01
 6.000E-08 4.051E+01 6.300E-08 3.965E+01 6.600E-08 3.884E+01 6.900E-08 3.808E+01
 7.200E-08 3.724E+01 7.600E-08 3.632E+01 8.000E-08 3.547E+01 8.400E-08 3.468E+01
 8.800E-08 3.395E+01 9.200E-08 3.326E+01 9.600E-08 3.261E+01 1.000E-07 3.188E+01
 1.050E-07 3.110E+01 1.100E-07 3.036E+01 1.150E-07 2.968E+01 1.200E-07 2.888E+01
 1.275E-07 2.801E+01 1.350E-07 2.720E+01 1.425E-07 2.646E+01 1.500E-07 2.570E+01
 1.600E-07 2.494E+01 1.700E-07 2.424E+01 1.800E-07 2.360E+01 1.900E-07 2.301E+01
 2.000E-07 2.243E+01 2.100E-07 2.188E+01 2.200E-07 2.137E+01 2.300E-07 2.089E+01
 2.400E-07 2.034E+01 2.550E-07 1.975E+01 2.700E-07 1.932E+01 2.800E-07 1.885E+01
 3.000E-07 1.825E+01 3.200E-07 1.769E+01 3.400E-07 1.719E+01 3.600E-07 1.671E+01
 3.800E-07 1.627E+01 4.000E-07 1.580E+01 4.250E-07 1.532E+01 4.500E-07 1.488E+01
 4.750E-07 1.447E+01 5.000E-07 1.410E+01 5.250E-07 1.375E+01 5.500E-07 1.343E+01
 5.750E-07 1.312E+01 6.000E-07 1.281E+01 6.300E-07 1.250E+01 6.600E-07 1.221E+01
 6.900E-07 1.193E+01 7.200E-07 1.160E+01 7.600E-07 1.123E+01 8.000E-07 1.089E+01
 8.400E-07 1.058E+01 8.800E-07 1.029E+01 9.200E-07 1.003E+01 9.600E-07 9.788E+00
 1.000E-06 9.553E+00 1.050E-06 9.308E+00 1.100E-06 9.059E+00 1.150E-06 8.821E+00
 1.200E-06 8.544E+00 1.275E-06 8.239E+00 1.350E-06 7.968E+00 1.425E-06 7.727E+00
 1.500E-06 7.471E+00 1.600E-06 7.202E+00 1.700E-06 6.958E+00 1.800E-06 6.738E+00
 1.900E-06 6.533E+00 2.000E-06 6.350E+00 2.100E-06 6.186E+00 2.200E-06 6.031E+00
 2.300E-06 5.885E+00 2.400E-06 5.720E+00 2.550E-06 5.541E+00 2.700E-06 5.407E+00
 2.800E-06 5.251E+00 3.000E-06 5.056E+00 3.200E-06 4.867E+00 3.400E-06 4.689E+00
 3.600E-06 4.524E+00 3.800E-06 4.376E+00 4.000E-06 4.225E+00 4.250E-06 4.076E+00
 4.500E-06 3.942E+00 4.750E-06 3.819E+00 5.000E-06 3.719E+00 5.250E-06 3.639E+00
 5.500E-06 3.566E+00 5.750E-06 3.503E+00 6.000E-06 3.439E+00 6.300E-06 3.377E+00
 6.600E-06 3.315E+00 6.900E-06 3.251E+00 7.200E-06 3.169E+00 7.600E-06 3.136E+00
 8.000E-06 3.087E+00 8.400E-06 3.032E+00 8.800E-06 2.990E+00 9.200E-06 2.930E+00
 9.600E-06 2.791E+00 1.000E-05 2.671E+00 1.050E-05 2.579E+00 1.100E-05 2.535E+00
 1.150E-05 2.465E+00 1.200E-05 2.409E+00 1.275E-05 2.315E+00 1.350E-05 2.230E+00
 1.425E-05 2.135E+00 1.500E-05 2.051E+00 1.600E-05 1.967E+00 1.700E-05 1.945E+00
 1.800E-05 1.887E+00 1.900E-05 1.831E+00 2.000E-05 1.777E+00 2.100E-05 1.731E+00
 2.200E-05 1.649E+00 2.300E-05 1.606E+00 2.400E-05 1.552E+00 2.550E-05 1.499E+00
 2.700E-05 1.445E+00 2.800E-05 1.400E+00 3.000E-05 1.373E+00 3.200E-05 1.312E+00
 3.400E-05 1.273E+00 3.600E-05 1.230E+00 3.800E-05 1.186E+00 4.000E-05 1.118E+00
 4.250E-05 1.079E+00 4.500E-05 1.046E+00 4.750E-05 1.008E+00 5.000E-05 9.801E-01
 5.250E-05 9.173E-01 5.500E-05 8.698E-01 5.750E-05 8.437E-01 6.000E-05 8.180E-01
 6.300E-05 7.915E-01 6.600E-05 7.687E-01 6.900E-05 7.569E-01 7.200E-05 7.343E-01
 7.600E-05 7.101E-01 8.000E-05 6.853E-01 8.400E-05 6.627E-01 8.800E-05 6.609E-01
 9.200E-05 6.420E-01 9.600E-05 6.118E-01 1.000E-04 5.929E-01 1.050E-04 5.718E-01
 1.100E-04 5.535E-01 1.150E-04 5.369E-01 1.200E-04 5.273E-01 1.275E-04 4.996E-01
 1.350E-04 4.725E-01 1.425E-04 4.505E-01 1.500E-04 4.312E-01 1.600E-04 4.108E-01
 1.700E-04 3.920E-01 1.800E-04 3.772E-01 1.900E-04 3.670E-01 2.000E-04 3.540E-01
 2.100E-04 3.431E-01 2.200E-04 3.324E-01 2.300E-04 3.218E-01 2.400E-04 3.111E-01
 2.550E-04 2.983E-01 2.700E-04 2.912E-01 2.800E-04 2.829E-01 3.000E-04 2.704E-01
 3.200E-04 2.584E-01 3.400E-04 2.478E-01 3.600E-04 2.380E-01 3.800E-04 2.287E-01
 4.000E-04 2.183E-01 4.250E-04 2.074E-01 4.500E-04 1.991E-01 4.750E-04 1.907E-01
 5.000E-04 1.835E-01 5.250E-04 1.754E-01 5.500E-04 1.687E-01 5.750E-04 1.620E-01
 6.000E-04 1.559E-01 6.300E-04 1.493E-01 6.600E-04 1.439E-01 6.900E-04 1.388E-01
 7.200E-04 1.341E-01 7.600E-04 1.298E-01 8.000E-04 1.264E-01 8.400E-04 1.227E-01
 8.800E-04 1.195E-01 9.200E-04 1.172E-01 9.600E-04 1.166E-01 1.000E-03 1.140E-01
 1.050E-03 1.115E-01 1.100E-03 1.093E-01 1.150E-03 1.070E-01 1.200E-03 1.038E-01
 1.275E-03 9.892E-02 1.350E-03 9.593E-02 1.425E-03 9.343E-02 1.500E-03 9.117E-02
 1.600E-03 8.912E-02 1.700E-03 8.732E-02 1.800E-03 8.559E-02 1.900E-03 8.402E-02
 2.000E-03 8.311E-02 2.100E-03 8.265E-02 2.200E-03 8.172E-02 2.300E-03 8.029E-02
 2.400E-03 7.906E-02 2.550E-03 7.786E-02 2.700E-03 7.718E-02 2.800E-03 7.649E-02
 3.000E-03 7.666E-02 3.200E-03 7.774E-02 3.400E-03 7.945E-02 3.600E-03 8.122E-02
 3.800E-03 8.276E-02 4.000E-03 8.418E-02 4.250E-03 8.650E-02 4.500E-03 8.772E-02
 4.750E-03 8.879E-02 5.000E-03 9.006E-02 5.250E-03 9.161E-02 5.500E-03 9.222E-02
 5.750E-03 9.414E-02 6.000E-03 9.574E-02 6.300E-03 9.787E-02 6.600E-03 9.950E-02
 6.900E-03 1.006E-01 7.200E-03 1.029E-01 7.600E-03 1.065E-01 8.000E-03 1.097E-01
 8.400E-03 1.130E-01 8.800E-03 1.169E-01 9.200E-03 1.201E-01 9.600E-03 1.235E-01
 1.000E-02 1.268E-01 1.050E-02 1.309E-01 1.100E-02 1.352E-01 1.150E-02 1.393E-01
 1.200E-02 1.441E-01 1.275E-02 1.504E-01 1.350E-02 1.562E-01 1.425E-02 1.620E-01
 1.500E-02 1.699E-01 1.600E-02 1.791E-01 1.700E-02 1.883E-01 1.800E-02 1.974E-01
 1.900E-02 2.064E-01 2.000E-02 2.164E-01 2.100E-02 2.274E-01 2.200E-02 2.383E-01
 2.300E-02 2.495E-01 2.400E-02 2.633E-01 2.550E-02 2.797E-01 2.700E-02 2.937E-01
 2.800E-02 3.105E-01 3.000E-02 3.201E-01 3.200E-02 3.428E-01 3.400E-02 3.646E-01
 3.600E-02 3.875E-01 3.800E-02 4.101E-01 4.000E-02 4.505E-01 4.250E-02 4.790E-01
 4.500E-02 5.041E-01 4.750E-02 5.199E-01 5.000E-02 5.477E-01 5.250E-02 5.759E-01
 5.500E-02 6.055E-01 5.750E-02 6.362E-01 6.000E-02 6.834E-01 6.300E-02 7.197E-01
 6.600E-02 7.547E-01 6.900E-02 7.897E-01 7.200E-02 8.224E-01 7.600E-02 8.528E-01
 8.000E-02 8.826E-01 8.400E-02 9.117E-01 8.800E-02 9.408E-01 9.200E-02 9.690E-01
 9.600E-02 9.970E-01 1.000E-01 1.017E+00 1.050E-01 9.878E-01 1.100E-01 1.001E+00
 1.150E-01 1.015E+00 1.200E-01 1.030E+00 1.275E-01 1.040E+00 1.350E-01 1.079E+00
 1.425E-01 1.094E+00 1.500E-01 1.098E+00 1.600E-01 1.093E+00 1.700E-01 1.087E+00
 1.800E-01 1.076E+00 1.900E-01 1.069E+00 2.000E-01 1.056E+00 2.100E-01 1.028E+00
 2.200E-01 1.014E+00 2.300E-01 1.002E+00 2.400E-01 9.835E-01 2.550E-01 9.573E-01
 2.700E-01 9.443E-01 2.800E-01 9.292E-01 3.000E-01 8.901E-01 3.200E-01 8.409E-01
 3.400E-01 7.984E-01 3.600E-01 7.618E-01 3.800E-01 7.228E-01 4.000E-01 6.856E-01
 4.250E-01 6.500E-01 4.500E-01 6.198E-01 4.750E-01 5.904E-01 5.000E-01 5.617E-01
 5.250E-01 5.307E-01 5.500E-01 5.018E-01 5.750E-01 4.762E-01 6.000E-01 4.508E-01
 6.300E-01 4.260E-01 6.600E-01 4.036E-01 6.900E-01 3.833E-01 7.200E-01 3.610E-01
 7.600E-01 3.374E-01 8.000E-01 3.165E-01 8.400E-01 2.978E-01 8.800E-01 2.810E-01
 9.200E-01 2.659E-01 9.600E-01 2.522E-01 1.000E+00 2.348E-01 1.100E+00 2.156E-01
 1.200E+00 1.996E-01 1.300E+00 1.862E-01 1.400E+00 1.746E-01 1.500E+00 1.667E-01
 1.600E+00 1.615E-01 1.700E+00 1.567E-01 1.800E+00 1.521E-01 1.900E+00 1.481E-01
 2.000E+00 1.419E-01 2.100E+00 1.339E-01 2.200E+00 1.267E-01 2.300E+00 1.201E-01
 2.400E+00 1.139E-01 2.500E+00 1.081E-01 2.600E+00 1.028E-01 2.700E+00 9.785E-02
 2.800E+00 9.350E-02 2.900E+00 8.954E-02 3.000E+00 8.380E-02 3.100E+00 7.687E-02
 3.200E+00 7.074E-02 3.300E+00 6.520E-02 3.400E+00 6.024E-02 3.500E+00 5.574E-02
 3.600E+00 5.156E-02 3.700E+00 4.783E-02 3.800E+00 4.451E-02 3.900E+00 4.153E-02
 4.000E+00 3.878E-02 4.100E+00 3.618E-02 4.200E+00 3.372E-02 4.300E+00 3.143E-02
 4.400E+00 2.931E-02 4.500E+00 2.736E-02 4.600E+00 2.557E-02 4.700E+00 2.396E-02
 4.800E+00 2.251E-02 4.900E+00 2.118E-02 5.000E+00 1.996E-02 5.100E+00 1.886E-02
 5.200E+00 1.785E-02 5.300E+00 1.693E-02 5.400E+00 1.608E-02 5.500E+00 1.530E-02
 5.600E+00 1.457E-02 5.700E+00 1.389E-02 5.800E+00 1.325E-02 5.900E+00 1.265E-02
 6.000E+00 1.189E-02 6.100E+00 1.102E-02 6.200E+00 1.022E-02 6.300E+00 9.498E-03
 6.400E+00 8.827E-03 6.500E+00 8.208E-03 6.600E+00 7.637E-03 6.700E+00 7.111E-03
 6.800E+00 6.625E-03 6.900E+00 6.179E-03 7.000E+00 5.651E-03 7.100E+00 5.067E-03
 7.200E+00 4.550E-03 7.300E+00 4.091E-03 7.400E+00 3.684E-03 7.500E+00 3.321E-03
 7.600E+00 2.998E-03 7.700E+00 2.709E-03 7.800E+00 2.452E-03 7.900E+00 2.222E-03
 8.000E+00 2.042E-03 8.100E+00 1.902E-03 8.200E+00 1.771E-03 8.300E+00 1.649E-03
 8.400E+00 1.536E-03 8.500E+00 1.430E-03 8.600E+00 1.332E-03 8.700E+00 1.240E-03
 8.800E+00 1.154E-03 8.900E+00 1.075E-03 9.000E+00 1.000E-03 9.100E+00 9.309E-04
 9.200E+00 8.664E-04 9.300E+00 8.062E-04 9.400E+00 7.502E-04 9.500E+00 6.980E-04
 9.600E+00 6.494E-04 9.700E+00 6.042E-04 9.800E+00 5.620E-04 9.900E+00 5.227E-04
 1.000E+01 4.861E-04 1.010E+01 4.521E-04 1.020E+01 4.204E-04 1.030E+01 3.910E-04
 1.040E+01 3.636E-04 1.050E+01 3.381E-04 1.060E+01 3.144E-04 1.070E+01 2.923E-04
 1.080E+01 2.718E-04 1.090E+01 2.527E-04 1.100E+01 2.349E-04 1.110E+01 2.184E-04
 1.120E+01 2.030E-04 1.130E+01 1.887E-04 1.140E+01 1.754E-04 1.150E+01 1.630E-04
 1.160E+01 1.515E-04 1.170E+01 1.408E-04 1.180E+01 1.308E-04 1.190E+01 1.218E-04
 1.200E+01 1.137E-04 1.210E+01 1.063E-04 1.220E+01 9.923E-05 1.230E+01 9.257E-05
 1.240E+01 8.625E-05 1.250E+01 8.028E-05 1.260E+01 7.469E-05 1.270E+01 6.947E-05
 1.280E+01 6.459E-05 1.290E+01 6.004E-05 1.300E+01 5.580E-05 1.310E+01 5.186E-05
 1.320E+01 4.818E-05 1.330E+01 4.477E-05 1.340E+01 4.159E-05 1.350E+01 3.864E-05
 1.360E+01 3.589E-05 1.370E+01 3.334E-05 1.380E+01 3.097E-05 1.390E+01 2.877E-05
 1.400E+01 2.672E-05 1.410E+01 2.481E-05 1.420E+01 2.304E-05 1.430E+01 2.140E-05
 1.440E+01 1.987E-05 1.450E+01 1.845E-05 1.460E+01 1.714E-05 1.470E+01 1.591E-05
 1.480E+01 1.477E-05 1.490E+01 1.372E-05 1.500E+01 1.274E-05 1.510E+01 1.183E-05
 1.520E+01 1.098E-05 1.530E+01 1.019E-05 1.540E+01 9.463E-06 1.550E+01 8.785E-06
 1.560E+01 8.155E-06 1.570E+01 7.571E-06 1.580E+01 7.028E-06 1.590E+01 6.524E-06
 1.600E+01 6.056E-06 1.610E+01 5.621E-06 1.620E+01 5.218E-06 1.630E+01 4.843E-06
 1.640E+01 4.495E-06 1.650E+01 4.172E-06 1.660E+01 3.873E-06 1.670E+01 3.594E-06
 1.680E+01 3.336E-06 1.690E+01 3.096E-06 1.700E+01 2.873E-06 1.710E+01 2.667E-06
 1.720E+01 2.475E-06 1.730E+01 2.297E-06 1.740E+01 2.131E-06 1.750E+01 1.978E-06
 1.760E+01 1.835E-06 1.770E+01 1.703E-06 1.780E+01 1.580E-06 1.790E+01 1.467E-06
 1.800E+01 0.000E+00 1.810E+01 0.000E+00 1.820E+01 0.000E+00 1.830E+01 0.000E+00
 1.840E+01 0.000E+00 1.850E+01 0.000E+00 1.860E+01 0.000E+00 1.870E+01 0.000E+00
 1.880E+01 0.000E+00 1.890E+01 0.000E+00 1.900E+01 0.000E+00 1.910E+01 0.000E+00
 1.920E+01 0.000E+00 1.930E+01 0.000E+00 1.940E+01 0.000E+00 1.950E+01 0.000E+00
 1.960E+01 0.000E+00 1.970E+01 0.000E+00 1.980E+01 0.000E+00 1.990E+01 0.000E+00
 2.000E+01 0.000E+00
