   0.1025000E-09      0.2852071E-01
   0.1075000E-09      0.2990321E-01
   0.1125000E-09      0.3129781E-01
   0.1175000E-09      0.3268031E-01
   0.1237500E-09      0.3440945E-01
   0.1312500E-09      0.3648119E-01
   0.1387500E-09      0.3854487E-01
   0.1462500E-09      0.4062871E-01
   0.1550000E-09      0.4300677E-01
   0.1650000E-09      0.4578790E-01
   0.1750000E-09      0.4852873E-01
   0.1850000E-09      0.5130986E-01
   0.1950000E-09      0.5405069E-01
   0.2050000E-09      0.5679150E-01
   0.2150000E-09      0.5957264E-01
   0.2250000E-09      0.6231347E-01
   0.2350000E-09      0.6505429E-01
   0.2475000E-09      0.6848033E-01
   0.2625000E-09      0.7259157E-01
   0.2750000E-09      0.7597730E-01
   0.2900000E-09      0.8008853E-01
   0.3100000E-09      0.8552987E-01
   0.3300000E-09      0.9097122E-01
   0.3500000E-09      0.9641257E-01
   0.3700000E-09      0.1018539    
   0.3900000E-09      0.1072952    
   0.4125000E-09      0.1134218    
   0.4375000E-09      0.1201530    
   0.4625000E-09      0.1268841    
   0.4875000E-09      0.1336152    
   0.5125000E-09      0.1403061    
   0.5375000E-09      0.1469566    
   0.5625000E-09      0.1536475    
   0.5875000E-09      0.1603383    
   0.6150000E-09      0.1676337    
   0.6450000E-09      0.1756144    
   0.6750000E-09      0.1835950    
   0.7050000E-09      0.1914950    
   0.7400000E-09      0.2007251    
   0.7800000E-09      0.2112854    
   0.8200000E-09      0.2218456    
   0.8600000E-09      0.2323252    
   0.9000000E-09      0.2427243    
   0.9400000E-09      0.2531233    
   0.9800000E-09      0.2634820    
   0.1025000E-08      0.2750499    
   0.1075000E-08      0.2878673    
   0.1125000E-08      0.3006847    
   0.1175000E-08      0.3134214    
   0.1237500E-08      0.3291812    
   0.1312500E-08      0.3480445    
   0.1387500E-08      0.3668675    
   0.1462500E-08      0.3855697    
   0.1550000E-08      0.4070932    
   0.1650000E-08      0.4320831    
   0.1750000E-08      0.4562668    
   0.1850000E-08      0.4804506    
   0.1950000E-08      0.5046343    
   0.2050000E-08      0.5284150    
   0.2150000E-08      0.5517926    
   0.2250000E-08      0.5751703    
   0.2350000E-08      0.5985479    
   0.2475000E-08      0.6271653    
   0.2625000E-08      0.6610225    
   0.2750000E-08      0.6892370    
   0.2900000E-08      0.7222881    
   0.3100000E-08      0.7662218    
   0.3300000E-08      0.8093497    
   0.3500000E-08      0.8516710    
   0.3700000E-08      0.8931866    
   0.3900000E-08      0.9342989    
   0.4125000E-08      0.9794419    
   0.4375000E-08       1.028213    
   0.4625000E-08       1.076580    
   0.4875000E-08       1.123738    
   0.5125000E-08       1.169284    
   0.5375000E-08       1.214427    
   0.5625000E-08       1.257958    
   0.5875000E-08       1.301086    
   0.6150000E-08       1.347438    
   0.6450000E-08       1.396612    
   0.6750000E-08       1.444576    
   0.7050000E-08       1.491331    
   0.7400000E-08       1.543730    
   0.7800000E-08       1.601367    
   0.8200000E-08       1.656990    
   0.8600000E-08       1.710597    
   0.9000000E-08       1.761786    
   0.9400000E-08       1.811363    
   0.9800000E-08       1.858521    
   0.1025000E-07       1.908904    
   0.1075000E-07       1.962914    
   0.1125000E-07       2.014103    
   0.1175000E-07       2.062068    
   0.1237500E-07       2.118900    
   0.1312500E-07       2.182180    
   0.1387500E-07       2.239012    
   0.1462500E-07       2.291008    
   0.1550000E-07       2.345421    
   0.1650000E-07       2.399028    
   0.1750000E-07       2.444977    
   0.1850000E-07       2.484075    
   0.1950000E-07       2.516320    
   0.2050000E-07       2.542115    
   0.2150000E-07       2.562268    
   0.2250000E-07       2.577585    
   0.2350000E-07       2.587662    
   0.2475000E-07       2.592901    
   0.2625000E-07       2.591692    
   0.2750000E-07       2.584437    
   0.2900000E-07       2.567105    
   0.3100000E-07       2.534861    
   0.3300000E-07       2.492942    
   0.3500000E-07       2.442559    
   0.3700000E-07       2.386131    
   0.3900000E-07       2.323656    
   0.4125000E-07       2.248686    
   0.4375000E-07       2.161221    
   0.4625000E-07       2.070532    
   0.4875000E-07       1.977425    
   0.5125000E-07       1.917369    
   0.5375000E-07       1.889960    
   0.5625000E-07       1.863761    
   0.5875000E-07       1.839578    
   0.6150000E-07       1.814587    
   0.6450000E-07       1.788388    
   0.6750000E-07       1.764205    
   0.7050000E-07       1.695684    
   0.7400000E-07       1.547357    
   0.7800000E-07       1.379683    
   0.8200000E-07       1.237402    
   0.8600000E-07       1.115677    
   0.9000000E-07       1.010881    
   0.9400000E-07      0.9197888    
   0.9800000E-07      0.8399823    
   0.1025000E-06      0.7710587    
   0.1075000E-06      0.7114053    
   0.1125000E-06      0.6590073    
   0.1175000E-06      0.6126551    
   0.1237500E-06      0.5614661    
   0.1312500E-06      0.5086650    
   0.1387500E-06      0.4635219    
   0.1462500E-06      0.4240218    
   0.1550000E-06      0.3848441    
   0.1650000E-06      0.3464726    
   0.1750000E-06      0.3139051    
   0.1850000E-06      0.2860132    
   0.1950000E-06      0.2618698    
   0.2050000E-06      0.2409911    
   0.2150000E-06      0.2228936    
   0.2250000E-06      0.2067711    
   0.2350000E-06      0.1920593    
   0.2475000E-06      0.1756143    
   0.2625000E-06      0.1569122    
   0.2750000E-06      0.1424020    
   0.2900000E-06      0.1280933    
   0.3100000E-06      0.1147922    
   0.3300000E-06      0.1054815    
   0.3500000E-06      0.9762175E-01
   0.3700000E-06      0.9101152E-01
   0.3900000E-06      0.8524773E-01
   0.4125000E-06      0.7956456E-01
   0.4375000E-06      0.7396197E-01
   0.4625000E-06      0.6904461E-01
   0.4875000E-06      0.6469154E-01
   0.5125000E-06      0.6070122E-01
   0.5375000E-06      0.5703335E-01
   0.5625000E-06      0.5372823E-01
   0.5875000E-06      0.5074557E-01
   0.6150000E-06      0.4780322E-01
   0.6450000E-06      0.4486085E-01
   0.6750000E-06      0.4224095E-01
   0.7050000E-06      0.4008457E-01
   0.7400000E-06      0.3810554E-01
   0.7800000E-06      0.3615471E-01
   0.8200000E-06      0.3438526E-01
   0.8600000E-06      0.3278914E-01
   0.9000000E-06      0.3133006E-01
   0.9399999E-06      0.2999188E-01
   0.9800000E-06      0.2876657E-01
   0.1025000E-05      0.2750096E-01
   0.1075000E-05      0.2622728E-01
   0.1125000E-05      0.2507049E-01
   0.1175000E-05      0.2401043E-01
   0.1237500E-05      0.2280528E-01
   0.1312500E-05      0.2150742E-01
   0.1387500E-05      0.2035063E-01
   0.1462500E-05      0.1931073E-01
   0.1550000E-05      0.1823052E-01
   0.1650000E-05      0.1713016E-01
   0.1750000E-05      0.1615475E-01
   0.1850000E-05      0.1528413E-01
   0.1950000E-05      0.1450622E-01
   0.2050000E-05      0.1380086E-01
   0.2150000E-05      0.1316402E-01
   0.2250000E-05      0.1258361E-01
   0.2350000E-05      0.1205560E-01
   0.2475000E-05      0.1145504E-01
   0.2625000E-05      0.1081014E-01
   0.2750000E-05      0.1033049E-01
   0.2900000E-05      0.9814573E-02
   0.3100000E-05      0.9201918E-02
   0.3300000E-05      0.8661814E-02
   0.3500000E-05      0.8202322E-02
   0.3700000E-05      0.7811353E-02
   0.3900000E-05      0.7505025E-02
   0.4125000E-05      0.7275278E-02
   0.4375000E-05      0.7053595E-02
   0.4625000E-05      0.6682777E-02
   0.4875000E-05      0.6340174E-02
   0.5125000E-05      0.6025786E-02
   0.5375000E-05      0.5727519E-02
   0.5625000E-05      0.5360732E-02
   0.5875000E-05      0.4961700E-02
   0.6150000E-05      0.4651342E-02
   0.6450000E-05      0.4385320E-02
   0.6750000E-05      0.4155575E-02
   0.7050000E-05      0.3948400E-02
   0.7400000E-05      0.3730747E-02
   0.7800000E-05      0.3508659E-02
   0.8200001E-05      0.3311562E-02
   0.8600000E-05      0.3134214E-02
   0.8999999E-05      0.2974601E-02
   0.9400001E-05      0.2829902E-02
   0.9800000E-05      0.2698504E-02
   0.1025000E-04      0.2565896E-02
   0.1075000E-04      0.2433691E-02
   0.1125000E-04      0.2313982E-02
   0.1175000E-04      0.2205155E-02
   0.1237500E-04      0.2082624E-02
   0.1312500E-04      0.1951226E-02
   0.1387500E-04      0.1834741E-02
   0.1462500E-04      0.1731154E-02
   0.1550000E-04      0.1623536E-02
   0.1650000E-04      0.1515112E-02
   0.1750000E-04      0.1419586E-02
   0.1850000E-04      0.1334943E-02
   0.1950000E-04      0.1259570E-02
   0.2050000E-04      0.1193468E-02
   0.2150000E-04      0.1135830E-02
   0.2250000E-04      0.1083029E-02
   0.2350000E-04      0.1035065E-02
   0.2475000E-04      0.9798451E-03
   0.2625000E-04      0.9214010E-03
   0.2750000E-04      0.8774672E-03
   0.2900000E-04      0.8303088E-03
   0.3100000E-04      0.7706556E-03
   0.3300000E-04      0.7154359E-03
   0.3500000E-04      0.6666655E-03
   0.3700000E-04      0.6235377E-03
   0.3900000E-04      0.5852468E-03
   0.4125000E-04      0.5473589E-03
   0.4375000E-04      0.5098741E-03
   0.4625000E-04      0.4772260E-03
   0.4875000E-04      0.4478025E-03
   0.5125000E-04      0.4244249E-03
   0.5375000E-04      0.4095116E-03
   0.5625000E-04      0.4058840E-03
   0.5875000E-04      0.3887941E-03
   0.6150000E-04      0.3715834E-03
   0.6450000E-04      0.3544935E-03
   0.6750000E-04      0.3369200E-03
   0.7050000E-04      0.3099148E-03
   0.7400000E-04      0.2938326E-03
   0.7800000E-04      0.2767830E-03
   0.8200000E-04      0.2614264E-03
   0.8600000E-04      0.2478432E-03
   0.9000000E-04      0.2320834E-03
   0.9400000E-04      0.2202737E-03
   0.9800000E-04      0.2105196E-03
   0.1025000E-03      0.1998787E-03
   0.1075000E-03      0.1893588E-03
   0.1125000E-03      0.1788388E-03
   0.1175000E-03      0.1699312E-03
   0.1237500E-03      0.1620312E-03
   0.1312500E-03      0.1536474E-03
   0.1387500E-03      0.1462311E-03
   0.1462500E-03      0.1396209E-03
   0.1550000E-03      0.1345423E-03
   0.1650000E-03      0.1318417E-03
   0.1750000E-03      0.1285366E-03
   0.1850000E-03      0.1245463E-03
   0.1950000E-03      0.1201529E-03
   0.2050000E-03      0.1166463E-03
   0.2150000E-03      0.1133815E-03
   0.2250000E-03      0.1111646E-03
   0.2350000E-03      0.1081820E-03
   0.2475000E-03      0.1030631E-03
   0.2625000E-03      0.9879063E-04
   0.2750000E-03      0.9613042E-04
   0.2900000E-03      0.9298653E-04
   0.3100000E-03      0.8782732E-04
   0.3300000E-03      0.8286966E-04
   0.3500000E-03      0.7843597E-04
   0.3700000E-03      0.7440533E-04
   0.3900000E-03      0.7069717E-04
   0.4125000E-03      0.6557828E-04
   0.4375000E-03      0.6126551E-04
   0.4625000E-03      0.5683182E-04
   0.4875000E-03      0.5344609E-04
   0.5125000E-03      0.4860934E-04
   0.5375000E-03      0.4695678E-04
   0.5625000E-03      0.4401443E-04
   0.5875000E-03      0.4216034E-04
   0.6150000E-03      0.4062871E-04
   0.6450000E-03      0.3952028E-04
   0.6750000E-03      0.3652150E-04
   0.7050000E-03      0.3446588E-04
   0.7400000E-03      0.3338567E-04
   0.7800000E-03      0.3197898E-04
   0.8200000E-03      0.3085041E-04
   0.8600000E-03      0.2995561E-04
   0.9000000E-03      0.2787178E-04
   0.9400000E-03      0.2696891E-04
   0.9800000E-03      0.2738004E-04
   0.1025000E-02      0.2653361E-04
   0.1075000E-02      0.2534457E-04
   0.1125000E-02      0.2441753E-04
   0.1175000E-02      0.2335344E-04
   0.1237500E-02      0.2198706E-04
   0.1312500E-02      0.2054410E-04
   0.1387500E-02      0.1943164E-04
   0.1462500E-02      0.1841190E-04
   0.1550000E-02      0.1758965E-04
   0.1650000E-02      0.1645704E-04
   0.1750000E-02      0.1575168E-04
   0.1850000E-02      0.1495765E-04
   0.1950000E-02      0.1425632E-04
   0.2050000E-02      0.1351066E-04
   0.2150000E-02      0.1288994E-04
   0.2250000E-02      0.1208785E-04
   0.2350000E-02      0.1144697E-04
   0.2475000E-02      0.1077386E-04
   0.2625000E-02      0.1008866E-04
   0.2750000E-02      0.9568705E-05
   0.2900000E-02      0.8964112E-05
   0.3100000E-02      0.8363548E-05
   0.3300000E-02      0.7936302E-05
   0.3500000E-02      0.7440535E-05
   0.3700000E-02      0.7065687E-05
   0.3900000E-02      0.6856094E-05
   0.4125000E-02      0.6577981E-05
   0.4375000E-02      0.6283745E-05
   0.4625000E-02      0.6037877E-05
   0.4875000E-02      0.5824254E-05
   0.5125000E-02      0.5703335E-05
   0.5375000E-02      0.5530018E-05
   0.5625000E-02      0.5284150E-05
   0.5875000E-02      0.5090680E-05
   0.6150000E-02      0.4816598E-05
   0.6450000E-02      0.4639250E-05
   0.6750000E-02      0.4429657E-05
   0.7050000E-02      0.4260371E-05
   0.7400000E-02      0.4050778E-05
   0.7800000E-02      0.3909707E-05
   0.8200000E-02      0.3665451E-05
   0.8600000E-02      0.3555817E-05
   0.9000000E-02      0.3436108E-05
   0.9400001E-02      0.3374036E-05
   0.9800000E-02      0.3247072E-05
   0.1025000E-01      0.3208378E-05
   0.1075000E-01      0.3084235E-05
   0.1125000E-01      0.2999591E-05
   0.1175000E-01      0.2918979E-05
   0.1237500E-01      0.2862953E-05
   0.1312500E-01      0.2749693E-05
   0.1387500E-01      0.2636835E-05
   0.1462500E-01      0.2547356E-05
   0.1550000E-01      0.2424825E-05
   0.1650000E-01      0.2316400E-05
   0.1750000E-01      0.2220471E-05
   0.1850000E-01      0.2135022E-05
   0.1950000E-01      0.2054006E-05
   0.2050000E-01      0.2004430E-05
   0.2150000E-01      0.1929460E-05
   0.2250000E-01      0.1867389E-05
   0.2350000E-01      0.1817006E-05
   0.2475000E-01      0.1750097E-05
   0.2625000E-01      0.1663036E-05
   0.2750000E-01      0.1606204E-05
   0.2900000E-01      0.1542118E-05
   0.3100000E-01      0.1473194E-05
   0.3300000E-01      0.1401448E-05
   0.3500000E-01      0.1338974E-05
   0.3700000E-01      0.1283351E-05
   0.3900000E-01      0.1232565E-05
   0.4125000E-01      0.1172509E-05
   0.4375000E-01      0.1120514E-05
   0.4625000E-01      0.1072550E-05
   0.4875000E-01      0.1033855E-05
   0.5125000E-01      0.9959675E-06
   0.5375000E-01      0.9600950E-06
   0.5625000E-01      0.9274468E-06
   0.5875000E-01      0.8968141E-06
   0.6150000E-01      0.8589263E-06
   0.6450000E-01      0.8258752E-06
   0.6750000E-01      0.7980639E-06
   0.7050000E-01      0.7706556E-06
   0.7400000E-01      0.7428443E-06
   0.7799999E-01      0.7122115E-06
   0.8200000E-01      0.6856094E-06
   0.8600000E-01      0.6590072E-06
   0.9000000E-01      0.6380480E-06
   0.9400000E-01      0.6187010E-06
   0.9800000E-01      0.6017723E-06
   0.1025000          0.5804101E-06
   0.1075000          0.5610631E-06
   0.1125000          0.5368793E-06
   0.1175000          0.5159200E-06
   0.1237500          0.4921393E-06
   0.1312500          0.4671495E-06
   0.1387500          0.4413534E-06
   0.1462500          0.4207973E-06
   0.1550000          0.3992335E-06
   0.1650000          0.3773875E-06
   0.1750000          0.3578390E-06
   0.1850000          0.3406685E-06
   0.1950000          0.3248684E-06
   0.2050000          0.3137439E-06
   0.2150000          0.3073755E-06
   0.2250000          0.3001607E-06
   0.2350000          0.2931877E-06
   0.2475000          0.2858117E-06
   0.2625000          0.2779520E-06
   0.2750000          0.2715835E-06
   0.2900000          0.2648524E-06
   0.3100000          0.2553401E-06
   0.3300000          0.2450620E-06
   0.3500000          0.2361947E-06
   0.3700000          0.2286171E-06
   0.3900000          0.2222890E-06
   0.4125000          0.2158400E-06
   0.4375000          0.2093507E-06
   0.4625000          0.2035466E-06
   0.4875000          0.1986695E-06
   0.5125000          0.1943567E-06
   0.5375000          0.1905276E-06
   0.5625000          0.1870613E-06
   0.5875000          0.1836756E-06
   0.6150000          0.1798868E-06
   0.6450000          0.1758159E-06
   0.6750000          0.1721077E-06
   0.7050000          0.1685205E-06
   0.7400000          0.1640868E-06
   0.7800000          0.1590485E-06
   0.8200000          0.1542923E-06
   0.8600000          0.1499393E-06
   0.9000000          0.1459086E-06
   0.9400000          0.1419183E-06
   0.9800000          0.1377265E-06
    1.050000          0.1301892E-06
    1.150000          0.1205963E-06
    1.250000          0.1126157E-06
    1.350000          0.1057233E-06
    1.450000          0.9967738E-07
    1.550000          0.9242224E-07
    1.650000          0.8411915E-07
    1.750000          0.7658188E-07
    1.850000          0.6964920E-07
    1.950000          0.6307929E-07
    2.050000          0.5618692E-07
    2.150000          0.4957669E-07
    2.250000          0.4393382E-07
    2.350000          0.3918574E-07
    2.450000          0.3536068E-07
    2.550000          0.3215633E-07
    2.650000          0.2940744E-07
    2.750000          0.2695682E-07
    2.850000          0.2470773E-07
    2.950000          0.2280528E-07
    3.050000          0.2133813E-07
    3.150000          0.2008461E-07
    3.250000          0.1907292E-07
    3.350000          0.1830710E-07
    3.450000          0.1767429E-07
    3.550000          0.1719062E-07
    3.650000          0.1687220E-07
    3.750000          0.1647317E-07
    3.850000          0.1604189E-07
    3.950000          0.1563480E-07
    4.050000          0.1518337E-07
    4.150000          0.1477627E-07
    4.250000          0.1459893E-07
    4.350000          0.1455862E-07
    4.450000          0.1454250E-07
    4.550000          0.1453041E-07
    4.650000          0.1452637E-07
    4.750000          0.1444979E-07
    4.850000          0.1430469E-07
    4.950000          0.1409913E-07
    5.050000          0.1360336E-07
    5.150000          0.1282948E-07
    5.250000          0.1197499E-07
    5.350000          0.1105601E-07
    5.450000          0.1015315E-07
    5.550000          0.9310745E-08
    5.650000          0.8552987E-08
    5.750000          0.7908087E-08
    5.850000          0.7363953E-08
    5.950000          0.6884308E-08
    6.050000          0.6372418E-08
    6.150000          0.5828285E-08
    6.250000          0.5239813E-08
    6.350000          0.4594913E-08
    6.450000          0.4021355E-08
    6.550000          0.3555818E-08
    6.650000          0.3193061E-08
    6.750000          0.2957270E-08
    6.850000          0.2812570E-08
    6.950000          0.2681575E-08
    7.050000          0.2476013E-08
    7.150000          0.2215635E-08
    7.250000          0.1955256E-08
    7.350000          0.1704955E-08
    7.450000          0.1492541E-08
    7.550000          0.1308341E-08
    7.650000          0.1139458E-08
    7.750000          0.9919369E-09
    7.850000          0.8726304E-09
    7.950000          0.7714616E-09
    8.050000          0.6989104E-09
    8.150000          0.6489307E-09
    8.250000          0.6070122E-09
    8.350000          0.5707365E-09
    8.450000          0.5392977E-09
    8.550000          0.5086649E-09
    8.650000          0.4780322E-09
    8.750000          0.4486086E-09
    8.850000          0.4212004E-09
    8.950000          0.3957268E-09
    9.050000          0.3727119E-09
    9.150000          0.3512691E-09
    9.250000          0.3309144E-09
    9.350000          0.3114061E-09
    9.450000          0.2925428E-09
    9.550000          0.2743244E-09
    9.650000          0.2565896E-09
    9.750000          0.2393385E-09
    9.850000          0.2226921E-09
    9.950000          0.2068114E-09
    10.05000          0.1917771E-09
    10.15000          0.1781536E-09
    10.25000          0.1659409E-09
    10.35000          0.1549373E-09
    10.45000          0.1449413E-09
    10.55000          0.1359127E-09
    10.65000          0.1274081E-09
    10.75000          0.1193468E-09
    10.85000          0.1117289E-09
    10.95000          0.1045544E-09
    11.05000          0.9770237E-10
    11.15000          0.9113244E-10
    11.25000          0.8480436E-10
    11.35000          0.7871811E-10
    11.45000          0.7291402E-10
    11.55000          0.6763390E-10
    11.65000          0.6299868E-10
    11.75000          0.5896805E-10
    11.85000          0.5534049E-10
    11.95000          0.5195476E-10
    12.05000          0.4852872E-10
    12.15000          0.4510270E-10
    12.25000          0.4159605E-10
    12.35000          0.3834737E-10
    12.45000          0.3544935E-10
    12.55000          0.3286572E-10
    12.65000          0.3056423E-10
    12.75000          0.2853280E-10
    12.85000          0.2669080E-10
    12.95000          0.2492539E-10
    13.05000          0.2321237E-10
    13.15000          0.2159206E-10
    13.25000          0.2005639E-10
    13.35000          0.1859731E-10
    13.45000          0.1725914E-10
    13.55000          0.1607010E-10
    13.65000          0.1501005E-10
    13.75000          0.1402658E-10
    13.85000          0.1309953E-10
    13.95000          0.1221280E-10
    14.05000          0.1137039E-10
    14.15000          0.1056024E-10
    14.25000          0.9806512E-11
    14.35000          0.9121305E-11
    14.45000          0.8508651E-11
    14.55000          0.7948394E-11
    14.65000          0.7436504E-11
    14.75000          0.6956859E-11
    14.85000          0.6501399E-11
    14.95000          0.6066090E-11
    15.05000          0.5646906E-11
    15.15000          0.5251905E-11
    15.25000          0.4885118E-11
    15.35000          0.4546545E-11
    15.45000          0.4236187E-11
    15.55000          0.3954447E-11
    15.65000          0.3690037E-11
    15.75000          0.3441348E-11
    15.85000          0.3207572E-11
    15.95000          0.2987499E-11
    16.05000          0.2780325E-11
    16.15000          0.2587661E-11
    16.25000          0.2408702E-11
    16.35000          0.2243043E-11
    16.45000          0.2090685E-11
    16.55000          0.1949613E-11
    16.65000          0.1818618E-11
    16.75000          0.1696087E-11
    16.85000          0.1581617E-11
    16.95000          0.1474000E-11
    17.05000          0.1372831E-11
    17.15000          0.1278514E-11
    17.25000          0.1189841E-11
    17.35000          0.1107213E-11
    17.45000          0.1029825E-11
    17.55000          0.9572735E-12
    17.65000          0.8891560E-12
    17.75000          0.8254721E-12
    17.85000          0.7658188E-12
    17.95000          0.7105993E-12
    18.05000          0.6594102E-12
    18.15000          0.6118489E-12
    18.25000          0.5675120E-12
    18.35000          0.5263997E-12
    18.45000          0.4885118E-12
    18.55000          0.4530423E-12
    18.65000          0.4207973E-12
    18.75000          0.3905676E-12
    18.85000          0.3626757E-12
    18.95000          0.3367588E-12
    19.05000          0.3127362E-12
    19.15000          0.2903663E-12
    19.25000          0.2696488E-12
    19.35000          0.2503825E-12
    19.45000          0.2325671E-12
    19.55000          0.2160012E-12
    19.65000          0.2006848E-12
    19.75000          0.1864970E-12
    19.85000          0.1733975E-12
    19.95000          0.1611041E-12
