spectrum
 sand ii input file for bare frec ii, b
 1.000E-10 7.076E+18 1.050E-10 7.419E+18 1.100E-10 7.765E+18 1.150E-10 8.108E+18
 1.200E-10 8.537E+18 1.275E-10 9.051E+18 1.350E-10 9.563E+18 1.425E-10 1.008E+19
 1.500E-10 1.067E+19 1.600E-10 1.136E+19 1.700E-10 1.204E+19 1.800E-10 1.273E+19
 1.900E-10 1.341E+19 2.000E-10 1.409E+19 2.100E-10 1.478E+19 2.200E-10 1.546E+19
 2.300E-10 1.614E+19 2.400E-10 1.699E+19 2.550E-10 1.801E+19 2.700E-10 1.885E+19
 2.800E-10 1.987E+19 3.000E-10 2.122E+19 3.200E-10 2.257E+19 3.400E-10 2.392E+19
 3.600E-10 2.527E+19 3.800E-10 2.662E+19 4.000E-10 2.814E+19 4.250E-10 2.981E+19
 4.500E-10 3.148E+19 4.750E-10 3.315E+19 5.000E-10 3.481E+19 5.250E-10 3.646E+19
 5.500E-10 3.812E+19 5.750E-10 3.978E+19 6.000E-10 4.159E+19 6.300E-10 4.357E+19
 6.600E-10 4.555E+19 6.900E-10 4.751E+19 7.200E-10 4.980E+19 7.600E-10 5.242E+19
 8.000E-10 5.504E+19 8.400E-10 5.764E+19 8.800E-10 6.022E+19 9.200E-10 6.280E+19
 9.600E-10 6.537E+19 1.000E-09 6.824E+19 1.050E-09 7.142E+19 1.100E-09 7.460E+19
 1.150E-09 7.776E+19 1.200E-09 8.167E+19 1.275E-09 8.635E+19 1.350E-09 9.102E+19
 1.425E-09 9.566E+19 1.500E-09 1.010E+20 1.600E-09 1.072E+20 1.700E-09 1.132E+20
 1.800E-09 1.192E+20 1.900E-09 1.252E+20 2.000E-09 1.311E+20 2.100E-09 1.369E+20
 2.200E-09 1.427E+20 2.300E-09 1.485E+20 2.400E-09 1.556E+20 2.550E-09 1.640E+20
 2.700E-09 1.710E+20 2.800E-09 1.792E+20 3.000E-09 1.901E+20 3.200E-09 2.008E+20
 3.400E-09 2.113E+20 3.600E-09 2.216E+20 3.800E-09 2.318E+20 4.000E-09 2.430E+20
 4.250E-09 2.551E+20 4.500E-09 2.671E+20 4.750E-09 2.788E+20 5.000E-09 2.901E+20
 5.250E-09 3.013E+20 5.500E-09 3.121E+20 5.750E-09 3.228E+20 6.000E-09 3.343E+20
 6.300E-09 3.465E+20 6.600E-09 3.584E+20 6.900E-09 3.700E+20 7.200E-09 3.830E+20
 7.600E-09 3.973E+20 8.000E-09 4.111E+20 8.400E-09 4.244E+20 8.800E-09 4.371E+20
 9.200E-09 4.494E+20 9.600E-09 4.611E+20 1.000E-08 4.736E+20 1.050E-08 4.870E+20
 1.100E-08 4.997E+20 1.150E-08 5.116E+20 1.200E-08 5.257E+20 1.275E-08 5.414E+20
 1.350E-08 5.555E+20 1.425E-08 5.684E+20 1.500E-08 5.819E+20 1.600E-08 5.952E+20
 1.700E-08 6.066E+20 1.800E-08 6.163E+20 1.900E-08 6.243E+20 2.000E-08 6.307E+20
 2.100E-08 6.357E+20 2.200E-08 6.395E+20 2.300E-08 6.420E+20 2.400E-08 6.433E+20
 2.550E-08 6.430E+20 2.700E-08 6.412E+20 2.800E-08 6.369E+20 3.000E-08 6.289E+20
 3.200E-08 6.185E+20 3.400E-08 6.060E+20 3.600E-08 5.920E+20 3.800E-08 5.765E+20
 4.000E-08 5.579E+20 4.250E-08 5.362E+20 4.500E-08 5.137E+20 4.750E-08 4.906E+20
 5.000E-08 4.757E+20 5.250E-08 4.689E+20 5.500E-08 4.624E+20 5.750E-08 4.564E+20
 6.000E-08 4.502E+20 6.300E-08 4.437E+20 6.600E-08 4.377E+20 6.900E-08 4.207E+20
 7.200E-08 3.839E+20 7.600E-08 3.423E+20 8.000E-08 3.070E+20 8.400E-08 2.768E+20
 8.800E-08 2.508E+20 9.200E-08 2.282E+20 9.600E-08 2.084E+20 1.000E-07 1.913E+20
 1.050E-07 1.765E+20 1.100E-07 1.635E+20 1.150E-07 1.520E+20 1.200E-07 1.393E+20
 1.275E-07 1.262E+20 1.350E-07 1.150E+20 1.425E-07 1.052E+20 1.500E-07 9.548E+19
 1.600E-07 8.596E+19 1.700E-07 7.788E+19 1.800E-07 7.096E+19 1.900E-07 6.497E+19
 2.000E-07 5.979E+19 2.100E-07 5.530E+19 2.200E-07 5.130E+19 2.300E-07 4.765E+19
 2.400E-07 4.357E+19 2.550E-07 3.893E+19 2.700E-07 3.533E+19 2.800E-07 3.178E+19
 3.000E-07 2.848E+19 3.200E-07 2.617E+19 3.400E-07 2.422E+19 3.600E-07 2.258E+19
 3.800E-07 2.115E+19 4.000E-07 1.974E+19 4.250E-07 1.835E+19 4.500E-07 1.713E+19
 4.750E-07 1.605E+19 5.000E-07 1.506E+19 5.250E-07 1.415E+19 5.500E-07 1.333E+19
 5.750E-07 1.259E+19 6.000E-07 1.186E+19 6.300E-07 1.113E+19 6.600E-07 1.049E+19
 6.900E-07 9.945E+18 7.200E-07 9.454E+18 7.600E-07 8.970E+18 8.000E-07 8.531E+18
 8.400E-07 8.135E+18 8.800E-07 7.773E+18 9.200E-07 7.441E+18 9.600E-07 7.137E+18
 1.000E-06 6.823E+18 1.050E-06 6.507E+18 1.100E-06 6.220E+18 1.150E-06 5.957E+18
 1.200E-06 5.658E+18 1.275E-06 5.336E+18 1.350E-06 5.049E+18 1.425E-06 4.791E+18
 1.500E-06 4.523E+18 1.600E-06 4.250E+18 1.700E-06 4.008E+18 1.800E-06 3.792E+18
 1.900E-06 3.599E+18 2.000E-06 3.424E+18 2.100E-06 3.266E+18 2.200E-06 3.122E+18
 2.300E-06 2.991E+18 2.400E-06 2.842E+18 2.550E-06 2.682E+18 2.700E-06 2.563E+18
 2.800E-06 2.435E+18 3.000E-06 2.283E+18 3.200E-06 2.149E+18 3.400E-06 2.035E+18
 3.600E-06 1.938E+18 3.800E-06 1.862E+18 4.000E-06 1.805E+18 4.250E-06 1.750E+18
 4.500E-06 1.658E+18 4.750E-06 1.573E+18 5.000E-06 1.495E+18 5.250E-06 1.421E+18
 5.500E-06 1.330E+18 5.750E-06 1.231E+18 6.000E-06 1.154E+18 6.300E-06 1.088E+18
 6.600E-06 1.031E+18 6.900E-06 9.797E+17 7.200E-06 9.256E+17 7.600E-06 8.705E+17
 8.000E-06 8.216E+17 8.400E-06 7.776E+17 8.800E-06 7.380E+17 9.200E-06 7.021E+17
 9.600E-06 6.695E+17 1.000E-05 6.366E+17 1.050E-05 6.038E+17 1.100E-05 5.741E+17
 1.150E-05 5.471E+17 1.200E-05 5.167E+17 1.275E-05 4.841E+17 1.350E-05 4.552E+17
 1.425E-05 4.295E+17 1.500E-05 4.028E+17 1.600E-05 3.759E+17 1.700E-05 3.522E+17
 1.800E-05 3.312E+17 1.900E-05 3.125E+17 2.000E-05 2.961E+17 2.100E-05 2.818E+17
 2.200E-05 2.687E+17 2.300E-05 2.568E+17 2.400E-05 2.431E+17 2.550E-05 2.286E+17
 2.700E-05 2.177E+17 2.800E-05 2.060E+17 3.000E-05 1.912E+17 3.200E-05 1.775E+17
 3.400E-05 1.654E+17 3.600E-05 1.547E+17 3.800E-05 1.452E+17 4.000E-05 1.358E+17
 4.250E-05 1.265E+17 4.500E-05 1.184E+17 4.750E-05 1.111E+17 5.000E-05 1.053E+17
 5.250E-05 1.016E+17 5.500E-05 1.007E+17 5.750E-05 9.648E+16 6.000E-05 9.219E+16
 6.300E-05 8.795E+16 6.600E-05 8.359E+16 6.900E-05 7.689E+16 7.200E-05 7.290E+16
 7.600E-05 6.867E+16 8.000E-05 6.486E+16 8.400E-05 6.149E+16 8.800E-05 5.758E+16
 9.200E-05 5.465E+16 9.600E-05 5.223E+16 1.000E-04 4.959E+16 1.050E-04 4.698E+16
 1.100E-04 4.437E+16 1.150E-04 4.216E+16 1.200E-04 4.020E+16 1.275E-04 3.812E+16
 1.350E-04 3.628E+16 1.425E-04 3.464E+16 1.500E-04 3.338E+16 1.600E-04 3.271E+16
 1.700E-04 3.189E+16 1.800E-04 3.090E+16 1.900E-04 2.981E+16 2.000E-04 2.894E+16
 2.100E-04 2.813E+16 2.200E-04 2.758E+16 2.300E-04 2.684E+16 2.400E-04 2.557E+16
 2.550E-04 2.451E+16 2.700E-04 2.384E+16 2.800E-04 2.307E+16 3.000E-04 2.179E+16
 3.200E-04 2.056E+16 3.400E-04 1.947E+16 3.600E-04 1.846E+16 3.800E-04 1.754E+16
 4.000E-04 1.627E+16 4.250E-04 1.520E+16 4.500E-04 1.410E+16 4.750E-04 1.326E+16
 5.000E-04 1.206E+16 5.250E-04 1.165E+16 5.500E-04 1.092E+16 5.750E-04 1.046E+16
 6.000E-04 1.008E+16 6.300E-04 9.805E+15 6.600E-04 9.061E+15 6.900E-04 8.551E+15
 7.200E-04 8.283E+15 7.600E-04 7.934E+15 8.000E-04 7.654E+15 8.400E-04 7.432E+15
 8.800E-04 6.915E+15 9.200E-04 6.691E+15 9.600E-04 6.793E+15 1.000E-03 6.583E+15
 1.050E-03 6.288E+15 1.100E-03 6.058E+15 1.150E-03 5.794E+15 1.200E-03 5.455E+15
 1.275E-03 5.097E+15 1.350E-03 4.821E+15 1.425E-03 4.568E+15 1.500E-03 4.364E+15
 1.600E-03 4.083E+15 1.700E-03 3.908E+15 1.800E-03 3.711E+15 1.900E-03 3.537E+15
 2.000E-03 3.352E+15 2.100E-03 3.198E+15 2.200E-03 2.999E+15 2.300E-03 2.840E+15
 2.400E-03 2.673E+15 2.550E-03 2.503E+15 2.700E-03 2.374E+15 2.800E-03 2.224E+15
 3.000E-03 2.075E+15 3.200E-03 1.969E+15 3.400E-03 1.846E+15 3.600E-03 1.753E+15
 3.800E-03 1.701E+15 4.000E-03 1.632E+15 4.250E-03 1.559E+15 4.500E-03 1.498E+15
 4.750E-03 1.445E+15 5.000E-03 1.415E+15 5.250E-03 1.372E+15 5.500E-03 1.311E+15
 5.750E-03 1.263E+15 6.000E-03 1.195E+15 6.300E-03 1.151E+15 6.600E-03 1.099E+15
 6.900E-03 1.057E+15 7.200E-03 1.005E+15 7.600E-03 9.700E+14 8.000E-03 9.094E+14
 8.400E-03 8.822E+14 8.800E-03 8.525E+14 9.200E-03 8.371E+14 9.600E-03 8.056E+14
 1.000E-02 7.960E+14 1.050E-02 7.652E+14 1.100E-02 7.442E+14 1.150E-02 7.242E+14
 1.200E-02 7.103E+14 1.275E-02 6.822E+14 1.350E-02 6.542E+14 1.425E-02 6.320E+14
 1.500E-02 6.016E+14 1.600E-02 5.747E+14 1.700E-02 5.509E+14 1.800E-02 5.297E+14
 1.900E-02 5.096E+14 2.000E-02 4.973E+14 2.100E-02 4.787E+14 2.200E-02 4.633E+14
 2.300E-02 4.508E+14 2.400E-02 4.342E+14 2.550E-02 4.126E+14 2.700E-02 3.985E+14
 2.800E-02 3.826E+14 3.000E-02 3.655E+14 3.200E-02 3.477E+14 3.400E-02 3.322E+14
 3.600E-02 3.184E+14 3.800E-02 3.058E+14 4.000E-02 2.909E+14 4.250E-02 2.780E+14
 4.500E-02 2.661E+14 4.750E-02 2.565E+14 5.000E-02 2.471E+14 5.250E-02 2.382E+14
 5.500E-02 2.302E+14 5.750E-02 2.225E+14 6.000E-02 2.131E+14 6.300E-02 2.049E+14
 6.600E-02 1.980E+14 6.900E-02 1.912E+14 7.200E-02 1.843E+14 7.600E-02 1.767E+14
 8.000E-02 1.701E+14 8.400E-02 1.636E+14 8.800E-02 1.583E+14 9.200E-02 1.535E+14
 9.600E-02 1.493E+14 1.000E-01 1.440E+14 1.050E-01 1.392E+14 1.100E-01 1.332E+14
 1.150E-01 1.280E+14 1.200E-01 1.221E+14 1.275E-01 1.159E+14 1.350E-01 1.095E+14
 1.425E-01 1.044E+14 1.500E-01 9.905E+13 1.600E-01 9.363E+13 1.700E-01 8.878E+13
 1.800E-01 8.452E+13 1.900E-01 8.060E+13 2.000E-01 7.784E+13 2.100E-01 7.626E+13
 2.200E-01 7.447E+13 2.300E-01 7.274E+13 2.400E-01 7.091E+13 2.550E-01 6.896E+13
 2.700E-01 6.738E+13 2.800E-01 6.571E+13 3.000E-01 6.335E+13 3.200E-01 6.080E+13
 3.400E-01 5.860E+13 3.600E-01 5.672E+13 3.800E-01 5.515E+13 4.000E-01 5.355E+13
 4.250E-01 5.194E+13 4.500E-01 5.050E+13 4.750E-01 4.929E+13 5.000E-01 4.822E+13
 5.250E-01 4.727E+13 5.500E-01 4.641E+13 5.750E-01 4.557E+13 6.000E-01 4.463E+13
 6.300E-01 4.362E+13 6.600E-01 4.270E+13 6.900E-01 4.181E+13 7.200E-01 4.071E+13
 7.600E-01 3.946E+13 8.000E-01 3.828E+13 8.400E-01 3.720E+13 8.800E-01 3.620E+13
 9.200E-01 3.521E+13 9.600E-01 3.417E+13 1.000E+00 3.230E+13 1.100E+00 2.992E+13
 1.200E+00 2.794E+13 1.300E+00 2.623E+13 1.400E+00 2.473E+13 1.500E+00 2.293E+13
 1.600E+00 2.087E+13 1.700E+00 1.900E+13 1.800E+00 1.728E+13 1.900E+00 1.565E+13
 2.000E+00 1.394E+13 2.100E+00 1.230E+13 2.200E+00 1.090E+13 2.300E+00 9.722E+12
 2.400E+00 8.773E+12 2.500E+00 7.978E+12 2.600E+00 7.296E+12 2.700E+00 6.688E+12
 2.800E+00 6.130E+12 2.900E+00 5.658E+12 3.000E+00 5.294E+12 3.100E+00 4.983E+12
 3.200E+00 4.732E+12 3.300E+00 4.542E+12 3.400E+00 4.385E+12 3.500E+00 4.265E+12
 3.600E+00 4.186E+12 3.700E+00 4.087E+12 3.800E+00 3.980E+12 3.900E+00 3.879E+12
 4.000E+00 3.767E+12 4.100E+00 3.666E+12 4.200E+00 3.622E+12 4.300E+00 3.612E+12
 4.400E+00 3.608E+12 4.500E+00 3.605E+12 4.600E+00 3.604E+12 4.700E+00 3.585E+12
 4.800E+00 3.549E+12 4.900E+00 3.498E+12 5.000E+00 3.375E+12 5.100E+00 3.183E+12
 5.200E+00 2.971E+12 5.300E+00 2.743E+12 5.400E+00 2.519E+12 5.500E+00 2.310E+12
 5.600E+00 2.122E+12 5.700E+00 1.962E+12 5.800E+00 1.827E+12 5.900E+00 1.708E+12
 6.000E+00 1.581E+12 6.100E+00 1.446E+12 6.200E+00 1.300E+12 6.300E+00 1.140E+12
 6.400E+00 9.977E+11 6.500E+00 8.822E+11 6.600E+00 7.922E+11 6.700E+00 7.337E+11
 6.800E+00 6.978E+11 6.900E+00 6.653E+11 7.000E+00 6.143E+11 7.100E+00 5.497E+11
 7.200E+00 4.851E+11 7.300E+00 4.230E+11 7.400E+00 3.703E+11 7.500E+00 3.246E+11
 7.600E+00 2.827E+11 7.700E+00 2.461E+11 7.800E+00 2.165E+11 7.900E+00 1.914E+11
 8.000E+00 1.734E+11 8.100E+00 1.610E+11 8.200E+00 1.506E+11 8.300E+00 1.416E+11
 8.400E+00 1.338E+11 8.500E+00 1.262E+11 8.600E+00 1.186E+11 8.700E+00 1.113E+11
 8.800E+00 1.045E+11 8.900E+00 9.818E+10 9.000E+00 9.247E+10 9.100E+00 8.715E+10
 9.200E+00 8.210E+10 9.300E+00 7.726E+10 9.400E+00 7.258E+10 9.500E+00 6.806E+10
 9.600E+00 6.366E+10 9.700E+00 5.938E+10 9.800E+00 5.525E+10 9.900E+00 5.131E+10
 1.000E+01 4.758E+10 1.010E+01 4.420E+10 1.020E+01 4.117E+10 1.030E+01 3.844E+10
 1.040E+01 3.596E+10 1.050E+01 3.372E+10 1.060E+01 3.160E+10 1.070E+01 2.961E+10
 1.080E+01 2.772E+10 1.090E+01 2.594E+10 1.100E+01 2.424E+10 1.110E+01 2.261E+10
 1.120E+01 2.104E+10 1.130E+01 1.953E+10 1.140E+01 1.809E+10 1.150E+01 1.678E+10
 1.160E+01 1.563E+10 1.170E+01 1.463E+10 1.180E+01 1.373E+10 1.190E+01 1.289E+10
 1.200E+01 1.204E+10 1.210E+01 1.119E+10 1.220E+01 1.032E+10 1.230E+01 9.514E+09
 1.240E+01 8.795E+09 1.250E+01 8.154E+09 1.260E+01 7.583E+09 1.270E+01 7.079E+09
 1.280E+01 6.622E+09 1.290E+01 6.183E+09 1.300E+01 5.759E+09 1.310E+01 5.357E+09
 1.320E+01 4.975E+09 1.330E+01 4.614E+09 1.340E+01 4.282E+09 1.350E+01 3.987E+09
 1.360E+01 3.723E+09 1.370E+01 3.480E+09 1.380E+01 3.249E+09 1.390E+01 3.030E+09
 1.400E+01 2.821E+09 1.410E+01 2.620E+09 1.420E+01 2.432E+09 1.430E+01 2.263E+09
 1.440E+01 2.111E+09 1.450E+01 1.972E+09 1.460E+01 1.845E+09 1.470E+01 1.726E+09
 1.480E+01 1.613E+09 1.490E+01 1.505E+09 1.500E+01 1.401E+09 1.510E+01 1.303E+09
 1.520E+01 1.212E+09 1.530E+01 1.128E+09 1.540E+01 1.051E+09 1.550E+01 9.811E+08
 1.560E+01 9.154E+08 1.570E+01 8.538E+08 1.580E+01 7.958E+08 1.590E+01 7.412E+08
 1.600E+01 6.898E+08 1.610E+01 6.420E+08 1.620E+01 5.976E+08 1.630E+01 5.565E+08
 1.640E+01 5.186E+08 1.650E+01 4.837E+08 1.660E+01 4.512E+08 1.670E+01 4.208E+08
 1.680E+01 3.924E+08 1.690E+01 3.657E+08 1.700E+01 3.406E+08 1.710E+01 3.171E+08
 1.720E+01 2.952E+08 1.730E+01 2.747E+08 1.740E+01 2.555E+08 1.750E+01 2.375E+08
 1.760E+01 2.206E+08 1.770E+01 2.048E+08 1.780E+01 1.900E+08 1.790E+01 1.763E+08
 1.800E+01 1.636E+08 1.810E+01 1.517E+08 1.820E+01 1.408E+08 1.830E+01 1.306E+08
 1.840E+01 1.211E+08 1.850E+01 1.124E+08 1.860E+01 1.044E+08 1.870E+01 9.689E+07
 1.880E+01 8.997E+07 1.890E+01 8.354E+07 1.900E+01 7.757E+07 1.910E+01 7.203E+07
 1.920E+01 6.689E+07 1.930E+01 6.211E+07 1.940E+01 5.768E+07 1.950E+01 5.358E+07
 1.960E+01 4.978E+07 1.970E+01 4.626E+07 1.980E+01 4.300E+07 1.990E+01 3.997E+07
 2.000E+01 0.000E+00
