spectrum
 sand ii input file for bare frec, bfre
 1.000E-10 4.859E+18 1.050E-10 5.095E+18 1.100E-10 5.332E+18 1.150E-10 5.568E+18
 1.200E-10 5.862E+18 1.275E-10 6.216E+18 1.350E-10 6.569E+18 1.425E-10 6.922E+18
 1.500E-10 7.333E+18 1.600E-10 7.803E+18 1.700E-10 8.273E+18 1.800E-10 8.742E+18
 1.900E-10 9.211E+18 2.000E-10 9.680E+18 2.100E-10 1.015E+19 2.200E-10 1.062E+19
 2.300E-10 1.108E+19 2.400E-10 1.167E+19 2.550E-10 1.237E+19 2.700E-10 1.295E+19
 2.800E-10 1.365E+19 3.000E-10 1.458E+19 3.200E-10 1.551E+19 3.400E-10 1.643E+19
 3.600E-10 1.736E+19 3.800E-10 1.828E+19 4.000E-10 1.932E+19 4.250E-10 2.047E+19
 4.500E-10 2.162E+19 4.750E-10 2.276E+19 5.000E-10 2.391E+19 5.250E-10 2.505E+19
 5.500E-10 2.619E+19 5.750E-10 2.732E+19 6.000E-10 2.857E+19 6.300E-10 2.993E+19
 6.600E-10 3.128E+19 6.900E-10 3.263E+19 7.200E-10 3.421E+19 7.600E-10 3.600E+19
 8.000E-10 3.779E+19 8.400E-10 3.957E+19 8.800E-10 4.134E+19 9.200E-10 4.311E+19
 9.600E-10 4.488E+19 1.000E-09 4.685E+19 1.050E-09 4.904E+19 1.100E-09 5.122E+19
 1.150E-09 5.339E+19 1.200E-09 5.609E+19 1.275E-09 5.931E+19 1.350E-09 6.252E+19
 1.425E-09 6.570E+19 1.500E-09 6.939E+19 1.600E-09 7.358E+19 1.700E-09 7.773E+19
 1.800E-09 8.185E+19 1.900E-09 8.593E+19 2.000E-09 8.998E+19 2.100E-09 9.400E+19
 2.200E-09 9.798E+19 2.300E-09 1.019E+20 2.400E-09 1.068E+20 2.550E-09 1.126E+20
 2.700E-09 1.174E+20 2.800E-09 1.231E+20 3.000E-09 1.305E+20 3.200E-09 1.379E+20
 3.400E-09 1.451E+20 3.600E-09 1.521E+20 3.800E-09 1.591E+20 4.000E-09 1.668E+20
 4.250E-09 1.751E+20 4.500E-09 1.833E+20 4.750E-09 1.913E+20 5.000E-09 1.992E+20
 5.250E-09 2.068E+20 5.500E-09 2.143E+20 5.750E-09 2.216E+20 6.000E-09 2.295E+20
 6.300E-09 2.379E+20 6.600E-09 2.460E+20 6.900E-09 2.539E+20 7.200E-09 2.628E+20
 7.600E-09 2.727E+20 8.000E-09 2.822E+20 8.400E-09 2.913E+20 8.800E-09 3.001E+20
 9.200E-09 3.085E+20 9.600E-09 3.166E+20 1.000E-08 3.252E+20 1.050E-08 3.344E+20
 1.100E-08 3.431E+20 1.150E-08 3.514E+20 1.200E-08 3.610E+20 1.275E-08 3.717E+20
 1.350E-08 3.815E+20 1.425E-08 3.903E+20 1.500E-08 3.996E+20 1.600E-08 4.089E+20
 1.700E-08 4.168E+20 1.800E-08 4.236E+20 1.900E-08 4.291E+20 2.000E-08 4.336E+20
 2.100E-08 4.371E+20 2.200E-08 4.398E+20 2.300E-08 4.415E+20 2.400E-08 4.425E+20
 2.550E-08 4.423E+20 2.700E-08 4.411E+20 2.800E-08 4.382E+20 3.000E-08 4.328E+20
 3.200E-08 4.257E+20 3.400E-08 4.172E+20 3.600E-08 4.075E+20 3.800E-08 3.968E+20
 4.000E-08 3.839E+20 4.250E-08 3.689E+20 4.500E-08 3.532E+20 4.750E-08 3.373E+20
 5.000E-08 3.186E+20 5.250E-08 2.988E+20 5.500E-08 2.809E+20 5.750E-08 2.648E+20
 6.000E-08 2.490E+20 6.300E-08 2.334E+20 6.600E-08 2.195E+20 6.900E-08 2.072E+20
 7.200E-08 1.947E+20 7.600E-08 1.820E+20 8.000E-08 1.708E+20 8.400E-08 1.607E+20
 8.800E-08 1.517E+20 9.200E-08 1.435E+20 9.600E-08 1.361E+20 1.000E-07 1.275E+20
 1.050E-07 1.181E+20 1.100E-07 1.098E+20 1.150E-07 1.023E+20 1.200E-07 9.418E+19
 1.275E-07 8.567E+19 1.350E-07 7.834E+19 1.425E-07 7.198E+19 1.500E-07 6.557E+19
 1.600E-07 5.930E+19 1.700E-07 5.394E+19 1.800E-07 4.933E+19 1.900E-07 4.533E+19
 2.000E-07 4.182E+19 2.100E-07 3.872E+19 2.200E-07 3.598E+19 2.300E-07 3.355E+19
 2.400E-07 3.088E+19 2.550E-07 2.812E+19 2.700E-07 2.611E+19 2.800E-07 2.399E+19
 3.000E-07 2.164E+19 3.200E-07 1.974E+19 3.400E-07 1.808E+19 3.600E-07 1.662E+19
 3.800E-07 1.534E+19 4.000E-07 1.411E+19 4.250E-07 1.292E+19 4.500E-07 1.191E+19
 4.750E-07 1.102E+19 5.000E-07 1.029E+19 5.250E-07 9.702E+18 5.500E-07 9.173E+18
 5.750E-07 8.696E+18 6.000E-07 8.224E+18 6.300E-07 7.760E+18 6.600E-07 7.342E+18
 6.900E-07 6.979E+18 7.200E-07 6.625E+18 7.600E-07 6.268E+18 8.000E-07 5.947E+18
 8.400E-07 5.657E+18 8.800E-07 5.393E+18 9.200E-07 5.152E+18 9.600E-07 4.932E+18
 1.000E-06 4.711E+18 1.050E-06 4.491E+18 1.100E-06 4.291E+18 1.150E-06 4.108E+18
 1.200E-06 3.901E+18 1.275E-06 3.678E+18 1.350E-06 3.479E+18 1.425E-06 3.300E+18
 1.500E-06 3.114E+18 1.600E-06 2.925E+18 1.700E-06 2.758E+18 1.800E-06 2.609E+18
 1.900E-06 2.475E+18 2.000E-06 2.357E+18 2.100E-06 2.252E+18 2.200E-06 2.156E+18
 2.300E-06 2.068E+18 2.400E-06 1.968E+18 2.550E-06 1.860E+18 2.700E-06 1.779E+18
 2.800E-06 1.692E+18 3.000E-06 1.589E+18 3.200E-06 1.499E+18 3.400E-06 1.419E+18
 3.600E-06 1.349E+18 3.800E-06 1.287E+18 4.000E-06 1.225E+18 4.250E-06 1.162E+18
 4.500E-06 1.103E+18 4.750E-06 1.050E+18 5.000E-06 9.939E+17 5.250E-06 9.358E+17
 5.500E-06 8.822E+17 5.750E-06 8.319E+17 6.000E-06 7.833E+17 6.300E-06 7.363E+17
 6.600E-06 6.945E+17 6.900E-06 6.595E+17 7.200E-06 6.274E+17 7.600E-06 5.958E+17
 8.000E-06 5.672E+17 8.400E-06 5.413E+17 8.800E-06 5.177E+17 9.200E-06 4.962E+17
 9.600E-06 4.764E+17 1.000E-05 4.551E+17 1.050E-05 4.329E+17 1.100E-05 4.128E+17
 1.150E-05 3.944E+17 1.200E-05 3.736E+17 1.275E-05 3.512E+17 1.350E-05 3.313E+17
 1.425E-05 3.135E+17 1.500E-05 2.950E+17 1.600E-05 2.763E+17 1.700E-05 2.598E+17
 1.800E-05 2.451E+17 1.900E-05 2.320E+17 2.000E-05 2.198E+17 2.100E-05 2.085E+17
 2.200E-05 1.983E+17 2.300E-05 1.890E+17 2.400E-05 1.786E+17 2.550E-05 1.673E+17
 2.700E-05 1.589E+17 2.800E-05 1.499E+17 3.000E-05 1.397E+17 3.200E-05 1.310E+17
 3.400E-05 1.234E+17 3.600E-05 1.167E+17 3.800E-05 1.106E+17 4.000E-05 1.045E+17
 4.250E-05 9.847E+16 4.500E-05 9.307E+16 4.750E-05 8.824E+16 5.000E-05 8.404E+16
 5.250E-05 8.098E+16 5.500E-05 7.763E+16 5.750E-05 7.450E+16 6.000E-05 7.136E+16
 6.300E-05 6.823E+16 6.600E-05 6.513E+16 6.900E-05 6.212E+16 7.200E-05 5.898E+16
 7.600E-05 5.559E+16 8.000E-05 5.263E+16 8.400E-05 5.004E+16 8.800E-05 4.750E+16
 9.200E-05 4.534E+16 9.600E-05 4.343E+16 1.000E-04 4.146E+16 1.050E-04 3.948E+16
 1.100E-04 3.779E+16 1.150E-04 3.616E+16 1.200E-04 3.437E+16 1.275E-04 3.240E+16
 1.350E-04 3.071E+16 1.425E-04 2.916E+16 1.500E-04 2.761E+16 1.600E-04 2.597E+16
 1.700E-04 2.445E+16 1.800E-04 2.313E+16 1.900E-04 2.202E+16 2.000E-04 2.099E+16
 2.100E-04 2.008E+16 2.200E-04 1.936E+16 2.300E-04 1.862E+16 2.400E-04 1.767E+16
 2.550E-04 1.686E+16 2.700E-04 1.638E+16 2.800E-04 1.580E+16 3.000E-04 1.484E+16
 3.200E-04 1.398E+16 3.400E-04 1.322E+16 3.600E-04 1.251E+16 3.800E-04 1.181E+16
 4.000E-04 1.090E+16 4.250E-04 1.003E+16 4.500E-04 9.260E+15 4.750E-04 8.664E+15
 5.000E-04 8.058E+15 5.250E-04 7.598E+15 5.500E-04 7.171E+15 5.750E-04 6.839E+15
 6.000E-04 6.502E+15 6.300E-04 6.211E+15 6.600E-04 5.842E+15 6.900E-04 5.541E+15
 7.200E-04 5.281E+15 7.600E-04 5.004E+15 8.000E-04 4.750E+15 8.400E-04 4.541E+15
 8.800E-04 4.314E+15 9.200E-04 4.156E+15 9.600E-04 4.296E+15 1.000E-03 4.152E+15
 1.050E-03 3.935E+15 1.100E-03 3.743E+15 1.150E-03 3.554E+15 1.200E-03 3.249E+15
 1.275E-03 2.891E+15 1.350E-03 2.705E+15 1.425E-03 2.546E+15 1.500E-03 2.393E+15
 1.600E-03 2.231E+15 1.700E-03 2.096E+15 1.800E-03 1.973E+15 1.900E-03 1.865E+15
 2.000E-03 1.773E+15 2.100E-03 1.696E+15 2.200E-03 1.613E+15 2.300E-03 1.534E+15
 2.400E-03 1.450E+15 2.550E-03 1.362E+15 2.700E-03 1.297E+15 2.800E-03 1.229E+15
 3.000E-03 1.159E+15 3.200E-03 1.108E+15 3.400E-03 1.062E+15 3.600E-03 1.023E+15
 3.800E-03 9.853E+14 4.000E-03 9.442E+14 4.250E-03 9.112E+14 4.500E-03 8.763E+14
 4.750E-03 8.431E+14 5.000E-03 8.124E+14 5.250E-03 7.840E+14 5.500E-03 7.501E+14
 5.750E-03 7.284E+14 6.000E-03 7.043E+14 6.300E-03 6.839E+14 6.600E-03 6.602E+14
 6.900E-03 6.384E+14 7.200E-03 6.128E+14 7.600E-03 5.882E+14 8.000E-03 5.639E+14
 8.400E-03 5.441E+14 8.800E-03 5.259E+14 9.200E-03 5.093E+14 9.600E-03 4.941E+14
 1.000E-02 4.763E+14 1.050E-02 4.587E+14 1.100E-02 4.430E+14 1.150E-02 4.278E+14
 1.200E-02 4.103E+14 1.275E-02 3.923E+14 1.350E-02 3.753E+14 1.425E-02 3.602E+14
 1.500E-02 3.452E+14 1.600E-02 3.289E+14 1.700E-02 3.140E+14 1.800E-02 3.011E+14
 1.900E-02 2.889E+14 2.000E-02 2.777E+14 2.100E-02 2.677E+14 2.200E-02 2.586E+14
 2.300E-02 2.502E+14 2.400E-02 2.406E+14 2.550E-02 2.299E+14 2.700E-02 2.218E+14
 2.800E-02 2.130E+14 3.000E-02 2.029E+14 3.200E-02 1.946E+14 3.400E-02 1.870E+14
 3.600E-02 1.803E+14 3.800E-02 1.741E+14 4.000E-02 1.677E+14 4.250E-02 1.612E+14
 4.500E-02 1.554E+14 4.750E-02 1.500E+14 5.000E-02 1.447E+14 5.250E-02 1.395E+14
 5.500E-02 1.348E+14 5.750E-02 1.304E+14 6.000E-02 1.259E+14 6.300E-02 1.214E+14
 6.600E-02 1.172E+14 6.900E-02 1.134E+14 7.200E-02 1.094E+14 7.600E-02 1.053E+14
 8.000E-02 1.015E+14 8.400E-02 9.795E+13 8.800E-02 9.479E+13 9.200E-02 9.184E+13
 9.600E-02 8.911E+13 1.000E-01 8.631E+13 1.050E-01 8.355E+13 1.100E-01 8.089E+13
 1.150E-01 7.847E+13 1.200E-01 7.568E+13 1.275E-01 7.264E+13 1.350E-01 6.982E+13
 1.425E-01 6.730E+13 1.500E-01 6.461E+13 1.600E-01 6.185E+13 1.700E-01 5.935E+13
 1.800E-01 5.709E+13 1.900E-01 5.502E+13 2.000E-01 5.307E+13 2.100E-01 5.126E+13
 2.200E-01 4.956E+13 2.300E-01 4.798E+13 2.400E-01 4.619E+13 2.550E-01 4.424E+13
 2.700E-01 4.275E+13 2.800E-01 4.114E+13 3.000E-01 3.929E+13 3.200E-01 3.772E+13
 3.400E-01 3.633E+13 3.600E-01 3.511E+13 3.800E-01 3.402E+13 4.000E-01 3.291E+13
 4.250E-01 3.179E+13 4.500E-01 3.078E+13 4.750E-01 2.989E+13 5.000E-01 2.913E+13
 5.250E-01 2.848E+13 5.500E-01 2.788E+13 5.750E-01 2.731E+13 6.000E-01 2.670E+13
 6.300E-01 2.607E+13 6.600E-01 2.548E+13 6.900E-01 2.490E+13 7.200E-01 2.417E+13
 7.600E-01 2.337E+13 8.000E-01 2.261E+13 8.400E-01 2.192E+13 8.800E-01 2.126E+13
 9.200E-01 2.066E+13 9.600E-01 2.011E+13 1.000E+00 1.915E+13 1.100E+00 1.793E+13
 1.200E+00 1.690E+13 1.300E+00 1.603E+13 1.400E+00 1.525E+13 1.500E+00 1.433E+13
 1.600E+00 1.330E+13 1.700E+00 1.237E+13 1.800E+00 1.154E+13 1.900E+00 1.082E+13
 2.000E+00 1.004E+13 2.100E+00 9.225E+12 2.200E+00 8.509E+12 2.300E+00 7.871E+12
 2.400E+00 7.281E+12 2.500E+00 6.741E+12 2.600E+00 6.249E+12 2.700E+00 5.807E+12
 2.800E+00 5.427E+12 2.900E+00 5.091E+12 3.000E+00 4.764E+12 3.100E+00 4.466E+12
 3.200E+00 4.199E+12 3.300E+00 3.951E+12 3.400E+00 3.722E+12 3.500E+00 3.505E+12
 3.600E+00 3.292E+12 3.700E+00 3.103E+12 3.800E+00 2.935E+12 3.900E+00 2.786E+12
 4.000E+00 2.668E+12 4.100E+00 2.570E+12 4.200E+00 2.467E+12 4.300E+00 2.361E+12
 4.400E+00 2.259E+12 4.500E+00 2.160E+12 4.600E+00 2.065E+12 4.700E+00 1.978E+12
 4.800E+00 1.897E+12 4.900E+00 1.821E+12 5.000E+00 1.727E+12 5.100E+00 1.618E+12
 5.200E+00 1.521E+12 5.300E+00 1.437E+12 5.400E+00 1.361E+12 5.500E+00 1.292E+12
 5.600E+00 1.225E+12 5.700E+00 1.163E+12 5.800E+00 1.104E+12 5.900E+00 1.047E+12
 6.000E+00 9.788E+11 6.100E+00 9.013E+11 6.200E+00 8.322E+11 6.300E+00 7.511E+11
 6.400E+00 6.846E+11 6.500E+00 6.245E+11 6.600E+00 5.744E+11 6.700E+00 5.318E+11
 6.800E+00 5.014E+11 6.900E+00 4.693E+11 7.000E+00 4.288E+11 7.100E+00 3.814E+11
 7.200E+00 3.380E+11 7.300E+00 2.971E+11 7.400E+00 2.638E+11 7.500E+00 2.336E+11
 7.600E+00 2.066E+11 7.700E+00 1.822E+11 7.800E+00 1.624E+11 7.900E+00 1.443E+11
 8.000E+00 1.314E+11 8.100E+00 1.221E+11 8.200E+00 1.140E+11 8.300E+00 1.066E+11
 8.400E+00 1.001E+11 8.500E+00 9.405E+10 8.600E+00 8.832E+10 8.700E+00 8.283E+10
 8.800E+00 7.756E+10 8.900E+00 7.254E+10 9.000E+00 6.776E+10 9.100E+00 6.328E+10
 9.200E+00 5.908E+10 9.300E+00 5.511E+10 9.400E+00 5.138E+10 9.500E+00 4.790E+10
 9.600E+00 4.464E+10 9.700E+00 4.159E+10 9.800E+00 3.862E+10 9.900E+00 3.586E+10
 1.000E+01 3.329E+10 1.010E+01 3.089E+10 1.020E+01 2.867E+10 1.030E+01 2.670E+10
 1.040E+01 2.486E+10 1.050E+01 2.315E+10 1.060E+01 2.154E+10 1.070E+01 2.005E+10
 1.080E+01 1.869E+10 1.090E+01 1.742E+10 1.100E+01 1.623E+10 1.110E+01 1.512E+10
 1.120E+01 1.409E+10 1.130E+01 1.307E+10 1.140E+01 1.213E+10 1.150E+01 1.124E+10
 1.160E+01 1.042E+10 1.170E+01 9.656E+09 1.180E+01 8.983E+09 1.190E+01 8.373E+09
 1.200E+01 7.804E+09 1.210E+01 7.420E+09 1.220E+01 7.012E+09 1.230E+01 6.718E+09
 1.240E+01 6.371E+09 1.250E+01 6.063E+09 1.260E+01 5.701E+09 1.270E+01 5.373E+09
 1.280E+01 5.028E+09 1.290E+01 4.706E+09 1.300E+01 4.387E+09 1.310E+01 4.092E+09
 1.320E+01 3.808E+09 1.330E+01 3.546E+09 1.340E+01 3.299E+09 1.350E+01 3.071E+09
 1.360E+01 2.856E+09 1.370E+01 2.657E+09 1.380E+01 2.470E+09 1.390E+01 2.295E+09
 1.400E+01 2.132E+09 1.410E+01 1.981E+09 1.420E+01 1.840E+09 1.430E+01 1.710E+09
 1.440E+01 1.588E+09 1.450E+01 1.475E+09 1.460E+01 1.370E+09 1.470E+01 1.273E+09
 1.480E+01 1.182E+09 1.490E+01 1.098E+09 1.500E+01 1.020E+09 1.510E+01 9.469E+08
 1.520E+01 8.792E+08 1.530E+01 8.165E+08 1.540E+01 7.582E+08 1.550E+01 7.041E+08
 1.560E+01 6.538E+08 1.570E+01 6.070E+08 1.580E+01 5.635E+08 1.590E+01 5.232E+08
 1.600E+01 4.857E+08 1.610E+01 4.508E+08 1.620E+01 4.185E+08 1.630E+01 3.885E+08
 1.640E+01 3.606E+08 1.650E+01 3.347E+08 1.660E+01 3.107E+08 1.670E+01 2.884E+08
 1.680E+01 2.677E+08 1.690E+01 2.485E+08 1.700E+01 2.306E+08 1.710E+01 2.140E+08
 1.720E+01 1.987E+08 1.730E+01 1.844E+08 1.740E+01 1.711E+08 1.750E+01 1.588E+08
 1.760E+01 1.473E+08 1.770E+01 1.367E+08 1.780E+01 1.269E+08 1.790E+01 1.177E+08
 1.800E+01 1.093E+08 1.810E+01 1.014E+08 1.820E+01 9.237E+07 1.830E+01 8.565E+07
 1.840E+01 7.940E+07 1.850E+01 7.359E+07 1.860E+01 6.819E+07 1.870E+01 6.317E+07
 1.880E+01 5.851E+07 1.890E+01 5.418E+07 1.900E+01 5.016E+07 1.910E+01 4.644E+07
 1.920E+01 4.300E+07 1.930E+01 3.982E+07 1.940E+01 3.689E+07 1.950E+01 3.419E+07
 1.960E+01 3.166E+07 1.970E+01 2.931E+07 1.980E+01 2.711E+07 1.990E+01 2.505E+07
 2.000E+01 0.000E+00
