spectrum
 sand ii input file for bare frec, bfre
 1.000E-10 4.847E+18 1.050E-10 5.082E+18 1.100E-10 5.318E+18 1.150E-10 5.553E+18
 1.200E-10 5.847E+18 1.275E-10 6.199E+18 1.350E-10 6.551E+18 1.425E-10 6.903E+18
 1.500E-10 7.313E+18 1.600E-10 7.782E+18 1.700E-10 8.250E+18 1.800E-10 8.719E+18
 1.900E-10 9.186E+18 2.000E-10 9.654E+18 2.100E-10 1.012E+19 2.200E-10 1.059E+19
 2.300E-10 1.105E+19 2.400E-10 1.164E+19 2.550E-10 1.233E+19 2.700E-10 1.291E+19
 2.800E-10 1.361E+19 3.000E-10 1.454E+19 3.200E-10 1.546E+19 3.400E-10 1.639E+19
 3.600E-10 1.731E+19 3.800E-10 1.823E+19 4.000E-10 1.927E+19 4.250E-10 2.042E+19
 4.500E-10 2.156E+19 4.750E-10 2.270E+19 5.000E-10 2.384E+19 5.250E-10 2.498E+19
 5.500E-10 2.611E+19 5.750E-10 2.725E+19 6.000E-10 2.849E+19 6.300E-10 2.985E+19
 6.600E-10 3.120E+19 6.900E-10 3.255E+19 7.200E-10 3.412E+19 7.600E-10 3.591E+19
 8.000E-10 3.769E+19 8.400E-10 3.947E+19 8.800E-10 4.124E+19 9.200E-10 4.300E+19
 9.600E-10 4.476E+19 1.000E-09 4.673E+19 1.050E-09 4.891E+19 1.100E-09 5.109E+19
 1.150E-09 5.325E+19 1.200E-09 5.594E+19 1.275E-09 5.915E+19 1.350E-09 6.235E+19
 1.425E-09 6.552E+19 1.500E-09 6.921E+19 1.600E-09 7.339E+19 1.700E-09 7.753E+19
 1.800E-09 8.163E+19 1.900E-09 8.571E+19 2.000E-09 8.975E+19 2.100E-09 9.375E+19
 2.200E-09 9.773E+19 2.300E-09 1.017E+20 2.400E-09 1.065E+20 2.550E-09 1.123E+20
 2.700E-09 1.171E+20 2.800E-09 1.227E+20 3.000E-09 1.302E+20 3.200E-09 1.375E+20
 3.400E-09 1.447E+20 3.600E-09 1.517E+20 3.800E-09 1.587E+20 4.000E-09 1.663E+20
 4.250E-09 1.747E+20 4.500E-09 1.829E+20 4.750E-09 1.908E+20 5.000E-09 1.986E+20
 5.250E-09 2.063E+20 5.500E-09 2.137E+20 5.750E-09 2.210E+20 6.000E-09 2.289E+20
 6.300E-09 2.372E+20 6.600E-09 2.454E+20 6.900E-09 2.532E+20 7.200E-09 2.622E+20
 7.600E-09 2.720E+20 8.000E-09 2.814E+20 8.400E-09 2.905E+20 8.800E-09 2.993E+20
 9.200E-09 3.077E+20 9.600E-09 3.157E+20 1.000E-08 3.244E+20 1.050E-08 3.335E+20
 1.100E-08 3.422E+20 1.150E-08 3.504E+20 1.200E-08 3.600E+20 1.275E-08 3.707E+20
 1.350E-08 3.805E+20 1.425E-08 3.893E+20 1.500E-08 3.985E+20 1.600E-08 4.078E+20
 1.700E-08 4.157E+20 1.800E-08 4.224E+20 1.900E-08 4.280E+20 2.000E-08 4.325E+20
 2.100E-08 4.360E+20 2.200E-08 4.386E+20 2.300E-08 4.404E+20 2.400E-08 4.413E+20
 2.550E-08 4.412E+20 2.700E-08 4.400E+20 2.800E-08 4.371E+20 3.000E-08 4.317E+20
 3.200E-08 4.246E+20 3.400E-08 4.161E+20 3.600E-08 4.064E+20 3.800E-08 3.958E+20
 4.000E-08 3.829E+20 4.250E-08 3.679E+20 4.500E-08 3.523E+20 4.750E-08 3.364E+20
 5.000E-08 3.179E+20 5.250E-08 2.980E+20 5.500E-08 2.802E+20 5.750E-08 2.642E+20
 6.000E-08 2.484E+20 6.300E-08 2.329E+20 6.600E-08 2.190E+20 6.900E-08 2.067E+20
 7.200E-08 1.942E+20 7.600E-08 1.816E+20 8.000E-08 1.704E+20 8.400E-08 1.604E+20
 8.800E-08 1.514E+20 9.200E-08 1.432E+20 9.600E-08 1.358E+20 1.000E-07 1.272E+20
 1.050E-07 1.178E+20 1.100E-07 1.095E+20 1.150E-07 1.021E+20 1.200E-07 9.399E+19
 1.275E-07 8.549E+19 1.350E-07 7.818E+19 1.425E-07 7.184E+19 1.500E-07 6.545E+19
 1.600E-07 5.919E+19 1.700E-07 5.385E+19 1.800E-07 4.925E+19 1.900E-07 4.525E+19
 2.000E-07 4.175E+19 2.100E-07 3.866E+19 2.200E-07 3.593E+19 2.300E-07 3.350E+19
 2.400E-07 3.084E+19 2.550E-07 2.808E+19 2.700E-07 2.607E+19 2.800E-07 2.395E+19
 3.000E-07 2.159E+19 3.200E-07 1.967E+19 3.400E-07 1.800E+19 3.600E-07 1.653E+19
 3.800E-07 1.525E+19 4.000E-07 1.402E+19 4.250E-07 1.284E+19 4.500E-07 1.183E+19
 4.750E-07 1.094E+19 5.000E-07 1.022E+19 5.250E-07 9.632E+18 5.500E-07 9.105E+18
 5.750E-07 8.630E+18 6.000E-07 8.161E+18 6.300E-07 7.700E+18 6.600E-07 7.285E+18
 6.900E-07 6.924E+18 7.200E-07 6.572E+18 7.600E-07 6.218E+18 8.000E-07 5.899E+18
 8.400E-07 5.611E+18 8.800E-07 5.349E+18 9.200E-07 5.111E+18 9.600E-07 4.892E+18
 1.000E-06 4.673E+18 1.050E-06 4.455E+18 1.100E-06 4.256E+18 1.150E-06 4.075E+18
 1.200E-06 3.869E+18 1.275E-06 3.648E+18 1.350E-06 3.451E+18 1.425E-06 3.274E+18
 1.500E-06 3.089E+18 1.600E-06 2.902E+18 1.700E-06 2.736E+18 1.800E-06 2.588E+18
 1.900E-06 2.456E+18 2.000E-06 2.338E+18 2.100E-06 2.234E+18 2.200E-06 2.139E+18
 2.300E-06 2.052E+18 2.400E-06 1.953E+18 2.550E-06 1.846E+18 2.700E-06 1.766E+18
 2.800E-06 1.680E+18 3.000E-06 1.578E+18 3.200E-06 1.489E+18 3.400E-06 1.411E+18
 3.600E-06 1.342E+18 3.800E-06 1.281E+18 4.000E-06 1.222E+18 4.250E-06 1.161E+18
 4.500E-06 1.103E+18 4.750E-06 1.049E+18 5.000E-06 9.935E+17 5.250E-06 9.355E+17
 5.500E-06 8.810E+17 5.750E-06 8.289E+17 6.000E-06 7.793E+17 6.300E-06 7.318E+17
 6.600E-06 6.897E+17 6.900E-06 6.546E+17 7.200E-06 6.226E+17 7.600E-06 5.911E+17
 8.000E-06 5.626E+17 8.400E-06 5.369E+17 8.800E-06 5.135E+17 9.200E-06 4.921E+17
 9.600E-06 4.724E+17 1.000E-05 4.513E+17 1.050E-05 4.293E+17 1.100E-05 4.093E+17
 1.150E-05 3.910E+17 1.200E-05 3.704E+17 1.275E-05 3.482E+17 1.350E-05 3.285E+17
 1.425E-05 3.109E+17 1.500E-05 2.925E+17 1.600E-05 2.740E+17 1.700E-05 2.576E+17
 1.800E-05 2.430E+17 1.900E-05 2.300E+17 2.000E-05 2.179E+17 2.100E-05 2.067E+17
 2.200E-05 1.966E+17 2.300E-05 1.874E+17 2.400E-05 1.771E+17 2.550E-05 1.659E+17
 2.700E-05 1.576E+17 2.800E-05 1.486E+17 3.000E-05 1.385E+17 3.200E-05 1.299E+17
 3.400E-05 1.224E+17 3.600E-05 1.157E+17 3.800E-05 1.097E+17 4.000E-05 1.037E+17
 4.250E-05 9.769E+16 4.500E-05 9.235E+16 4.750E-05 8.757E+16 5.000E-05 8.342E+16
 5.250E-05 8.003E+16 5.500E-05 7.723E+16 5.750E-05 7.413E+16 6.000E-05 7.101E+16
 6.300E-05 6.789E+16 6.600E-05 6.499E+16 6.900E-05 6.185E+16 7.200E-05 5.873E+16
 7.600E-05 5.539E+16 8.000E-05 5.247E+16 8.400E-05 4.987E+16 8.800E-05 4.733E+16
 9.200E-05 4.518E+16 9.600E-05 4.329E+16 1.000E-04 4.131E+16 1.050E-04 3.937E+16
 1.100E-04 3.772E+16 1.150E-04 3.614E+16 1.200E-04 3.438E+16 1.275E-04 3.244E+16
 1.350E-04 3.076E+16 1.425E-04 2.922E+16 1.500E-04 2.768E+16 1.600E-04 2.605E+16
 1.700E-04 2.455E+16 1.800E-04 2.327E+16 1.900E-04 2.218E+16 2.000E-04 2.118E+16
 2.100E-04 2.028E+16 2.200E-04 1.955E+16 2.300E-04 1.881E+16 2.400E-04 1.786E+16
 2.550E-04 1.700E+16 2.700E-04 1.649E+16 2.800E-04 1.587E+16 3.000E-04 1.490E+16
 3.200E-04 1.403E+16 3.400E-04 1.327E+16 3.600E-04 1.256E+16 3.800E-04 1.188E+16
 4.000E-04 1.102E+16 4.250E-04 1.019E+16 4.500E-04 9.448E+15 4.750E-04 8.854E+15
 5.000E-04 8.235E+15 5.250E-04 7.780E+15 5.500E-04 7.349E+15 5.750E-04 7.007E+15
 6.000E-04 6.681E+15 6.300E-04 6.388E+15 6.600E-04 6.015E+15 6.900E-04 5.710E+15
 7.200E-04 5.443E+15 7.600E-04 5.153E+15 8.000E-04 4.895E+15 8.400E-04 4.675E+15
 8.800E-04 4.423E+15 9.200E-04 4.256E+15 9.600E-04 4.361E+15 1.000E-03 4.204E+15
 1.050E-03 3.987E+15 1.100E-03 3.795E+15 1.150E-03 3.607E+15 1.200E-03 3.318E+15
 1.275E-03 2.975E+15 1.350E-03 2.781E+15 1.425E-03 2.615E+15 1.500E-03 2.456E+15
 1.600E-03 2.286E+15 1.700E-03 2.148E+15 1.800E-03 2.020E+15 1.900E-03 1.906E+15
 2.000E-03 1.805E+15 2.100E-03 1.721E+15 2.200E-03 1.626E+15 2.300E-03 1.535E+15
 2.400E-03 1.445E+15 2.550E-03 1.354E+15 2.700E-03 1.289E+15 2.800E-03 1.222E+15
 3.000E-03 1.155E+15 3.200E-03 1.108E+15 3.400E-03 1.076E+15 3.600E-03 1.050E+15
 3.800E-03 1.020E+15 4.000E-03 9.814E+14 4.250E-03 9.482E+14 4.500E-03 9.136E+14
 4.750E-03 8.802E+14 5.000E-03 8.487E+14 5.250E-03 8.202E+14 5.500E-03 7.858E+14
 5.750E-03 7.625E+14 6.000E-03 7.366E+14 6.300E-03 7.142E+14 6.600E-03 6.883E+14
 6.900E-03 6.644E+14 7.200E-03 6.372E+14 7.600E-03 6.115E+14 8.000E-03 5.860E+14
 8.400E-03 5.665E+14 8.800E-03 5.491E+14 9.200E-03 5.329E+14 9.600E-03 5.170E+14
 1.000E-02 4.993E+14 1.050E-02 4.803E+14 1.100E-02 4.631E+14 1.150E-02 4.477E+14
 1.200E-02 4.299E+14 1.275E-02 4.111E+14 1.350E-02 3.931E+14 1.425E-02 3.774E+14
 1.500E-02 3.610E+14 1.600E-02 3.439E+14 1.700E-02 3.280E+14 1.800E-02 3.144E+14
 1.900E-02 3.017E+14 2.000E-02 2.904E+14 2.100E-02 2.797E+14 2.200E-02 2.701E+14
 2.300E-02 2.614E+14 2.400E-02 2.513E+14 2.550E-02 2.399E+14 2.700E-02 2.314E+14
 2.800E-02 2.222E+14 3.000E-02 2.101E+14 3.200E-02 2.015E+14 3.400E-02 1.935E+14
 3.600E-02 1.866E+14 3.800E-02 1.801E+14 4.000E-02 1.747E+14 4.250E-02 1.679E+14
 4.500E-02 1.616E+14 4.750E-02 1.554E+14 5.000E-02 1.499E+14 5.250E-02 1.444E+14
 5.500E-02 1.396E+14 5.750E-02 1.351E+14 6.000E-02 1.308E+14 6.300E-02 1.261E+14
 6.600E-02 1.218E+14 6.900E-02 1.178E+14 7.200E-02 1.136E+14 7.600E-02 1.093E+14
 8.000E-02 1.053E+14 8.400E-02 1.016E+14 8.800E-02 9.827E+13 9.200E-02 9.520E+13
 9.600E-02 9.238E+13 1.000E-01 8.947E+13 1.050E-01 8.632E+13 1.100E-01 8.357E+13
 1.150E-01 8.104E+13 1.200E-01 7.815E+13 1.275E-01 7.494E+13 1.350E-01 7.220E+13
 1.425E-01 6.957E+13 1.500E-01 6.678E+13 1.600E-01 6.390E+13 1.700E-01 6.130E+13
 1.800E-01 5.892E+13 1.900E-01 5.676E+13 2.000E-01 5.473E+13 2.100E-01 5.280E+13
 2.200E-01 5.105E+13 2.300E-01 4.943E+13 2.400E-01 4.757E+13 2.550E-01 4.552E+13
 2.700E-01 4.399E+13 2.800E-01 4.232E+13 3.000E-01 4.040E+13 3.200E-01 3.877E+13
 3.400E-01 3.733E+13 3.600E-01 3.606E+13 3.800E-01 3.491E+13 4.000E-01 3.374E+13
 4.250E-01 3.256E+13 4.500E-01 3.151E+13 4.750E-01 3.056E+13 5.000E-01 2.976E+13
 5.250E-01 2.908E+13 5.500E-01 2.844E+13 5.750E-01 2.784E+13 6.000E-01 2.721E+13
 6.300E-01 2.655E+13 6.600E-01 2.595E+13 6.900E-01 2.534E+13 7.200E-01 2.460E+13
 7.600E-01 2.378E+13 8.000E-01 2.302E+13 8.400E-01 2.232E+13 8.800E-01 2.167E+13
 9.200E-01 2.108E+13 9.600E-01 2.052E+13 1.000E+00 1.956E+13 1.100E+00 1.834E+13
 1.200E+00 1.734E+13 1.300E+00 1.651E+13 1.400E+00 1.577E+13 1.500E+00 1.486E+13
 1.600E+00 1.381E+13 1.700E+00 1.284E+13 1.800E+00 1.195E+13 1.900E+00 1.114E+13
 2.000E+00 1.025E+13 2.100E+00 9.320E+12 2.200E+00 8.517E+12 2.300E+00 7.816E+12
 2.400E+00 7.206E+12 2.500E+00 6.667E+12 2.600E+00 6.181E+12 2.700E+00 5.736E+12
 2.800E+00 5.330E+12 2.900E+00 4.967E+12 3.000E+00 4.631E+12 3.100E+00 4.311E+12
 3.200E+00 4.031E+12 3.300E+00 3.782E+12 3.400E+00 3.554E+12 3.500E+00 3.344E+12
 3.600E+00 3.153E+12 3.700E+00 2.973E+12 3.800E+00 2.806E+12 3.900E+00 2.652E+12
 4.000E+00 2.521E+12 4.100E+00 2.410E+12 4.200E+00 2.310E+12 4.300E+00 2.219E+12
 4.400E+00 2.133E+12 4.500E+00 2.053E+12 4.600E+00 1.977E+12 4.700E+00 1.905E+12
 4.800E+00 1.838E+12 4.900E+00 1.776E+12 5.000E+00 1.697E+12 5.100E+00 1.602E+12
 5.200E+00 1.515E+12 5.300E+00 1.436E+12 5.400E+00 1.362E+12 5.500E+00 1.293E+12
 5.600E+00 1.228E+12 5.700E+00 1.165E+12 5.800E+00 1.106E+12 5.900E+00 1.049E+12
 6.000E+00 9.796E+11 6.100E+00 9.009E+11 6.200E+00 8.238E+11 6.300E+00 7.464E+11
 6.400E+00 6.762E+11 6.500E+00 6.158E+11 6.600E+00 5.643E+11 6.700E+00 5.222E+11
 6.800E+00 4.877E+11 6.900E+00 4.563E+11 7.000E+00 4.152E+11 7.100E+00 3.673E+11
 7.200E+00 3.242E+11 7.300E+00 2.854E+11 7.400E+00 2.518E+11 7.500E+00 2.225E+11
 7.600E+00 1.964E+11 7.700E+00 1.734E+11 7.800E+00 1.539E+11 7.900E+00 1.368E+11
 8.000E+00 1.244E+11 8.100E+00 1.157E+11 8.200E+00 1.079E+11 8.300E+00 1.008E+11
 8.400E+00 9.440E+10 8.500E+00 8.832E+10 8.600E+00 8.255E+10 8.700E+00 7.709E+10
 8.800E+00 7.198E+10 8.900E+00 6.720E+10 9.000E+00 6.276E+10 9.100E+00 5.861E+10
 9.200E+00 5.470E+10 9.300E+00 5.101E+10 9.400E+00 4.755E+10 9.500E+00 4.430E+10
 9.600E+00 4.124E+10 9.700E+00 3.836E+10 9.800E+00 3.565E+10 9.900E+00 3.309E+10
 1.000E+01 3.070E+10 1.010E+01 2.851E+10 1.020E+01 2.649E+10 1.030E+01 2.464E+10
 1.040E+01 2.294E+10 1.050E+01 2.138E+10 1.060E+01 1.992E+10 1.070E+01 1.855E+10
 1.080E+01 1.727E+10 1.090E+01 1.607E+10 1.100E+01 1.495E+10 1.110E+01 1.390E+10
 1.120E+01 1.291E+10 1.130E+01 1.198E+10 1.140E+01 1.112E+10 1.150E+01 1.032E+10
 1.160E+01 9.591E+09 1.170E+01 8.934E+09 1.180E+01 8.332E+09 1.190E+01 7.790E+09
 1.200E+01 7.372E+09 1.210E+01 7.036E+09 1.220E+01 6.738E+09 1.230E+01 6.445E+09
 1.240E+01 6.142E+09 1.250E+01 5.816E+09 1.260E+01 5.483E+09 1.270E+01 5.153E+09
 1.280E+01 4.829E+09 1.290E+01 4.516E+09 1.300E+01 4.215E+09 1.310E+01 3.929E+09
 1.320E+01 3.659E+09 1.330E+01 3.405E+09 1.340E+01 3.168E+09 1.350E+01 2.947E+09
 1.360E+01 2.742E+09 1.370E+01 2.550E+09 1.380E+01 2.371E+09 1.390E+01 2.204E+09
 1.400E+01 2.048E+09 1.410E+01 1.903E+09 1.420E+01 1.769E+09 1.430E+01 1.643E+09
 1.440E+01 1.527E+09 1.450E+01 1.418E+09 1.460E+01 1.318E+09 1.470E+01 1.224E+09
 1.480E+01 1.137E+09 1.490E+01 1.056E+09 1.500E+01 9.807E+08 1.510E+01 9.108E+08
 1.520E+01 8.457E+08 1.530E+01 7.853E+08 1.540E+01 7.293E+08 1.550E+01 6.772E+08
 1.560E+01 6.288E+08 1.570E+01 5.839E+08 1.580E+01 5.421E+08 1.590E+01 5.033E+08
 1.600E+01 4.672E+08 1.610E+01 4.338E+08 1.620E+01 4.027E+08 1.630E+01 3.738E+08
 1.640E+01 3.470E+08 1.650E+01 3.222E+08 1.660E+01 2.991E+08 1.670E+01 2.776E+08
 1.680E+01 2.577E+08 1.690E+01 2.392E+08 1.700E+01 2.220E+08 1.710E+01 2.060E+08
 1.720E+01 1.912E+08 1.730E+01 1.775E+08 1.740E+01 1.647E+08 1.750E+01 1.529E+08
 1.760E+01 1.419E+08 1.770E+01 1.317E+08 1.780E+01 1.222E+08 1.790E+01 1.134E+08
 1.800E+01 1.052E+08 1.810E+01 9.763E+07 1.820E+01 9.059E+07 1.830E+01 8.406E+07
 1.840E+01 7.800E+07 1.850E+01 7.238E+07 1.860E+01 6.715E+07 1.870E+01 6.231E+07
 1.880E+01 5.781E+07 1.890E+01 5.364E+07 1.900E+01 4.977E+07 1.910E+01 4.618E+07
 1.920E+01 4.284E+07 1.930E+01 3.975E+07 1.940E+01 3.688E+07 1.950E+01 3.421E+07
 1.960E+01 3.174E+07 1.970E+01 2.945E+07 1.980E+01 2.732E+07 1.990E+01 2.534E+07
 2.000E+01 0.000E+00
