    19.95000          0.9999839E-36
    19.85000          0.9999839E-36
    19.75000          0.9999838E-36
    19.65000          0.9999839E-36
    19.55000          0.9999839E-36
    19.45000          0.9999839E-36
    19.35000          0.9999839E-36
    19.25000          0.9999838E-36
    19.15000          0.9999839E-36
    19.05000          0.9999839E-36
    18.95000          0.9999839E-36
    18.85000          0.9999839E-36
    18.75000          0.9999838E-36
    18.65000          0.9999839E-36
    18.55000          0.9999839E-36
    18.45000          0.9999839E-36
    18.35000          0.9999839E-36
    18.25000          0.9999838E-36
    18.15000          0.9999839E-36
    18.05000          0.9999839E-36
    17.95000          0.9999839E-36
    17.85000          0.9999839E-36
    17.75000          0.9999838E-36
    17.65000          0.9999839E-36
    17.55000          0.9999839E-36
    17.45000          0.9999839E-36
    17.35000          0.9999839E-36
    17.25000          0.9999838E-36
    17.15000          0.9999839E-36
    17.05000          0.9999839E-36
    16.95000          0.9999839E-36
    16.85000          0.9999839E-36
    16.75000          0.9999838E-36
    16.65000          0.9999839E-36
    16.55000          0.9999839E-36
    16.45000          0.9999839E-36
    16.35000          0.9999839E-36
    16.25000          0.9999838E-36
    16.15000          0.9999839E-36
    16.05000          0.9999839E-36
    15.95000          0.9999839E-36
    15.85000          0.9999839E-36
    15.75000          0.9999839E-36
    15.65000          0.9999839E-36
    15.55000          0.9999839E-36
    15.45000          0.9999839E-36
    15.35000          0.9999839E-36
    15.25000          0.9999839E-36
    15.15000          0.9999839E-36
    15.05000          0.9999839E-36
    14.95000          0.9999839E-36
    14.85000          0.9999839E-36
    14.75000          0.9999839E-36
    14.65000          0.9999839E-36
    14.55000          0.9999839E-36
    14.45000          0.9999839E-36
    14.35000          0.9999839E-36
    14.25000          0.9999839E-36
    14.15000          0.9999839E-36
    14.05000          0.9999839E-36
    13.95000          0.9999839E-36
    13.85000          0.9999839E-36
    13.75000          0.9999839E-36
    13.65000          0.9999839E-36
    13.55000          0.9999839E-36
    13.45000          0.9999839E-36
    13.35000          0.9999839E-36
    13.25000          0.9999839E-36
    13.15000          0.9999839E-36
    13.05000          0.9999839E-36
    12.95000          0.9999839E-36
    12.85000          0.9999839E-36
    12.75000          0.9999839E-36
    12.65000          0.9999839E-36
    12.55000          0.9999839E-36
    12.45000          0.9999839E-36
    12.35000          0.9999839E-36
    12.25000          0.9999839E-36
    12.15000          0.9999839E-36
    12.05000          0.9999839E-36
    11.95000          0.9999839E-36
    11.85000          0.9999839E-36
    11.75000          0.9999839E-36
    11.65000          0.9999839E-36
    11.55000          0.9999839E-36
    11.45000          0.9999839E-36
    11.35000          0.9999839E-36
    11.25000          0.9999839E-36
    11.15000          0.9999839E-36
    11.05000          0.9999839E-36
    10.95000          0.9999839E-36
    10.85000          0.9999839E-36
    10.75000          0.9999839E-36
    10.65000          0.9999839E-36
    10.55000          0.9999839E-36
    10.45000          0.9999839E-36
    10.35000          0.9999839E-36
    10.25000          0.9999839E-36
    10.15000          0.9999839E-36
    10.05000          0.9999839E-36
    9.950000          0.9999839E-36
    9.850000          0.9999839E-36
    9.750000          0.9999839E-36
    9.650000          0.9999839E-36
    9.550000          0.9999839E-36
    9.450000          0.9999839E-36
    9.350000          0.9999839E-36
    9.250000          0.9999839E-36
    9.150000          0.9999839E-36
    9.050000          0.9999839E-36
    8.950000          0.9999839E-36
    8.850000          0.9999839E-36
    8.750000          0.9999839E-36
    8.650000          0.9999839E-36
    8.550000          0.9999839E-36
    8.450000          0.9999839E-36
    8.350000          0.9999839E-36
    8.250000          0.9999839E-36
    8.150000          0.9999839E-36
    8.050000          0.9999839E-36
    7.950000          0.9999839E-36
    7.850000          0.9999839E-36
    7.750000          0.9999839E-36
    7.650000          0.9999839E-36
    7.550000          0.9999839E-36
    7.450000          0.9999839E-36
    7.350000          0.9999839E-36
    7.250000          0.9999839E-36
    7.150000          0.9999839E-36
    7.050000          0.9999839E-36
    6.950000          0.9999839E-36
    6.850000          0.9999839E-36
    6.750000          0.9999839E-36
    6.650000          0.9999839E-36
    6.550000          0.9999839E-36
    6.450000          0.9999839E-36
    6.350000          0.9999839E-36
    6.250000          0.9999839E-36
    6.150000          0.9999839E-36
    6.050000          0.1252980E-07
    5.950000          0.2584958E-07
    5.850000          0.2750956E-07
    5.750000          0.2925953E-07
    5.650000          0.3112950E-07
    5.550000          0.3309947E-07
    5.450000          0.3519943E-07
    5.350000          0.3741940E-07
    5.250000          0.3976936E-07
    5.150000          0.4226932E-07
    5.050000          0.4491928E-07
    4.950000          0.4771923E-07
    4.850000          0.5067918E-07
    4.750000          0.5381914E-07
    4.650000          0.5713908E-07
    4.550000          0.6064902E-07
    4.450000          0.6435896E-07
    4.350000          0.6827889E-07
    4.250000          0.7241884E-07
    4.150000          0.7677875E-07
    4.050000          0.8138868E-07
    3.950000          0.8624860E-07
    3.850000          0.9136852E-07
    3.750000          0.9675845E-07
    3.650000          0.1023984E-06
    3.550000          0.1083982E-06
    3.450000          0.1146982E-06
    3.350000          0.1211981E-06
    3.250000          0.1280979E-06
    3.150000          0.1352978E-06
    3.050000          0.1428977E-06
    2.950000          0.1507976E-06
    2.850000          0.1589974E-06
    2.750000          0.1675973E-06
    2.650000          0.1765972E-06
    2.550000          0.1858970E-06
    2.450000          0.1954968E-06
    2.350000          0.2054967E-06
    2.250000          0.2156965E-06
    2.150000          0.2262964E-06
    2.050000          0.2370962E-06
    1.950000          0.2480960E-06
    1.850000          0.2592958E-06
    1.750000          0.2705956E-06
    1.650000          0.2818954E-06
    1.550000          0.2930953E-06
    1.450000          0.2935953E-06
    1.350000          0.2934953E-06
    1.250000          0.3036951E-06
    1.150000          0.3133949E-06
    1.050000          0.3220948E-06
   0.9800000          0.3275947E-06
   0.9400000          0.3303946E-06
   0.9000000          0.3327946E-06
   0.8600000          0.3349946E-06
   0.8200000          0.3367946E-06
   0.7800000          0.3457944E-06
   0.7400000          0.3553943E-06
   0.7050000          0.3572943E-06
   0.6750000          0.3585942E-06
   0.6450000          0.3594942E-06
   0.6150000          0.3599942E-06
   0.5875000          0.3601942E-06
   0.5625000          0.3598942E-06
   0.5375000          0.3592942E-06
   0.5125000          0.3582942E-06
   0.4875000          0.3568942E-06
   0.4625000          0.3549943E-06
   0.4375000          0.3525943E-06
   0.4125000          0.3495943E-06
   0.3900000          0.3463944E-06
   0.3700000          0.3430945E-06
   0.3500000          0.3392945E-06
   0.3300000          0.3350946E-06
   0.3100000          0.3302947E-06
   0.2900000          0.3247948E-06
   0.2750000          0.3202948E-06
   0.2625000          0.3161949E-06
   0.2475000          0.3089950E-06
   0.2350000          0.3003952E-06
   0.2250000          0.2925953E-06
   0.2150000          0.2846954E-06
   0.2050000          0.2766955E-06
   0.1950000          0.2684957E-06
   0.1850000          0.2601958E-06
   0.1750000          0.2517959E-06
   0.1650000          0.2431961E-06
   0.1550000          0.2343962E-06
   0.1462500          0.2265963E-06
   0.1387500          0.2197964E-06
   0.1312500          0.2127966E-06
   0.1237500          0.2055967E-06
   0.1175000          0.1995968E-06
   0.1125000          0.1946969E-06
   0.1075000          0.1896969E-06
   0.1025000          0.1846970E-06
   0.9800000E-01      0.1800971E-06
   0.9400000E-01      0.1758972E-06
   0.9000000E-01      0.1715972E-06
   0.8600000E-01      0.1672973E-06
   0.8200000E-01      0.1628974E-06
   0.7799999E-01      0.1584975E-06
   0.7400000E-01      0.1538975E-06
   0.7050000E-01      0.1498976E-06
   0.6750000E-01      0.1462976E-06
   0.6450000E-01      0.1426977E-06
   0.6150000E-01      0.1390978E-06
   0.5875000E-01      0.1356978E-06
   0.5625000E-01      0.1324978E-06
   0.5375000E-01      0.1292979E-06
   0.5125000E-01      0.1259980E-06
   0.4875000E-01      0.1225980E-06
   0.4625000E-01      0.1191981E-06
   0.4375000E-01      0.1157981E-06
   0.4125000E-01      0.1121982E-06
   0.3900000E-01      0.1088983E-06
   0.3700000E-01      0.1058983E-06
   0.3500000E-01      0.1028983E-06
   0.3300000E-01      0.9969839E-07
   0.3100000E-01      0.9645844E-07
   0.2900000E-01      0.9314850E-07
   0.2750000E-01      0.9059854E-07
   0.2625000E-01      0.8841858E-07
   0.2475000E-01      0.8575862E-07
   0.2350000E-01      0.8347866E-07
   0.2250000E-01      0.8160868E-07
   0.2150000E-01      0.7970871E-07
   0.2050000E-01      0.7776875E-07
   0.1950000E-01      0.7578879E-07
   0.1850000E-01      0.7375881E-07
   0.1750000E-01      0.7167885E-07
   0.1650000E-01      0.6954888E-07
   0.1550000E-01      0.6734892E-07
   0.1462500E-01      0.6536895E-07
   0.1387500E-01      0.6362897E-07
   0.1312500E-01      0.6184900E-07
   0.1237500E-01      0.6001903E-07
   0.1175000E-01      0.5845906E-07
   0.1125000E-01      0.5717908E-07
   0.1075000E-01      0.5586910E-07
   0.1025000E-01      0.5452912E-07
   0.9800000E-02      0.5329914E-07
   0.9400001E-02      0.5218916E-07
   0.9000000E-02      0.5104918E-07
   0.8600000E-02      0.4987920E-07
   0.8200000E-02      0.4868922E-07
   0.7800000E-02      0.4746924E-07
   0.7400000E-02      0.4621926E-07
   0.7050000E-02      0.4509927E-07
   0.6750000E-02      0.4411928E-07
   0.6450000E-02      0.4311931E-07
   0.6150000E-02      0.4208932E-07
   0.5875000E-02      0.4112933E-07
   0.5625000E-02      0.4023935E-07
   0.5375000E-02      0.3931937E-07
   0.5125000E-02      0.3838938E-07
   0.4875000E-02      0.3743940E-07
   0.4625000E-02      0.3645941E-07
   0.4375000E-02      0.3544943E-07
   0.4125000E-02      0.3440944E-07
   0.3900000E-02      0.3344946E-07
   0.3700000E-02      0.3257948E-07
   0.3500000E-02      0.3167948E-07
   0.3300000E-02      0.3075950E-07
   0.3100000E-02      0.2980952E-07
   0.2900000E-02      0.2881954E-07
   0.2750000E-02      0.2806955E-07
   0.2625000E-02      0.2741956E-07
   0.2475000E-02      0.2661957E-07
   0.2350000E-02      0.2593958E-07
   0.2250000E-02      0.2537959E-07
   0.2150000E-02      0.2479960E-07
   0.2050000E-02      0.2421961E-07
   0.1950000E-02      0.2361962E-07
   0.1850000E-02      0.2299963E-07
   0.1750000E-02      0.2236964E-07
   0.1650000E-02      0.2171965E-07
   0.1550000E-02      0.2104966E-07
   0.1462500E-02      0.2044967E-07
   0.1387500E-02      0.1990968E-07
   0.1312500E-02      0.1936969E-07
   0.1237500E-02      0.1879970E-07
   0.1175000E-02      0.1831970E-07
   0.1125000E-02      0.1792971E-07
   0.1075000E-02      0.1752972E-07
   0.1025000E-02      0.1710972E-07
   0.9800000E-03      0.1672973E-07
   0.9400000E-03      0.1638974E-07
   0.9000000E-03      0.1602974E-07
   0.8600000E-03      0.1566975E-07
   0.8200000E-03      0.1529975E-07
   0.7800000E-03      0.1491976E-07
   0.7400000E-03      0.1453977E-07
   0.7050000E-03      0.1418977E-07
   0.6750000E-03      0.1387978E-07
   0.6450000E-03      0.1356978E-07
   0.6150000E-03      0.1324979E-07
   0.5875000E-03      0.1294979E-07
   0.5625000E-03      0.1266979E-07
   0.5375000E-03      0.1238980E-07
   0.5125000E-03      0.1208980E-07
   0.4875000E-03      0.1178981E-07
   0.4625000E-03      0.1148982E-07
   0.4375000E-03      0.1116982E-07
   0.4125000E-03      0.1084983E-07
   0.3900000E-03      0.1054983E-07
   0.3700000E-03      0.1026984E-07
   0.3500000E-03      0.9989840E-08
   0.3300000E-03      0.9701845E-08
   0.3100000E-03      0.9402849E-08
   0.2900000E-03      0.9093854E-08
   0.2750000E-03      0.8855858E-08
   0.2625000E-03      0.8651860E-08
   0.2475000E-03      0.8400865E-08
   0.2350000E-03      0.8185868E-08
   0.2250000E-03      0.8009870E-08
   0.2150000E-03      0.7829874E-08
   0.2050000E-03      0.7645877E-08
   0.1950000E-03      0.7456880E-08
   0.1850000E-03      0.7262883E-08
   0.1750000E-03      0.7062886E-08
   0.1650000E-03      0.6858889E-08
   0.1550000E-03      0.6647893E-08
   0.1462500E-03      0.6456896E-08
   0.1387500E-03      0.6288898E-08
   0.1312500E-03      0.6116901E-08
   0.1237500E-03      0.5938904E-08
   0.1175000E-03      0.5787906E-08
   0.1125000E-03      0.5662909E-08
   0.1075000E-03      0.5535910E-08
   0.1025000E-03      0.5405913E-08
   0.9800000E-04      0.5285915E-08
   0.9400000E-04      0.5176917E-08
   0.9000000E-04      0.5065918E-08
   0.8600000E-04      0.4951920E-08
   0.8200000E-04      0.4834921E-08
   0.7800000E-04      0.4715924E-08
   0.7400000E-04      0.4592926E-08
   0.7050000E-04      0.4482928E-08
   0.6750000E-04      0.4386929E-08
   0.6450000E-04      0.4287930E-08
   0.6150000E-04      0.4186933E-08
   0.5875000E-04      0.4092934E-08
   0.5625000E-04      0.4004935E-08
   0.5375000E-04      0.3914937E-08
   0.5125000E-04      0.3822938E-08
   0.4875000E-04      0.3727940E-08
   0.4625000E-04      0.3630942E-08
   0.4375000E-04      0.3531943E-08
   0.4125000E-04      0.3428945E-08
   0.3900000E-04      0.3333946E-08
   0.3700000E-04      0.3247948E-08
   0.3500000E-04      0.3158949E-08
   0.3300000E-04      0.3066950E-08
   0.3100000E-04      0.2971952E-08
   0.2900000E-04      0.2874954E-08
   0.2750000E-04      0.2799955E-08
   0.2625000E-04      0.2734956E-08
   0.2475000E-04      0.2655958E-08
   0.2350000E-04      0.2588958E-08
   0.2250000E-04      0.2532959E-08
   0.2150000E-04      0.2475960E-08
   0.2050000E-04      0.2417961E-08
   0.1950000E-04      0.2357962E-08
   0.1850000E-04      0.2295963E-08
   0.1750000E-04      0.2232964E-08
   0.1650000E-04      0.2168965E-08
   0.1550000E-04      0.2101966E-08
   0.1462500E-04      0.2041967E-08
   0.1387500E-04      0.1988968E-08
   0.1312500E-04      0.1933969E-08
   0.1237500E-04      0.1877970E-08
   0.1175000E-04      0.1830970E-08
   0.1125000E-04      0.1790971E-08
   0.1075000E-04      0.1750972E-08
   0.1025000E-04      0.1708972E-08
   0.9800000E-05      0.1670973E-08
   0.9400001E-05      0.1636974E-08
   0.8999999E-05      0.1601974E-08
   0.8600000E-05      0.1565975E-08
   0.8200001E-05      0.1528975E-08
   0.7800000E-05      0.1490976E-08
   0.7400000E-05      0.1452977E-08
   0.7050000E-05      0.1417977E-08
   0.6750000E-05      0.1387978E-08
   0.6450000E-05      0.1355978E-08
   0.6150000E-05      0.1323978E-08
   0.5875000E-05      0.1293979E-08
   0.5625000E-05      0.1265980E-08
   0.5375000E-05      0.1237980E-08
   0.5125000E-05      0.1208981E-08
   0.4875000E-05      0.1178981E-08
   0.4625000E-05      0.1148982E-08
   0.4375000E-05      0.1116982E-08
   0.4125000E-05      0.1084983E-08
   0.3900000E-05      0.1054983E-08
   0.3700000E-05      0.1026983E-08
   0.3500000E-05      0.9987839E-09
   0.3300000E-05      0.9698843E-09
   0.3100000E-05      0.9399848E-09
   0.2900000E-05      0.9091853E-09
   0.2750000E-05      0.8853857E-09
   0.2625000E-05      0.8649860E-09
   0.2475000E-05      0.8398864E-09
   0.2350000E-05      0.8183868E-09
   0.2250000E-05      0.8007870E-09
   0.2150000E-05      0.7827874E-09
   0.2050000E-05      0.7643877E-09
   0.1950000E-05      0.7455879E-09
   0.1850000E-05      0.7261882E-09
   0.1750000E-05      0.7061886E-09
   0.1650000E-05      0.6857890E-09
   0.1550000E-05      0.6646893E-09
   0.1462500E-05      0.6456896E-09
   0.1387500E-05      0.6288898E-09
   0.1312500E-05      0.6116901E-09
   0.1237500E-05      0.5938904E-09
   0.1175000E-05      0.5787906E-09
   0.1125000E-05      0.5662908E-09
   0.1075000E-05      0.5535911E-09
   0.1025000E-05      0.5404913E-09
   0.9800000E-06      0.5284915E-09
   0.9399999E-06      0.5175916E-09
   0.9000000E-06      0.5064918E-09
   0.8600000E-06      0.4950920E-09
   0.8200000E-06      0.4834922E-09
   0.7800000E-06      0.4715924E-09
   0.7400000E-06      0.4592926E-09
   0.7050000E-06      0.4482928E-09
   0.6750000E-06      0.4386929E-09
   0.6450000E-06      0.4287931E-09
   0.6150000E-06      0.4186932E-09
   0.5875000E-06      0.4092934E-09
   0.5625000E-06      0.4004936E-09
   0.5375000E-06      0.3914937E-09
   0.5125000E-06      0.3821938E-09
   0.4875000E-06      0.3727940E-09
   0.4625000E-06      0.3630941E-09
   0.4375000E-06      0.3531943E-09
   0.4125000E-06      0.3428945E-09
   0.3900000E-06      0.3333946E-09
   0.3700000E-06      0.3247948E-09
   0.3500000E-06      0.3158949E-09
   0.3300000E-06      0.3066951E-09
   0.3100000E-06      0.2971952E-09
   0.2900000E-06      0.2874954E-09
   0.2750000E-06      0.2799955E-09
   0.2625000E-06      0.2734956E-09
   0.2475000E-06      0.2655957E-09
   0.2350000E-06      0.2588958E-09
   0.2250000E-06      0.2532959E-09
   0.2150000E-06      0.2475960E-09
   0.2050000E-06      0.2417961E-09
   0.1950000E-06      0.2357962E-09
   0.1850000E-06      0.2295963E-09
   0.1750000E-06      0.2232964E-09
   0.1650000E-06      0.2168965E-09
   0.1550000E-06      0.2101966E-09
   0.1462500E-06      0.2041967E-09
   0.1387500E-06      0.1988968E-09
   0.1312500E-06      0.1933969E-09
   0.1237500E-06      0.1877970E-09
   0.1175000E-06      0.1830971E-09
   0.1125000E-06      0.1790971E-09
   0.1075000E-06      0.1750972E-09
   0.1025000E-06      0.1708972E-09
   0.9800000E-07      0.1670973E-09
   0.9400000E-07      0.1636974E-09
   0.9000000E-07      0.1601974E-09
   0.8600000E-07      0.1565975E-09
   0.8200000E-07      0.1528975E-09
   0.7800000E-07      0.1490976E-09
   0.7400000E-07      0.1452977E-09
   0.7050000E-07      0.1417977E-09
   0.6750000E-07      0.1386978E-09
   0.6450000E-07      0.1355978E-09
   0.6150000E-07      0.1323979E-09
   0.5875000E-07      0.1293979E-09
   0.5625000E-07      0.1265980E-09
   0.5375000E-07      0.1237980E-09
   0.5125000E-07      0.1208980E-09
   0.4875000E-07      0.1178981E-09
   0.4625000E-07      0.1148981E-09
   0.4375000E-07      0.1116982E-09
   0.4125000E-07      0.1084983E-09
   0.3900000E-07      0.1054983E-09
   0.3700000E-07      0.1026983E-09
   0.3500000E-07      0.9987839E-10
   0.3300000E-07      0.9698844E-10
   0.3100000E-07      0.9399848E-10
   0.2900000E-07      0.9091853E-10
   0.2750000E-07      0.8853857E-10
   0.2625000E-07      0.8649860E-10
   0.2475000E-07      0.8398864E-10
   0.2350000E-07      0.8183868E-10
   0.2250000E-07      0.8007871E-10
   0.2150000E-07      0.7827874E-10
   0.2050000E-07      0.7643877E-10
   0.1950000E-07      0.7455879E-10
   0.1850000E-07      0.7261883E-10
   0.1750000E-07      0.7061886E-10
   0.1650000E-07      0.6857889E-10
   0.1550000E-07      0.6646893E-10
   0.1462500E-07      0.6456896E-10
   0.1387500E-07      0.6288899E-10
   0.1312500E-07      0.6116901E-10
   0.1237500E-07      0.5938905E-10
   0.1175000E-07      0.5787906E-10
   0.1125000E-07      0.5662908E-10
   0.1075000E-07      0.5535911E-10
   0.1025000E-07      0.5404913E-10
   0.9800000E-08      0.5284915E-10
   0.9400000E-08      0.5175917E-10
   0.9000000E-08      0.5064918E-10
   0.8600000E-08      0.4950920E-10
   0.8200000E-08      0.4834922E-10
   0.7800000E-08      0.4715924E-10
   0.7400000E-08      0.4592926E-10
   0.7050000E-08      0.4482928E-10
   0.6750000E-08      0.4386929E-10
   0.6450000E-08      0.4287931E-10
   0.6150000E-08      0.4186933E-10
   0.5875000E-08      0.4092934E-10
   0.5625000E-08      0.4004935E-10
   0.5375000E-08      0.3914937E-10
   0.5125000E-08      0.3821938E-10
   0.4875000E-08      0.3727939E-10
   0.4625000E-08      0.3630941E-10
   0.4375000E-08      0.3531943E-10
   0.4125000E-08      0.3428945E-10
   0.3900000E-08      0.3333946E-10
   0.3700000E-08      0.3247947E-10
   0.3500000E-08      0.3158949E-10
   0.3300000E-08      0.3066951E-10
   0.3100000E-08      0.2971952E-10
   0.2900000E-08      0.2874954E-10
   0.2750000E-08      0.2799955E-10
   0.2625000E-08      0.2734956E-10
   0.2475000E-08      0.2655957E-10
   0.2350000E-08      0.2588958E-10
   0.2250000E-08      0.2532959E-10
   0.2150000E-08      0.2475960E-10
   0.2050000E-08      0.2417961E-10
   0.1950000E-08      0.2357962E-10
   0.1850000E-08      0.2295963E-10
   0.1750000E-08      0.2232964E-10
   0.1650000E-08      0.2168965E-10
   0.1550000E-08      0.2101966E-10
   0.1462500E-08      0.2041967E-10
   0.1387500E-08      0.1988968E-10
   0.1312500E-08      0.1933969E-10
   0.1237500E-08      0.1877970E-10
   0.1175000E-08      0.1830971E-10
   0.1125000E-08      0.1790971E-10
   0.1075000E-08      0.1750972E-10
   0.1025000E-08      0.1708973E-10
   0.9800000E-09      0.1670973E-10
   0.9400000E-09      0.1636974E-10
   0.9000000E-09      0.1601974E-10
   0.8600000E-09      0.1565975E-10
   0.8200000E-09      0.1528975E-10
   0.7800000E-09      0.1490976E-10
   0.7400000E-09      0.1452977E-10
   0.7050000E-09      0.1417977E-10
   0.6750000E-09      0.1386978E-10
   0.6450000E-09      0.1355978E-10
   0.6150000E-09      0.1323979E-10
   0.5875000E-09      0.1293979E-10
   0.5625000E-09      0.1265980E-10
   0.5375000E-09      0.1237980E-10
   0.5125000E-09      0.1208980E-10
   0.4875000E-09      0.1178981E-10
   0.4625000E-09      0.1148982E-10
   0.4375000E-09      0.1116982E-10
   0.4125000E-09      0.1084983E-10
   0.3900000E-09      0.1054983E-10
   0.3700000E-09      0.1026983E-10
   0.3500000E-09      0.9987839E-11
   0.3300000E-09      0.9698843E-11
   0.3100000E-09      0.9399848E-11
   0.2900000E-09      0.9091854E-11
   0.2750000E-09      0.8853857E-11
   0.2625000E-09      0.8649861E-11
   0.2475000E-09      0.8398864E-11
   0.2350000E-09      0.8183868E-11
   0.2250000E-09      0.8007870E-11
   0.2150000E-09      0.7827875E-11
   0.2050000E-09      0.7643876E-11
   0.1950000E-09      0.7455880E-11
   0.1850000E-09      0.7261883E-11
   0.1750000E-09      0.7061886E-11
   0.1650000E-09      0.6857889E-11
   0.1550000E-09      0.6646894E-11
   0.1462500E-09      0.6456896E-11
   0.1387500E-09      0.6288899E-11
   0.1312500E-09      0.6116901E-11
   0.1237500E-09      0.5938904E-11
   0.1175000E-09      0.5787907E-11
   0.1125000E-09      0.5662909E-11
   0.1075000E-09      0.5535911E-11
   0.1025000E-09      0.5404913E-11
