    19.95000          0.8044469E-12
    19.85000          0.1667341E-11
    19.75000          0.1789439E-11
    19.65000          0.1921545E-11
    19.55000          0.2062659E-11
    19.45000          0.2213780E-11
    19.35000          0.2375911E-11
    19.25000          0.2551052E-11
    19.15000          0.2738202E-11
    19.05000          0.2939364E-11
    18.95000          0.3154537E-11
    18.85000          0.3385723E-11
    18.75000          0.3633922E-11
    18.65000          0.3900137E-11
    18.55000          0.4186367E-11
    18.45000          0.4493614E-11
    18.35000          0.4822879E-11
    18.25000          0.5175161E-11
    18.15000          0.5554467E-11
    18.05000          0.5961794E-11
    17.95000          0.6398145E-11
    17.85000          0.6865521E-11
    17.75000          0.7367925E-11
    17.65000          0.7907359E-11
    17.55000          0.8485824E-11
    17.45000          0.9106323E-11
    17.35000          0.9771859E-11
    17.25000          0.1048843E-10
    17.15000          0.1124905E-10
    17.05000          0.1206971E-10
    16.95000          0.1296042E-10
    16.85000          0.1390118E-10
    16.75000          0.1491199E-10
    16.65000          0.1600287E-10
    16.55000          0.1717381E-10
    16.45000          0.1842482E-10
    16.35000          0.1976590E-10
    16.25000          0.2120706E-10
    16.15000          0.2275830E-10
    16.05000          0.2440963E-10
    15.95000          0.2619106E-10
    15.85000          0.2809259E-10
    15.75000          0.3014424E-10
    15.65000          0.3233600E-10
    15.55000          0.3468789E-10
    15.45000          0.3720992E-10
    15.35000          0.3991210E-10
    15.25000          0.4281443E-10
    15.15000          0.4592693E-10
    15.05000          0.4925961E-10
    14.95000          0.5283249E-10
    14.85000          0.5666557E-10
    14.75000          0.6077888E-10
    14.65000          0.6519242E-10
    14.55000          0.6991623E-10
    14.45000          0.7498029E-10
    14.35000          0.8041467E-10
    14.25000          0.8623935E-10
    14.15000          0.9248437E-10
    14.05000          0.9917976E-10
    13.95000          0.1063856E-09
    13.85000          0.1140917E-09
    13.75000          0.1222984E-09
    13.65000          0.1311054E-09
    13.55000          0.1406131E-09
    13.45000          0.1507212E-09
    13.35000          0.1616300E-09
    13.25000          0.1733394E-09
    13.15000          0.1857494E-09
    13.05000          0.1991602E-09
    12.95000          0.2135718E-09
    12.85000          0.2288841E-09
    12.75000          0.2453973E-09
    12.65000          0.2630115E-09
    12.55000          0.2819267E-09
    12.45000          0.3022430E-09
    12.35000          0.3239605E-09
    12.25000          0.3472793E-09
    12.15000          0.3721994E-09
    12.05000          0.3988207E-09
    11.95000          0.4274437E-09
    11.85000          0.4580684E-09
    11.75000          0.4908948E-09
    11.65000          0.5260231E-09
    11.55000          0.5637534E-09
    11.45000          0.6039858E-09
    11.35000          0.6472204E-09
    11.25000          0.6934576E-09
    11.15000          0.7428975E-09
    11.05000          0.7959401E-09
    10.95000          0.8526857E-09
    10.85000          0.9134346E-09
    10.75000          0.9784870E-09
    10.65000          0.1047843E-08
    10.55000          0.1122903E-08
    10.45000          0.1202967E-08
    10.35000          0.1288036E-08
    10.25000          0.1379109E-08
    10.15000          0.1477188E-08
    10.05000          0.1581272E-08
    9.950000          0.1693362E-08
    9.850000          0.1813458E-08
    9.750000          0.1941561E-08
    9.650000          0.2078672E-08
    9.550000          0.2225790E-08
    9.450000          0.2382916E-08
    9.350000          0.2551052E-08
    9.250000          0.2730196E-08
    9.150000          0.2922350E-08
    9.050000          0.3127515E-08
    8.950000          0.3347692E-08
    8.850000          0.3581880E-08
    8.750000          0.3833083E-08
    8.650000          0.4102299E-08
    8.550000          0.4388530E-08
    8.450000          0.4695776E-08
    8.350000          0.5023039E-08
    8.250000          0.5373321E-08
    8.150000          0.5747623E-08
    8.050000          0.6146943E-08
    7.950000          0.6574286E-08
    7.850000          0.7030654E-08
    7.750000          0.7518046E-08
    7.650000          0.8038464E-08
    7.550000          0.8593911E-08
    7.450000          0.9187389E-08
    7.350000          0.9820898E-08
    7.250000          0.1049844E-07
    7.150000          0.1121902E-07
    7.050000          0.1198964E-07
    6.950000          0.1281030E-07
    6.850000          0.1368100E-07
    6.750000          0.1462176E-07
    6.650000          0.1561255E-07
    6.550000          0.1668342E-07
    6.450000          0.1781433E-07
    6.350000          0.1902530E-07
    6.250000          0.2030633E-07
    6.150000          0.2167743E-07
    6.050000          0.2313861E-07
    5.950000          0.2465983E-07
    5.850000          0.2624110E-07
    5.750000          0.2791245E-07
    5.650000          0.2969388E-07
    5.550000          0.3157539E-07
    5.450000          0.3357700E-07
    5.350000          0.3569871E-07
    5.250000          0.3794051E-07
    5.150000          0.4032243E-07
    5.050000          0.4284446E-07
    4.950000          0.4551661E-07
    4.850000          0.4834888E-07
    4.750000          0.5134129E-07
    4.650000          0.5450383E-07
    4.550000          0.5785653E-07
    4.450000          0.6138936E-07
    4.350000          0.6513238E-07
    4.250000          0.6907555E-07
    4.150000          0.7324891E-07
    4.050000          0.7764244E-07
    3.950000          0.8227617E-07
    3.850000          0.8716010E-07
    3.750000          0.9230423E-07
    3.650000          0.9770859E-07
    3.550000          0.1033831E-06
    3.450000          0.1093880E-06
    3.350000          0.1156930E-06
    3.250000          0.1221983E-06
    3.150000          0.1291038E-06
    3.050000          0.1363096E-06
    2.950000          0.1438157E-06
    2.850000          0.1517220E-06
    2.750000          0.1599286E-06
    2.650000          0.1684355E-06
    2.550000          0.1773426E-06
    2.450000          0.1864499E-06
    2.350000          0.1959576E-06
    2.250000          0.2057655E-06
    2.150000          0.2157735E-06
    2.050000          0.2260818E-06
    1.950000          0.2365903E-06
    1.850000          0.2472989E-06
    1.750000          0.2581076E-06
    1.650000          0.2689162E-06
    1.550000          0.2796249E-06
    1.450000          0.2898331E-06
    1.350000          0.2993407E-06
    1.250000          0.3083479E-06
    1.150000          0.3165546E-06
    1.050000          0.3236603E-06
   0.9800000          0.3281639E-06
   0.9400000          0.3302656E-06
   0.9000000          0.3320670E-06
   0.8600000          0.3335682E-06
   0.8200000          0.3346692E-06
   0.7800000          0.3364706E-06
   0.7400000          0.3390727E-06
   0.7050000          0.3408741E-06
   0.6750000          0.3420751E-06
   0.6450000          0.3429758E-06
   0.6150000          0.3434762E-06
   0.5875000          0.3435763E-06
   0.5625000          0.3433762E-06
   0.5375000          0.3427757E-06
   0.5125000          0.3417749E-06
   0.4875000          0.3404738E-06
   0.4625000          0.3386724E-06
   0.4375000          0.3363705E-06
   0.4125000          0.3334682E-06
   0.3900000          0.3304658E-06
   0.3700000          0.3273633E-06
   0.3500000          0.3237604E-06
   0.3300000          0.3196571E-06
   0.3100000          0.3150534E-06
   0.2900000          0.3098492E-06
   0.2750000          0.3055457E-06
   0.2625000          0.3016426E-06
   0.2475000          0.2947370E-06
   0.2350000          0.2866305E-06
   0.2250000          0.2791245E-06
   0.2150000          0.2716184E-06
   0.2050000          0.2639123E-06
   0.1950000          0.2562061E-06
   0.1850000          0.2482997E-06
   0.1750000          0.2401931E-06
   0.1650000          0.2319866E-06
   0.1550000          0.2235798E-06
   0.1462500          0.2161739E-06
   0.1387500          0.2095685E-06
   0.1312500          0.2029632E-06
   0.1237500          0.1961577E-06
   0.1175000          0.1904532E-06
   0.1125000          0.1857494E-06
   0.1075000          0.1809455E-06
   0.1025000          0.1761417E-06
   0.9800000E-01      0.1717381E-06
   0.9400000E-01      0.1677349E-06
   0.9000000E-01      0.1637317E-06
   0.8600000E-01      0.1596284E-06
   0.8200000E-01      0.1554250E-06
   0.7799999E-01      0.1511215E-06
   0.7400000E-01      0.1468181E-06
   0.7050000E-01      0.1429149E-06
   0.6750000E-01      0.1396123E-06
   0.6450000E-01      0.1361095E-06
   0.6150000E-01      0.1326066E-06
   0.5875000E-01      0.1294041E-06
   0.5625000E-01      0.1264016E-06
   0.5375000E-01      0.1232991E-06
   0.5125000E-01      0.1201967E-06
   0.4875000E-01      0.1169941E-06
   0.4625000E-01      0.1136914E-06
   0.4375000E-01      0.1103888E-06
   0.4125000E-01      0.1069860E-06
   0.3900000E-01      0.1038835E-06
   0.3700000E-01      0.1009812E-06
   0.3500000E-01      0.9807888E-07
   0.3300000E-01      0.9508647E-07
   0.3100000E-01      0.9201399E-07
   0.2900000E-01      0.8885145E-07
   0.2750000E-01      0.8642951E-07
   0.2625000E-01      0.8434783E-07
   0.2475000E-01      0.8180578E-07
   0.2350000E-01      0.7963404E-07
   0.2250000E-01      0.7786262E-07
   0.2150000E-01      0.7605116E-07
   0.2050000E-01      0.7419966E-07
   0.1950000E-01      0.7230815E-07
   0.1850000E-01      0.7036658E-07
   0.1750000E-01      0.6838499E-07
   0.1650000E-01      0.6634336E-07
   0.1550000E-01      0.6425166E-07
   0.1462500E-01      0.6236015E-07
   0.1387500E-01      0.6070882E-07
   0.1312500E-01      0.5900745E-07
   0.1237500E-01      0.5725604E-07
   0.1175000E-01      0.5576485E-07
   0.1125000E-01      0.5454386E-07
   0.1075000E-01      0.5329285E-07
   0.1025000E-01      0.5202184E-07
   0.9800000E-02      0.5084089E-07
   0.9400001E-02      0.4978003E-07
   0.9000000E-02      0.4868915E-07
   0.8600000E-02      0.4757826E-07
   0.8200000E-02      0.4644735E-07
   0.7800000E-02      0.4528641E-07
   0.7400000E-02      0.4409546E-07
   0.7050000E-02      0.4302460E-07
   0.6750000E-02      0.4208384E-07
   0.6450000E-02      0.4113308E-07
   0.6150000E-02      0.4015229E-07
   0.5875000E-02      0.3924155E-07
   0.5625000E-02      0.3838087E-07
   0.5375000E-02      0.3751017E-07
   0.5125000E-02      0.3661945E-07
   0.4875000E-02      0.3570872E-07
   0.4625000E-02      0.3477797E-07
   0.4375000E-02      0.3381719E-07
   0.4125000E-02      0.3282640E-07
   0.3900000E-02      0.3191567E-07
   0.3700000E-02      0.3107499E-07
   0.3500000E-02      0.3022431E-07
   0.3300000E-02      0.2934360E-07
   0.3100000E-02      0.2843287E-07
   0.2900000E-02      0.2749211E-07
   0.2750000E-02      0.2677153E-07
   0.2625000E-02      0.2615103E-07
   0.2475000E-02      0.2539042E-07
   0.2350000E-02      0.2473990E-07
   0.2250000E-02      0.2420947E-07
   0.2150000E-02      0.2365902E-07
   0.2050000E-02      0.2309858E-07
   0.1950000E-02      0.2252812E-07
   0.1850000E-02      0.2193764E-07
   0.1750000E-02      0.2133716E-07
   0.1650000E-02      0.2071666E-07
   0.1550000E-02      0.2007615E-07
   0.1462500E-02      0.1950569E-07
   0.1387500E-02      0.1899528E-07
   0.1312500E-02      0.1847486E-07
   0.1237500E-02      0.1793443E-07
   0.1175000E-02      0.1747405E-07
   0.1125000E-02      0.1710376E-07
   0.1075000E-02      0.1671344E-07
   0.1025000E-02      0.1632313E-07
   0.9800000E-03      0.1596284E-07
   0.9400000E-03      0.1563257E-07
   0.9000000E-03      0.1529230E-07
   0.8600000E-03      0.1495203E-07
   0.8200000E-03      0.1459173E-07
   0.7800000E-03      0.1423145E-07
   0.7400000E-03      0.1386115E-07
   0.7050000E-03      0.1353088E-07
   0.6750000E-03      0.1324065E-07
   0.6450000E-03      0.1294041E-07
   0.6150000E-03      0.1264017E-07
   0.5875000E-03      0.1234993E-07
   0.5625000E-03      0.1208972E-07
   0.5375000E-03      0.1180950E-07
   0.5125000E-03      0.1153928E-07
   0.4875000E-03      0.1124905E-07
   0.4625000E-03      0.1095881E-07
   0.4375000E-03      0.1065857E-07
   0.4125000E-03      0.1034832E-07
   0.3900000E-03      0.1005809E-07
   0.3700000E-03      0.9799882E-08
   0.3500000E-03      0.9531665E-08
   0.3300000E-03      0.9254443E-08
   0.3100000E-03      0.8970214E-08
   0.2900000E-03      0.8674975E-08
   0.2750000E-03      0.8447794E-08
   0.2625000E-03      0.8253637E-08
   0.2475000E-03      0.8014446E-08
   0.2350000E-03      0.7809280E-08
   0.2250000E-03      0.7641145E-08
   0.2150000E-03      0.7469006E-08
   0.2050000E-03      0.7293866E-08
   0.1950000E-03      0.7113721E-08
   0.1850000E-03      0.6928571E-08
   0.1750000E-03      0.6738418E-08
   0.1650000E-03      0.6543262E-08
   0.1550000E-03      0.6342101E-08
   0.1462500E-03      0.6159954E-08
   0.1387500E-03      0.5999825E-08
   0.1312500E-03      0.5835692E-08
   0.1237500E-03      0.5666557E-08
   0.1175000E-03      0.5521440E-08
   0.1125000E-03      0.5402344E-08
   0.1075000E-03      0.5281247E-08
   0.1025000E-03      0.5157147E-08
   0.9800000E-04      0.5042055E-08
   0.9400000E-04      0.4937971E-08
   0.9000000E-04      0.4831886E-08
   0.8600000E-04      0.4723800E-08
   0.8200000E-04      0.4612709E-08
   0.7800000E-04      0.4498618E-08
   0.7400000E-04      0.4381524E-08
   0.7050000E-04      0.4276439E-08
   0.6750000E-04      0.4184365E-08
   0.6450000E-04      0.4090289E-08
   0.6150000E-04      0.3994212E-08
   0.5875000E-04      0.3904139E-08
   0.5625000E-04      0.3820072E-08
   0.5375000E-04      0.3734003E-08
   0.5125000E-04      0.3645932E-08
   0.4875000E-04      0.3555860E-08
   0.4625000E-04      0.3463786E-08
   0.4375000E-04      0.3368709E-08
   0.4125000E-04      0.3271631E-08
   0.3900000E-04      0.3180558E-08
   0.3700000E-04      0.3098492E-08
   0.3500000E-04      0.3013424E-08
   0.3300000E-04      0.2926353E-08
   0.3100000E-04      0.2836281E-08
   0.2900000E-04      0.2743206E-08
   0.2750000E-04      0.2671148E-08
   0.2625000E-04      0.2609098E-08
   0.2475000E-04      0.2534038E-08
   0.2350000E-04      0.2468985E-08
   0.2250000E-04      0.2415943E-08
   0.2150000E-04      0.2361900E-08
   0.2050000E-04      0.2305854E-08
   0.1950000E-04      0.2248808E-08
   0.1850000E-04      0.2190762E-08
   0.1750000E-04      0.2130713E-08
   0.1650000E-04      0.2068663E-08
   0.1550000E-04      0.2005613E-08
   0.1462500E-04      0.1947566E-08
   0.1387500E-04      0.1897526E-08
   0.1312500E-04      0.1845484E-08
   0.1237500E-04      0.1791441E-08
   0.1175000E-04      0.1745404E-08
   0.1125000E-04      0.1708374E-08
   0.1075000E-04      0.1670343E-08
   0.1025000E-04      0.1630311E-08
   0.9800000E-05      0.1594282E-08
   0.9400001E-05      0.1561256E-08
   0.8999999E-05      0.1528229E-08
   0.8600000E-05      0.1493201E-08
   0.8200001E-05      0.1458173E-08
   0.7800000E-05      0.1422144E-08
   0.7400000E-05      0.1385114E-08
   0.7050000E-05      0.1352087E-08
   0.6750000E-05      0.1323064E-08
   0.6450000E-05      0.1293040E-08
   0.6150000E-05      0.1263016E-08
   0.5875000E-05      0.1234993E-08
   0.5625000E-05      0.1207972E-08
   0.5375000E-05      0.1180950E-08
   0.5125000E-05      0.1152927E-08
   0.4875000E-05      0.1124905E-08
   0.4625000E-05      0.1094881E-08
   0.4375000E-05      0.1064856E-08
   0.4125000E-05      0.1034832E-08
   0.3900000E-05      0.1005809E-08
   0.3700000E-05      0.9796879E-09
   0.3500000E-05      0.9528662E-09
   0.3300000E-05      0.9252440E-09
   0.3100000E-05      0.8967212E-09
   0.2900000E-05      0.8672975E-09
   0.2750000E-05      0.8445792E-09
   0.2625000E-05      0.8251635E-09
   0.2475000E-05      0.8012444E-09
   0.2350000E-05      0.7807279E-09
   0.2250000E-05      0.7640144E-09
   0.2150000E-05      0.7468005E-09
   0.2050000E-05      0.7291864E-09
   0.1950000E-05      0.7112720E-09
   0.1850000E-05      0.6927571E-09
   0.1750000E-05      0.6737418E-09
   0.1650000E-05      0.6542261E-09
   0.1550000E-05      0.6341099E-09
   0.1462500E-05      0.6158953E-09
   0.1387500E-05      0.5999826E-09
   0.1312500E-05      0.5834692E-09
   0.1237500E-05      0.5665556E-09
   0.1175000E-05      0.5520440E-09
   0.1125000E-05      0.5402344E-09
   0.1075000E-05      0.5280246E-09
   0.1025000E-05      0.5156147E-09
   0.9800000E-06      0.5042055E-09
   0.9399999E-06      0.4937971E-09
   0.9000000E-06      0.4831886E-09
   0.8600000E-06      0.4722798E-09
   0.8200000E-06      0.4611709E-09
   0.7800000E-06      0.4498618E-09
   0.7400000E-06      0.4381523E-09
   0.7050000E-06      0.4276439E-09
   0.6750000E-06      0.4184365E-09
   0.6450000E-06      0.4090289E-09
   0.6150000E-06      0.3994212E-09
   0.5875000E-06      0.3904140E-09
   0.5625000E-06      0.3820072E-09
   0.5375000E-06      0.3734003E-09
   0.5125000E-06      0.3645932E-09
   0.4875000E-06      0.3555860E-09
   0.4625000E-06      0.3463785E-09
   0.4375000E-06      0.3368709E-09
   0.4125000E-06      0.3270630E-09
   0.3900000E-06      0.3180558E-09
   0.3700000E-06      0.3098492E-09
   0.3500000E-06      0.3013423E-09
   0.3300000E-06      0.2925353E-09
   0.3100000E-06      0.2835280E-09
   0.2900000E-06      0.2742205E-09
   0.2750000E-06      0.2671148E-09
   0.2625000E-06      0.2609098E-09
   0.2475000E-06      0.2534038E-09
   0.2350000E-06      0.2468986E-09
   0.2250000E-06      0.2415943E-09
   0.2150000E-06      0.2361899E-09
   0.2050000E-06      0.2305854E-09
   0.1950000E-06      0.2248808E-09
   0.1850000E-06      0.2190762E-09
   0.1750000E-06      0.2130714E-09
   0.1650000E-06      0.2068664E-09
   0.1550000E-06      0.2005613E-09
   0.1462500E-06      0.1947566E-09
   0.1387500E-06      0.1897526E-09
   0.1312500E-06      0.1845484E-09
   0.1237500E-06      0.1791441E-09
   0.1175000E-06      0.1745404E-09
   0.1125000E-06      0.1708374E-09
   0.1075000E-06      0.1670343E-09
   0.1025000E-06      0.1630311E-09
   0.9800000E-07      0.1594282E-09
   0.9400000E-07      0.1561256E-09
   0.9000000E-07      0.1528229E-09
   0.8600000E-07      0.1493201E-09
   0.8200000E-07      0.1458173E-09
   0.7800000E-07      0.1422144E-09
   0.7400000E-07      0.1385114E-09
   0.7050000E-07      0.1352087E-09
   0.6750000E-07      0.1323064E-09
   0.6450000E-07      0.1293040E-09
   0.6150000E-07      0.1263016E-09
   0.5875000E-07      0.1234993E-09
   0.5625000E-07      0.1207972E-09
   0.5375000E-07      0.1180950E-09
   0.5125000E-07      0.1152927E-09
   0.4875000E-07      0.1124905E-09
   0.4625000E-07      0.1094881E-09
   0.4375000E-07      0.1064856E-09
   0.4125000E-07      0.1034832E-09
   0.3900000E-07      0.1005809E-09
   0.3700000E-07      0.9796878E-10
   0.3500000E-07      0.9528663E-10
   0.3300000E-07      0.9252441E-10
   0.3100000E-07      0.8967211E-10
   0.2900000E-07      0.8672974E-10
   0.2750000E-07      0.8445793E-10
   0.2625000E-07      0.8251635E-10
   0.2475000E-07      0.8012443E-10
   0.2350000E-07      0.7807278E-10
   0.2250000E-07      0.7640145E-10
   0.2150000E-07      0.7468007E-10
   0.2050000E-07      0.7291864E-10
   0.1950000E-07      0.7111719E-10
   0.1850000E-07      0.6927570E-10
   0.1750000E-07      0.6737418E-10
   0.1650000E-07      0.6542261E-10
   0.1550000E-07      0.6341100E-10
   0.1462500E-07      0.6158953E-10
   0.1387500E-07      0.5999825E-10
   0.1312500E-07      0.5834692E-10
   0.1237500E-07      0.5665556E-10
   0.1175000E-07      0.5520439E-10
   0.1125000E-07      0.5402344E-10
   0.1075000E-07      0.5280246E-10
   0.1025000E-07      0.5156147E-10
   0.9800000E-08      0.5042055E-10
   0.9400000E-08      0.4937971E-10
   0.9000000E-08      0.4831886E-10
   0.8600000E-08      0.4722798E-10
   0.8200000E-08      0.4611709E-10
   0.7800000E-08      0.4498618E-10
   0.7400000E-08      0.4381524E-10
   0.7050000E-08      0.4276439E-10
   0.6750000E-08      0.4184365E-10
   0.6450000E-08      0.4090290E-10
   0.6150000E-08      0.3994212E-10
   0.5875000E-08      0.3904140E-10
   0.5625000E-08      0.3820072E-10
   0.5375000E-08      0.3734003E-10
   0.5125000E-08      0.3645932E-10
   0.4875000E-08      0.3555859E-10
   0.4625000E-08      0.3463785E-10
   0.4375000E-08      0.3368709E-10
   0.4125000E-08      0.3270630E-10
   0.3900000E-08      0.3180558E-10
   0.3700000E-08      0.3098492E-10
   0.3500000E-08      0.3013424E-10
   0.3300000E-08      0.2925352E-10
   0.3100000E-08      0.2835280E-10
   0.2900000E-08      0.2742205E-10
   0.2750000E-08      0.2671148E-10
   0.2625000E-08      0.2609098E-10
   0.2475000E-08      0.2534038E-10
   0.2350000E-08      0.2468985E-10
   0.2250000E-08      0.2415943E-10
   0.2150000E-08      0.2361900E-10
   0.2050000E-08      0.2305854E-10
   0.1950000E-08      0.2248808E-10
   0.1850000E-08      0.2190762E-10
   0.1750000E-08      0.2130713E-10
   0.1650000E-08      0.2068664E-10
   0.1550000E-08      0.2005613E-10
   0.1462500E-08      0.1947566E-10
   0.1387500E-08      0.1897526E-10
   0.1312500E-08      0.1845484E-10
   0.1237500E-08      0.1791441E-10
   0.1175000E-08      0.1745404E-10
   0.1125000E-08      0.1708374E-10
   0.1075000E-08      0.1670343E-10
   0.1025000E-08      0.1630311E-10
   0.9800000E-09      0.1594282E-10
   0.9400000E-09      0.1561256E-10
   0.9000000E-09      0.1528229E-10
   0.8600000E-09      0.1493201E-10
   0.8200000E-09      0.1458173E-10
   0.7800000E-09      0.1422144E-10
   0.7400000E-09      0.1385114E-10
   0.7050000E-09      0.1352087E-10
   0.6750000E-09      0.1323064E-10
   0.6450000E-09      0.1293040E-10
   0.6150000E-09      0.1263016E-10
   0.5875000E-09      0.1234993E-10
   0.5625000E-09      0.1207971E-10
   0.5375000E-09      0.1180950E-10
   0.5125000E-09      0.1152927E-10
   0.4875000E-09      0.1124905E-10
   0.4625000E-09      0.1094880E-10
   0.4375000E-09      0.1064856E-10
   0.4125000E-09      0.1034832E-10
   0.3900000E-09      0.1005809E-10
   0.3700000E-09      0.9796879E-11
   0.3500000E-09      0.9528663E-11
   0.3300000E-09      0.9252441E-11
   0.3100000E-09      0.8967212E-11
   0.2900000E-09      0.8672976E-11
   0.2750000E-09      0.8445792E-11
   0.2625000E-09      0.8251635E-11
   0.2475000E-09      0.8012444E-11
   0.2350000E-09      0.7807278E-11
   0.2250000E-09      0.7640145E-11
   0.2150000E-09      0.7468006E-11
   0.2050000E-09      0.7291865E-11
   0.1950000E-09      0.7112720E-11
   0.1850000E-09      0.6927571E-11
   0.1750000E-09      0.6737418E-11
   0.1650000E-09      0.6542262E-11
   0.1550000E-09      0.6341100E-11
   0.1462500E-09      0.6158953E-11
   0.1387500E-09      0.5999824E-11
   0.1312500E-09      0.5834692E-11
   0.1237500E-09      0.5665556E-11
   0.1175000E-09      0.5520440E-11
   0.1125000E-09      0.5402345E-11
   0.1075000E-09      0.5280247E-11
   0.1025000E-09      0.5156146E-11
