1.995000e+01 1.777506e-12 
1.985000e+01 1.904828e-12 
1.975000e+01 2.042177e-12 
1.965000e+01 2.190553e-12 
1.955000e+01 2.348954e-12 
1.945000e+01 2.518384e-12 
1.935000e+01 2.697839e-12 
1.925000e+01 2.890326e-12 
1.915000e+01 3.097853e-12 
1.905000e+01 3.321419e-12 
1.895000e+01 3.563031e-12 
1.885000e+01 3.822690e-12 
1.875000e+01 4.098389e-12 
1.865000e+01 4.389125e-12 
1.855000e+01 4.701918e-12 
1.845000e+01 5.038772e-12 
1.835000e+01 5.401692e-12 
1.825000e+01 5.793685e-12 
1.815000e+01 6.215756e-12 
1.805000e+01 6.661887e-12 
1.795000e+01 7.132078e-12 
1.785000e+01 7.638362e-12 
1.775000e+01 8.183744e-12 
1.765000e+01 8.771233e-12 
1.755000e+01 9.403836e-12 
1.745000e+01 1.008557e-11 
1.735000e+01 1.080739e-11 
1.725000e+01 1.156933e-11 
1.715000e+01 1.238138e-11 
1.705000e+01 1.326362e-11 
1.695000e+01 1.421604e-11 
1.685000e+01 1.523863e-11 
1.675000e+01 1.634142e-11 
1.665000e+01 1.750437e-11 
1.655000e+01 1.873750e-11 
1.645000e+01 2.006085e-11 
1.635000e+01 2.148446e-11 
1.625000e+01 2.301834e-11 
1.615000e+01 2.467254e-11 
1.605000e+01 2.645706e-11 
1.595000e+01 2.834184e-11 
1.585000e+01 3.032687e-11 
1.575000e+01 3.246229e-11 
1.565000e+01 3.475811e-11 
1.555000e+01 3.723438e-11 
1.545000e+01 3.991117e-11 
1.535000e+01 4.279849e-11 
1.525000e+01 4.583619e-11 
1.515000e+01 4.903430e-11 
1.505000e+01 5.248303e-11 
1.495000e+01 5.619244e-11 
1.485000e+01 6.019257e-11 
1.475000e+01 6.451353e-11 
1.465000e+01 6.917535e-11 
1.455000e+01 7.412790e-11 
1.445000e+01 7.939125e-11 
1.435000e+01 8.502552e-11 
1.425000e+01 9.106082e-11 
1.415000e+01 9.754726e-11 
1.405000e+01 1.044648e-10 
1.395000e+01 1.117833e-10 
1.385000e+01 1.197034e-10 
1.375000e+01 1.282250e-10 
1.365000e+01 1.372479e-10 
1.355000e+01 1.469725e-10 
1.345000e+01 1.573990e-10 
1.335000e+01 1.685272e-10 
1.325000e+01 1.804574e-10 
1.315000e+01 1.931897e-10 
1.305000e+01 2.068243e-10 
1.295000e+01 2.213611e-10 
1.285000e+01 2.369005e-10 
1.275000e+01 2.535427e-10 
1.265000e+01 2.713879e-10 
1.255000e+01 2.903359e-10 
1.245000e+01 3.106875e-10 
1.235000e+01 3.324427e-10 
1.225000e+01 3.557016e-10 
1.215000e+01 3.805647e-10 
1.205000e+01 4.072323e-10 
1.195000e+01 4.356042e-10 
1.185000e+01 4.659811e-10 
1.175000e+01 4.984635e-10 
1.165000e+01 5.331515e-10 
1.155000e+01 5.702455e-10 
1.145000e+01 6.099461e-10 
1.135000e+01 6.523536e-10 
1.125000e+01 6.976685e-10 
1.115000e+01 7.461914e-10 
1.105000e+01 7.979226e-10 
1.095000e+01 8.533632e-10 
1.085000e+01 9.126133e-10 
1.075000e+01 9.761745e-10 
1.065000e+01 1.043645e-09 
1.055000e+01 1.115828e-09 
1.045000e+01 1.193024e-09 
1.035000e+01 1.276235e-09 
1.025000e+01 1.365461e-09 
1.015000e+01 1.459700e-09 
1.005000e+01 1.560957e-09 
9.950000e+00 1.670234e-09 
9.850000e+00 1.786528e-09 
9.750000e+00 1.909841e-09 
9.650000e+00 2.042176e-09 
9.550000e+00 2.183535e-09 
9.450000e+00 2.333916e-09 
9.350000e+00 2.495325e-09 
9.250000e+00 2.666759e-09 
9.150000e+00 2.850225e-09 
9.050000e+00 3.047726e-09 
8.950000e+00 3.257256e-09 
8.850000e+00 3.481826e-09 
8.750000e+00 3.721433e-09 
8.650000e+00 3.978084e-09 
8.550000e+00 4.251777e-09 
8.450000e+00 4.544519e-09 
8.350000e+00 4.858315e-09 
8.250000e+00 5.193164e-09 
8.150000e+00 5.551071e-09 
8.050000e+00 5.933039e-09 
7.950000e+00 6.342076e-09 
7.850000e+00 6.779183e-09 
7.750000e+00 7.247371e-09 
7.650000e+00 7.746635e-09 
7.550000e+00 8.279988e-09 
7.450000e+00 8.850434e-09 
7.350000e+00 9.458977e-09 
7.250000e+00 1.010562e-08 
7.150000e+00 1.079737e-08 
7.050000e+00 1.153925e-08 
6.950000e+00 1.233126e-08 
6.850000e+00 1.317339e-08 
6.750000e+00 1.407568e-08 
6.650000e+00 1.502809e-08 
6.550000e+00 1.605068e-08 
6.450000e+00 1.714346e-08 
6.350000e+00 1.830640e-08 
6.250000e+00 1.953953e-08 
6.150000e+00 2.085286e-08 
6.050000e+00 2.224639e-08 
5.950000e+00 2.374018e-08 
5.850000e+00 2.531416e-08 
5.750000e+00 2.699844e-08 
5.650000e+00 2.879298e-08 
5.550000e+00 3.069781e-08 
5.450000e+00 3.272294e-08 
5.350000e+00 3.487841e-08 
5.250000e+00 3.716420e-08 
5.150000e+00 3.960038e-08 
5.050000e+00 4.217691e-08 
4.950000e+00 4.492387e-08 
4.850000e+00 4.783125e-08 
4.750000e+00 5.091907e-08 
4.650000e+00 5.419738e-08 
4.550000e+00 5.767620e-08 
4.450000e+00 6.136555e-08 
4.350000e+00 6.526543e-08 
4.250000e+00 6.939591e-08 
4.150000e+00 7.376698e-08 
4.050000e+00 7.836866e-08 
3.950000e+00 8.323097e-08 
3.850000e+00 8.835396e-08 
3.750000e+00 9.374763e-08 
3.650000e+00 9.940197e-08 
3.550000e+00 1.053671e-07 
3.450000e+00 1.115828e-07 
3.350000e+00 1.180994e-07 
3.250000e+00 1.249166e-07 
3.150000e+00 1.318342e-07 
3.050000e+00 1.394535e-07 
2.950000e+00 1.471731e-07 
2.850000e+00 1.549929e-07 
2.750000e+00 1.636147e-07 
2.650000e+00 1.722366e-07 
2.550000e+00 1.809587e-07 
2.450000e+00 1.904828e-07 
2.350000e+00 1.998065e-07 
2.250000e+00 2.089296e-07 
2.150000e+00 2.189550e-07 
2.050000e+00 2.299830e-07 
1.950000e+00 2.400084e-07 
1.850000e+00 2.490312e-07 
1.750000e+00 2.588561e-07 
1.650000e+00 2.696836e-07 
1.550000e+00 2.818143e-07 
1.450000e+00 2.923410e-07 
1.350000e+00 3.010631e-07 
1.250000e+00 3.107878e-07 
1.150000e+00 3.192091e-07 
1.050000e+00 3.260264e-07 
9.800000e-01 3.305379e-07 
9.400000e-01 3.321419e-07 
9.000000e-01 3.338462e-07 
8.600000e-01 3.354503e-07 
8.200000e-01 3.362523e-07 
7.800000e-01 3.365531e-07 
7.400000e-01 3.368539e-07 
7.050000e-01 3.369541e-07 
6.750000e-01 3.363526e-07 
6.450000e-01 3.353501e-07 
6.150000e-01 3.342473e-07 
5.875000e-01 3.328437e-07 
5.625000e-01 3.308386e-07 
5.375000e-01 3.288336e-07 
5.125000e-01 3.267282e-07 
4.875000e-01 3.242218e-07 
4.625000e-01 3.210137e-07 
4.375000e-01 3.173043e-07 
4.125000e-01 3.131939e-07 
3.900000e-01 3.092840e-07 
3.700000e-01 3.054743e-07 
3.500000e-01 3.009629e-07 
3.300000e-01 2.961507e-07 
3.100000e-01 2.910377e-07 
2.900000e-01 2.853232e-07 
2.750000e-01 2.806113e-07 
2.625000e-01 2.765009e-07 
2.475000e-01 2.711874e-07 
2.350000e-01 2.664755e-07 
2.250000e-01 2.624653e-07 
2.150000e-01 2.582547e-07 
2.050000e-01 2.540439e-07 
1.950000e-01 2.494322e-07 
1.850000e-01 2.445198e-07 
1.750000e-01 2.394069e-07 
1.650000e-01 2.340934e-07 
1.550000e-01 2.284792e-07 
1.462500e-01 2.231657e-07 
1.387500e-01 2.184537e-07 
1.312500e-01 2.136415e-07 
1.237500e-01 2.084283e-07 
1.175000e-01 2.039169e-07 
1.125000e-01 2.002075e-07 
1.075000e-01 1.963978e-07 
1.025000e-01 1.924879e-07 
9.800000e-02 1.887785e-07 
9.400000e-02 1.853699e-07 
9.000000e-02 1.818610e-07 
8.600000e-02 1.782518e-07 
8.200000e-02 1.745424e-07 
7.799999e-02 1.706325e-07 
7.400000e-02 1.667226e-07 
7.050000e-02 1.631135e-07 
6.750000e-02 1.599053e-07 
6.450000e-02 1.565970e-07 
6.150000e-02 1.531883e-07 
5.875000e-02 1.500804e-07 
5.625000e-02 1.470728e-07 
5.375000e-02 1.439649e-07 
5.125000e-02 1.408570e-07 
4.875000e-02 1.375486e-07 
4.625000e-02 1.342403e-07 
4.375000e-02 1.307314e-07 
4.125000e-02 1.272225e-07 
3.900000e-02 1.239141e-07 
3.700000e-02 1.208062e-07 
3.500000e-02 1.176983e-07 
3.300000e-02 1.143900e-07 
3.100000e-02 1.109813e-07 
2.900000e-02 1.074724e-07 
2.750000e-02 1.048658e-07 
2.625000e-02 1.024597e-07 
2.475000e-02 9.964259e-08 
2.350000e-02 9.715627e-08 
2.250000e-02 9.512111e-08 
2.150000e-02 9.302580e-08 
2.050000e-02 9.089040e-08 
1.950000e-02 8.869483e-08 
1.850000e-02 8.644914e-08 
1.750000e-02 8.413326e-08 
1.650000e-02 8.174722e-08 
1.550000e-02 7.929098e-08 
1.462500e-02 7.706536e-08 
1.387500e-02 7.511039e-08 
1.312500e-02 7.310531e-08 
1.237500e-02 7.103004e-08 
1.175000e-02 6.925556e-08 
1.125000e-02 6.780186e-08 
1.075000e-02 6.630808e-08 
1.025000e-02 6.478422e-08 
9.800000e-03 6.337063e-08 
9.400001e-03 6.207735e-08 
9.000000e-03 6.075400e-08 
8.600000e-03 5.940057e-08 
8.200000e-03 5.801706e-08 
7.800000e-03 5.660348e-08 
7.400000e-03 5.513977e-08 
7.050000e-03 5.383647e-08 
6.750000e-03 5.269357e-08 
6.450000e-03 5.152060e-08 
6.150000e-03 5.031755e-08 
5.875000e-03 4.918467e-08 
5.625000e-03 4.814203e-08 
5.375000e-03 4.706931e-08 
5.125000e-03 4.597654e-08 
4.875000e-03 4.484367e-08 
4.625000e-03 4.368073e-08 
4.375000e-03 4.249772e-08 
4.125000e-03 4.126460e-08 
3.900000e-03 4.013172e-08 
3.700000e-03 3.908908e-08 
3.500000e-03 3.802639e-08 
3.300000e-03 3.693362e-08 
3.100000e-03 3.580075e-08 
2.900000e-03 3.462778e-08 
2.750000e-03 3.372549e-08 
2.625000e-03 3.295353e-08 
2.475000e-03 3.200111e-08 
2.350000e-03 3.118906e-08 
2.250000e-03 3.051736e-08 
2.150000e-03 2.983563e-08 
2.050000e-03 2.913385e-08 
1.950000e-03 2.842205e-08 
1.850000e-03 2.768016e-08 
1.750000e-03 2.692826e-08 
1.650000e-03 2.614627e-08 
1.550000e-03 2.534424e-08 
1.462500e-03 2.462241e-08 
1.387500e-03 2.398079e-08 
1.312500e-03 2.332913e-08 
1.237500e-03 2.265743e-08 
1.175000e-03 2.207596e-08 
1.125000e-03 2.160477e-08 
1.075000e-03 2.112355e-08 
1.025000e-03 2.062228e-08 
9.800000e-04 2.017113e-08 
9.400000e-04 1.975006e-08 
9.000000e-04 1.932900e-08 
8.600000e-04 1.888788e-08 
8.200000e-04 1.844676e-08 
7.800000e-04 1.799562e-08 
7.400000e-04 1.752442e-08 
7.050000e-04 1.710335e-08 
6.750000e-04 1.674244e-08 
6.450000e-04 1.636147e-08 
6.150000e-04 1.598051e-08 
5.875000e-04 1.561959e-08 
5.625000e-04 1.527873e-08 
5.375000e-04 1.493786e-08 
5.125000e-04 1.458698e-08 
4.875000e-04 1.422606e-08 
4.625000e-04 1.385512e-08 
4.375000e-04 1.347415e-08 
4.125000e-04 1.308316e-08 
3.900000e-04 1.272225e-08 
3.700000e-04 1.239141e-08 
3.500000e-04 1.205055e-08 
3.300000e-04 1.170968e-08 
3.100000e-04 1.134877e-08 
2.900000e-04 1.097783e-08 
2.750000e-04 1.068709e-08 
2.625000e-04 1.043645e-08 
2.475000e-04 1.013569e-08 
2.350000e-04 9.880043e-09 
2.250000e-04 9.667505e-09 
2.150000e-04 9.449954e-09 
2.050000e-04 9.228392e-09 
1.950000e-04 8.999812e-09 
1.850000e-04 8.766222e-09 
1.750000e-04 8.525610e-09 
1.650000e-04 8.278986e-09 
1.550000e-04 8.024340e-09 
1.462500e-04 7.794759e-09 
1.387500e-04 7.592245e-09 
1.312500e-04 7.383717e-09 
1.237500e-04 7.170174e-09 
1.175000e-04 6.986710e-09 
1.125000e-04 6.836329e-09 
1.075000e-04 6.682940e-09 
1.025000e-04 6.525541e-09 
9.800000e-05 6.380172e-09 
9.400000e-05 6.248840e-09 
9.000000e-05 6.114499e-09 
8.600000e-05 5.977152e-09 
8.200000e-05 5.836795e-09 
7.800000e-05 5.692429e-09 
7.400000e-05 5.544053e-09 
7.050000e-05 5.411718e-09 
6.750000e-05 5.295423e-09 
6.450000e-05 5.176120e-09 
6.150000e-05 5.054813e-09 
5.875000e-05 4.940523e-09 
5.625000e-05 4.834254e-09 
5.375000e-05 4.724977e-09 
5.125000e-05 4.613695e-09 
4.875000e-05 4.500408e-09 
4.625000e-05 4.383111e-09 
4.375000e-05 4.262805e-09 
4.125000e-05 4.139493e-09 
3.900000e-05 4.025203e-09 
3.700000e-05 3.919936e-09 
3.500000e-05 3.812664e-09 
3.300000e-05 3.702385e-09 
3.100000e-05 3.588095e-09 
2.900000e-05 3.470798e-09 
2.750000e-05 3.379567e-09 
2.625000e-05 3.302371e-09 
2.475000e-05 3.206127e-09 
2.350000e-05 3.123918e-09 
2.250000e-05 3.056748e-09 
2.150000e-05 2.988576e-09 
2.050000e-05 2.918398e-09 
1.950000e-05 2.846215e-09 
1.850000e-05 2.772026e-09 
1.750000e-05 2.695833e-09 
1.650000e-05 2.617635e-09 
1.550000e-05 2.537432e-09 
1.462500e-05 2.464246e-09 
1.387500e-05 2.401086e-09 
1.312500e-05 2.334919e-09 
1.237500e-05 2.266746e-09 
1.175000e-05 2.209601e-09 
1.125000e-05 2.161479e-09 
1.075000e-05 2.113357e-09 
1.025000e-05 2.063230e-09 
9.800000e-06 2.018115e-09 
9.400001e-06 1.976009e-09 
8.999999e-06 1.933902e-09 
8.600000e-06 1.889790e-09 
8.200001e-06 1.845678e-09 
7.800000e-06 1.800564e-09 
7.400000e-06 1.753445e-09 
7.050000e-06 1.711338e-09 
6.750000e-06 1.675246e-09 
6.450000e-06 1.637150e-09 
6.150000e-06 1.599053e-09 
5.875000e-06 1.562962e-09 
5.625000e-06 1.528875e-09 
5.375000e-06 1.494789e-09 
5.125000e-06 1.459700e-09 
4.875000e-06 1.423609e-09 
4.625000e-06 1.386515e-09 
4.375000e-06 1.348418e-09 
4.125000e-06 1.309319e-09 
3.900000e-06 1.273227e-09 
3.700000e-06 1.240144e-09 
3.500000e-06 1.206057e-09 
3.300000e-06 1.170968e-09 
3.100000e-06 1.134877e-09 
2.900000e-06 1.097783e-09 
2.750000e-06 1.068709e-09 
2.625000e-06 1.044648e-09 
2.475000e-06 1.014572e-09 
2.350000e-06 9.882050e-10 
2.250000e-06 9.669511e-10 
2.150000e-06 9.451959e-10 
2.050000e-06 9.229394e-10 
1.950000e-06 9.000817e-10 
1.850000e-06 8.767224e-10 
1.750000e-06 8.527616e-10 
1.650000e-06 8.279988e-10 
1.550000e-06 8.025343e-10 
1.462500e-06 7.795761e-10 
1.387500e-06 7.593248e-10 
1.312500e-06 7.384719e-10 
1.237500e-06 7.171178e-10 
1.175000e-06 6.987713e-10 
1.125000e-06 6.837331e-10 
1.075000e-06 6.683943e-10 
1.025000e-06 6.526543e-10 
9.800000e-07 6.381176e-10 
9.399999e-07 6.249842e-10 
9.000000e-07 6.115501e-10 
8.600000e-07 5.978153e-10 
8.200000e-07 5.836796e-10 
7.800000e-07 5.692429e-10 
7.400000e-07 5.545056e-10 
7.050000e-07 5.411717e-10 
6.750000e-07 5.295423e-10 
6.450000e-07 5.176120e-10 
6.150000e-07 5.054813e-10 
5.875000e-07 4.940524e-10 
5.625000e-07 4.834254e-10 
5.375000e-07 4.724977e-10 
5.125000e-07 4.613695e-10 
4.875000e-07 4.500408e-10 
4.625000e-07 4.383111e-10 
4.375000e-07 4.262805e-10 
4.125000e-07 4.139493e-10 
3.900000e-07 4.025203e-10 
3.700000e-07 3.919937e-10 
3.500000e-07 3.812664e-10 
3.300000e-07 3.702385e-10 
3.100000e-07 3.588095e-10 
2.900000e-07 3.470797e-10 
2.750000e-07 3.379567e-10 
2.625000e-07 3.302371e-10 
2.475000e-07 3.206126e-10 
2.350000e-07 3.123918e-10 
2.250000e-07 3.056748e-10 
2.150000e-07 2.988575e-10 
2.050000e-07 2.918398e-10 
1.950000e-07 2.846215e-10 
1.850000e-07 2.772027e-10 
1.750000e-07 2.695833e-10 
1.650000e-07 2.617636e-10 
1.550000e-07 2.537432e-10 
1.462500e-07 2.464246e-10 
1.387500e-07 2.401086e-10 
1.312500e-07 2.334919e-10 
1.237500e-07 2.266746e-10 
1.175000e-07 2.209601e-10 
1.125000e-07 2.161479e-10 
1.075000e-07 2.113357e-10 
1.025000e-07 2.063230e-10 
9.800000e-08 2.018116e-10 
9.400000e-08 1.976009e-10 
9.000000e-08 1.933902e-10 
8.600000e-08 1.889790e-10 
8.200000e-08 1.845678e-10 
7.800000e-08 1.800564e-10 
7.400000e-08 1.753445e-10 
7.050000e-08 1.711338e-10 
6.750000e-08 1.675246e-10 
6.450000e-08 1.637150e-10 
6.150000e-08 1.599053e-10 
5.875000e-08 1.562962e-10 
5.625000e-08 1.528875e-10 
5.375000e-08 1.494789e-10 
5.125000e-08 1.459700e-10 
4.875000e-08 1.423609e-10 
4.625000e-08 1.386515e-10 
4.375000e-08 1.348418e-10 
4.125000e-08 1.309319e-10 
3.900000e-08 1.273227e-10 
3.700000e-08 1.240143e-10 
3.500000e-08 1.206057e-10 
3.300000e-08 1.170968e-10 
3.100000e-08 1.134877e-10 
2.900000e-08 1.097783e-10 
2.750000e-08 1.068709e-10 
2.625000e-08 1.044648e-10 
2.475000e-08 1.014572e-10 
2.350000e-08 9.882049e-11 
2.250000e-08 9.669510e-11 
2.150000e-08 9.451959e-11 
2.050000e-08 9.229395e-11 
1.950000e-08 9.000814e-11 
1.850000e-08 8.767223e-11 
1.750000e-08 8.527615e-11 
1.650000e-08 8.279988e-11 
1.550000e-08 8.025344e-11 
1.462500e-08 7.795760e-11 
1.387500e-08 7.593248e-11 
1.312500e-08 7.384719e-11 
1.237500e-08 7.171178e-11 
1.175000e-08 6.987712e-11 
1.125000e-08 6.837331e-11 
1.075000e-08 6.683943e-11 
1.025000e-08 6.526543e-11 
9.800000e-09 6.381175e-11 
9.400000e-09 6.249842e-11 
9.000000e-09 6.115501e-11 
8.600000e-09 5.978154e-11 
8.200000e-09 5.836796e-11 
7.800000e-09 5.692430e-11 
7.400000e-09 5.545056e-11 
7.050000e-09 5.411717e-11 
6.750000e-09 5.295423e-11 
6.450000e-09 5.176120e-11 
6.150000e-09 5.054813e-11 
5.875000e-09 4.940523e-11 
5.625000e-09 4.834254e-11 
5.375000e-09 4.724977e-11 
5.125000e-09 4.613694e-11 
4.875000e-09 4.500407e-11 
4.625000e-09 4.383110e-11 
4.375000e-09 4.262805e-11 
4.125000e-09 4.139493e-11 
3.900000e-09 4.025203e-11 
3.700000e-09 3.919936e-11 
3.500000e-09 3.812665e-11 
3.300000e-09 3.702385e-11 
3.100000e-09 3.588095e-11 
2.900000e-09 3.470798e-11 
2.750000e-09 3.379567e-11 
2.625000e-09 3.302371e-11 
2.475000e-09 3.206127e-11 
2.350000e-09 3.123918e-11 
2.250000e-09 3.056748e-11 
2.150000e-09 2.988576e-11 
2.050000e-09 2.918398e-11 
1.950000e-09 2.846215e-11 
1.850000e-09 2.772027e-11 
1.750000e-09 2.695834e-11 
1.650000e-09 2.617635e-11 
1.550000e-09 2.537432e-11 
1.462500e-09 2.464246e-11 
1.387500e-09 2.401086e-11 
1.312500e-09 2.334919e-11 
1.237500e-09 2.266746e-11 
1.175000e-09 2.209601e-11 
1.125000e-09 2.161479e-11 
1.075000e-09 2.113357e-11 
1.025000e-09 2.063230e-11 
9.800000e-10 2.018116e-11 
9.400000e-10 1.976009e-11 
9.000000e-10 1.933902e-11 
8.600000e-10 1.889790e-11 
8.200000e-10 1.845678e-11 
7.800000e-10 1.800564e-11 
7.400000e-10 1.753445e-11 
7.050000e-10 1.711338e-11 
6.750000e-10 1.675247e-11 
6.450000e-10 1.637150e-11 
6.150000e-10 1.599053e-11 
5.875000e-10 1.562962e-11 
5.625000e-10 1.528875e-11 
5.375000e-10 1.494789e-11 
5.125000e-10 1.459700e-11 
4.875000e-10 1.423609e-11 
4.625000e-10 1.386515e-11 
4.375000e-10 1.348418e-11 
4.125000e-10 1.309319e-11 
3.900000e-10 1.273228e-11 
3.700000e-10 1.240144e-11 
3.500000e-10 1.206057e-11 
3.300000e-10 1.170968e-11 
3.100000e-10 1.134877e-11 
2.900000e-10 1.097783e-11 
2.750000e-10 1.068709e-11 
2.625000e-10 1.044648e-11 
2.475000e-10 1.014572e-11 
2.350000e-10 9.882049e-12 
2.250000e-10 9.669511e-12 
2.150000e-10 9.451959e-12 
2.050000e-10 9.229395e-12 
1.950000e-10 9.000815e-12 
1.850000e-10 8.767223e-12 
1.750000e-10 8.527616e-12 
1.650000e-10 8.279989e-12 
1.550000e-10 8.025343e-12 
1.462500e-10 7.795761e-12 
1.387500e-10 7.593248e-12 
1.312500e-10 7.384719e-12 
1.237500e-10 7.171177e-12 
1.175000e-10 6.987712e-12 
1.125000e-10 6.837331e-12 
1.075000e-10 6.683942e-12 
1.025000e-10 6.526543e-12 
