 1.99500E+01   3.83680E-06
 1.98500E+01   4.13600E-06
 1.97500E+01   4.45843E-06
 1.96500E+01   4.80597E-06
 1.95500E+01   5.18059E-06
 1.94500E+01   5.58417E-06
 1.93500E+01   6.01922E-06
 1.92500E+01   6.48814E-06
 1.91500E+01   6.99351E-06
 1.90500E+01   7.53802E-06
 1.89500E+01   8.12476E-06
 1.88500E+01   8.75712E-06
 1.87500E+01   9.43866E-06
 1.86500E+01   1.01730E-05
 1.85500E+01   1.09644E-05
 1.84500E+01   1.18170E-05
 1.83500E+01   1.27361E-05
 1.82500E+01   1.37263E-05
 1.81500E+01   1.47930E-05
 1.80500E+01   1.59427E-05
 1.79500E+01   1.71812E-05
 1.78500E+01   5.58788E-06
 1.77500E+01   8.66992E-07
 1.76500E+01   9.00218E-07
 1.75500E+01   9.33981E-07
 1.74500E+01   9.68312E-07
 1.73500E+01   1.00318E-06
 1.72500E+01   1.03864E-06
 1.71500E+01   1.07467E-06
 1.70500E+01   1.11132E-06
 1.69500E+01   1.14856E-06
 1.68500E+01   1.18642E-06
 1.67500E+01   1.22493E-06
 1.66500E+01   1.26410E-06
 1.65500E+01   1.30391E-06
 1.64500E+01   7.39729E-07
 1.63500E+01   4.98055E-07
 1.62500E+01   8.96211E-07
 1.61500E+01   1.40799E-06
 1.60500E+01   1.92503E-06
 1.59500E+01   2.45013E-06
 1.58500E+01   2.98425E-06
 1.57500E+01   3.52803E-06
 1.56500E+01   4.08178E-06
 1.55500E+01   4.64583E-06
 1.54500E+01   5.22062E-06
 1.53500E+01   5.80622E-06
 1.52500E+01   6.40304E-06
 1.51500E+01   7.01137E-06
 1.50500E+01   7.63151E-06
 1.49500E+01   8.26378E-06
 1.48500E+01   8.90819E-06
 1.47500E+01   9.56559E-06
 1.46500E+01   1.02358E-05
 1.45500E+01   1.09194E-05
 1.44500E+01   1.16164E-05
 1.43500E+01   1.23277E-05
 1.42500E+01   1.30534E-05
 1.41500E+01   1.37935E-05
 1.40500E+01   1.45490E-05
 1.39500E+01   1.53200E-05
 1.38500E+01   1.61069E-05
 1.37500E+01   1.69099E-05
 1.36500E+01   1.77299E-05
 1.35500E+01   1.85668E-05
 1.34500E+01   1.94216E-05
 1.33500E+01   2.02945E-05
 1.32500E+01   2.11857E-05
 1.31500E+01   2.20965E-05
 1.30500E+01   2.30267E-05
 1.29500E+01   2.39771E-05
 1.28500E+01   1.97129E-05
 1.27500E+01   9.54402E-06
 1.26500E+01   7.91098E-06
 1.25500E+01   1.41394E-05
 1.24500E+01   2.04198E-05
 1.23500E+01   2.68223E-05
 1.22500E+01   3.33662E-05
 1.21500E+01   4.00629E-05
 1.20500E+01   4.69192E-05
 1.19500E+01   5.39421E-05
 1.18500E+01   6.11362E-05
 1.17500E+01   6.85094E-05
 1.16500E+01   7.60655E-05
 1.15500E+01   8.38124E-05
 1.14500E+01   9.17552E-05
 1.13500E+01   9.98997E-05
 1.12500E+01   1.08254E-04
 1.11500E+01   1.16824E-04
 1.10500E+01   1.25615E-04
 1.09500E+01   1.34639E-04
 1.08500E+01   1.43900E-04
 1.07500E+01   1.53408E-04
 1.06500E+01   1.63167E-04
 1.05500E+01   1.73193E-04
 1.04500E+01   1.83488E-04
 1.03500E+01   1.94065E-04
 1.02500E+01   2.04937E-04
 1.01500E+01   2.16106E-04
 1.00500E+01   2.27587E-04
 9.95000E+00   2.17481E-04
 9.85000E+00   2.18712E-04
 9.75000E+00   2.53509E-04
 9.65000E+00   2.89648E-04
 9.55000E+00   3.26881E-04
 9.45000E+00   3.65259E-04
 9.35000E+00   4.04823E-04
 9.25000E+00   4.45616E-04
 9.15000E+00   4.87691E-04
 9.05000E+00   5.31103E-04
 8.95000E+00   5.75901E-04
 8.85000E+00   6.22151E-04
 8.75000E+00   6.69895E-04
 8.65000E+00   7.19209E-04
 8.55000E+00   7.70162E-04
 8.45000E+00   8.22814E-04
 8.35000E+00   8.77237E-04
 8.25000E+00   9.33509E-04
 8.14999E+00   9.91722E-04
 8.04999E+00   1.05196E-03
 7.94999E+00   1.11430E-03
 7.84999E+00   1.17884E-03
 7.75000E+00   1.24346E-03
 7.65000E+00   1.33189E-03
 7.55000E+00   1.45034E-03
 7.45000E+00   1.57511E-03
 7.35000E+00   1.70470E-03
 7.25000E+00   1.83934E-03
 7.15000E+00   1.97926E-03
 7.05000E+00   2.12475E-03
 6.95000E+00   2.27609E-03
 6.85000E+00   2.43358E-03
 6.75000E+00   2.59754E-03
 6.65000E+00   2.76831E-03
 6.55000E+00   2.94626E-03
 6.45000E+00   3.13183E-03
 6.35000E+00   3.32538E-03
 6.25000E+00   3.52742E-03
 6.15000E+00   3.73837E-03
 6.05000E+00   4.01119E-03
 5.95000E+00   4.35149E-03
 5.85000E+00   4.68391E-03
 5.75000E+00   5.00741E-03
 5.65000E+00   5.34656E-03
 5.55000E+00   5.70239E-03
 5.45000E+00   6.07586E-03
 5.35000E+00   6.46824E-03
 5.25000E+00   6.88081E-03
 5.15000E+00   7.31481E-03
 5.05000E+00   7.77188E-03
 4.95000E+00   8.25353E-03
 4.85000E+00   8.76153E-03
 4.75000E+00   9.29390E-03
 4.65000E+00   9.86740E-03
 4.55000E+00   1.05190E-02
 4.45000E+00   1.12398E-02
 4.35000E+00   1.20046E-02
 4.25000E+00   1.28169E-02
 4.15000E+00   1.36808E-02
 4.05000E+00   1.46006E-02
 3.95000E+00   1.55812E-02
 3.85000E+00   1.66282E-02
 3.75000E+00   1.77476E-02
 3.65000E+00   1.90416E-02
 3.55000E+00   2.05006E-02
 3.45000E+00   2.20153E-02
 3.35000E+00   2.36230E-02
 3.25000E+00   2.53577E-02
 3.15000E+00   2.72331E-02
 3.05000E+00   2.92652E-02
 2.95000E+00   3.14719E-02
 2.85000E+00   3.42975E-02
 2.75000E+00   3.74840E-02
 2.65000E+00   4.03142E-02
 2.55000E+00   4.31196E-02
 2.45000E+00   4.62008E-02
 2.35000E+00   4.95968E-02
 2.25000E+00   5.30045E-02
 2.15000E+00   5.58716E-02
 2.05000E+00   5.92547E-02
 1.95000E+00   6.38502E-02
 1.85000E+00   6.90181E-02
 1.75000E+00   7.46013E-02
 1.65000E+00   8.10399E-02
 1.55000E+00   8.95774E-02
 1.45000E+00   1.00323E-01
 1.35000E+00   1.13290E-01
 1.25000E+00   1.30453E-01
 1.15000E+00   1.52903E-01
 1.05000E+00   1.81250E-01
 9.80000E-01   2.12477E-01
 9.40000E-01   2.37491E-01
 9.00000E-01   2.58398E-01
 8.60000E-01   2.81697E-01
 8.20000E-01   3.10762E-01
 7.80000E-01   3.45513E-01
 7.40000E-01   3.80199E-01
 7.05000E-01   4.13562E-01
 6.75000E-01   4.45974E-01
 6.45000E-01   4.80415E-01
 6.15000E-01   5.17189E-01
 5.87500E-01   5.49377E-01
 5.62500E-01   5.77314E-01
 5.37500E-01   6.06597E-01
 5.12500E-01   6.38804E-01
 4.87500E-01   6.57533E-01
 4.62500E-01   6.73456E-01
 4.37500E-01   7.05727E-01
 4.12500E-01   7.43212E-01
 3.90000E-01   7.89095E-01
 3.70000E-01   8.43676E-01
 3.50000E-01   8.91769E-01
 3.30000E-01   9.32608E-01
 3.10000E-01   9.76558E-01
 2.90000E-01   1.00838E+00
 2.75000E-01   1.03025E+00
 2.62500E-01   1.05436E+00
 2.47500E-01   1.07958E+00
 2.35000E-01   1.10530E+00
 2.25000E-01   1.12476E+00
 2.15000E-01   1.14026E+00
 2.05000E-01   1.15547E+00
 1.95000E-01   1.17019E+00
 1.85000E-01   1.17656E+00
 1.75000E-01   1.16988E+00
 1.65000E-01   1.17716E+00
 1.55000E-01   1.20402E+00
 1.46250E-01   1.23059E+00
 1.38750E-01   1.30719E+00
 1.31250E-01   1.38781E+00
 1.23750E-01   1.41590E+00
 1.17500E-01   1.44180E+00
 1.12500E-01   1.44498E+00
 1.07500E-01   1.38181E+00
 1.02500E-01   1.33879E+00
 9.80000E-02   1.35961E+00
 9.40000E-02   1.37815E+00
 9.00000E-02   1.39536E+00
 8.60000E-02   1.48128E+00
 8.20000E-02   1.62096E+00
 7.80000E-02   1.70205E+00
 7.40000E-02   1.74427E+00
 7.05000E-02   1.78566E+00
 6.75000E-02   1.78695E+00
 6.45000E-02   1.72813E+00
 6.15000E-02   1.68296E+00
 5.87500E-02   1.67055E+00
 5.62500E-02   1.65402E+00
 5.37500E-02   1.63242E+00
 5.12500E-02   1.60195E+00
 4.87500E-02   1.58341E+00
 4.62500E-02   1.58058E+00
 4.37500E-02   1.57263E+00
 4.12500E-02   1.56221E+00
 3.90000E-02   1.57425E+00
 3.70000E-02   1.61009E+00
 3.50000E-02   1.64805E+00
 3.30000E-02   1.68733E+00
 3.10000E-02   1.80110E+00
 2.90000E-02   1.93318E+00
 2.75000E-02   1.98791E+00
 2.62500E-02   2.02616E+00
 2.47500E-02   2.03385E+00
 2.35000E-02   1.99476E+00
 2.25000E-02   1.95739E+00
 2.15000E-02   1.93713E+00
 2.05000E-02   1.90958E+00
 1.95000E-02   1.85166E+00
 1.85000E-02   1.75405E+00
 1.75000E-02   1.69984E+00
 1.65000E-02   1.69929E+00
 1.55000E-02   1.69638E+00
 1.46250E-02   1.82254E+00
 1.38750E-02   1.98707E+00
 1.31250E-02   2.04685E+00
 1.23750E-02   2.11059E+00
 1.17500E-02   2.16040E+00
 1.12500E-02   2.17237E+00
 1.07500E-02   2.17478E+00
 1.02500E-02   2.18784E+00
 9.80000E-03   2.19731E+00
 9.40000E-03   2.20254E+00
 9.00000E-03   2.15673E+00
 8.60000E-03   2.10807E+00
 8.20000E-03   2.11814E+00
 7.80000E-03   2.14014E+00
 7.40000E-03   2.15991E+00
 7.05000E-03   2.22482E+00
 6.75000E-03   2.33635E+00
 6.45000E-03   2.43007E+00
 6.15000E-03   2.50922E+00
 5.87500E-03   2.59071E+00
 5.62500E-03   2.66601E+00
 5.37500E-03   2.72191E+00
 5.12500E-03   2.80845E+00
 4.87500E-03   2.94757E+00
 4.62500E-03   3.10143E+00
 4.37500E-03   3.31122E+00
 4.12500E-03   3.66166E+00
 3.90000E-03   3.97375E+00
 3.70000E-03   4.13655E+00
 3.50000E-03   4.30448E+00
 3.30000E-03   4.30603E+00
 3.10000E-03   4.21575E+00
 2.90000E-03   4.25885E+00
 2.75000E-03   4.33915E+00
 2.62500E-03   4.40858E+00
 2.47500E-03   4.54643E+00
 2.35000E-03   4.75605E+00
 2.25000E-03   4.95454E+00
 2.15000E-03   5.14727E+00
 2.05000E-03   5.44391E+00
 1.95000E-03   5.92345E+00
 1.85000E-03   6.33564E+00
 1.75000E-03   6.59396E+00
 1.65000E-03   6.87692E+00
 1.55000E-03   7.02367E+00
 1.46250E-03   7.01835E+00
 1.38750E-03   7.02485E+00
 1.31250E-03   7.03041E+00
 1.23750E-03   6.84686E+00
 1.17500E-03   6.49704E+00
 1.12500E-03   6.37462E+00
 1.07500E-03   6.46531E+00
 1.02500E-03   6.55488E+00
 9.80000E-04   6.65642E+00
 9.40000E-04   7.40127E+00
 9.00000E-04   8.25758E+00
 8.60000E-04   8.49386E+00
 8.20000E-04   8.74588E+00
 7.80000E-04   9.01534E+00
 7.40000E-04   8.88960E+00
 7.05000E-04   8.53317E+00
 6.75000E-04   8.49829E+00
 6.45000E-04   8.60987E+00
 6.15000E-04   8.71872E+00
 5.87500E-04   9.00381E+00
 5.62500E-04   9.68852E+00
 5.37500E-04   1.02123E+01
 5.12500E-04   1.03228E+01
 4.87500E-04   1.04249E+01
 4.62500E-04   1.04013E+01
 4.37500E-04   9.70686E+00
 4.12500E-04   9.04062E+00
 3.90000E-04   8.90125E+00
 3.70000E-04   8.72550E+00
 3.50000E-04   8.84304E+00
 3.30000E-04   9.25503E+00
 3.10000E-04   9.50598E+00
 2.90000E-04   9.60711E+00
 2.75000E-04   9.61322E+00
 2.62500E-04   9.54651E+00
 2.47500E-04   9.55098E+00
 2.35000E-04   9.59999E+00
 2.25000E-04   9.62216E+00
 2.15000E-04   9.62871E+00
 2.05000E-04   9.69743E+00
 1.95000E-04   9.85358E+00
 1.85000E-04   1.00311E+01
 1.75000E-04   1.02089E+01
 1.65000E-04   1.08600E+01
 1.55000E-04   1.15927E+01
 1.46250E-04   1.16214E+01
 1.38750E-04   1.13712E+01
 1.31250E-04   1.04175E+01
 1.23750E-04   8.17051E+00
 1.17500E-04   6.67128E+00
 1.12500E-04   6.32952E+00
 1.07500E-04   5.96202E+00
 1.02500E-04   6.10641E+00
 9.80000E-05   7.96734E+00
 9.40000E-05   9.77208E+00
 9.00000E-05   9.90293E+00
 8.60000E-05   1.00320E+01
 8.20000E-05   1.01576E+01
 7.80000E-05   8.85723E+00
 7.40000E-05   6.93273E+00
 7.05000E-05   6.12551E+00
 6.75000E-05   5.78576E+00
 6.45000E-05   5.41075E+00
 6.15000E-05   5.70220E+00
 5.87500E-05   6.95566E+00
 5.62500E-05   7.74932E+00
 5.37500E-05   7.75640E+00
 5.12500E-05   7.74734E+00
 4.87500E-05   7.56985E+00
 4.62500E-05   6.33078E+00
 4.37500E-05   5.13693E+00
 4.12500E-05   4.65738E+00
 3.90000E-05   4.10349E+00
 3.70000E-05   3.85758E+00
 3.50000E-05   4.00215E+00
 3.30000E-05   4.05899E+00
 3.10000E-05   3.93458E+00
 2.90000E-05   3.91215E+00
 2.75000E-05   4.00661E+00
 2.62500E-05   3.94992E+00
 2.47500E-05   3.70087E+00
 2.35000E-05   3.40335E+00
 2.25000E-05   2.66082E+00
 2.15000E-05   1.73213E+00
 2.05000E-05   1.26786E+00
 1.95000E-05   1.03318E+00
 1.85000E-05   7.55508E-01
 1.75000E-05   9.52253E-01
 1.65000E-05   1.74801E+00
 1.55000E-05   2.20771E+00
 1.46250E-05   2.31424E+00
 1.38750E-05   2.31016E+00
 1.31250E-05   1.93241E+00
 1.23750E-05   1.54685E+00
 1.17500E-05   1.36427E+00
 1.12500E-05   1.18716E+00
 1.07500E-05   1.00845E+00
 1.02500E-05   8.59584E-01
 9.80000E-06   7.46856E-01
 9.40000E-06   6.35804E-01
 9.00000E-06   5.14456E-01
 8.60000E-06   3.74138E-01
 8.20000E-06   2.34873E-01
 7.80000E-06   1.58280E-01
 7.40000E-06   1.23589E-01
 7.05000E-06   8.81238E-02
 6.75000E-06   5.20360E-02
 6.45000E-06   3.92112E-02
 6.15000E-06   5.19042E-02
 5.87500E-06   6.09264E-02
 5.62500E-06   5.66256E-02
 5.37500E-06   5.17980E-02
 5.12500E-06   4.86140E-02
 4.87500E-06   5.71107E-02
 4.62500E-06   6.66879E-02
 4.37500E-06   6.48136E-02
 4.12500E-06   6.23765E-02
 3.90000E-06   5.28712E-02
 3.70000E-06   3.90720E-02
 3.50000E-06   2.99899E-02
 3.30000E-06   2.28338E-02
 3.10000E-06   1.55608E-02
 2.90000E-06   1.26408E-02
 2.75000E-06   1.15969E-02
 2.62500E-06   9.05668E-03
 2.47500E-06   5.90511E-03
 2.35000E-06   3.77942E-03
 2.25000E-06   3.19689E-03
 2.15000E-06   2.76917E-03
 2.05000E-06   2.09181E-03
 1.95000E-06   1.29060E-03
 1.85000E-06   7.19915E-04
 1.75000E-06   6.19257E-04
 1.65000E-06   5.96223E-04
 1.55000E-06   3.86910E-04
 1.46250E-06   1.76793E-04
 1.38750E-06   1.15664E-04
 1.31250E-06   1.18696E-04
 1.23750E-06   8.50315E-05
 1.17500E-06   4.82956E-05
 1.12500E-06   2.86330E-05
 1.07500E-06   3.02537E-05
 1.02500E-06   3.26694E-05
 9.80000E-07   2.53428E-05
 9.40000E-07   1.77645E-05
 9.00000E-07   9.28289E-06
 8.60000E-07   1.05031E-05
 8.20000E-07   1.78114E-05
 7.80000E-07   1.67834E-05
 7.40000E-07   1.45135E-05
 7.05000E-07   1.20132E-05
 6.75000E-07   6.71989E-06
 6.45000E-07   2.63032E-06
 6.15000E-07   1.53334E-06
 5.87500E-07   1.15763E-06
 5.62500E-07   7.58895E-07
 5.37500E-07   3.20544E-07
 5.12500E-07   1.12062E-07
 4.87500E-07   8.04587E-08
 4.62500E-07   8.47046E-08
 4.37500E-07   8.94163E-08
 4.12500E-07   6.41399E-08
 3.90000E-07   4.11660E-08
 3.70000E-07   3.90545E-08
 3.50000E-07   3.69428E-08
 3.30000E-07   3.48312E-08
 3.10000E-07   3.27196E-08
 2.90000E-07   3.06080E-08
 2.75000E-07   2.90243E-08
 2.62500E-07   2.77045E-08
 2.47500E-07   2.61208E-08
 2.35000E-07   2.48010E-08
 2.25000E-07   2.37452E-08
 2.15000E-07   2.26894E-08
 2.05000E-07   2.16336E-08
 1.95000E-07   2.05778E-08
 1.85000E-07   1.95219E-08
 1.75000E-07   1.84661E-08
 1.65000E-07   1.74103E-08
 1.55000E-07   1.63545E-08
 1.46250E-07   1.54307E-08
 1.38750E-07   1.46388E-08
 1.31250E-07   1.38470E-08
 1.23750E-07   1.30551E-08
 1.17500E-07   1.23952E-08
 1.12500E-07   1.18673E-08
 1.07500E-07   1.13394E-08
 1.02500E-07   1.08115E-08
 9.80000E-08   1.03364E-08
 9.40000E-08   9.91405E-09
 9.00000E-08   9.49174E-09
 8.60000E-08   9.06943E-09
 8.20000E-08   8.64709E-09
 7.80000E-08   8.22477E-09
 7.40000E-08   7.80244E-09
 7.05000E-08   7.43291E-09
 6.75000E-08   7.11617E-09
 6.45000E-08   6.79942E-09
 6.15000E-08   6.48268E-09
 5.87500E-08   6.19233E-09
 5.62500E-08   5.92838E-09
 5.37500E-08   5.66442E-09
 5.12500E-08   5.40047E-09
 4.87500E-08   5.13652E-09
 4.62500E-08   4.87256E-09
 4.37500E-08   4.60862E-09
 4.12500E-08   4.34466E-09
 3.90000E-08   4.10711E-09
 3.70000E-08   3.89594E-09
 3.50000E-08   3.68478E-09
 3.30000E-08   3.47362E-09
 3.10000E-08   3.26245E-09
 2.90000E-08   3.05129E-09
 2.75000E-08   2.89292E-09
 2.62500E-08   2.76095E-09
 2.47500E-08   2.60257E-09
 2.35000E-08   2.47060E-09
 2.25000E-08   2.36502E-09
 2.15000E-08   2.25943E-09
 2.05000E-08   2.15385E-09
 1.95000E-08   2.04827E-09
 1.85000E-08   1.94269E-09
 1.75000E-08   1.83711E-09
 1.65000E-08   1.73153E-09
 1.55000E-08   1.62595E-09
 1.46250E-08   1.53356E-09
 1.38750E-08   1.45438E-09
 1.31250E-08   1.37519E-09
 1.23750E-08   1.29600E-09
 1.17500E-08   1.23002E-09
 1.12500E-08   1.17723E-09
 1.07500E-08   1.12444E-09
 1.02500E-08   1.07165E-09
 9.80000E-09   1.02414E-09
 9.40000E-09   9.81902E-10
 9.00000E-09   9.39669E-10
 8.60000E-09   8.97438E-10
 8.20000E-09   8.55205E-10
 7.80000E-09   8.12973E-10
 7.40000E-09   7.70739E-10
 7.05000E-09   7.33787E-10
 6.75000E-09   7.02113E-10
 6.45000E-09   6.70439E-10
 6.15000E-09   6.38764E-10
 5.87500E-09   6.09729E-10
 5.62500E-09   5.83334E-10
 5.37500E-09   5.56939E-10
 5.12500E-09   5.30543E-10
 4.87500E-09   5.04148E-10
 4.62500E-09   4.77752E-10
 4.37500E-09   4.51356E-10
 4.12500E-09   4.24961E-10
 3.90000E-09   4.01206E-10
 3.70000E-09   3.80089E-10
 3.50000E-09   3.58973E-10
 3.30000E-09   3.37856E-10
 3.10000E-09   3.16740E-10
 2.90000E-09   2.95623E-10
 2.75000E-09   2.79789E-10
 2.62500E-09   2.66589E-10
 2.47500E-09   2.50752E-10
 2.35000E-09   2.37556E-10
 2.25000E-09   2.26997E-10
 2.15000E-09   2.16440E-10
 2.05000E-09   2.05881E-10
 1.95000E-09   1.95323E-10
 1.85000E-09   1.84764E-10
 1.75000E-09   1.74206E-10
 1.65000E-09   1.63647E-10
 1.55000E-09   1.53089E-10
 1.46250E-09   1.43852E-10
 1.38750E-09   1.35933E-10
 1.31250E-09   1.28014E-10
 1.23750E-09   1.20095E-10
 1.17500E-09   1.13498E-10
 1.12500E-09   1.08219E-10
 1.07500E-09   1.02940E-10
 1.02500E-09   9.76601E-11
 9.80000E-10   9.29097E-11
 9.40000E-10   8.86864E-11
 9.00000E-10   8.44630E-11
 8.60000E-10   8.02396E-11
 8.20000E-10   7.60161E-11
 7.80000E-10   7.17925E-11
 7.40000E-10   6.75689E-11
 7.05000E-10   6.38747E-11
 6.75000E-10   6.07071E-11
 6.45000E-10   5.75395E-11
 6.15000E-10   5.43718E-11
 5.87500E-10   5.14689E-11
 5.62500E-10   4.88291E-11
 5.37500E-10   4.61895E-11
 5.12500E-10   4.35495E-11
 4.87500E-10   4.09098E-11
 4.62500E-10   3.82699E-11
 4.37500E-10   3.56299E-11
 4.12500E-10   3.29898E-11
 3.90000E-10   3.06154E-11
 3.70000E-10   2.85034E-11
 3.50000E-10   2.63913E-11
 3.30000E-10   2.42790E-11
 3.10000E-10   2.21666E-11
 2.90000E-10   2.00540E-11
 2.75000E-10   1.84749E-11
 2.62500E-10   1.71523E-11
 2.47500E-10   1.55678E-11
 2.35000E-10   1.42507E-11
 2.25000E-10   1.31945E-11
 2.15000E-10   1.21383E-11
 2.05000E-10   1.10819E-11
 1.95000E-10   1.00255E-11
 1.85000E-10   8.96880E-12
 1.75000E-10   7.91187E-12
 1.65000E-10   6.85455E-12
 1.55000E-10   5.79661E-12
 1.46250E-10   4.87579E-12
 1.38750E-10   4.08203E-12
 1.31250E-10   3.28728E-12
 1.23750E-10   2.49057E-12
 1.17500E-10   1.83690E-12
 1.12500E-10   1.30393E-12
 1.07500E-10   7.63640E-13
 1.02500E-10   3.99575E-14
