
   0.1025000E-09      0.1642010E-07
   0.1075000E-09      0.1722542E-07
   0.1125000E-09      0.1802028E-07
   0.1175000E-09      0.1882559E-07
   0.1237500E-09      0.1982962E-07
   0.1312500E-09      0.2103237E-07
   0.1387500E-09      0.2223512E-07
   0.1462500E-09      0.2343786E-07
   0.1550000E-09      0.2483932E-07
   0.1650000E-09      0.2643950E-07
   0.1750000E-09      0.2803968E-07
   0.1850000E-09      0.2963985E-07
   0.1950000E-09      0.3124002E-07
   0.2050000E-09      0.3285066E-07
   0.2150000E-09      0.3445084E-07
   0.2250000E-09      0.3605101E-07
   0.2350000E-09      0.3765118E-07
   0.2475000E-09      0.3965925E-07
   0.2625000E-09      0.4206474E-07
   0.2750000E-09      0.4406234E-07
   0.2900000E-09      0.4646784E-07
   0.3100000E-09      0.4966818E-07
   0.3300000E-09      0.5287900E-07
   0.3500000E-09      0.5607935E-07
   0.3700000E-09      0.5927970E-07
   0.3900000E-09      0.6249051E-07
   0.4125000E-09      0.6608828E-07
   0.4375000E-09      0.7010441E-07
   0.4625000E-09      0.7411008E-07
   0.4875000E-09      0.7811575E-07
   0.5125000E-09      0.8212142E-07
   0.5375000E-09      0.8612709E-07
   0.5625000E-09      0.9012230E-07
   0.5875000E-09      0.9413842E-07
   0.6150000E-09      0.9854151E-07
   0.6450000E-09      0.1033420E-06
   0.6750000E-09      0.1081426E-06
   0.7050000E-09      0.1129536E-06
   0.7400000E-09      0.1186012E-06
   0.7800000E-09      0.1249810E-06
   0.8200000E-09      0.1313608E-06
   0.8600000E-09      0.1378452E-06
   0.9000000E-09      0.1442250E-06
   0.9400000E-09      0.1506047E-06
   0.9800000E-09      0.1569845E-06
   0.1025000E-08      0.1642010E-06
   0.1075000E-08      0.1722542E-06
   0.1125000E-08      0.1802027E-06
   0.1175000E-08      0.1882559E-06
   0.1237500E-08      0.1982962E-06
   0.1312500E-08      0.2103237E-06
   0.1387500E-08      0.2223511E-06
   0.1462500E-08      0.2343786E-06
   0.1550000E-08      0.2483932E-06
   0.1650000E-08      0.2643950E-06
   0.1750000E-08      0.2803968E-06
   0.1850000E-08      0.2963985E-06
   0.1950000E-08      0.3124003E-06
   0.2050000E-08      0.3285066E-06
   0.2150000E-08      0.3445084E-06
   0.2250000E-08      0.3605101E-06
   0.2350000E-08      0.3765118E-06
   0.2475000E-08      0.3965925E-06
   0.2625000E-08      0.4206474E-06
   0.2750000E-08      0.4406234E-06
   0.2900000E-08      0.4646783E-06
   0.3100000E-08      0.4966819E-06
   0.3300000E-08      0.5287900E-06
   0.3500000E-08      0.5607935E-06
   0.3700000E-08      0.5927970E-06
   0.3900000E-08      0.6249051E-06
   0.4125000E-08      0.6608828E-06
   0.4375000E-08      0.7010441E-06
   0.4625000E-08      0.7411008E-06
   0.4875000E-08      0.7810529E-06
   0.5125000E-08      0.8212141E-06
   0.5375000E-08      0.8612708E-06
   0.5625000E-08      0.9012230E-06
   0.5875000E-08      0.9413842E-06
   0.6150000E-08      0.9854151E-06
   0.6450000E-08      0.1033420E-05
   0.6750000E-08      0.1081426E-05
   0.7050000E-08      0.1129536E-05
   0.7400000E-08      0.1186012E-05
   0.7800000E-08      0.1249810E-05
   0.8200000E-08      0.1313608E-05
   0.8600000E-08      0.1378452E-05
   0.9000000E-08      0.1442250E-05
   0.9400000E-08      0.1506047E-05
   0.9800000E-08      0.1569845E-05
   0.1025000E-07      0.1642010E-05
   0.1075000E-07      0.1722542E-05
   0.1125000E-07      0.1802028E-05
   0.1175000E-07      0.1882559E-05
   0.1237500E-07      0.1982962E-05
   0.1312500E-07      0.2103237E-05
   0.1387500E-07      0.2223512E-05
   0.1462500E-07      0.2343786E-05
   0.1550000E-07      0.2483933E-05
   0.1650000E-07      0.2643950E-05
   0.1750000E-07      0.2803967E-05
   0.1850000E-07      0.2963985E-05
   0.1950000E-07      0.3124002E-05
   0.2050000E-07      0.3285066E-05
   0.2150000E-07      0.3445083E-05
   0.2250000E-07      0.3605101E-05
   0.2350000E-07      0.3765119E-05
   0.2475000E-07      0.3965925E-05
   0.2625000E-07      0.4206474E-05
   0.2750000E-07      0.4406234E-05
   0.2900000E-07      0.4646784E-05
   0.3100000E-07      0.4966819E-05
   0.3300000E-07      0.5287900E-05
   0.3500000E-07      0.5607935E-05
   0.3700000E-07      0.5927970E-05
   0.3900000E-07      0.6249051E-05
   0.4125000E-07      0.6608829E-05
   0.4375000E-07      0.7009395E-05
   0.4625000E-07      0.7409962E-05
   0.4875000E-07      0.7811575E-05
   0.5125000E-07      0.8211095E-05
   0.5375000E-07      0.8612709E-05
   0.5625000E-07      0.9012229E-05
   0.5875000E-07      0.9413842E-05
   0.6150000E-07      0.9854151E-05
   0.6450000E-07      0.1033420E-04
   0.6750000E-07      0.1081426E-04
   0.7050000E-07      0.1129535E-04
   0.7400000E-07      0.1186012E-04
   0.7800000E-07      0.1249810E-04
   0.8200000E-07      0.1313608E-04
   0.8600000E-07      0.1378452E-04
   0.9000000E-07      0.1442250E-04
   0.9400000E-07      0.1506047E-04
   0.9800000E-07      0.1569845E-04
   0.1025000E-06      0.1642010E-04
   0.1075000E-06      0.1722542E-04
   0.1125000E-06      0.1802028E-04
   0.1175000E-06      0.1882559E-04
   0.1237500E-06      0.1982962E-04
   0.1312500E-06      0.2103237E-04
   0.1387500E-06      0.2223512E-04
   0.1462500E-06      0.2343786E-04
   0.1550000E-06      0.2483932E-04
   0.1650000E-06      0.2643950E-04
   0.1750000E-06      0.2803968E-04
   0.1850000E-06      0.2963985E-04
   0.1950000E-06      0.3124003E-04
   0.2050000E-06      0.3285066E-04
   0.2150000E-06      0.3445084E-04
   0.2250000E-06      0.3605101E-04
   0.2350000E-06      0.3765119E-04
   0.2475000E-06      0.3965925E-04
   0.2625000E-06      0.4205429E-04
   0.2750000E-06      0.4406234E-04
   0.2900000E-06      0.4646783E-04
   0.3100000E-06      0.4966819E-04
   0.3300000E-06      0.5287900E-04
   0.3500000E-06      0.5607935E-04
   0.3700000E-06      0.5927970E-04
   0.3900000E-06      0.6249052E-04
   0.4125000E-06      0.6609875E-04
   0.4375000E-06      0.7010442E-04
   0.4625000E-06      0.7409963E-04
   0.4875000E-06      0.7811575E-04
   0.5125000E-06      0.8212142E-04
   0.5375000E-06      0.8611663E-04
   0.5625000E-06      0.9013275E-04
   0.5875000E-06      0.9412796E-04
   0.6150000E-06      0.9854152E-04
   0.6450000E-06      0.1033420E-03
   0.6750000E-06      0.1081426E-03
   0.7050000E-06      0.1129536E-03
   0.7400000E-06      0.1186012E-03
   0.7800000E-06      0.1249810E-03
   0.8200000E-06      0.1313608E-03
   0.8600000E-06      0.1378452E-03
   0.9000000E-06      0.1442249E-03
   0.9399999E-06      0.1506047E-03
   0.9800000E-06      0.1569845E-03
   0.1025000E-05      0.1642010E-03
   0.1075000E-05      0.1722542E-03
   0.1125000E-05      0.1803073E-03
   0.1175000E-05      0.1882559E-03
   0.1237500E-05      0.1982962E-03
   0.1312500E-05      0.2103237E-03
   0.1387500E-05      0.2223512E-03
   0.1462500E-05      0.2343786E-03
   0.1550000E-05      0.2483932E-03
   0.1650000E-05      0.2643950E-03
   0.1750000E-05      0.2803967E-03
   0.1850000E-05      0.2963985E-03
   0.1950000E-05      0.3124003E-03
   0.2050000E-05      0.3285065E-03
   0.2150000E-05      0.3445083E-03
   0.2250000E-05      0.3605101E-03
   0.2350000E-05      0.3765118E-03
   0.2475000E-05      0.3965925E-03
   0.2625000E-05      0.4206474E-03
   0.2750000E-05      0.4406234E-03
   0.2900000E-05      0.4646784E-03
   0.3100000E-05      0.4966819E-03
   0.3300000E-05      0.5287900E-03
   0.3500000E-05      0.5607934E-03
   0.3700000E-05      0.5927970E-03
   0.3900000E-05      0.6249051E-03
   0.4125000E-05      0.6609876E-03
   0.4375000E-05      0.7010441E-03
   0.4625000E-05      0.7409962E-03
   0.4875000E-05      0.7811575E-03
   0.5125000E-05      0.7885831E-03
   0.5375000E-05      0.7647374E-03
   0.5625000E-05      0.7426696E-03
   0.5875000E-05      0.7220660E-03
   0.6150000E-05      0.7011488E-03
   0.6450000E-05      0.6799177E-03
   0.6750000E-05      0.6602554E-03
   0.7050000E-05      0.6420573E-03
   0.7400000E-05      0.6222904E-03
   0.7800000E-05      0.6015823E-03
   0.8200001E-05      0.5824429E-03
   0.8600000E-05      0.5648724E-03
   0.8999999E-05      0.5485569E-03
   0.9400001E-05      0.5333918E-03
   0.9800000E-05      0.5192726E-03
   0.1025000E-04      0.5044213E-03
   0.1075000E-04      0.4891516E-03
   0.1125000E-04      0.4750324E-03
   0.1175000E-04      0.4619591E-03
   0.1237500E-04      0.4467941E-03
   0.1312500E-04      0.4301648E-03
   0.1387500E-04      0.4149997E-03
   0.1462500E-04      0.4011943E-03
   0.1550000E-04      0.3856109E-03
   0.1650000E-04      0.3687724E-03
   0.1750000E-04      0.3535028E-03
   0.1850000E-04      0.3398019E-03
   0.1950000E-04      0.3272516E-03
   0.2050000E-04      0.3157471E-03
   0.2150000E-04      0.3051838E-03
   0.2250000E-04      0.2953526E-03
   0.2350000E-04      0.2863581E-03
   0.2475000E-04      0.2760041E-03
   0.2625000E-04      0.2646042E-03
   0.2750000E-04      0.2559235E-03
   0.2900000E-04      0.2464061E-03
   0.3100000E-04      0.2349016E-03
   0.3300000E-04      0.2246521E-03
   0.3500000E-04      0.2154485E-03
   0.3700000E-04      0.2069769E-03
   0.3900000E-04      0.1993421E-03
   0.4125000E-04      0.1916027E-03
   0.4375000E-04      0.1836541E-03
   0.4625000E-04      0.1765422E-03
   0.4875000E-04      0.1699533E-03
   0.5125000E-04      0.1639918E-03
   0.5375000E-04      0.1585533E-03
   0.5625000E-04      0.1534286E-03
   0.5875000E-04      0.1487222E-03
   0.6150000E-04      0.1440158E-03
   0.6450000E-04      0.1392048E-03
   0.6750000E-04      0.1348121E-03
   0.7050000E-04      0.1308379E-03
   0.7400000E-04      0.1264452E-03
   0.7800000E-04      0.1219480E-03
   0.8200000E-04      0.1177645E-03
   0.8600000E-04      0.1138948E-03
   0.9000000E-04      0.1103389E-03
   0.9400000E-04      0.1070967E-03
   0.9800000E-04      0.1040428E-03
   0.1025000E-03      0.1008424E-03
   0.1075000E-03      0.9755840E-04
   0.1125000E-03      0.9452539E-04
   0.1175000E-03      0.9171202E-04
   0.1237500E-03      0.8848029E-04
   0.1312500E-03      0.8493479E-04
   0.1387500E-03      0.8171353E-04
   0.1462500E-03      0.7877464E-04
   0.1550000E-03      0.7548017E-04
   0.1650000E-03      0.7191376E-04
   0.1750000E-03      0.6872387E-04
   0.1850000E-03      0.6583728E-04
   0.1950000E-03      0.6321216E-04
   0.2050000E-03      0.6081712E-04
   0.2150000E-03      0.5861035E-04
   0.2250000E-03      0.5659182E-04
   0.2350000E-03      0.5471972E-04
   0.2475000E-03      0.5258615E-04
   0.2625000E-03      0.5024342E-04
   0.2750000E-03      0.4846544E-04
   0.2900000E-03      0.4653059E-04
   0.3100000E-03      0.4418785E-04
   0.3300000E-03      0.4210657E-04
   0.3500000E-03      0.4023447E-04
   0.3700000E-03      0.3854017E-04
   0.3900000E-03      0.3700274E-04
   0.4125000E-03      0.3544441E-04
   0.4375000E-03      0.3386515E-04
   0.4625000E-03      0.3244277E-04
   0.4875000E-03      0.3114590E-04
   0.5125000E-03      0.2996407E-04
   0.5375000E-03      0.2888683E-04
   0.5625000E-03      0.2789325E-04
   0.5875000E-03      0.2697289E-04
   0.6150000E-03      0.2603161E-04
   0.6450000E-03      0.2511125E-04
   0.6750000E-03      0.2430593E-04
   0.7050000E-03      0.2358428E-04
   0.7400000E-03      0.2281034E-04
   0.7800000E-03      0.2199457E-04
   0.8200000E-03      0.2125200E-04
   0.8600000E-03      0.2056173E-04
   0.9000000E-03      0.1993421E-04
   0.9400000E-03      0.1933807E-04
   0.9800000E-03      0.1879422E-04
   0.1025000E-02      0.1821899E-04
   0.1075000E-02      0.1763331E-04
   0.1125000E-02      0.1708945E-04
   0.1175000E-02      0.1658744E-04
   0.1237500E-02      0.1600176E-04
   0.1312500E-02      0.1536378E-04
   0.1387500E-02      0.1478855E-04
   0.1462500E-02      0.1426562E-04
   0.1550000E-02      0.1362764E-04
   0.1650000E-02      0.1292691E-04
   0.1750000E-02      0.1228893E-04
   0.1850000E-02      0.1172416E-04
   0.1950000E-02      0.1121169E-04
   0.2050000E-02      0.1074105E-04
   0.2150000E-02      0.1031747E-04
   0.2250000E-02      0.9925271E-05
   0.2350000E-02      0.9564446E-05
   0.2475000E-02      0.9153420E-05
   0.2625000E-02      0.8705791E-05
   0.2750000E-02      0.8365884E-05
   0.2900000E-02      0.7998785E-05
   0.3100000E-02      0.7556384E-05
   0.3300000E-02      0.7165229E-05
   0.3500000E-02      0.6830552E-05
   0.3700000E-02      0.6559673E-05
   0.3900000E-02      0.6327491E-05
   0.4125000E-02      0.6089033E-05
   0.4375000E-02      0.5849530E-05
   0.4625000E-02      0.5630944E-05
   0.4875000E-02      0.5431184E-05
   0.5125000E-02      0.5248157E-05
   0.5375000E-02      0.5079773E-05
   0.5625000E-02      0.4924985E-05
   0.5875000E-02      0.4779609E-05
   0.6150000E-02      0.4633188E-05
   0.6450000E-02      0.4484674E-05
   0.6750000E-02      0.4346620E-05
   0.7050000E-02      0.4219024E-05
   0.7400000E-02      0.4078878E-05
   0.7800000E-02      0.3919907E-05
   0.8200000E-02      0.3766164E-05
   0.8600000E-02      0.3624972E-05
   0.9000000E-02      0.3495285E-05
   0.9400001E-02      0.3376056E-05
   0.9800000E-02      0.3265194E-05
   0.1025000E-01      0.3150149E-05
   0.1075000E-01      0.3031966E-05
   0.1125000E-01      0.2923196E-05
   0.1175000E-01      0.2823839E-05
   0.1237500E-01      0.2708794E-05
   0.1312500E-01      0.2584336E-05
   0.1387500E-01      0.2471382E-05
   0.1462500E-01      0.2369933E-05
   0.1550000E-01      0.2274759E-05
   0.1650000E-01      0.2185860E-05
   0.1750000E-01      0.2105329E-05
   0.1850000E-01      0.2033164E-05
   0.1950000E-01      0.1966229E-05
   0.2050000E-01      0.1904522E-05
   0.2150000E-01      0.1848046E-05
   0.2250000E-01      0.1795752E-05
   0.2350000E-01      0.1746597E-05
   0.2475000E-01      0.1690120E-05
   0.2625000E-01      0.1628414E-05
   0.2750000E-01      0.1580304E-05
   0.2900000E-01      0.1528011E-05
   0.3100000E-01      0.1469442E-05
   0.3300000E-01      0.1419240E-05
   0.3500000E-01      0.1374268E-05
   0.3700000E-01      0.1332434E-05
   0.3900000E-01      0.1294782E-05
   0.4125000E-01      0.1256085E-05
   0.4375000E-01      0.1215296E-05
   0.4625000E-01      0.1178691E-05
   0.4875000E-01      0.1145224E-05
   0.5125000E-01      0.1108618E-05
   0.5375000E-01      0.1069921E-05
   0.5625000E-01      0.1034466E-05
   0.5875000E-01      0.1001312E-05
   0.6150000E-01      0.9677400E-06
   0.6450000E-01      0.9338539E-06
   0.6750000E-01      0.9025825E-06
   0.7050000E-01      0.8737167E-06
   0.7400000E-01      0.8426545E-06
   0.7799999E-01      0.8101280E-06
   0.8200000E-01      0.7919299E-06
   0.8600000E-01      0.7861777E-06
   0.9000000E-01      0.7808438E-06
   0.9400000E-01      0.7757191E-06
   0.9800000E-01      0.7708034E-06
   0.1025000          0.7656787E-06
   0.1075000          0.7601356E-06
   0.1125000          0.7549062E-06
   0.1175000          0.7499907E-06
   0.1237500          0.7395320E-06
   0.1312500          0.7155817E-06
   0.1387500          0.6853562E-06
   0.1462500          0.6580590E-06
   0.1550000          0.6290885E-06
   0.1650000          0.5993859E-06
   0.1750000          0.5663366E-06
   0.1850000          0.5253386E-06
   0.1950000          0.4840269E-06
   0.2050000          0.4477353E-06
   0.2150000          0.4157318E-06
   0.2250000          0.3960695E-06
   0.2350000          0.3952328E-06
   0.2475000          0.4051685E-06
   0.2625000          0.4166731E-06
   0.2750000          0.4231575E-06
   0.2900000          0.4204382E-06
   0.3100000          0.4135355E-06
   0.3300000          0.3872842E-06
   0.3500000          0.3408478E-06
   0.3700000          0.2955618E-06
   0.3900000          0.2523675E-06
   0.4125000          0.2092778E-06
   0.4375000          0.2100099E-06
   0.4625000          0.2563418E-06
   0.4875000          0.3086352E-06
   0.5125000          0.3668899E-06
   0.5375000          0.3974292E-06
   0.5625000          0.3956512E-06
   0.5875000          0.4034952E-06
   0.6150000          0.4227391E-06
   0.6450000          0.4409372E-06
   0.6750000          0.4503500E-06
   0.7050000          0.4538014E-06
   0.7400000          0.4464803E-06
   0.7800000          0.3998346E-06
   0.8200000          0.3346772E-06
   0.8600000          0.2701472E-06
   0.9000000          0.2070815E-06
   0.9400000          0.1649331E-06
   0.9800000          0.1578212E-06
    1.050000          0.1833403E-06
    1.150000          0.1975641E-06
    1.250000          0.1884651E-06
    1.350000          0.1866871E-06
    1.450000          0.1914981E-06
    1.550000          0.1903477E-06
    1.650000          0.1838633E-06
    1.750000          0.1682799E-06
    1.850000          0.1462121E-06
    1.950000          0.1381589E-06
    2.050000          0.1414011E-06
    2.150000          0.1462121E-06
    2.250000          0.1545790E-06
    2.350000          0.1649331E-06
    2.450000          0.1686982E-06
    2.550000          0.1598084E-06
    2.650000          0.1458983E-06
    2.750000          0.1337663E-06
    2.850000          0.1197517E-06
    2.950000          0.1047958E-06
    3.050000          0.9218265E-07
    3.150000          0.8138932E-07
    3.250000          0.7216477E-07
    3.350000          0.6427894E-07
    3.450000          0.5748081E-07
    3.550000          0.5156121E-07
    3.650000          0.4638417E-07
    3.750000          0.4261905E-07
    3.850000          0.4069466E-07
    3.950000          0.3960695E-07
    4.050000          0.3858201E-07
    4.150000          0.3759889E-07
    4.250000          0.3645890E-07
    4.350000          0.3498423E-07
    4.450000          0.3341543E-07
    4.550000          0.3195121E-07
    4.650000          0.3057067E-07
    4.750000          0.2890774E-07
    4.850000          0.2663821E-07
    4.950000          0.2427456E-07
    5.050000          0.2215145E-07
    5.150000          0.2025843E-07
    5.250000          0.1855367E-07
    5.350000          0.1702670E-07
    5.450000          0.1564616E-07
    5.550000          0.1458983E-07
    5.650000          0.1381589E-07
    5.750000          0.1308379E-07
    5.850000          0.1240397E-07
    5.950000          0.1177645E-07
    6.050000          0.1118031E-07
    6.150000          0.1063646E-07
    6.250000          0.1011562E-07
    6.350000          0.9632429E-08
    6.450000          0.9179568E-08
    6.550000          0.8510213E-08
    6.650000          0.7673520E-08
    6.750000          0.6929910E-08
    6.850000          0.6268922E-08
    6.950000          0.5678007E-08
    7.050000          0.5150892E-08
    7.150000          0.4678160E-08
    7.250000          0.4254584E-08
    7.350000          0.3874935E-08
    7.450000          0.3533982E-08
    7.550000          0.3219176E-08
    7.650000          0.2930517E-08
    7.750000          0.2670097E-08
    7.850000          0.2435822E-08
    7.950000          0.2224558E-08
    8.050000          0.2034210E-08
    8.150000          0.1862688E-08
    8.250000          0.1706854E-08
    8.350000          0.1565662E-08
    8.450000          0.1438066E-08
    8.550000          0.1302104E-08
    8.650000          0.1161957E-08
    8.750000          0.1038650E-08
    8.850000          0.9294613E-09
    8.950000          0.8327187E-09
    9.050000          0.7469577E-09
    9.150000          0.6709232E-09
    9.250000          0.6032556E-09
    9.350000          0.5431183E-09
    9.450000          0.4894654E-09
    9.550000          0.4543243E-09
    9.650000          0.4344528E-09
    9.750000          0.4156272E-09
    9.850000          0.3978475E-09
    9.950000          0.3809045E-09
    10.05000          0.3649027E-09
    10.15000          0.3497377E-09
    10.25000          0.3353048E-09
    10.35000          0.3216039E-09
    10.45000          0.3086351E-09
    10.55000          0.2962939E-09
    10.65000          0.2844756E-09
    10.75000          0.2733894E-09
    10.85000          0.2627216E-09
    10.95000          0.2525767E-09
    11.05000          0.2428501E-09
    11.15000          0.2336465E-09
    11.25000          0.2248612E-09
    11.35000          0.2164943E-09
    11.45000          0.2085457E-09
    11.55000          0.1538469E-09
    11.65000          0.1038754E-09
    11.75000          0.8867901E-10
    11.85000          0.7580438E-10
    11.95000          0.6489601E-10
    12.05000          0.5561917E-10
    12.15000          0.4773334E-10
    12.25000          0.4101888E-10
    12.35000          0.3528753E-10
    12.45000          0.3039287E-10
    12.55000          0.5975034E-11
    12.65000          0.5681146E-13
    12.75000          0.5603751E-15
    12.85000          0.5730300E-17
    12.95000          0.6073346E-19
    13.05000          0.6667397E-21
    13.15000          0.7575209E-23
    13.25000          0.8906598E-25
    13.35000          0.1082472E-26
    13.45000          0.1360672E-28
    13.55000          0.7718492E-30
    13.65000          0.7501999E-30
    13.75000          0.7837721E-30
    13.85000          0.7507227E-30
    13.95000          0.7496769E-30
    14.05000          0.7738364E-30
    14.15000          0.7691301E-30
    14.25000          0.7400550E-30
    14.35000          0.7315834E-30
    14.45000          0.7330477E-30
    14.55000          0.6951873E-30
    14.65000          0.6455086E-30
    14.75000          0.5992813E-30
    14.85000          0.5564008E-30
    14.95000          0.5166579E-30
    15.05000          0.4796343E-30
    15.15000          0.4453299E-30
    15.25000          0.4134310E-30
    15.35000          0.3838329E-30
    15.45000          0.3563266E-30
    15.55000          0.3307029E-30
    15.65000          0.3070663E-30
    15.75000          0.2849986E-30
    15.85000          0.2646042E-30
    15.95000          0.2455694E-30
    16.05000          0.2279989E-30
    16.15000          0.2115788E-30
    16.25000          0.1964137E-30
    16.35000          0.1822945E-30
    16.45000          0.1692212E-30
    16.55000          0.1570891E-30
    16.65000          0.1457938E-30
    16.75000          0.1352305E-30
    16.85000          0.1255039E-30
    16.95000          0.1165095E-30
    17.05000          0.1081426E-30
    17.15000          0.1003613E-30
    17.25000          0.9313439E-31
    17.35000          0.8643039E-31
    17.45000          0.8020749E-31
    17.55000          0.7443430E-31
    17.65000          0.6906900E-31
    17.75000          0.6409069E-31
    17.85000          0.5947841E-31
    17.95000          0.5519036E-31
    18.05000          0.5120561E-31
    18.15000          0.4751370E-31
    18.25000          0.4409372E-31
    18.35000          0.4091429E-31
    18.45000          0.3795449E-31
    18.55000          0.3521432E-31
    18.65000          0.3267286E-31
    18.75000          0.3031966E-31
    18.85000          0.2813380E-31
    18.95000          0.2609436E-31
    19.05000          0.2421181E-31
    19.15000          0.2246521E-31
    19.25000          0.2084411E-31
    19.35000          0.1933807E-31
    19.45000          0.1793661E-31
    19.55000          0.1663973E-31
    19.65000          0.1543698E-31
    19.75000          0.1431791E-31
    19.85000          0.1328250E-31
    19.95000          0.1232030E-31
