
   0.1025000E-09      0.2071699E-06
   0.1075000E-09      0.2172757E-06
   0.1125000E-09      0.2273815E-06
   0.1175000E-09      0.2374874E-06
   0.1237500E-09      0.2501814E-06
   0.1312500E-09      0.2652169E-06
   0.1387500E-09      0.2804989E-06
   0.1462500E-09      0.2955344E-06
   0.1550000E-09      0.3132813E-06
   0.1650000E-09      0.3334929E-06
   0.1750000E-09      0.3537046E-06
   0.1850000E-09      0.3739163E-06
   0.1950000E-09      0.3941280E-06
   0.2050000E-09      0.4143397E-06
   0.2150000E-09      0.4345514E-06
   0.2250000E-09      0.4547631E-06
   0.2350000E-09      0.4749748E-06
   0.2475000E-09      0.5001162E-06
   0.2625000E-09      0.5306802E-06
   0.2750000E-09      0.5558216E-06
   0.2900000E-09      0.5861390E-06
   0.3100000E-09      0.6265626E-06
   0.3300000E-09      0.6669859E-06
   0.3500000E-09      0.7074092E-06
   0.3700000E-09      0.7478326E-06
   0.3900000E-09      0.7882560E-06
   0.4125000E-09      0.8338556E-06
   0.4375000E-09      0.8841383E-06
   0.4625000E-09      0.9349139E-06
   0.4875000E-09      0.9851968E-06
   0.5125000E-09      0.1035726E-05
   0.5375000E-09      0.1086502E-05
   0.5625000E-09      0.1136784E-05
   0.5875000E-09      0.1187560E-05
   0.6150000E-09      0.1243019E-05
   0.6450000E-09      0.1303654E-05
   0.6750000E-09      0.1364289E-05
   0.7050000E-09      0.1424924E-05
   0.7400000E-09      0.1495665E-05
   0.7800000E-09      0.1576512E-05
   0.8200000E-09      0.1657359E-05
   0.8600000E-09      0.1738206E-05
   0.9000000E-09      0.1819052E-05
   0.9400000E-09      0.1899899E-05
   0.9800000E-09      0.1980746E-05
   0.1025000E-08      0.2071699E-05
   0.1075000E-08      0.2172757E-05
   0.1125000E-08      0.2273815E-05
   0.1175000E-08      0.2374874E-05
   0.1237500E-08      0.2501813E-05
   0.1312500E-08      0.2652168E-05
   0.1387500E-08      0.2804989E-05
   0.1462500E-08      0.2955344E-05
   0.1550000E-08      0.3132812E-05
   0.1650000E-08      0.3334929E-05
   0.1750000E-08      0.3537046E-05
   0.1850000E-08      0.3739163E-05
   0.1950000E-08      0.3941280E-05
   0.2050000E-08      0.4143397E-05
   0.2150000E-08      0.4345514E-05
   0.2250000E-08      0.4547631E-05
   0.2350000E-08      0.4749747E-05
   0.2475000E-08      0.5001161E-05
   0.2625000E-08      0.5306802E-05
   0.2750000E-08      0.5558215E-05
   0.2900000E-08      0.5861391E-05
   0.3100000E-08      0.6265625E-05
   0.3300000E-08      0.6669859E-05
   0.3500000E-08      0.7074093E-05
   0.3700000E-08      0.7478326E-05
   0.3900000E-08      0.7882561E-05
   0.4125000E-08      0.8336091E-05
   0.4375000E-08      0.8843847E-05
   0.4625000E-08      0.9349140E-05
   0.4875000E-08      0.9854432E-05
   0.5125000E-08      0.1035726E-04
   0.5375000E-08      0.1086255E-04
   0.5625000E-08      0.1137031E-04
   0.5875000E-08      0.1187314E-04
   0.6150000E-08      0.1243019E-04
   0.6450000E-08      0.1303654E-04
   0.6750000E-08      0.1364289E-04
   0.7050000E-08      0.1424924E-04
   0.7400000E-08      0.1495665E-04
   0.7800000E-08      0.1576512E-04
   0.8200000E-08      0.1657359E-04
   0.8600000E-08      0.1738206E-04
   0.9000000E-08      0.1819052E-04
   0.9400000E-08      0.1899899E-04
   0.9800000E-08      0.1980746E-04
   0.1025000E-07      0.2071699E-04
   0.1075000E-07      0.2172757E-04
   0.1125000E-07      0.2273815E-04
   0.1175000E-07      0.2374874E-04
   0.1237500E-07      0.2501813E-04
   0.1312500E-07      0.2652168E-04
   0.1387500E-07      0.2804989E-04
   0.1462500E-07      0.2955344E-04
   0.1550000E-07      0.3132812E-04
   0.1650000E-07      0.3334929E-04
   0.1750000E-07      0.3537046E-04
   0.1850000E-07      0.3739163E-04
   0.1950000E-07      0.3941280E-04
   0.2050000E-07      0.4143397E-04
   0.2150000E-07      0.4345514E-04
   0.2250000E-07      0.4547631E-04
   0.2350000E-07      0.4749748E-04
   0.2475000E-07      0.5003626E-04
   0.2625000E-07      0.5304336E-04
   0.2750000E-07      0.5558215E-04
   0.2900000E-07      0.5861391E-04
   0.3100000E-07      0.6265625E-04
   0.3300000E-07      0.6669859E-04
   0.3500000E-07      0.7074093E-04
   0.3700000E-07      0.7478326E-04
   0.3900000E-07      0.7882561E-04
   0.4125000E-07      0.8336091E-04
   0.4375000E-07      0.8841384E-04
   0.4625000E-07      0.9346676E-04
   0.4875000E-07      0.9851967E-04
   0.5125000E-07      0.1035973E-03
   0.5375000E-07      0.1086255E-03
   0.5625000E-07      0.1137031E-03
   0.5875000E-07      0.1187560E-03
   0.6150000E-07      0.1243019E-03
   0.6450000E-07      0.1303654E-03
   0.6750000E-07      0.1364289E-03
   0.7050000E-07      0.1424924E-03
   0.7400000E-07      0.1495665E-03
   0.7800000E-07      0.1576512E-03
   0.8200000E-07      0.1657359E-03
   0.8600000E-07      0.1738206E-03
   0.9000000E-07      0.1819052E-03
   0.9400000E-07      0.1899899E-03
   0.9800000E-07      0.1980746E-03
   0.1025000E-06      0.2071698E-03
   0.1075000E-06      0.2172757E-03
   0.1125000E-06      0.2273815E-03
   0.1175000E-06      0.2374874E-03
   0.1237500E-06      0.2501813E-03
   0.1312500E-06      0.2652168E-03
   0.1387500E-06      0.2804989E-03
   0.1462500E-06      0.2955344E-03
   0.1550000E-06      0.3132813E-03
   0.1650000E-06      0.3334929E-03
   0.1750000E-06      0.3537046E-03
   0.1850000E-06      0.3739163E-03
   0.1950000E-06      0.3941280E-03
   0.2050000E-06      0.4143397E-03
   0.2150000E-06      0.4345514E-03
   0.2250000E-06      0.4547631E-03
   0.2350000E-06      0.4749748E-03
   0.2475000E-06      0.5001161E-03
   0.2625000E-06      0.5304337E-03
   0.2750000E-06      0.5558215E-03
   0.2900000E-06      0.5861392E-03
   0.3100000E-06      0.6265625E-03
   0.3300000E-06      0.6669858E-03
   0.3500000E-06      0.7074092E-03
   0.3700000E-06      0.7478326E-03
   0.3900000E-06      0.7882560E-03
   0.4125000E-06      0.8338556E-03
   0.4375000E-06      0.8841383E-03
   0.4625000E-06      0.9346675E-03
   0.4875000E-06      0.9854432E-03
   0.5125000E-06      0.1035972E-02
   0.5375000E-06      0.1086255E-02
   0.5625000E-06      0.1136784E-02
   0.5875000E-06      0.1187560E-02
   0.6150000E-06      0.1243019E-02
   0.6450000E-06      0.1303654E-02
   0.6750000E-06      0.1364289E-02
   0.7050000E-06      0.1424924E-02
   0.7400000E-06      0.1495665E-02
   0.7800000E-06      0.1576512E-02
   0.8200000E-06      0.1657359E-02
   0.8600000E-06      0.1738206E-02
   0.9000000E-06      0.1819052E-02
   0.9399999E-06      0.1899899E-02
   0.9800000E-06      0.1980746E-02
   0.1025000E-05      0.2071698E-02
   0.1075000E-05      0.2172757E-02
   0.1125000E-05      0.2273815E-02
   0.1175000E-05      0.2374874E-02
   0.1237500E-05      0.2501813E-02
   0.1312500E-05      0.2652169E-02
   0.1387500E-05      0.2804989E-02
   0.1462500E-05      0.2955344E-02
   0.1550000E-05      0.3132812E-02
   0.1650000E-05      0.3334929E-02
   0.1750000E-05      0.3537046E-02
   0.1850000E-05      0.3739163E-02
   0.1950000E-05      0.3941280E-02
   0.2050000E-05      0.4143397E-02
   0.2150000E-05      0.4345514E-02
   0.2250000E-05      0.4547631E-02
   0.2350000E-05      0.4749748E-02
   0.2475000E-05      0.5003626E-02
   0.2625000E-05      0.5306802E-02
   0.2750000E-05      0.5558216E-02
   0.2900000E-05      0.5861391E-02
   0.3100000E-05      0.6265625E-02
   0.3300000E-05      0.6669858E-02
   0.3500000E-05      0.7074093E-02
   0.3700000E-05      0.7478326E-02
   0.3900000E-05      0.7882561E-02
   0.4125000E-05      0.8336090E-02
   0.4375000E-05      0.8843848E-02
   0.4625000E-05      0.9346675E-02
   0.4875000E-05      0.9854432E-02
   0.5125000E-05      0.9871687E-02
   0.5375000E-05      0.9435409E-02
   0.5625000E-05      0.9036104E-02
   0.5875000E-05      0.8668845E-02
   0.6150000E-05      0.8299118E-02
   0.6450000E-05      0.7931856E-02
   0.6750000E-05      0.7594173E-02
   0.7050000E-05      0.7286069E-02
   0.7400000E-05      0.6958245E-02
   0.7800000E-05      0.6618096E-02
   0.8200001E-05      0.6309992E-02
   0.8600000E-05      0.6029000E-02
   0.8999999E-05      0.5775122E-02
   0.9400001E-05      0.5540961E-02
   0.9800000E-05      0.5324055E-02
   0.1025000E-04      0.5102220E-02
   0.1075000E-04      0.4875455E-02
   0.1125000E-04      0.4668408E-02
   0.1175000E-04      0.4478615E-02
   0.1237500E-04      0.4264174E-02
   0.1312500E-04      0.4032479E-02
   0.1387500E-04      0.3822968E-02
   0.1462500E-04      0.3635640E-02
   0.1550000E-04      0.3438452E-02
   0.1650000E-04      0.3231406E-02
   0.1750000E-04      0.3049008E-02
   0.1850000E-04      0.2886328E-02
   0.1950000E-04      0.2740903E-02
   0.2050000E-04      0.2607801E-02
   0.2150000E-04      0.2487024E-02
   0.2250000E-04      0.2378818E-02
   0.2350000E-04      0.2278992E-02
   0.2475000E-04      0.2165362E-02
   0.2625000E-04      0.2042860E-02
   0.2750000E-04      0.1951168E-02
   0.2900000E-04      0.1851588E-02
   0.3100000E-04      0.1733769E-02
   0.3300000E-04      0.1629752E-02
   0.3500000E-04      0.1537814E-02
   0.3700000E-04      0.1455735E-02
   0.3900000E-04      0.1381790E-02
   0.4125000E-04      0.1307598E-02
   0.4375000E-04      0.1233653E-02
   0.4625000E-04      0.1167595E-02
   0.4875000E-04      0.1108685E-02
   0.5125000E-04      0.1055198E-02
   0.5375000E-04      0.1006641E-02
   0.5625000E-04      0.9625203E-03
   0.5875000E-04      0.9218504E-03
   0.6150000E-04      0.8811805E-03
   0.6450000E-04      0.8405107E-03
   0.6750000E-04      0.8023055E-03
   0.7050000E-04      0.7668119E-03
   0.7400000E-04      0.7293462E-03
   0.7800000E-04      0.6904018E-03
   0.8200000E-04      0.6556476E-03
   0.8600000E-04      0.6238511E-03
   0.9000000E-04      0.5950125E-03
   0.9400000E-04      0.5688852E-03
   0.9800000E-04      0.5447298E-03
   0.1025000E-03      0.5198349E-03
   0.1075000E-03      0.4949400E-03
   0.1125000E-03      0.4720169E-03
   0.1175000E-03      0.4510658E-03
   0.1237500E-03      0.4276498E-03
   0.1312500E-03      0.4022620E-03
   0.1387500E-03      0.3795855E-03
   0.1462500E-03      0.3593738E-03
   0.1550000E-03      0.3389156E-03
   0.1650000E-03      0.3184574E-03
   0.1750000E-03      0.3002176E-03
   0.1850000E-03      0.2839497E-03
   0.1950000E-03      0.2696536E-03
   0.2050000E-03      0.2563434E-03
   0.2150000E-03      0.2443397E-03
   0.2250000E-03      0.2337408E-03
   0.2350000E-03      0.2237829E-03
   0.2475000E-03      0.2124939E-03
   0.2625000E-03      0.2004408E-03
   0.2750000E-03      0.1913702E-03
   0.2900000E-03      0.1815355E-03
   0.3100000E-03      0.1698275E-03
   0.3300000E-03      0.1595245E-03
   0.3500000E-03      0.1504046E-03
   0.3700000E-03      0.1423199E-03
   0.3900000E-03      0.1350486E-03
   0.4125000E-03      0.1278020E-03
   0.4375000E-03      0.1204568E-03
   0.4625000E-03      0.1139249E-03
   0.4875000E-03      0.1081079E-03
   0.5125000E-03      0.1028578E-03
   0.5375000E-03      0.9805136E-04
   0.5625000E-03      0.9371324E-04
   0.5875000E-03      0.8981879E-04
   0.6150000E-03      0.8577645E-04
   0.6450000E-03      0.8173411E-04
   0.6750000E-03      0.7796290E-04
   0.7050000E-03      0.7441354E-04
   0.7400000E-03      0.7066698E-04
   0.7800000E-03      0.6679718E-04
   0.8200000E-03      0.6332176E-04
   0.8600000E-03      0.6016676E-04
   0.9000000E-03      0.5730754E-04
   0.9400000E-03      0.5471946E-04
   0.9800000E-03      0.5232856E-04
   0.1025000E-02      0.4988837E-04
   0.1075000E-02      0.4739888E-04
   0.1125000E-02      0.4515588E-04
   0.1175000E-02      0.4311006E-04
   0.1237500E-02      0.4079311E-04
   0.1312500E-02      0.3830362E-04
   0.1387500E-02      0.3608526E-04
   0.1462500E-02      0.3411340E-04
   0.1550000E-02      0.3214152E-04
   0.1650000E-02      0.3024359E-04
   0.1750000E-02      0.2854285E-04
   0.1850000E-02      0.2701465E-04
   0.1950000E-02      0.2565899E-04
   0.2050000E-02      0.2442164E-04
   0.2150000E-02      0.2330753E-04
   0.2250000E-02      0.2228955E-04
   0.2350000E-02      0.2135784E-04
   0.2475000E-02      0.2029796E-04
   0.2625000E-02      0.1915920E-04
   0.2750000E-02      0.1829898E-04
   0.2900000E-02      0.1737219E-04
   0.3100000E-02      0.1627288E-04
   0.3300000E-02      0.1530173E-04
   0.3500000E-02      0.1442671E-04
   0.3700000E-02      0.1362564E-04
   0.3900000E-02      0.1289605E-04
   0.4125000E-02      0.1216152E-04
   0.4375000E-02      0.1143686E-04
   0.4625000E-02      0.1079107E-04
   0.4875000E-02      0.1021183E-04
   0.5125000E-02      0.9691754E-05
   0.5375000E-02      0.9220968E-05
   0.5625000E-02      0.8792085E-05
   0.5875000E-02      0.8402641E-05
   0.6150000E-02      0.8008267E-05
   0.6450000E-02      0.7618822E-05
   0.6750000E-02      0.7266350E-05
   0.7050000E-02      0.6943456E-05
   0.7400000E-02      0.6603308E-05
   0.7800000E-02      0.6260695E-05
   0.8200000E-02      0.5955055E-05
   0.8600000E-02      0.5681457E-05
   0.9000000E-02      0.5430044E-05
   0.9400001E-02      0.5200814E-05
   0.9800000E-02      0.4988838E-05
   0.1025000E-01      0.4774396E-05
   0.1075000E-01      0.4552560E-05
   0.1125000E-01      0.4352908E-05
   0.1175000E-01      0.4168045E-05
   0.1237500E-01      0.3958533E-05
   0.1312500E-01      0.3734233E-05
   0.1387500E-01      0.3534582E-05
   0.1462500E-01      0.3354648E-05
   0.1550000E-01      0.3174715E-05
   0.1650000E-01      0.2999711E-05
   0.1750000E-01      0.2844426E-05
   0.1850000E-01      0.2703930E-05
   0.1950000E-01      0.2575758E-05
   0.2050000E-01      0.2462376E-05
   0.2150000E-01      0.2357867E-05
   0.2250000E-01      0.2262723E-05
   0.2350000E-01      0.2174729E-05
   0.2475000E-01      0.2075149E-05
   0.2625000E-01      0.1966943E-05
   0.2750000E-01      0.1885357E-05
   0.2900000E-01      0.1796869E-05
   0.3100000E-01      0.1696303E-05
   0.3300000E-01      0.1612006E-05
   0.3500000E-01      0.1536335E-05
   0.3700000E-01      0.1468305E-05
   0.3900000E-01      0.1406685E-05
   0.4125000E-01      0.1343831E-05
   0.4375000E-01      0.1280978E-05
   0.4625000E-01      0.1224286E-05
   0.4875000E-01      0.1172771E-05
   0.5125000E-01      0.1123721E-05
   0.5375000E-01      0.1076889E-05
   0.5625000E-01      0.1034001E-05
   0.5875000E-01      0.9945632E-06
   0.6150000E-01      0.9548792E-06
   0.6450000E-01      0.9151954E-06
   0.6750000E-01      0.8787157E-06
   0.7050000E-01      0.8451939E-06
   0.7400000E-01      0.8094536E-06
   0.7799999E-01      0.7722346E-06
   0.8200000E-01      0.7446283E-06
   0.8600000E-01      0.7254026E-06
   0.9000000E-01      0.7071628E-06
   0.9400000E-01      0.6904019E-06
   0.9800000E-01      0.6746268E-06
   0.1025000          0.6581125E-06
   0.1075000          0.6411050E-06
   0.1125000          0.6250836E-06
   0.1175000          0.6102945E-06
   0.1237500          0.5898364E-06
   0.1312500          0.5592723E-06
   0.1387500          0.5262435E-06
   0.1462500          0.4969119E-06
   0.1550000          0.4663478E-06
   0.1650000          0.4357839E-06
   0.1750000          0.4042339E-06
   0.1850000          0.3687401E-06
   0.1950000          0.3344788E-06
   0.2050000          0.3049008E-06
   0.2150000          0.2790200E-06
   0.2250000          0.2622591E-06
   0.2350000          0.2588083E-06
   0.2475000          0.2617661E-06
   0.2625000          0.2652168E-06
   0.2750000          0.2649704E-06
   0.2900000          0.2543716E-06
   0.3100000          0.2383994E-06
   0.3300000          0.2151313E-06
   0.3500000          0.1847891E-06
   0.3700000          0.1582674E-06
   0.3900000          0.1379078E-06
   0.4125000          0.1200624E-06
   0.4375000          0.1230941E-06
   0.4625000          0.1488764E-06
   0.4875000          0.1820531E-06
   0.5125000          0.2246949E-06
   0.5375000          0.2410860E-06
   0.5625000          0.2275294E-06
   0.5875000          0.2265188E-06
   0.6150000          0.2382761E-06
   0.6450000          0.2469770E-06
   0.6750000          0.2431072E-06
   0.7050000          0.2317936E-06
   0.7400000          0.2138496E-06
   0.7800000          0.1766058E-06
   0.8200000          0.1354923E-06
   0.8600000          0.1029564E-06
   0.9000000          0.7677978E-07
   0.9400000          0.6073367E-07
   0.9800000          0.6061043E-07
    1.050000          0.8027985E-07
    1.150000          0.9114981E-07
    1.250000          0.8198059E-07
    1.350000          0.8047704E-07
    1.450000          0.8555462E-07
    1.550000          0.9233293E-07
    1.650000          0.1010092E-06
    1.750000          0.9573441E-07
    1.850000          0.7924463E-07
    1.950000          0.8087141E-07
    2.050000          0.1001711E-06
    2.150000          0.1192243E-06
    2.250000          0.1330767E-06
    2.350000          0.1438235E-06
    2.450000          0.1451298E-06
    2.550000          0.1289358E-06
    2.650000          0.1078614E-06
    2.750000          0.9085402E-07
    2.850000          0.7478327E-07
    2.950000          0.6009281E-07
    3.050000          0.4863130E-07
    3.150000          0.3963464E-07
    3.250000          0.3317675E-07
    3.350000          0.2908512E-07
    3.450000          0.2612731E-07
    3.550000          0.2353430E-07
    3.650000          0.2126664E-07
    3.750000          0.1977049E-07
    3.850000          0.1939090E-07
    3.950000          0.1951907E-07
    4.050000          0.1964478E-07
    4.150000          0.1977049E-07
    4.250000          0.1974091E-07
    4.350000          0.1941308E-07
    4.450000          0.1895462E-07
    4.550000          0.1851342E-07
    4.650000          0.1809686E-07
    4.750000          0.1741410E-07
    4.850000          0.1624823E-07
    4.950000          0.1493940E-07
    5.050000          0.1375874E-07
    5.150000          0.1269146E-07
    5.250000          0.1172525E-07
    5.350000          0.1085023E-07
    5.450000          0.1005408E-07
    5.550000          0.9312168E-08
    5.650000          0.8619548E-08
    5.750000          0.7991013E-08
    5.850000          0.7416705E-08
    5.950000          0.6891695E-08
    6.050000          0.6413515E-08
    6.150000          0.5974773E-08
    6.250000          0.5573004E-08
    6.350000          0.5203279E-08
    6.450000          0.4863130E-08
    6.550000          0.4439178E-08
    6.650000          0.3956069E-08
    6.750000          0.3532117E-08
    6.850000          0.3159926E-08
    6.950000          0.2832102E-08
    7.050000          0.2538786E-08
    7.150000          0.2282442E-08
    7.250000          0.2054198E-08
    7.350000          0.1851342E-08
    7.450000          0.1670916E-08
    7.550000          0.1534610E-08
    7.650000          0.1434291E-08
    7.750000          0.1341859E-08
    7.850000          0.1256329E-08
    7.950000          0.1177454E-08
    8.050000          0.1104249E-08
    8.150000          0.1036465E-08
    8.250000          0.9736120E-09
    8.350000          0.9151953E-09
    8.450000          0.8609688E-09
    8.550000          0.7825869E-09
    8.650000          0.6869511E-09
    8.750000          0.6038860E-09
    8.850000          0.5316661E-09
    8.950000          0.4688127E-09
    9.050000          0.4138467E-09
    9.150000          0.3657823E-09
    9.250000          0.3238801E-09
    9.350000          0.2871539E-09
    9.450000          0.2548645E-09
    9.550000          0.2372163E-09
    9.650000          0.2317936E-09
    9.750000          0.2265189E-09
    9.850000          0.2214413E-09
    9.950000          0.2165116E-09
    10.05000          0.2117545E-09
    10.15000          0.2071452E-09
    10.25000          0.2026838E-09
    10.35000          0.1983457E-09
    10.45000          0.1941555E-09
    10.55000          0.1900639E-09
    10.65000          0.1861201E-09
    10.75000          0.1822996E-09
    10.85000          0.1785777E-09
    10.95000          0.1749790E-09
    11.05000          0.1714543E-09
    11.15000          0.1680775E-09
    11.25000          0.1647500E-09
    11.35000          0.1615456E-09
    11.45000          0.1584153E-09
    11.55000          0.1546688E-09
    11.65000          0.1503306E-09
    11.75000          0.1461404E-09
    11.85000          0.1420981E-09
    11.95000          0.1382036E-09
    12.05000          0.1344571E-09
    12.15000          0.1308337E-09
    12.25000          0.1273337E-09
    12.35000          0.1239568E-09
    12.45000          0.1207033E-09
    12.55000          0.1121502E-09
    12.65000          0.9938236E-10
    12.75000          0.8814269E-10
    12.85000          0.7825868E-10
    12.95000          0.6953315E-10
    13.05000          0.6184284E-10
    13.15000          0.5506454E-10
    13.25000          0.4905033E-10
    13.35000          0.4375092E-10
    13.45000          0.3904307E-10
    13.55000          0.3689866E-10
    13.65000          0.3689866E-10
    13.75000          0.3692331E-10
    13.85000          0.3694796E-10
    13.95000          0.3697261E-10
    14.05000          0.3697261E-10
    14.15000          0.3699726E-10
    14.25000          0.3702191E-10
    14.35000          0.3702191E-10
    14.45000          0.3704655E-10
    14.55000          0.3571554E-10
    14.65000          0.3315210E-10
    14.75000          0.3078586E-10
    14.85000          0.2859215E-10
    14.95000          0.2654634E-10
    15.05000          0.2464348E-10
    15.15000          0.2287865E-10
    15.25000          0.2123953E-10
    15.35000          0.1971872E-10
    15.45000          0.1830637E-10
    15.55000          0.1699261E-10
    15.65000          0.1577498E-10
    15.75000          0.1464362E-10
    15.85000          0.1359359E-10
    15.95000          0.1261752E-10
    16.05000          0.1171292E-10
    16.15000          0.1087241E-10
    16.25000          0.1009106E-10
    16.35000          0.9366395E-11
    16.45000          0.8693492E-11
    16.55000          0.8067423E-11
    16.65000          0.7488186E-11
    16.75000          0.6950850E-11
    16.85000          0.6450488E-11
    16.95000          0.5987098E-11
    17.05000          0.5555750E-11
    17.15000          0.5156446E-11
    17.25000          0.4784255E-11
    17.35000          0.4441643E-11
    17.45000          0.4121213E-11
    17.55000          0.3822968E-11
    17.65000          0.3549371E-11
    17.75000          0.3293027E-11
    17.85000          0.3056402E-11
    17.95000          0.2834567E-11
    18.05000          0.2629985E-11
    18.15000          0.2441178E-11
    18.25000          0.2265189E-11
    18.35000          0.2101769E-11
    18.45000          0.1950182E-11
    18.55000          0.1809440E-11
    18.65000          0.1678803E-11
    18.75000          0.1557779E-11
    18.85000          0.1445136E-11
    18.95000          0.1340873E-11
    19.05000          0.1244005E-11
    19.15000          0.1154038E-11
    19.25000          0.1070727E-11
    19.35000          0.9933306E-12
    19.45000          0.9216039E-12
    19.55000          0.8550532E-12
    19.65000          0.7931857E-12
    19.75000          0.7357549E-12
    19.85000          0.6825143E-12
    19.95000          0.6332175E-12
