1.995000e+01 1.232030e-32 1.995000e+01 1.642954e-32 1.995000e+01 6.332175e-13 1.995000e+01 6.229763e-32 
1.985000e+01 1.328250e-32 1.985000e+01 1.771266e-32 1.985000e+01 6.825143e-13 1.985000e+01 6.716297e-32 
1.975000e+01 1.431791e-32 1.975000e+01 1.909342e-32 1.975000e+01 7.357549e-13 1.975000e+01 7.239851e-32 
1.965000e+01 1.543698e-32 1.965000e+01 2.058574e-32 1.965000e+01 7.931857e-13 1.965000e+01 7.805712e-32 
1.955000e+01 1.663973e-32 1.955000e+01 2.218965e-32 1.955000e+01 8.550532e-13 1.955000e+01 8.413881e-32 
1.945000e+01 1.793661e-32 1.945000e+01 2.391907e-32 1.945000e+01 9.216039e-13 1.945000e+01 9.069645e-32 
1.935000e+01 1.933807e-32 1.935000e+01 2.578797e-32 1.935000e+01 9.933306e-13 1.935000e+01 9.778294e-32 
1.925000e+01 2.084411e-32 1.925000e+01 2.779633e-32 1.925000e+01 1.070727e-12 1.925000e+01 1.053983e-31 
1.915000e+01 2.246521e-32 1.915000e+01 2.995811e-32 1.915000e+01 1.154038e-12 1.915000e+01 1.135953e-31 
1.905000e+01 2.421181e-32 1.905000e+01 3.228726e-32 1.905000e+01 1.244005e-12 1.905000e+01 1.224270e-31 
1.895000e+01 2.609436e-32 1.895000e+01 3.479772e-32 1.895000e+01 1.340873e-12 1.895000e+01 1.319462e-31 
1.885000e+01 2.813380e-32 1.885000e+01 3.751738e-32 1.885000e+01 1.445136e-12 1.885000e+01 1.422586e-31 
1.875000e+01 3.031966e-32 1.875000e+01 4.043229e-32 1.875000e+01 1.557779e-12 1.875000e+01 1.533114e-31 
1.865000e+01 3.267286e-32 1.865000e+01 4.357037e-32 1.865000e+01 1.678803e-12 1.865000e+01 1.652103e-31 
1.855000e+01 3.521432e-32 1.855000e+01 4.695949e-32 1.855000e+01 1.809440e-12 1.855000e+01 1.780612e-31 
1.845000e+01 3.795449e-32 1.845000e+01 5.061360e-32 1.845000e+01 1.950182e-12 1.845000e+01 1.919169e-31 
1.835000e+01 4.091429e-32 1.835000e+01 5.456059e-32 1.835000e+01 2.101769e-12 1.835000e+01 2.068831e-31 
1.825000e+01 4.409372e-32 1.825000e+01 5.880047e-32 1.825000e+01 2.265189e-12 1.825000e+01 2.229599e-31 
1.815000e+01 4.751370e-32 1.815000e+01 6.336113e-32 1.815000e+01 2.441178e-12 1.815000e+01 2.402531e-31 
1.805000e+01 5.120561e-32 1.805000e+01 6.828441e-32 1.805000e+01 2.629985e-12 1.805000e+01 2.589212e-31 
1.795000e+01 5.519036e-32 1.795000e+01 7.359821e-32 1.795000e+01 2.834567e-12 1.795000e+01 2.790701e-31 
1.785000e+01 5.947841e-32 1.785000e+01 7.931648e-32 1.785000e+01 3.056402e-12 1.785000e+01 3.007526e-31 
1.775000e+01 6.409069e-32 1.775000e+01 8.546710e-32 1.775000e+01 3.293027e-12 1.775000e+01 3.240746e-31 
1.765000e+01 6.906900e-32 1.765000e+01 9.210585e-32 1.765000e+01 3.549371e-12 1.765000e+01 3.492475e-31 
1.755000e+01 7.443430e-32 1.755000e+01 9.926067e-32 1.755000e+01 3.822968e-12 1.755000e+01 3.763771e-31 
1.745000e+01 8.020749e-32 1.745000e+01 1.069594e-31 1.745000e+01 4.121213e-12 1.745000e+01 4.055692e-31 
1.735000e+01 8.643039e-32 1.735000e+01 1.152579e-31 1.735000e+01 4.441643e-12 1.735000e+01 4.370353e-31 
1.725000e+01 9.313439e-32 1.725000e+01 1.241979e-31 1.725000e+01 4.784255e-12 1.725000e+01 4.709341e-31 
1.715000e+01 1.003613e-31 1.715000e+01 1.338352e-31 1.715000e+01 5.156446e-12 1.715000e+01 5.074771e-31 
1.705000e+01 1.081426e-31 1.705000e+01 1.442118e-31 1.705000e+01 5.555750e-12 1.705000e+01 5.468230e-31 
1.695000e+01 1.165095e-31 1.695000e+01 1.553694e-31 1.695000e+01 5.987098e-12 1.695000e+01 5.891304e-31 
1.685000e+01 1.255039e-31 1.685000e+01 1.673638e-31 1.685000e+01 6.450488e-12 1.685000e+01 6.346107e-31 
1.675000e+01 1.352305e-31 1.675000e+01 1.803345e-31 1.675000e+01 6.950850e-12 1.675000e+01 6.837931e-31 
1.665000e+01 1.457938e-31 1.665000e+01 1.944209e-31 1.665000e+01 7.488186e-12 1.665000e+01 7.372062e-31 
1.655000e+01 1.570891e-31 1.655000e+01 2.094836e-31 1.655000e+01 8.067423e-12 1.655000e+01 7.943211e-31 
1.645000e+01 1.692212e-31 1.645000e+01 2.256621e-31 1.645000e+01 8.693492e-12 1.645000e+01 8.556669e-31 
1.635000e+01 1.822945e-31 1.635000e+01 2.430959e-31 1.635000e+01 9.366395e-12 1.635000e+01 9.217722e-31 
1.625000e+01 1.964137e-31 1.625000e+01 2.619243e-31 1.625000e+01 1.009106e-11 1.625000e+01 9.931659e-31 
1.615000e+01 2.115788e-31 1.615000e+01 2.821474e-31 1.615000e+01 1.087241e-11 1.615000e+01 1.069848e-30 
1.605000e+01 2.279989e-31 1.605000e+01 3.040442e-31 1.605000e+01 1.171292e-11 1.605000e+01 1.152876e-30 
1.595000e+01 2.455694e-31 1.595000e+01 3.274751e-31 1.595000e+01 1.261752e-11 1.595000e+01 1.241722e-30 
1.585000e+01 2.646042e-31 1.585000e+01 3.528586e-31 1.585000e+01 1.359359e-11 1.585000e+01 1.337971e-30 
1.575000e+01 2.849986e-31 1.575000e+01 3.800552e-31 1.575000e+01 1.464362e-11 1.575000e+01 1.441095e-30 
1.565000e+01 3.070663e-31 1.565000e+01 4.094834e-31 1.565000e+01 1.577498e-11 1.565000e+01 1.552681e-30 
1.555000e+01 3.307029e-31 1.555000e+01 4.410035e-31 1.555000e+01 1.699261e-11 1.555000e+01 1.672199e-30 
1.545000e+01 3.563266e-31 1.545000e+01 4.751737e-31 1.545000e+01 1.830637e-11 1.545000e+01 1.801766e-30 
1.535000e+01 3.838329e-31 1.535000e+01 5.118542e-31 1.535000e+01 1.971872e-11 1.535000e+01 1.940851e-30 
1.525000e+01 4.134310e-31 1.525000e+01 5.513242e-31 1.525000e+01 2.123953e-11 1.525000e+01 2.090514e-30 
1.515000e+01 4.453299e-31 1.515000e+01 5.938625e-31 1.515000e+01 2.287865e-11 1.515000e+01 2.251811e-30 
1.505000e+01 4.796343e-31 1.505000e+01 6.396086e-31 1.505000e+01 2.464348e-11 1.505000e+01 2.425271e-30 
1.495000e+01 5.166579e-31 1.495000e+01 6.889808e-31 1.495000e+01 2.654634e-11 1.495000e+01 2.612481e-30 
1.485000e+01 5.564008e-31 1.485000e+01 7.419794e-31 1.485000e+01 2.859215e-11 1.485000e+01 2.813441e-30 
1.475000e+01 5.992813e-31 1.475000e+01 7.991619e-31 1.475000e+01 3.078586e-11 1.475000e+01 3.030266e-30 
1.465000e+01 6.455086e-31 1.465000e+01 8.608076e-31 1.465000e+01 3.315210e-11 1.465000e+01 3.264015e-30 
1.455000e+01 6.951873e-31 1.455000e+01 9.270558e-31 1.455000e+01 3.571554e-11 1.455000e+01 3.515215e-30 
1.445000e+01 7.330477e-31 1.445000e+01 1.729426e-29 1.445000e+01 3.704655e-11 1.445000e+01 3.706656e-30 
1.435000e+01 7.315834e-31 1.435000e+01 1.415618e-27 1.435000e+01 3.702191e-11 1.435000e+01 3.699252e-30 
1.425000e+01 7.400550e-31 1.425000e+01 1.195535e-25 1.425000e+01 3.702191e-11 1.425000e+01 3.742088e-30 
1.415000e+01 7.691301e-31 1.415000e+01 1.041561e-23 1.415000e+01 3.699726e-11 1.415000e+01 3.889106e-30 
1.405000e+01 7.738364e-31 1.405000e+01 9.368187e-22 1.405000e+01 3.697261e-11 1.405000e+01 3.912904e-30 
1.395000e+01 7.496769e-31 1.395000e+01 8.701522e-20 1.395000e+01 3.697261e-11 1.395000e+01 3.790741e-30 
1.385000e+01 7.507227e-31 1.385000e+01 8.351452e-18 1.385000e+01 3.694796e-11 1.385000e+01 3.796030e-30 
1.375000e+01 7.837721e-31 1.375000e+01 8.285901e-16 1.375000e+01 3.692331e-11 1.375000e+01 3.963144e-30 
1.365000e+01 7.501999e-31 1.365000e+01 8.502079e-14 1.365000e+01 3.689866e-11 1.365000e+01 3.793386e-30 
1.355000e+01 7.718492e-31 1.355000e+01 9.027880e-12 1.355000e+01 3.689866e-11 1.355000e+01 3.902856e-30 
1.345000e+01 1.360672e-29 1.345000e+01 4.262198e-11 1.345000e+01 3.904307e-11 1.345000e+01 3.931943e-30 
1.335000e+01 1.082472e-27 1.335000e+01 4.255223e-11 1.335000e+01 4.375092e-11 1.335000e+01 4.030307e-30 
1.325000e+01 8.906598e-26 1.325000e+01 4.246856e-11 1.325000e+01 4.905033e-11 1.325000e+01 4.069970e-30 
1.315000e+01 7.575209e-24 1.315000e+01 4.238488e-11 1.315000e+01 5.506454e-11 1.315000e+01 3.953096e-30 
1.305000e+01 6.667397e-22 1.305000e+01 4.230119e-11 1.305000e+01 6.184284e-11 1.305000e+01 4.031894e-30 
1.295000e+01 6.073346e-20 1.295000e+01 4.221751e-11 1.295000e+01 6.953315e-11 1.295000e+01 4.050403e-30 
1.285000e+01 5.730300e-18 1.285000e+01 4.213383e-11 1.285000e+01 7.825868e-11 1.285000e+01 4.115450e-30 
1.275000e+01 5.603751e-16 1.275000e+01 4.205014e-11 1.275000e+01 8.814269e-11 1.275000e+01 4.147710e-30 
1.265000e+01 5.681146e-14 1.265000e+01 4.196647e-11 1.265000e+01 9.938236e-11 1.265000e+01 3.933529e-30 
1.255000e+01 5.975034e-12 1.255000e+01 4.188279e-11 1.255000e+01 1.121502e-10 1.255000e+01 4.213816e-30 
1.245000e+01 3.039287e-11 1.245000e+01 4.410036e-11 1.245000e+01 1.207033e-10 1.245000e+01 4.195307e-30 
1.235000e+01 3.528753e-11 1.235000e+01 4.898179e-11 1.235000e+01 1.239568e-10 1.235000e+01 4.273046e-30 
1.225000e+01 4.101888e-11 1.225000e+01 5.443507e-11 1.225000e+01 1.273337e-10 1.225000e+01 4.316940e-30 
1.215000e+01 4.773334e-11 1.215000e+01 6.055778e-11 1.215000e+01 1.308337e-10 1.215000e+01 4.355545e-30 
1.205000e+01 5.561917e-11 1.205000e+01 6.743365e-11 1.205000e+01 1.344571e-10 1.205000e+01 4.350786e-30 
1.195000e+01 6.489601e-11 1.195000e+01 7.514633e-11 1.195000e+01 1.382036e-10 1.195000e+01 4.288382e-30 
1.185000e+01 7.580438e-11 1.185000e+01 8.382135e-11 1.185000e+01 1.420981e-10 1.185000e+01 4.462900e-30 
1.175000e+01 8.867901e-11 1.175000e+01 9.358424e-11 1.175000e+01 1.461404e-10 1.175000e+01 4.500977e-30 
1.165000e+01 1.038754e-10 1.165000e+01 1.045884e-10 1.165000e+01 1.503306e-10 1.165000e+01 4.539583e-30 
1.155000e+01 1.538469e-10 1.155000e+01 1.315898e-10 1.155000e+01 1.546688e-10 1.155000e+01 5.589864e-12 
1.145000e+01 2.085457e-10 1.145000e+01 1.595534e-10 1.145000e+01 1.584153e-10 1.145000e+01 2.563299e-10 
1.135000e+01 2.164943e-10 1.135000e+01 1.684795e-10 1.135000e+01 1.615456e-10 1.135000e+01 2.587625e-10 
1.125000e+01 2.248612e-10 1.125000e+01 1.779635e-10 1.125000e+01 1.647500e-10 1.125000e+01 2.611424e-10 
1.115000e+01 2.336465e-10 1.115000e+01 1.881448e-10 1.115000e+01 1.680775e-10 1.115000e+01 2.634692e-10 
1.105000e+01 2.428501e-10 1.105000e+01 1.988840e-10 1.105000e+01 1.714543e-10 1.105000e+01 2.659019e-10 
1.095000e+01 2.525767e-10 1.095000e+01 2.104599e-10 1.095000e+01 1.749790e-10 1.095000e+01 2.684404e-10 
1.085000e+01 2.627216e-10 1.085000e+01 2.227333e-10 1.085000e+01 1.785777e-10 1.085000e+01 2.709259e-10 
1.075000e+01 2.733894e-10 1.075000e+01 2.359829e-10 1.075000e+01 1.822996e-10 1.075000e+01 2.736230e-10 
1.065000e+01 2.844756e-10 1.065000e+01 2.500694e-10 1.065000e+01 1.861201e-10 1.065000e+01 2.761615e-10 
1.055000e+01 2.962939e-10 1.055000e+01 2.651321e-10 1.055000e+01 1.900639e-10 1.055000e+01 2.788586e-10 
1.045000e+01 3.086351e-10 1.045000e+01 2.811711e-10 1.045000e+01 1.941555e-10 1.045000e+01 2.816614e-10 
1.035000e+01 3.216039e-10 1.035000e+01 2.984654e-10 1.035000e+01 1.983457e-10 1.035000e+01 2.843056e-10 
1.025000e+01 3.353048e-10 1.025000e+01 3.170149e-10 1.025000e+01 2.026838e-10 1.025000e+01 2.873729e-10 
1.015000e+01 3.497377e-10 1.015000e+01 3.369590e-10 1.015000e+01 2.071452e-10 1.015000e+01 2.901757e-10 
1.005000e+01 3.649027e-10 1.005000e+01 3.582979e-10 1.005000e+01 2.117545e-10 1.005000e+01 2.931373e-10 
9.950000e+00 3.809045e-10 9.950000e+00 3.813105e-10 9.950000e+00 2.165116e-10 9.950000e+00 2.962046e-10 
9.850000e+00 3.978475e-10 9.850000e+00 4.058571e-10 9.850000e+00 2.214413e-10 9.850000e+00 2.993248e-10 
9.750000e+00 4.156272e-10 9.750000e+00 4.324959e-10 9.750000e+00 2.265189e-10 9.750000e+00 3.024978e-10 
9.650000e+00 4.344528e-10 9.650000e+00 4.609477e-10 9.650000e+00 2.317936e-10 9.650000e+00 3.056709e-10 
9.550000e+00 4.543243e-10 9.550000e+00 4.917706e-10 9.550000e+00 2.372163e-10 9.550000e+00 3.088439e-10 
9.450000e+00 4.894654e-10 9.450000e+00 5.234302e-10 9.450000e+00 2.548645e-10 9.450000e+00 3.224352e-10 
9.350000e+00 5.431183e-10 9.350000e+00 5.559266e-10 9.350000e+00 2.871539e-10 9.350000e+00 3.474494e-10 
9.250000e+00 6.032556e-10 9.250000e+00 5.907941e-10 9.250000e+00 3.238801e-10 9.250000e+00 3.746848e-10 
9.150000e+00 6.709232e-10 9.150000e+00 6.283115e-10 9.150000e+00 3.657823e-10 9.150000e+00 4.044057e-10 
9.050000e+00 7.469577e-10 9.050000e+00 6.686183e-10 9.050000e+00 4.138467e-10 9.050000e+00 4.368237e-10 
8.950000e+00 8.327187e-10 8.950000e+00 7.119933e-10 8.950000e+00 4.688127e-10 8.950000e+00 4.722562e-10 
8.850000e+00 9.294613e-10 8.850000e+00 7.588552e-10 8.850000e+00 5.316661e-10 8.850000e+00 5.110203e-10 
8.750000e+00 1.038650e-09 8.750000e+00 8.092038e-10 8.750000e+00 6.038860e-10 8.750000e+00 5.536979e-10 
8.650000e+00 1.161957e-09 8.650000e+00 8.635971e-10 8.650000e+00 6.869511e-10 8.650000e+00 6.002361e-10 
8.550000e+00 1.302104e-09 8.550000e+00 9.224533e-10 8.550000e+00 7.825869e-10 8.550000e+00 6.510049e-10 
8.450000e+00 1.438066e-09 8.450000e+00 9.952563e-10 8.450000e+00 8.609688e-10 8.450000e+00 7.007160e-10 
8.350000e+00 1.565662e-09 8.350000e+00 1.085075e-09 8.350000e+00 9.151953e-10 8.350000e+00 7.483119e-10 
8.250000e+00 1.706854e-09 8.250000e+00 1.184098e-09 8.250000e+00 9.736120e-10 8.250000e+00 8.001385e-10 
8.150000e+00 1.862688e-09 8.150000e+00 1.293443e-09 8.150000e+00 1.036465e-09 8.150000e+00 8.556668e-10 
8.050000e+00 2.034210e-09 8.050000e+00 1.414224e-09 8.050000e+00 1.104249e-09 8.050000e+00 9.159549e-10 
7.950000e+00 2.224558e-09 7.950000e+00 1.548115e-09 7.950000e+00 1.177454e-09 7.950000e+00 9.815313e-10 
7.850000e+00 2.435822e-09 7.850000e+00 1.697347e-09 7.850000e+00 1.256329e-09 7.850000e+00 1.052396e-09 
7.750000e+00 2.670097e-09 7.750000e+00 1.863317e-09 7.750000e+00 1.341859e-09 7.750000e+00 1.129607e-09 
7.650000e+00 2.930517e-09 7.650000e+00 2.047417e-09 7.650000e+00 1.434291e-09 7.650000e+00 1.213693e-09 
7.550000e+00 3.219176e-09 7.550000e+00 2.251042e-09 7.550000e+00 1.534610e-09 7.550000e+00 1.305183e-09 
7.450000e+00 3.533982e-09 7.450000e+00 2.461642e-09 7.450000e+00 1.670916e-09 7.450000e+00 1.449028e-09 
7.350000e+00 3.874935e-09 7.350000e+00 2.675031e-09 7.350000e+00 1.851342e-09 7.350000e+00 1.658449e-09 
7.250000e+00 4.254584e-09 7.250000e+00 2.909340e-09 7.250000e+00 2.054198e-09 7.250000e+00 1.902246e-09 
7.150000e+00 4.678160e-09 7.150000e+00 3.168754e-09 7.150000e+00 2.282442e-09 7.150000e+00 2.186234e-09 
7.050000e+00 5.150892e-09 7.050000e+00 3.454667e-09 7.050000e+00 2.538786e-09 7.050000e+00 2.517289e-09 
6.950000e+00 5.678007e-09 6.950000e+00 3.771264e-09 6.950000e+00 2.832102e-09 6.950000e+00 2.904402e-09 
6.850000e+00 6.268922e-09 6.850000e+00 4.122728e-09 6.850000e+00 3.159926e-09 6.850000e+00 3.358149e-09 
6.750000e+00 6.929910e-09 6.750000e+00 4.511848e-09 6.750000e+00 3.532117e-09 6.750000e+00 3.890693e-09 
6.650000e+00 7.673520e-09 6.650000e+00 4.944205e-09 6.650000e+00 3.956069e-09 6.650000e+00 4.517900e-09 
6.550000e+00 8.510213e-09 6.550000e+00 5.426771e-09 6.550000e+00 4.439178e-09 6.550000e+00 5.257750e-09 
6.450000e+00 9.179568e-09 6.450000e+00 5.907941e-09 6.450000e+00 4.863130e-09 6.450000e+00 5.806688e-09 
6.350000e+00 9.632429e-09 6.350000e+00 6.382138e-09 6.350000e+00 5.203279e-09 6.350000e+00 6.086975e-09 
6.250000e+00 1.011562e-08 6.250000e+00 6.900966e-09 6.250000e+00 5.573004e-09 6.250000e+00 6.388416e-09 
6.150000e+00 1.063646e-08 6.150000e+00 7.472792e-09 6.150000e+00 5.974773e-09 6.150000e+00 6.711009e-09 
6.050000e+00 1.118031e-08 6.050000e+00 8.101801e-09 6.050000e+00 6.413515e-09 6.050000e+00 7.049468e-09 
5.950000e+00 1.177645e-08 5.950000e+00 8.796360e-09 5.950000e+00 6.891695e-09 5.950000e+00 7.414368e-09 
5.850000e+00 1.240397e-08 5.850000e+00 9.563444e-09 5.850000e+00 7.416705e-09 5.850000e+00 7.805713e-09 
5.750000e+00 1.308379e-08 5.750000e+00 1.041142e-08 5.750000e+00 7.991013e-09 5.750000e+00 8.228787e-09 
5.650000e+00 1.381589e-08 5.650000e+00 1.135284e-08 5.650000e+00 8.619548e-09 5.650000e+00 8.678303e-09 
5.550000e+00 1.458983e-08 5.550000e+00 1.239747e-08 5.550000e+00 9.312168e-09 5.550000e+00 9.159548e-09 
5.450000e+00 1.564616e-08 5.450000e+00 1.319245e-08 5.450000e+00 1.005408e-08 5.450000e+00 9.841756e-09 
5.350000e+00 1.702670e-08 5.350000e+00 1.367920e-08 5.350000e+00 1.085023e-08 5.350000e+00 1.075665e-08 
5.250000e+00 1.855367e-08 5.250000e+00 1.419803e-08 5.250000e+00 1.172525e-08 5.250000e+00 1.177732e-08 
5.150000e+00 2.025843e-08 5.150000e+00 1.474196e-08 5.150000e+00 1.269146e-08 5.150000e+00 1.291433e-08 
5.050000e+00 2.215145e-08 5.050000e+00 1.531378e-08 5.050000e+00 1.375874e-08 5.050000e+00 1.419413e-08 
4.950000e+00 2.427456e-08 4.950000e+00 1.592745e-08 4.950000e+00 1.493940e-08 4.950000e+00 1.562200e-08 
4.850000e+00 2.663821e-08 4.850000e+00 1.658296e-08 4.850000e+00 1.624823e-08 4.850000e+00 1.723497e-08 
4.750000e+00 2.890774e-08 4.750000e+00 1.737794e-08 4.750000e+00 1.741410e-08 4.750000e+00 1.843544e-08 
4.650000e+00 3.057067e-08 4.650000e+00 1.847975e-08 4.650000e+00 1.809686e-08 4.650000e+00 1.850948e-08 
4.550000e+00 3.195121e-08 4.550000e+00 1.979076e-08 4.550000e+00 1.851342e-08 4.550000e+00 1.798064e-08 
4.450000e+00 3.341543e-08 4.450000e+00 2.124125e-08 4.450000e+00 1.895462e-08 4.450000e+00 1.745708e-08 
4.350000e+00 3.498423e-08 4.350000e+00 2.283121e-08 4.350000e+00 1.941308e-08 4.350000e+00 1.693882e-08 
4.250000e+00 3.645890e-08 4.250000e+00 2.408644e-08 4.250000e+00 1.974091e-08 4.250000e+00 1.661622e-08 
4.150000e+00 3.759889e-08 4.150000e+00 2.440722e-08 4.150000e+00 1.977049e-08 4.150000e+00 1.667440e-08 
4.050000e+00 3.858201e-08 4.050000e+00 2.421196e-08 4.050000e+00 1.964478e-08 4.050000e+00 1.692824e-08 
3.950000e+00 3.960695e-08 3.950000e+00 2.403065e-08 3.950000e+00 1.951907e-08 3.950000e+00 1.719795e-08 
3.850000e+00 4.069466e-08 3.850000e+00 2.384934e-08 3.850000e+00 1.939090e-08 3.850000e+00 1.747824e-08 
3.750000e+00 4.261905e-08 3.750000e+00 2.447695e-08 3.750000e+00 1.977049e-08 3.750000e+00 1.812872e-08 
3.650000e+00 4.638417e-08 3.650000e+00 2.693162e-08 3.650000e+00 2.126664e-08 3.650000e+00 1.959889e-08 
3.550000e+00 5.156121e-08 3.550000e+00 3.073914e-08 3.550000e+00 2.353430e-08 3.550000e+00 2.166667e-08 
3.450000e+00 5.748081e-08 3.450000e+00 3.523007e-08 3.450000e+00 2.612731e-08 3.450000e+00 2.402002e-08 
3.350000e+00 6.427894e-08 3.350000e+00 4.052993e-08 3.350000e+00 2.908512e-08 3.350000e+00 2.671183e-08 
3.250000e+00 7.216477e-08 3.250000e+00 4.698738e-08 3.250000e+00 3.317675e-08 3.250000e+00 3.049304e-08 
3.150000e+00 8.138932e-08 3.150000e+00 5.511847e-08 3.150000e+00 3.963464e-08 3.150000e+00 3.659060e-08 
3.050000e+00 9.218265e-08 3.050000e+00 6.520214e-08 3.050000e+00 4.863130e-08 3.050000e+00 4.517371e-08 
2.950000e+00 1.047958e-07 2.950000e+00 7.755916e-08 2.950000e+00 6.009281e-08 2.950000e+00 5.616306e-08 
2.850000e+00 1.197517e-07 2.850000e+00 9.281715e-08 2.850000e+00 7.478327e-08 2.850000e+00 7.033603e-08 
2.750000e+00 1.337663e-07 2.750000e+00 1.073639e-07 2.750000e+00 9.085402e-08 2.750000e+00 8.847532e-08 
2.650000e+00 1.458983e-07 2.650000e+00 1.200556e-07 2.650000e+00 1.078614e-07 2.650000e+00 1.117444e-07 
2.550000e+00 1.598084e-07 2.550000e+00 1.348255e-07 2.550000e+00 1.289358e-07 2.550000e+00 1.424701e-07 
2.450000e+00 1.686982e-07 2.450000e+00 1.456065e-07 2.450000e+00 1.451298e-07 2.450000e+00 1.667440e-07 
2.350000e+00 1.649331e-07 2.350000e+00 1.444907e-07 2.350000e+00 1.438235e-07 2.350000e+00 1.632008e-07 
2.250000e+00 1.545790e-07 2.250000e+00 1.370849e-07 2.250000e+00 1.330767e-07 2.250000e+00 1.449028e-07 
2.150000e+00 1.462121e-07 2.150000e+00 1.254531e-07 2.150000e+00 1.192243e-07 2.150000e+00 1.256529e-07 
2.050000e+00 1.414011e-07 2.050000e+00 1.066805e-07 2.050000e+00 1.001711e-07 2.050000e+00 1.042348e-07 
1.950000e+00 1.381589e-07 1.950000e+00 8.676416e-08 1.950000e+00 8.087141e-08 1.950000e+00 8.392727e-08 
1.850000e+00 1.462121e-07 1.850000e+00 8.807518e-08 1.850000e+00 7.924463e-08 1.850000e+00 8.038403e-08 
1.750000e+00 1.682799e-07 1.750000e+00 1.133332e-07 1.750000e+00 9.573441e-08 1.750000e+00 9.297048e-08 
1.650000e+00 1.838633e-07 1.650000e+00 1.252020e-07 1.650000e+00 1.010092e-07 1.650000e+00 9.445124e-08 
1.550000e+00 1.903477e-07 1.550000e+00 1.179775e-07 1.550000e+00 9.233293e-08 1.550000e+00 8.350420e-08 
1.450000e+00 1.914981e-07 1.450000e+00 1.166944e-07 1.450000e+00 8.555462e-08 1.450000e+00 7.890328e-08 
1.350000e+00 1.866871e-07 1.350000e+00 1.217292e-07 1.350000e+00 8.047704e-08 1.350000e+00 8.022537e-08 
1.250000e+00 1.884651e-07 1.250000e+00 1.252997e-07 1.250000e+00 8.198059e-08 1.250000e+00 8.276382e-08 
1.150000e+00 1.975641e-07 1.150000e+00 1.270988e-07 1.150000e+00 9.114981e-08 1.150000e+00 8.678303e-08 
1.050000e+00 1.833403e-07 1.050000e+00 1.067781e-07 1.050000e+00 8.027985e-08 1.050000e+00 7.440811e-08 
9.800000e-01 1.578212e-07 9.800000e-01 8.071118e-08 9.800000e-01 6.061043e-08 9.800000e-01 5.653324e-08 
9.400000e-01 1.649331e-07 9.400000e-01 8.256612e-08 9.400000e-01 6.073367e-08 9.400000e-01 5.817265e-08 
9.000000e-01 2.070815e-07 9.000000e-01 1.095256e-07 9.000000e-01 7.677978e-08 9.000000e-01 7.779271e-08 
8.600000e-01 2.701472e-07 8.600000e-01 1.531379e-07 8.600000e-01 1.029564e-07 8.600000e-01 1.089415e-07 
8.200000e-01 3.346772e-07 8.200000e-01 1.991629e-07 8.200000e-01 1.354923e-07 8.200000e-01 1.377634e-07 
7.800000e-01 3.998346e-07 7.800000e-01 2.463037e-07 7.800000e-01 1.766058e-07 7.800000e-01 1.618258e-07 
7.400000e-01 4.464803e-07 7.400000e-01 2.864710e-07 7.400000e-01 2.138496e-07 7.400000e-01 1.835612e-07 
7.050000e-01 4.538014e-07 7.050000e-01 3.043231e-07 7.050000e-01 2.317936e-07 7.050000e-01 1.963592e-07 
6.750000e-01 4.503500e-07 6.750000e-01 3.147834e-07 6.750000e-01 2.431072e-07 6.750000e-01 2.060370e-07 
6.450000e-01 4.409372e-07 6.450000e-01 3.200832e-07 6.450000e-01 2.469770e-07 6.450000e-01 2.120658e-07 
6.150000e-01 4.227391e-07 6.150000e-01 3.167360e-07 6.150000e-01 2.382761e-07 6.150000e-01 2.116427e-07 
5.875000e-01 4.034952e-07 5.875000e-01 3.107388e-07 5.875000e-01 2.265188e-07 5.875000e-01 2.090514e-07 
5.625000e-01 3.956512e-07 5.625000e-01 3.073914e-07 5.625000e-01 2.275294e-07 5.625000e-01 2.113783e-07 
5.375000e-01 3.974292e-07 5.375000e-01 3.061362e-07 5.375000e-01 2.410860e-07 5.375000e-01 2.187292e-07 
5.125000e-01 3.668899e-07 5.125000e-01 2.741976e-07 5.125000e-01 2.246949e-07 5.125000e-01 2.088399e-07 
4.875000e-01 3.086352e-07 4.875000e-01 2.184097e-07 4.875000e-01 1.820531e-07 4.875000e-01 1.826621e-07 
4.625000e-01 2.563418e-07 4.625000e-01 1.748951e-07 4.625000e-01 1.488764e-07 4.625000e-01 1.490806e-07 
4.375000e-01 2.100099e-07 4.375000e-01 1.408645e-07 4.375000e-01 1.230941e-07 4.375000e-01 1.123790e-07 
4.125000e-01 2.092778e-07 4.125000e-01 1.398882e-07 4.125000e-01 1.200624e-07 4.125000e-01 1.034944e-07 
3.900000e-01 2.523675e-07 3.900000e-01 1.704321e-07 3.900000e-01 1.379078e-07 3.900000e-01 1.172443e-07 
3.700000e-01 2.955618e-07 3.700000e-01 2.006971e-07 3.700000e-01 1.582674e-07 3.700000e-01 1.332683e-07 
3.500000e-01 3.408478e-07 3.500000e-01 2.317988e-07 3.500000e-01 1.847891e-07 3.500000e-01 1.545277e-07 
3.300000e-01 3.872842e-07 3.300000e-01 2.654110e-07 3.300000e-01 2.151313e-07 3.300000e-01 1.797006e-07 
3.100000e-01 4.135355e-07 3.100000e-01 2.940023e-07 3.100000e-01 2.383994e-07 3.100000e-01 2.031812e-07 
2.900000e-01 4.204382e-07 2.900000e-01 3.177122e-07 2.900000e-01 2.543716e-07 2.900000e-01 2.251811e-07 
2.750000e-01 4.231575e-07 2.750000e-01 3.345881e-07 2.750000e-01 2.649704e-07 2.750000e-01 2.403588e-07 
2.625000e-01 4.166731e-07 2.625000e-01 3.397485e-07 2.625000e-01 2.652168e-07 2.625000e-01 2.418396e-07 
2.475000e-01 4.051685e-07 2.475000e-01 3.423984e-07 2.475000e-01 2.617661e-07 2.475000e-01 2.388781e-07 
2.350000e-01 3.952328e-07 2.350000e-01 3.446299e-07 2.350000e-01 2.588083e-07 2.350000e-01 2.362339e-07 
2.250000e-01 3.960695e-07 2.250000e-01 3.500692e-07 2.250000e-01 2.622591e-07 2.250000e-01 2.389838e-07 
2.150000e-01 4.157318e-07 2.150000e-01 3.633189e-07 2.150000e-01 2.790200e-07 2.150000e-01 2.523107e-07 
2.050000e-01 4.477353e-07 2.050000e-01 3.817289e-07 2.050000e-01 3.049008e-07 2.050000e-01 2.728298e-07 
1.950000e-01 4.840269e-07 1.950000e-01 4.019520e-07 1.950000e-01 3.344788e-07 1.950000e-01 2.962046e-07 
1.850000e-01 5.253386e-07 1.850000e-01 4.244066e-07 1.850000e-01 3.687401e-07 1.850000e-01 3.229111e-07 
1.750000e-01 5.663366e-07 1.750000e-01 4.518822e-07 1.750000e-01 4.042339e-07 1.750000e-01 3.531080e-07 
1.650000e-01 5.993859e-07 1.650000e-01 4.875865e-07 1.650000e-01 4.357839e-07 1.650000e-01 3.866895e-07 
1.550000e-01 6.290885e-07 1.550000e-01 5.315194e-07 1.550000e-01 4.663478e-07 1.550000e-01 4.250835e-07 
1.462500e-01 6.580590e-07 1.462500e-01 5.755919e-07 1.462500e-01 4.969119e-07 1.462500e-01 4.640062e-07 
1.387500e-01 6.853562e-07 1.387500e-01 6.188276e-07 1.387500e-01 5.262435e-07 1.387500e-01 5.024531e-07 
1.312500e-01 7.155817e-07 1.312500e-01 6.680604e-07 1.312500e-01 5.592723e-07 1.312500e-01 5.462941e-07 
1.237500e-01 7.395320e-07 1.237500e-01 7.114355e-07 1.237500e-01 5.898364e-07 1.237500e-01 5.843708e-07 
1.175000e-01 7.499907e-07 1.175000e-01 7.361216e-07 1.175000e-01 6.102945e-07 1.175000e-01 6.039378e-07 
1.125000e-01 7.549062e-07 1.125000e-01 7.520212e-07 1.125000e-01 6.250836e-07 1.125000e-01 6.155724e-07 
1.075000e-01 7.601356e-07 1.075000e-01 7.690365e-07 1.075000e-01 6.411050e-07 1.075000e-01 6.277358e-07 
1.025000e-01 7.656787e-07 1.025000e-01 7.873070e-07 1.025000e-01 6.581125e-07 1.025000e-01 6.409569e-07 
9.800000e-02 7.708034e-07 9.800000e-02 8.047408e-07 9.800000e-02 6.746268e-07 9.800000e-02 6.536491e-07 
9.400000e-02 7.757191e-07 9.400000e-02 8.214772e-07 9.400000e-02 6.904019e-07 9.400000e-02 6.658125e-07 
9.000000e-02 7.808438e-07 9.000000e-02 8.391899e-07 9.000000e-02 7.071628e-07 9.000000e-02 6.785046e-07 
8.600000e-02 7.861777e-07 8.600000e-02 8.581578e-07 8.600000e-02 7.254026e-07 8.600000e-02 6.917257e-07 
8.200000e-02 7.919299e-07 8.200000e-02 8.785203e-07 8.200000e-02 7.446283e-07 8.200000e-02 7.065333e-07 
7.799999e-02 8.101280e-07 7.799999e-02 8.832623e-07 7.799999e-02 7.722346e-07 7.799999e-02 7.313889e-07 
7.400000e-02 8.426545e-07 7.400000e-02 8.712679e-07 7.400000e-02 8.094536e-07 7.400000e-02 7.684078e-07 
7.050000e-02 8.737167e-07 7.050000e-02 8.602498e-07 7.050000e-02 8.451939e-07 7.050000e-02 8.043692e-07 
6.750000e-02 9.025825e-07 6.750000e-02 8.506263e-07 6.750000e-02 8.787157e-07 6.750000e-02 8.376862e-07 
6.450000e-02 9.338539e-07 6.450000e-02 8.405845e-07 6.450000e-02 9.151954e-07 6.450000e-02 8.741764e-07 
6.150000e-02 9.677400e-07 6.150000e-02 8.302637e-07 6.150000e-02 9.548792e-07 6.150000e-02 9.143683e-07 
5.875000e-02 1.001312e-06 5.875000e-02 8.203615e-07 5.875000e-02 9.945632e-07 5.875000e-02 9.545604e-07 
5.625000e-02 1.034466e-06 5.625000e-02 8.111564e-07 5.625000e-02 1.034001e-06 5.625000e-02 9.942236e-07 
5.375000e-02 1.069921e-06 5.375000e-02 8.015329e-07 5.375000e-02 1.076889e-06 5.375000e-02 1.037589e-06 
5.125000e-02 1.108618e-06 5.125000e-02 7.916306e-07 5.125000e-02 1.123721e-06 5.125000e-02 1.085184e-06 
4.875000e-02 1.145224e-06 4.875000e-02 8.207797e-07 4.875000e-02 1.172771e-06 4.875000e-02 1.132252e-06 
4.625000e-02 1.178691e-06 4.625000e-02 8.958145e-07 4.625000e-02 1.224286e-06 4.625000e-02 1.178789e-06 
4.375000e-02 1.215296e-06 4.375000e-02 9.822859e-07 4.375000e-02 1.280978e-06 4.375000e-02 1.229558e-06 
4.125000e-02 1.256085e-06 4.125000e-02 1.083262e-06 4.125000e-02 1.343831e-06 4.125000e-02 1.286145e-06 
3.900000e-02 1.294782e-06 3.900000e-02 1.188701e-06 3.900000e-02 1.406685e-06 3.900000e-02 1.342202e-06 
3.700000e-02 1.332434e-06 3.700000e-02 1.297209e-06 3.700000e-02 1.468305e-06 3.700000e-02 1.397201e-06 
3.500000e-02 1.374268e-06 3.500000e-02 1.422592e-06 3.500000e-02 1.536335e-06 3.500000e-02 1.458018e-06 
3.300000e-02 1.419240e-06 3.300000e-02 1.569035e-06 3.300000e-02 1.612006e-06 3.300000e-02 1.524652e-06 
3.100000e-02 1.469442e-06 3.100000e-02 1.740583e-06 3.100000e-02 1.696303e-06 3.100000e-02 1.599219e-06 
2.900000e-02 1.528011e-06 2.900000e-02 1.894000e-06 2.900000e-02 1.796869e-06 2.900000e-02 1.688593e-06 
2.750000e-02 1.580304e-06 2.750000e-02 1.986050e-06 2.750000e-02 1.885357e-06 2.750000e-02 1.766862e-06 
2.625000e-02 1.628414e-06 2.625000e-02 2.071127e-06 2.625000e-02 1.966943e-06 2.625000e-02 1.839314e-06 
2.475000e-02 1.690120e-06 2.475000e-02 2.185492e-06 2.475000e-02 2.075149e-06 2.475000e-02 1.935034e-06 
2.350000e-02 1.746597e-06 2.350000e-02 2.288699e-06 2.350000e-02 2.174729e-06 2.350000e-02 2.022822e-06 
2.250000e-02 1.795752e-06 2.250000e-02 2.380749e-06 2.250000e-02 2.262723e-06 2.250000e-02 2.100033e-06 
2.150000e-02 1.848046e-06 2.150000e-02 2.479773e-06 2.150000e-02 2.357867e-06 2.150000e-02 2.183590e-06 
2.050000e-02 1.904522e-06 2.050000e-02 2.588559e-06 2.050000e-02 2.462376e-06 2.050000e-02 2.275079e-06 
1.950000e-02 1.966229e-06 1.950000e-02 2.708504e-06 1.950000e-02 2.575758e-06 1.950000e-02 2.375031e-06 
1.850000e-02 2.033164e-06 1.850000e-02 2.841000e-06 1.850000e-02 2.703930e-06 1.850000e-02 2.485030e-06 
1.750000e-02 2.105329e-06 1.750000e-02 2.986048e-06 1.750000e-02 2.844426e-06 1.750000e-02 2.606664e-06 
1.650000e-02 2.185860e-06 1.650000e-02 3.149228e-06 1.650000e-02 2.999711e-06 1.650000e-02 2.742047e-06 
1.550000e-02 2.274759e-06 1.550000e-02 3.331934e-06 1.550000e-02 3.174715e-06 1.550000e-02 2.893825e-06 
1.462500e-02 2.369933e-06 1.462500e-02 3.511850e-06 1.462500e-02 3.354648e-06 1.462500e-02 3.051420e-06 
1.387500e-02 2.471382e-06 1.387500e-02 3.686187e-06 1.387500e-02 3.534582e-06 1.387500e-02 3.212717e-06 
1.312500e-02 2.584336e-06 1.312500e-02 3.880050e-06 1.312500e-02 3.734233e-06 1.312500e-02 3.393581e-06 
1.237500e-02 2.708794e-06 1.237500e-02 4.096228e-06 1.237500e-02 3.958533e-06 1.237500e-02 3.596127e-06 
1.175000e-02 2.823839e-06 1.175000e-02 4.295670e-06 1.175000e-02 4.168045e-06 1.175000e-02 3.783338e-06 
1.125000e-02 2.923196e-06 1.125000e-02 4.470007e-06 1.125000e-02 4.352908e-06 1.125000e-02 3.948865e-06 
1.075000e-02 3.031966e-06 1.075000e-02 4.661080e-06 1.075000e-02 4.552560e-06 1.075000e-02 4.128672e-06 
1.025000e-02 3.150149e-06 1.025000e-02 4.870285e-06 1.025000e-02 4.774396e-06 1.025000e-02 4.327516e-06 
9.800000e-03 3.265194e-06 9.800000e-03 5.075306e-06 9.800000e-03 4.988838e-06 9.800000e-03 4.521602e-06 
9.400001e-03 3.376056e-06 9.400001e-03 5.273354e-06 9.400001e-03 5.200814e-06 9.400001e-03 4.710927e-06 
9.000000e-03 3.495285e-06 9.000000e-03 5.488137e-06 9.000000e-03 5.430044e-06 9.000000e-03 4.916118e-06 
8.600000e-03 3.624972e-06 8.600000e-03 5.723841e-06 8.600000e-03 5.681457e-06 8.600000e-03 5.142463e-06 
8.200000e-03 3.766164e-06 8.200000e-03 5.979070e-06 8.200000e-03 5.955055e-06 8.200000e-03 5.388903e-06 
7.800000e-03 3.919907e-06 7.800000e-03 6.260799e-06 7.800000e-03 6.260695e-06 7.800000e-03 5.658613e-06 
7.400000e-03 4.078878e-06 7.400000e-03 6.585764e-06 7.400000e-03 6.603308e-06 7.400000e-03 5.960052e-06 
7.050000e-03 4.219024e-06 7.050000e-03 6.916308e-06 7.050000e-03 6.943456e-06 7.050000e-03 6.250916e-06 
6.750000e-03 4.346620e-06 6.750000e-03 7.231510e-06 6.750000e-03 7.266350e-06 6.750000e-03 6.531202e-06 
6.450000e-03 4.484674e-06 6.450000e-03 7.577395e-06 6.450000e-03 7.618822e-06 6.450000e-03 6.827354e-06 
6.150000e-03 4.633188e-06 6.150000e-03 7.956753e-06 6.150000e-03 8.008267e-06 6.150000e-03 7.160525e-06 
5.875000e-03 4.779609e-06 5.875000e-03 8.338900e-06 5.875000e-03 8.402641e-06 5.875000e-03 7.488407e-06 
5.625000e-03 4.924985e-06 5.625000e-03 8.719652e-06 5.625000e-03 8.792085e-06 5.625000e-03 7.821577e-06 
5.375000e-03 5.079773e-06 5.375000e-03 9.136667e-06 5.375000e-03 9.220968e-06 5.375000e-03 8.181190e-06 
5.125000e-03 5.248157e-06 5.125000e-03 9.592733e-06 5.125000e-03 9.691754e-06 5.125000e-03 8.577823e-06 
4.875000e-03 5.431184e-06 4.875000e-03 1.010040e-05 4.875000e-03 1.021183e-05 4.875000e-03 9.011473e-06 
4.625000e-03 5.630944e-06 4.625000e-03 1.065968e-05 4.625000e-03 1.079107e-05 4.625000e-03 9.498008e-06 
4.375000e-03 5.849530e-06 4.375000e-03 1.128590e-05 4.375000e-03 1.143686e-05 4.375000e-03 1.003214e-05 
4.125000e-03 6.089033e-06 4.125000e-03 1.198882e-05 4.125000e-03 1.216152e-05 4.125000e-03 1.063502e-05 
3.900000e-03 6.327491e-06 3.900000e-03 1.269733e-05 3.900000e-03 1.289605e-05 3.900000e-03 1.124319e-05 
3.700000e-03 6.559673e-06 3.700000e-03 1.340444e-05 3.700000e-03 1.362564e-05 3.700000e-03 1.184607e-05 
3.500000e-03 6.830552e-06 3.500000e-03 1.415618e-05 3.500000e-03 1.442671e-05 3.500000e-03 1.255472e-05 
3.300000e-03 7.165229e-06 3.300000e-03 1.489537e-05 3.300000e-03 1.530173e-05 3.300000e-03 1.343788e-05 
3.100000e-03 7.556384e-06 3.100000e-03 1.569035e-05 3.100000e-03 1.627288e-05 3.100000e-03 1.448499e-05 
2.900000e-03 7.998785e-06 2.900000e-03 1.658296e-05 2.900000e-03 1.737219e-05 2.900000e-03 1.570133e-05 
2.750000e-03 8.365884e-06 2.750000e-03 1.732215e-05 2.750000e-03 1.829898e-05 2.750000e-03 1.673257e-05 
2.625000e-03 8.705791e-06 2.625000e-03 1.800555e-05 2.625000e-03 1.915920e-05 2.625000e-03 1.770035e-05 
2.475000e-03 9.153420e-06 2.475000e-03 1.891211e-05 2.475000e-03 2.029796e-05 2.475000e-03 1.900131e-05 
2.350000e-03 9.564446e-06 2.350000e-03 1.973498e-05 2.350000e-03 2.135784e-05 2.350000e-03 2.022293e-05 
2.250000e-03 9.925271e-06 2.250000e-03 2.046022e-05 2.250000e-03 2.228955e-05 2.250000e-03 2.131234e-05 
2.150000e-03 1.031747e-05 2.150000e-03 2.125520e-05 2.150000e-03 2.330753e-05 2.150000e-03 2.251282e-05 
2.050000e-03 1.074105e-05 2.050000e-03 2.210597e-05 2.050000e-03 2.442164e-05 2.050000e-03 2.384021e-05 
1.950000e-03 1.121169e-05 1.950000e-03 2.304041e-05 1.950000e-03 2.565899e-05 1.950000e-03 2.532097e-05 
1.850000e-03 1.172416e-05 1.850000e-03 2.407249e-05 1.850000e-03 2.701465e-05 1.850000e-03 2.698154e-05 
1.750000e-03 1.228893e-05 1.750000e-03 2.520219e-05 1.750000e-03 2.854285e-05 1.750000e-03 2.885364e-05 
1.650000e-03 1.292691e-05 1.650000e-03 2.647137e-05 1.650000e-03 3.024359e-05 1.650000e-03 3.097429e-05 
1.550000e-03 1.362764e-05 1.550000e-03 2.788001e-05 1.550000e-03 3.214152e-05 1.550000e-03 3.339639e-05 
1.462500e-03 1.426562e-05 1.462500e-03 2.935839e-05 1.462500e-03 3.411340e-05 1.462500e-03 3.567570e-05 
1.387500e-03 1.478855e-05 1.387500e-03 3.093440e-05 1.387500e-03 3.608526e-05 1.387500e-03 3.771175e-05 
1.312500e-03 1.536378e-05 1.312500e-03 3.269172e-05 1.312500e-03 3.830362e-05 1.312500e-03 3.998048e-05 
1.237500e-03 1.600176e-05 1.237500e-03 3.464430e-05 1.237500e-03 4.079311e-05 1.237500e-03 4.254537e-05 
1.175000e-03 1.658744e-05 1.175000e-03 3.645741e-05 1.175000e-03 4.311006e-05 1.175000e-03 4.491987e-05 
1.125000e-03 1.708945e-05 1.125000e-03 3.806131e-05 1.125000e-03 4.515588e-05 1.125000e-03 4.702995e-05 
1.075000e-03 1.763331e-05 1.075000e-03 3.980468e-05 1.075000e-03 4.739888e-05 1.075000e-03 4.933570e-05 
1.025000e-03 1.821899e-05 1.025000e-03 4.172937e-05 1.025000e-03 4.988837e-05 1.025000e-03 5.187943e-05 
9.800000e-04 1.879422e-05 9.800000e-04 4.362616e-05 9.800000e-04 5.232856e-05 9.800000e-04 5.436499e-05 
9.400000e-04 1.933807e-05 9.400000e-04 4.545321e-05 9.400000e-04 5.471946e-05 9.400000e-04 5.685055e-05 
9.000000e-04 1.993421e-05 9.000000e-04 4.746157e-05 9.000000e-04 5.730754e-05 9.000000e-04 5.949476e-05 
8.600000e-04 2.056173e-05 8.600000e-04 4.963731e-05 8.600000e-04 6.016676e-05 8.600000e-04 6.240339e-05 
8.200000e-04 2.125200e-05 8.200000e-04 5.202223e-05 8.200000e-04 6.332176e-05 8.200000e-04 6.562933e-05 
7.800000e-04 2.199457e-05 7.800000e-04 5.467216e-05 7.800000e-04 6.679718e-05 7.800000e-04 6.917257e-05 
7.400000e-04 2.281034e-05 7.400000e-04 5.758708e-05 7.400000e-04 7.066698e-05 7.400000e-04 7.313889e-05 
7.050000e-04 2.358428e-05 7.050000e-04 6.040438e-05 7.050000e-04 7.441354e-05 7.050000e-04 7.694656e-05 
6.750000e-04 2.430593e-05 6.750000e-04 6.305430e-05 6.750000e-04 7.796290e-05 6.750000e-04 8.054268e-05 
6.450000e-04 2.511125e-05 6.450000e-04 6.591344e-05 6.450000e-04 8.173411e-05 6.450000e-04 8.440323e-05 
6.150000e-04 2.603161e-05 6.150000e-04 6.898177e-05 6.150000e-04 8.577645e-05 6.150000e-04 8.852821e-05 
5.875000e-04 2.697289e-05 5.875000e-04 7.205010e-05 5.875000e-04 8.981879e-05 5.875000e-04 9.270605e-05 
5.625000e-04 2.789325e-05 5.625000e-04 7.507660e-05 5.625000e-04 9.371324e-05 5.625000e-04 9.672526e-05 
5.375000e-04 2.888683e-05 5.375000e-04 7.839598e-05 5.375000e-04 9.805136e-05 5.375000e-04 1.012204e-04 
5.125000e-04 2.996407e-05 5.125000e-04 8.200826e-05 5.125000e-04 1.028578e-04 5.125000e-04 1.061387e-04 
4.875000e-04 3.114590e-05 4.875000e-04 8.599708e-05 4.875000e-04 1.081079e-04 4.875000e-04 1.115328e-04 
4.625000e-04 3.244277e-05 4.625000e-04 9.041827e-05 4.625000e-04 1.139249e-04 4.625000e-04 1.175616e-04 
4.375000e-04 3.386515e-05 4.375000e-04 9.531367e-05 4.375000e-04 1.204568e-04 4.375000e-04 1.241722e-04 
4.125000e-04 3.544441e-05 4.125000e-04 1.007948e-04 4.125000e-04 1.278020e-04 4.125000e-04 1.317346e-04 
3.900000e-04 3.700274e-05 3.900000e-04 1.062899e-04 3.900000e-04 1.350486e-04 3.900000e-04 1.392442e-04 
3.700000e-04 3.854017e-05 3.700000e-04 1.117293e-04 3.700000e-04 1.423199e-04 3.700000e-04 1.467009e-04 
3.500000e-04 4.023447e-05 3.500000e-04 1.177823e-04 3.500000e-04 1.504046e-04 3.500000e-04 1.550037e-04 
3.300000e-04 4.210657e-05 3.300000e-04 1.245605e-04 3.300000e-04 1.595245e-04 3.300000e-04 1.643642e-04 
3.100000e-04 4.418785e-05 3.100000e-04 1.321755e-04 3.100000e-04 1.698275e-04 3.100000e-04 1.748881e-04 
2.900000e-04 4.653059e-05 2.900000e-04 1.408645e-04 2.900000e-04 1.815355e-04 2.900000e-04 1.868929e-04 
2.750000e-04 4.846544e-05 2.750000e-04 1.481169e-04 2.750000e-04 1.913702e-04 2.750000e-04 1.969409e-04 
2.625000e-04 5.024342e-05 2.625000e-04 1.548115e-04 2.625000e-04 2.004408e-04 2.625000e-04 2.063543e-04 
2.475000e-04 5.258615e-05 2.475000e-04 1.635981e-04 2.475000e-04 2.124939e-04 2.475000e-04 2.187292e-04 
2.350000e-04 5.471972e-05 2.350000e-04 1.718268e-04 2.350000e-04 2.237829e-04 2.350000e-04 2.302050e-04 
2.250000e-04 5.659182e-05 2.250000e-04 1.790792e-04 2.250000e-04 2.337408e-04 2.250000e-04 2.404646e-04 
2.150000e-04 5.861035e-05 2.150000e-04 1.870290e-04 2.150000e-04 2.443397e-04 2.150000e-04 2.515174e-04 
2.050000e-04 6.081712e-05 2.050000e-04 1.956761e-04 2.050000e-04 2.563434e-04 2.050000e-04 2.636808e-04 
1.950000e-04 6.321216e-05 1.950000e-04 2.051601e-04 1.950000e-04 2.696536e-04 1.950000e-04 2.772191e-04 
1.850000e-04 6.583728e-05 1.850000e-04 2.157598e-04 1.850000e-04 2.839497e-04 1.850000e-04 2.920796e-04 
1.750000e-04 6.872387e-05 1.750000e-04 2.273358e-04 1.750000e-04 3.002176e-04 1.750000e-04 3.085795e-04 
1.650000e-04 7.191376e-05 1.650000e-04 2.404460e-04 1.650000e-04 3.184574e-04 1.650000e-04 3.272477e-04 
1.550000e-04 7.548017e-05 1.550000e-04 2.550902e-04 1.550000e-04 3.389156e-04 1.550000e-04 3.482427e-04 
1.462500e-04 7.877464e-05 1.462500e-04 2.691767e-04 1.462500e-04 3.593738e-04 1.462500e-04 3.696608e-04 
1.387500e-04 8.171353e-05 1.387500e-04 2.821474e-04 1.387500e-04 3.795855e-04 1.387500e-04 3.912904e-04 
1.312500e-04 8.493479e-05 1.312500e-04 2.965128e-04 1.312500e-04 4.022620e-04 1.312500e-04 4.155114e-04 
1.237500e-04 8.848029e-05 1.237500e-04 3.125519e-04 1.237500e-04 4.276498e-04 1.237500e-04 4.427468e-04 
1.175000e-04 9.171202e-05 1.175000e-04 3.273356e-04 1.175000e-04 4.510658e-04 1.175000e-04 4.681312e-04 
1.125000e-04 9.452539e-05 1.125000e-04 3.403063e-04 1.125000e-04 4.720169e-04 1.125000e-04 4.906599e-04 
1.075000e-04 9.755840e-05 1.075000e-04 3.545323e-04 1.075000e-04 4.949400e-04 1.075000e-04 5.153568e-04 
1.025000e-04 1.008424e-04 1.025000e-04 3.698739e-04 1.025000e-04 5.198349e-04 1.025000e-04 5.425922e-04 
9.800000e-05 1.040428e-04 9.800000e-05 3.850761e-04 9.800000e-05 5.447298e-04 9.800000e-05 5.695632e-04 
9.400000e-05 1.070967e-04 9.400000e-05 3.997204e-04 9.400000e-05 5.688852e-04 9.400000e-05 5.954764e-04 
9.000000e-05 1.103389e-04 9.000000e-05 4.154806e-04 9.000000e-05 5.950125e-04 9.000000e-05 6.240339e-04 
8.600000e-05 1.138948e-04 8.600000e-05 4.327748e-04 8.600000e-05 6.238511e-04 8.600000e-05 6.557645e-04 
8.200000e-05 1.177645e-04 8.200000e-05 4.516032e-04 8.200000e-05 6.556476e-04 8.200000e-05 6.901392e-04 
7.800000e-05 1.219480e-04 7.800000e-05 4.722448e-04 7.800000e-05 6.904018e-04 7.800000e-05 7.287447e-04 
7.400000e-05 1.264452e-04 7.400000e-05 4.949784e-04 7.400000e-05 7.293462e-04 7.400000e-05 7.710521e-04 
7.050000e-05 1.308379e-04 7.050000e-05 5.168751e-04 7.050000e-05 7.668119e-04 7.050000e-05 8.123018e-04 
6.750000e-05 1.348121e-04 6.750000e-05 5.373772e-04 6.750000e-05 8.023055e-04 6.750000e-05 8.514362e-04 
6.450000e-05 1.392048e-04 6.450000e-05 5.602502e-04 6.450000e-05 8.405107e-04 6.450000e-05 8.942724e-04 
6.150000e-05 1.440158e-04 6.150000e-05 5.864705e-04 6.150000e-05 8.811805e-04 6.150000e-05 9.397527e-04 
5.875000e-05 1.487222e-04 5.875000e-05 6.129699e-04 5.875000e-05 9.218504e-04 5.875000e-05 9.862909e-04 
5.625000e-05 1.534286e-04 5.625000e-05 6.393296e-04 5.625000e-05 9.625203e-04 5.625000e-05 1.032300e-03 
5.375000e-05 1.585533e-04 5.375000e-05 6.680604e-04 5.375000e-05 1.006641e-03 5.375000e-05 1.082540e-03 
5.125000e-05 1.639918e-04 5.125000e-05 6.995806e-04 5.125000e-05 1.055198e-03 5.125000e-05 1.138069e-03 
4.875000e-05 1.699533e-04 4.875000e-05 7.343086e-04 4.875000e-05 1.108685e-03 4.875000e-05 1.199414e-03 
4.625000e-05 1.765422e-04 4.625000e-05 7.726627e-04 4.625000e-05 1.167595e-03 4.625000e-05 1.267106e-03 
4.375000e-05 1.836541e-04 4.375000e-05 8.153405e-04 4.375000e-05 1.233653e-03 4.375000e-05 1.343260e-03 
4.125000e-05 1.916027e-04 4.125000e-05 8.631786e-04 4.125000e-05 1.307598e-03 4.125000e-05 1.428932e-03 
3.900000e-05 1.993421e-04 3.900000e-05 9.112957e-04 3.900000e-05 1.381790e-03 3.900000e-05 1.515133e-03 
3.700000e-05 2.069769e-04 3.700000e-05 9.588549e-04 3.700000e-05 1.455735e-03 3.700000e-05 1.601334e-03 
3.500000e-05 2.154485e-04 3.500000e-05 1.011853e-03 3.500000e-05 1.537814e-03 3.500000e-05 1.697584e-03 
3.300000e-05 2.246521e-04 3.300000e-05 1.071267e-03 3.300000e-05 1.629752e-03 3.300000e-05 1.805468e-03 
3.100000e-05 2.349016e-04 3.100000e-05 1.138074e-03 3.100000e-05 1.733769e-03 3.100000e-05 1.928159e-03 
2.900000e-05 2.464061e-04 2.900000e-05 1.213945e-03 2.900000e-05 1.851588e-03 2.900000e-05 2.067773e-03 
2.750000e-05 2.559235e-04 2.750000e-05 1.277683e-03 2.750000e-05 1.951168e-03 2.750000e-05 2.185176e-03 
2.625000e-05 2.646042e-04 2.625000e-05 1.336679e-03 2.625000e-05 2.042860e-03 2.625000e-05 2.295176e-03 
2.475000e-05 2.760041e-04 2.475000e-05 1.415619e-03 2.475000e-05 2.165362e-03 2.475000e-05 2.441136e-03 
2.350000e-05 2.863581e-04 2.350000e-05 1.488143e-03 2.350000e-05 2.278992e-03 2.350000e-05 2.577048e-03 
2.250000e-05 2.953526e-04 2.250000e-05 1.552299e-03 2.250000e-05 2.378818e-03 2.250000e-05 2.697096e-03 
2.150000e-05 3.051838e-04 2.150000e-05 1.620639e-03 2.150000e-05 2.487024e-03 2.150000e-05 2.828778e-03 
2.050000e-05 3.157471e-04 2.050000e-05 1.697347e-03 2.050000e-05 2.607801e-03 2.050000e-05 2.973680e-03 
1.950000e-05 3.272516e-04 1.950000e-05 1.782424e-03 1.950000e-05 2.740903e-03 1.950000e-05 3.133919e-03 
1.850000e-05 3.398019e-04 1.850000e-05 1.875869e-03 1.850000e-05 2.886328e-03 1.850000e-05 3.311611e-03 
1.750000e-05 3.535028e-04 1.750000e-05 1.979077e-03 1.750000e-05 3.049008e-03 1.750000e-05 3.510455e-03 
1.650000e-05 3.687724e-04 1.650000e-05 2.094836e-03 1.650000e-05 3.231406e-03 1.650000e-05 3.734156e-03 
1.550000e-05 3.856109e-04 1.550000e-05 2.225938e-03 1.550000e-05 3.438452e-03 1.550000e-05 3.986942e-03 
1.462500e-05 4.011943e-04 1.462500e-05 2.344487e-03 1.462500e-05 3.635640e-03 1.462500e-05 4.230738e-03 
1.387500e-05 4.149997e-04 1.387500e-05 2.447695e-03 1.387500e-05 3.822968e-03 1.387500e-05 4.457612e-03 
1.312500e-05 4.301648e-04 1.312500e-05 2.562060e-03 1.312500e-05 4.032479e-03 1.312500e-05 4.710927e-03 
1.237500e-05 4.467941e-04 1.237500e-05 2.687583e-03 1.237500e-05 4.264174e-03 1.237500e-05 4.993858e-03 
1.175000e-05 4.619591e-04 1.175000e-05 2.803343e-03 1.175000e-05 4.478615e-03 1.175000e-05 5.256693e-03 
1.125000e-05 4.750324e-04 1.125000e-05 2.905156e-03 1.125000e-05 4.668408e-03 1.125000e-05 5.489383e-03 
1.075000e-05 4.891516e-04 1.075000e-05 3.015337e-03 1.075000e-05 4.875455e-03 1.075000e-05 5.737938e-03 
1.025000e-05 5.044213e-04 1.025000e-05 3.135281e-03 1.025000e-05 5.102220e-03 1.025000e-05 6.018226e-03 
9.800000e-06 5.192726e-04 9.800000e-06 3.252436e-03 9.800000e-06 5.324055e-03 9.800000e-06 6.293224e-03 
9.400001e-06 5.333918e-04 9.400001e-06 3.364012e-03 9.400001e-06 5.540961e-03 9.400001e-06 6.557645e-03 
8.999999e-06 5.485569e-04 8.999999e-06 3.486745e-03 8.999999e-06 5.775122e-03 8.999999e-06 6.848508e-03 
8.600000e-06 5.648724e-04 8.600000e-06 3.617847e-03 8.600000e-06 6.029000e-03 8.600000e-06 7.165813e-03 
8.200001e-06 5.824429e-04 8.200001e-06 3.761500e-03 8.200001e-06 6.309992e-03 8.200001e-06 7.509560e-03 
7.800000e-06 6.015823e-04 7.800000e-06 3.919101e-03 7.800000e-06 6.618096e-03 7.800000e-06 7.890328e-03 
7.400000e-06 6.222904e-04 7.400000e-06 4.090649e-03 7.400000e-06 6.958245e-03 7.400000e-06 8.318691e-03 
7.050000e-06 6.420573e-04 7.050000e-06 4.256619e-03 7.050000e-06 7.286069e-03 7.050000e-06 8.725898e-03 
6.750000e-06 6.602554e-04 6.750000e-06 4.410035e-03 6.750000e-06 7.594173e-03 6.750000e-06 9.111953e-03 
6.450000e-06 6.799177e-04 6.450000e-06 4.577399e-03 6.450000e-06 7.931856e-03 6.450000e-06 9.529739e-03 
6.150000e-06 7.011488e-04 6.150000e-06 4.758710e-03 6.150000e-06 8.299118e-03 6.150000e-06 9.995119e-03 
5.875000e-06 7.220660e-04 5.875000e-06 4.940020e-03 5.875000e-06 8.668845e-03 5.875000e-06 1.046050e-02 
5.625000e-06 7.426696e-04 5.625000e-06 5.118542e-03 5.625000e-06 9.036104e-03 5.625000e-06 1.091531e-02 
5.375000e-06 7.647374e-04 5.375000e-06 5.312405e-03 5.375000e-06 9.435409e-03 5.375000e-06 1.141771e-02 
5.125000e-06 7.885831e-04 5.125000e-06 5.523004e-03 5.125000e-06 9.871687e-03 5.125000e-06 1.197299e-02 
4.875000e-06 7.811575e-04 4.875000e-06 5.493716e-03 4.875000e-06 9.854432e-03 4.875000e-06 1.196241e-02 
4.625000e-06 7.409962e-04 4.625000e-06 5.211986e-03 4.625000e-06 9.346675e-03 4.625000e-06 1.134896e-02 
4.375000e-06 7.010441e-04 4.375000e-06 4.930258e-03 4.375000e-06 8.843848e-03 4.375000e-06 1.073550e-02 
4.125000e-06 6.609876e-04 4.125000e-06 4.648529e-03 4.125000e-06 8.336090e-03 4.125000e-06 1.012204e-02 
3.900000e-06 6.249051e-04 3.900000e-06 4.394693e-03 3.900000e-06 7.882561e-03 3.900000e-06 9.572046e-03 
3.700000e-06 5.927970e-04 3.700000e-06 4.170147e-03 3.700000e-06 7.478326e-03 3.700000e-06 9.080222e-03 
3.500000e-06 5.607934e-04 3.500000e-06 3.944206e-03 3.500000e-06 7.074093e-03 3.500000e-06 8.588400e-03 
3.300000e-06 5.287900e-04 3.300000e-06 3.718265e-03 3.300000e-06 6.669858e-03 3.300000e-06 8.096577e-03 
3.100000e-06 4.966819e-04 3.100000e-06 3.493719e-03 3.100000e-06 6.265625e-03 3.100000e-06 7.604753e-03 
2.900000e-06 4.646784e-04 2.900000e-06 3.267778e-03 2.900000e-06 5.861391e-03 2.900000e-06 7.118218e-03 
2.750000e-06 4.406234e-04 2.750000e-06 3.099019e-03 2.750000e-06 5.558216e-03 2.750000e-06 6.748028e-03 
2.625000e-06 4.206474e-04 2.625000e-06 2.958154e-03 2.625000e-06 5.306802e-03 2.625000e-06 6.441300e-03 
2.475000e-06 3.965925e-04 2.475000e-06 2.789396e-03 2.475000e-06 5.003626e-03 2.475000e-06 6.071110e-03 
2.350000e-06 3.765118e-04 2.350000e-06 2.648532e-03 2.350000e-06 4.749748e-03 2.350000e-06 5.764381e-03 
2.250000e-06 3.605101e-04 2.250000e-06 2.535561e-03 2.250000e-06 4.547631e-03 2.250000e-06 5.521114e-03 
2.150000e-06 3.445083e-04 2.150000e-06 2.422591e-03 2.150000e-06 4.345514e-03 2.150000e-06 5.275731e-03 
2.050000e-06 3.285065e-04 2.050000e-06 2.309620e-03 2.050000e-06 4.143397e-03 2.050000e-06 5.030348e-03 
1.950000e-06 3.124003e-04 1.950000e-06 2.198044e-03 1.950000e-06 3.941280e-03 1.950000e-06 4.784965e-03 
1.850000e-06 2.963985e-04 1.850000e-06 2.085074e-03 1.850000e-06 3.739163e-03 1.850000e-06 4.539582e-03 
1.750000e-06 2.803967e-04 1.750000e-06 1.972103e-03 1.750000e-06 3.537046e-03 1.750000e-06 4.294200e-03 
1.650000e-06 2.643950e-04 1.650000e-06 1.859132e-03 1.650000e-06 3.334929e-03 1.650000e-06 4.048817e-03 
1.550000e-06 2.483932e-04 1.550000e-06 1.746162e-03 1.550000e-06 3.132812e-03 1.550000e-06 3.803434e-03 
1.462500e-06 2.343786e-04 1.462500e-06 1.648533e-03 1.462500e-06 2.955344e-03 1.462500e-06 3.588724e-03 
1.387500e-06 2.223512e-04 1.387500e-06 1.563456e-03 1.387500e-06 2.804989e-03 1.387500e-06 3.404687e-03 
1.312500e-06 2.103237e-04 1.312500e-06 1.479775e-03 1.312500e-06 2.652169e-03 1.312500e-06 3.220650e-03 
1.237500e-06 1.982962e-04 1.237500e-06 1.394559e-03 1.237500e-06 2.501813e-03 1.237500e-06 3.036613e-03 
1.175000e-06 1.882559e-04 1.175000e-06 1.324126e-03 1.175000e-06 2.374874e-03 1.175000e-06 2.883248e-03 
1.125000e-06 1.803073e-04 1.125000e-06 1.267781e-03 1.125000e-06 2.273815e-03 1.125000e-06 2.760557e-03 
1.075000e-06 1.722542e-04 1.075000e-06 1.211435e-03 1.075000e-06 2.172757e-03 1.075000e-06 2.637865e-03 
1.025000e-06 1.642010e-04 1.025000e-06 1.155089e-03 1.025000e-06 2.071698e-03 1.025000e-06 2.515174e-03 
9.800000e-07 1.569845e-04 9.800000e-07 1.104322e-03 9.800000e-07 1.980746e-03 9.800000e-07 2.404646e-03 
9.399999e-07 1.506047e-04 9.399999e-07 1.059273e-03 9.399999e-07 1.899899e-03 9.399999e-07 2.306810e-03 
9.000000e-07 1.442249e-04 9.000000e-07 1.014224e-03 9.000000e-07 1.819052e-03 9.000000e-07 2.208445e-03 
8.600000e-07 1.378452e-04 8.600000e-07 9.691756e-04 8.600000e-07 1.738206e-03 8.600000e-07 2.110081e-03 
8.200000e-07 1.313608e-04 8.200000e-07 9.241269e-04 8.200000e-07 1.657359e-03 8.200000e-07 2.012245e-03 
7.800000e-07 1.249810e-04 7.800000e-07 8.789387e-04 7.800000e-07 1.576512e-03 7.800000e-07 1.913880e-03 
7.400000e-07 1.186012e-04 7.400000e-07 8.338901e-04 7.400000e-07 1.495665e-03 7.400000e-07 1.816045e-03 
7.050000e-07 1.129536e-04 7.050000e-07 7.944199e-04 7.050000e-07 1.424924e-03 7.050000e-07 1.729843e-03 
6.750000e-07 1.081426e-04 6.750000e-07 7.606683e-04 6.750000e-07 1.364289e-03 6.750000e-07 1.656334e-03 
6.450000e-07 1.033420e-04 6.450000e-07 7.269167e-04 6.450000e-07 1.303654e-03 6.450000e-07 1.582825e-03 
6.150000e-07 9.854152e-05 6.150000e-07 6.930254e-04 6.150000e-07 1.243019e-03 6.150000e-07 1.509316e-03 
5.875000e-07 9.412796e-05 5.875000e-07 6.620632e-04 5.875000e-07 1.187560e-03 5.875000e-07 1.441624e-03 
5.625000e-07 9.013275e-05 5.625000e-07 6.338903e-04 5.625000e-07 1.136784e-03 5.625000e-07 1.380278e-03 
5.375000e-07 8.611663e-05 5.375000e-07 6.057174e-04 5.375000e-07 1.086255e-03 5.375000e-07 1.318933e-03 
5.125000e-07 8.212142e-05 5.125000e-07 5.775445e-04 5.125000e-07 1.035972e-03 5.125000e-07 1.257587e-03 
4.875000e-07 7.811575e-05 4.875000e-07 5.493716e-04 4.875000e-07 9.854432e-04 4.875000e-07 1.196241e-03 
4.625000e-07 7.409963e-05 4.625000e-07 5.211987e-04 4.625000e-07 9.346675e-04 4.625000e-07 1.134895e-03 
4.375000e-07 7.010442e-05 4.375000e-07 4.930258e-04 4.375000e-07 8.841383e-04 4.375000e-07 1.073550e-03 
4.125000e-07 6.609875e-05 4.125000e-07 4.648529e-04 4.125000e-07 8.338556e-04 4.125000e-07 1.012204e-03 
3.900000e-07 6.249052e-05 3.900000e-07 4.394694e-04 3.900000e-07 7.882560e-04 3.900000e-07 9.572046e-04 
3.700000e-07 5.927970e-05 3.700000e-07 4.170147e-04 3.700000e-07 7.478326e-04 3.700000e-07 9.080223e-04 
3.500000e-07 5.607935e-05 3.500000e-07 3.944206e-04 3.500000e-07 7.074092e-04 3.500000e-07 8.588399e-04 
3.300000e-07 5.287900e-05 3.300000e-07 3.718265e-04 3.300000e-07 6.669858e-04 3.300000e-07 8.096577e-04 
3.100000e-07 4.966819e-05 3.100000e-07 3.493719e-04 3.100000e-07 6.265625e-04 3.100000e-07 7.604752e-04 
2.900000e-07 4.646783e-05 2.900000e-07 3.267778e-04 2.900000e-07 5.861392e-04 2.900000e-07 7.118217e-04 
2.750000e-07 4.406234e-05 2.750000e-07 3.099019e-04 2.750000e-07 5.558215e-04 2.750000e-07 6.748028e-04 
2.625000e-07 4.205429e-05 2.625000e-07 2.958155e-04 2.625000e-07 5.304337e-04 2.625000e-07 6.441299e-04 
2.475000e-07 3.965925e-05 2.475000e-07 2.789396e-04 2.475000e-07 5.001161e-04 2.475000e-07 6.071110e-04 
2.350000e-07 3.765119e-05 2.350000e-07 2.648532e-04 2.350000e-07 4.749748e-04 2.350000e-07 5.764381e-04 
2.250000e-07 3.605101e-05 2.250000e-07 2.535561e-04 2.250000e-07 4.547631e-04 2.250000e-07 5.521114e-04 
2.150000e-07 3.445084e-05 2.150000e-07 2.422590e-04 2.150000e-07 4.345514e-04 2.150000e-07 5.275731e-04 
2.050000e-07 3.285066e-05 2.050000e-07 2.309620e-04 2.050000e-07 4.143397e-04 2.050000e-07 5.030348e-04 
1.950000e-07 3.124003e-05 1.950000e-07 2.198044e-04 1.950000e-07 3.941280e-04 1.950000e-07 4.784965e-04 
1.850000e-07 2.963985e-05 1.850000e-07 2.085074e-04 1.850000e-07 3.739163e-04 1.850000e-07 4.539583e-04 
1.750000e-07 2.803968e-05 1.750000e-07 1.972103e-04 1.750000e-07 3.537046e-04 1.750000e-07 4.294199e-04 
1.650000e-07 2.643950e-05 1.650000e-07 1.859132e-04 1.650000e-07 3.334929e-04 1.650000e-07 4.048817e-04 
1.550000e-07 2.483932e-05 1.550000e-07 1.746162e-04 1.550000e-07 3.132813e-04 1.550000e-07 3.803434e-04 
1.462500e-07 2.343786e-05 1.462500e-07 1.648533e-04 1.462500e-07 2.955344e-04 1.462500e-07 3.588724e-04 
1.387500e-07 2.223512e-05 1.387500e-07 1.563457e-04 1.387500e-07 2.804989e-04 1.387500e-07 3.404687e-04 
1.312500e-07 2.103237e-05 1.312500e-07 1.479775e-04 1.312500e-07 2.652168e-04 1.312500e-07 3.220650e-04 
1.237500e-07 1.982962e-05 1.237500e-07 1.394559e-04 1.237500e-07 2.501813e-04 1.237500e-07 3.036612e-04 
1.175000e-07 1.882559e-05 1.175000e-07 1.324126e-04 1.175000e-07 2.374874e-04 1.175000e-07 2.883248e-04 
1.125000e-07 1.802028e-05 1.125000e-07 1.267781e-04 1.125000e-07 2.273815e-04 1.125000e-07 2.760557e-04 
1.075000e-07 1.722542e-05 1.075000e-07 1.211435e-04 1.075000e-07 2.172757e-04 1.075000e-07 2.637865e-04 
1.025000e-07 1.642010e-05 1.025000e-07 1.155089e-04 1.025000e-07 2.071698e-04 1.025000e-07 2.515174e-04 
9.800000e-08 1.569845e-05 9.800000e-08 1.104322e-04 9.800000e-08 1.980746e-04 9.800000e-08 2.404646e-04 
9.400000e-08 1.506047e-05 9.400000e-08 1.059273e-04 9.400000e-08 1.899899e-04 9.400000e-08 2.306810e-04 
9.000000e-08 1.442250e-05 9.000000e-08 1.014224e-04 9.000000e-08 1.819052e-04 9.000000e-08 2.208445e-04 
8.600000e-08 1.378452e-05 8.600000e-08 9.691757e-05 8.600000e-08 1.738206e-04 8.600000e-08 2.110081e-04 
8.200000e-08 1.313608e-05 8.200000e-08 9.241268e-05 8.200000e-08 1.657359e-04 8.200000e-08 2.012245e-04 
7.800000e-08 1.249810e-05 7.800000e-08 8.789387e-05 7.800000e-08 1.576512e-04 7.800000e-08 1.913880e-04 
7.400000e-08 1.186012e-05 7.400000e-08 8.338900e-05 7.400000e-08 1.495665e-04 7.400000e-08 1.816044e-04 
7.050000e-08 1.129535e-05 7.050000e-08 7.944200e-05 7.050000e-08 1.424924e-04 7.050000e-08 1.729843e-04 
6.750000e-08 1.081426e-05 6.750000e-08 7.606683e-05 6.750000e-08 1.364289e-04 6.750000e-08 1.656334e-04 
6.450000e-08 1.033420e-05 6.450000e-08 7.269166e-05 6.450000e-08 1.303654e-04 6.450000e-08 1.582825e-04 
6.150000e-08 9.854151e-06 6.150000e-08 6.930254e-05 6.150000e-08 1.243019e-04 6.150000e-08 1.509316e-04 
5.875000e-08 9.413842e-06 5.875000e-08 6.620632e-05 5.875000e-08 1.187560e-04 5.875000e-08 1.441624e-04 
5.625000e-08 9.012229e-06 5.625000e-08 6.338903e-05 5.625000e-08 1.137031e-04 5.625000e-08 1.380278e-04 
5.375000e-08 8.612709e-06 5.375000e-08 6.057174e-05 5.375000e-08 1.086255e-04 5.375000e-08 1.318933e-04 
5.125000e-08 8.211095e-06 5.125000e-08 5.775445e-05 5.125000e-08 1.035973e-04 5.125000e-08 1.257587e-04 
4.875000e-08 7.811575e-06 4.875000e-08 5.493716e-05 4.875000e-08 9.851967e-05 4.875000e-08 1.196241e-04 
4.625000e-08 7.409962e-06 4.625000e-08 5.211987e-05 4.625000e-08 9.346676e-05 4.625000e-08 1.134896e-04 
4.375000e-08 7.009395e-06 4.375000e-08 4.930258e-05 4.375000e-08 8.841384e-05 4.375000e-08 1.073550e-04 
4.125000e-08 6.608829e-06 4.125000e-08 4.648528e-05 4.125000e-08 8.336091e-05 4.125000e-08 1.012204e-04 
3.900000e-08 6.249051e-06 3.900000e-08 4.394694e-05 3.900000e-08 7.882561e-05 3.900000e-08 9.572045e-05 
3.700000e-08 5.927970e-06 3.700000e-08 4.170147e-05 3.700000e-08 7.478326e-05 3.700000e-08 9.080221e-05 
3.500000e-08 5.607935e-06 3.500000e-08 3.944206e-05 3.500000e-08 7.074093e-05 3.500000e-08 8.588398e-05 
3.300000e-08 5.287900e-06 3.300000e-08 3.718265e-05 3.300000e-08 6.669859e-05 3.300000e-08 8.096576e-05 
3.100000e-08 4.966819e-06 3.100000e-08 3.493719e-05 3.100000e-08 6.265625e-05 3.100000e-08 7.604752e-05 
2.900000e-08 4.646784e-06 2.900000e-08 3.267778e-05 2.900000e-08 5.861391e-05 2.900000e-08 7.118218e-05 
2.750000e-08 4.406234e-06 2.750000e-08 3.099019e-05 2.750000e-08 5.558215e-05 2.750000e-08 6.748028e-05 
2.625000e-08 4.206474e-06 2.625000e-08 2.958155e-05 2.625000e-08 5.304336e-05 2.625000e-08 6.441298e-05 
2.475000e-08 3.965925e-06 2.475000e-08 2.789396e-05 2.475000e-08 5.003626e-05 2.475000e-08 6.071110e-05 
2.350000e-08 3.765119e-06 2.350000e-08 2.648532e-05 2.350000e-08 4.749748e-05 2.350000e-08 5.764381e-05 
2.250000e-08 3.605101e-06 2.250000e-08 2.535561e-05 2.250000e-08 4.547631e-05 2.250000e-08 5.521113e-05 
2.150000e-08 3.445083e-06 2.150000e-08 2.422591e-05 2.150000e-08 4.345514e-05 2.150000e-08 5.275731e-05 
2.050000e-08 3.285066e-06 2.050000e-08 2.309620e-05 2.050000e-08 4.143397e-05 2.050000e-08 5.030348e-05 
1.950000e-08 3.124002e-06 1.950000e-08 2.198044e-05 1.950000e-08 3.941280e-05 1.950000e-08 4.784965e-05 
1.850000e-08 2.963985e-06 1.850000e-08 2.085074e-05 1.850000e-08 3.739163e-05 1.850000e-08 4.539582e-05 
1.750000e-08 2.803967e-06 1.750000e-08 1.972103e-05 1.750000e-08 3.537046e-05 1.750000e-08 4.294199e-05 
1.650000e-08 2.643950e-06 1.650000e-08 1.859132e-05 1.650000e-08 3.334929e-05 1.650000e-08 4.048817e-05 
1.550000e-08 2.483933e-06 1.550000e-08 1.746162e-05 1.550000e-08 3.132812e-05 1.550000e-08 3.803434e-05 
1.462500e-08 2.343786e-06 1.462500e-08 1.648533e-05 1.462500e-08 2.955344e-05 1.462500e-08 3.588724e-05 
1.387500e-08 2.223512e-06 1.387500e-08 1.563456e-05 1.387500e-08 2.804989e-05 1.387500e-08 3.404687e-05 
1.312500e-08 2.103237e-06 1.312500e-08 1.479775e-05 1.312500e-08 2.652168e-05 1.312500e-08 3.220649e-05 
1.237500e-08 1.982962e-06 1.237500e-08 1.394559e-05 1.237500e-08 2.501813e-05 1.237500e-08 3.036613e-05 
1.175000e-08 1.882559e-06 1.175000e-08 1.324126e-05 1.175000e-08 2.374874e-05 1.175000e-08 2.883248e-05 
1.125000e-08 1.802028e-06 1.125000e-08 1.267781e-05 1.125000e-08 2.273815e-05 1.125000e-08 2.760557e-05 
1.075000e-08 1.722542e-06 1.075000e-08 1.211435e-05 1.075000e-08 2.172757e-05 1.075000e-08 2.637866e-05 
1.025000e-08 1.642010e-06 1.025000e-08 1.155089e-05 1.025000e-08 2.071699e-05 1.025000e-08 2.515174e-05 
9.800000e-09 1.569845e-06 9.800000e-09 1.104322e-05 9.800000e-09 1.980746e-05 9.800000e-09 2.404646e-05 
9.400000e-09 1.506047e-06 9.400000e-09 1.059273e-05 9.400000e-09 1.899899e-05 9.400000e-09 2.306810e-05 
9.000000e-09 1.442250e-06 9.000000e-09 1.014225e-05 9.000000e-09 1.819052e-05 9.000000e-09 2.208446e-05 
8.600000e-09 1.378452e-06 8.600000e-09 9.691757e-06 8.600000e-09 1.738206e-05 8.600000e-09 2.110081e-05 
8.200000e-09 1.313608e-06 8.200000e-09 9.241269e-06 8.200000e-09 1.657359e-05 8.200000e-09 2.012245e-05 
7.800000e-09 1.249810e-06 7.800000e-09 8.789387e-06 7.800000e-09 1.576512e-05 7.800000e-09 1.913880e-05 
7.400000e-09 1.186012e-06 7.400000e-09 8.338900e-06 7.400000e-09 1.495665e-05 7.400000e-09 1.816044e-05 
7.050000e-09 1.129536e-06 7.050000e-09 7.944200e-06 7.050000e-09 1.424924e-05 7.050000e-09 1.729843e-05 
6.750000e-09 1.081426e-06 6.750000e-09 7.606683e-06 6.750000e-09 1.364289e-05 6.750000e-09 1.656334e-05 
6.450000e-09 1.033420e-06 6.450000e-09 7.269166e-06 6.450000e-09 1.303654e-05 6.450000e-09 1.582825e-05 
6.150000e-09 9.854151e-07 6.150000e-09 6.930255e-06 6.150000e-09 1.243019e-05 6.150000e-09 1.509316e-05 
5.875000e-09 9.413842e-07 5.875000e-09 6.620632e-06 5.875000e-09 1.187314e-05 5.875000e-09 1.441624e-05 
5.625000e-09 9.012230e-07 5.625000e-09 6.338903e-06 5.625000e-09 1.137031e-05 5.625000e-09 1.380278e-05 
5.375000e-09 8.612708e-07 5.375000e-09 6.057173e-06 5.375000e-09 1.086255e-05 5.375000e-09 1.318933e-05 
5.125000e-09 8.212141e-07 5.125000e-09 5.775445e-06 5.125000e-09 1.035726e-05 5.125000e-09 1.257587e-05 
4.875000e-09 7.810529e-07 4.875000e-09 5.493716e-06 4.875000e-09 9.854432e-06 4.875000e-09 1.196241e-05 
4.625000e-09 7.411008e-07 4.625000e-09 5.211987e-06 4.625000e-09 9.349140e-06 4.625000e-09 1.134896e-05 
4.375000e-09 7.010441e-07 4.375000e-09 4.930258e-06 4.375000e-09 8.843847e-06 4.375000e-09 1.073550e-05 
4.125000e-09 6.608828e-07 4.125000e-09 4.648528e-06 4.125000e-09 8.336091e-06 4.125000e-09 1.012204e-05 
3.900000e-09 6.249051e-07 3.900000e-09 4.394693e-06 3.900000e-09 7.882561e-06 3.900000e-09 9.572045e-06 
3.700000e-09 5.927970e-07 3.700000e-09 4.170147e-06 3.700000e-09 7.478326e-06 3.700000e-09 9.080222e-06 
3.500000e-09 5.607935e-07 3.500000e-09 3.944206e-06 3.500000e-09 7.074093e-06 3.500000e-09 8.588398e-06 
3.300000e-09 5.287900e-07 3.300000e-09 3.718265e-06 3.300000e-09 6.669859e-06 3.300000e-09 8.096576e-06 
3.100000e-09 4.966819e-07 3.100000e-09 3.493719e-06 3.100000e-09 6.265625e-06 3.100000e-09 7.604753e-06 
2.900000e-09 4.646783e-07 2.900000e-09 3.267777e-06 2.900000e-09 5.861391e-06 2.900000e-09 7.118217e-06 
2.750000e-09 4.406234e-07 2.750000e-09 3.099019e-06 2.750000e-09 5.558215e-06 2.750000e-09 6.748028e-06 
2.625000e-09 4.206474e-07 2.625000e-09 2.958155e-06 2.625000e-09 5.306802e-06 2.625000e-09 6.441299e-06 
2.475000e-09 3.965925e-07 2.475000e-09 2.789396e-06 2.475000e-09 5.001161e-06 2.475000e-09 6.071110e-06 
2.350000e-09 3.765118e-07 2.350000e-09 2.648532e-06 2.350000e-09 4.749747e-06 2.350000e-09 5.764382e-06 
2.250000e-09 3.605101e-07 2.250000e-09 2.535561e-06 2.250000e-09 4.547631e-06 2.250000e-09 5.521114e-06 
2.150000e-09 3.445084e-07 2.150000e-09 2.422591e-06 2.150000e-09 4.345514e-06 2.150000e-09 5.275731e-06 
2.050000e-09 3.285066e-07 2.050000e-09 2.309620e-06 2.050000e-09 4.143397e-06 2.050000e-09 5.030348e-06 
1.950000e-09 3.124003e-07 1.950000e-09 2.198044e-06 1.950000e-09 3.941280e-06 1.950000e-09 4.784965e-06 
1.850000e-09 2.963985e-07 1.850000e-09 2.085073e-06 1.850000e-09 3.739163e-06 1.850000e-09 4.539583e-06 
1.750000e-09 2.803968e-07 1.750000e-09 1.972103e-06 1.750000e-09 3.537046e-06 1.750000e-09 4.294199e-06 
1.650000e-09 2.643950e-07 1.650000e-09 1.859133e-06 1.650000e-09 3.334929e-06 1.650000e-09 4.048817e-06 
1.550000e-09 2.483932e-07 1.550000e-09 1.746162e-06 1.550000e-09 3.132812e-06 1.550000e-09 3.803434e-06 
1.462500e-09 2.343786e-07 1.462500e-09 1.648533e-06 1.462500e-09 2.955344e-06 1.462500e-09 3.588724e-06 
1.387500e-09 2.223511e-07 1.387500e-09 1.563456e-06 1.387500e-09 2.804989e-06 1.387500e-09 3.404687e-06 
1.312500e-09 2.103237e-07 1.312500e-09 1.478380e-06 1.312500e-09 2.652168e-06 1.312500e-09 3.220650e-06 
1.237500e-09 1.982962e-07 1.237500e-09 1.394559e-06 1.237500e-09 2.501813e-06 1.237500e-09 3.036612e-06 
1.175000e-09 1.882559e-07 1.175000e-09 1.324126e-06 1.175000e-09 2.374874e-06 1.175000e-09 2.883248e-06 
1.125000e-09 1.802027e-07 1.125000e-09 1.267781e-06 1.125000e-09 2.273815e-06 1.125000e-09 2.760557e-06 
1.075000e-09 1.722542e-07 1.075000e-09 1.211435e-06 1.075000e-09 2.172757e-06 1.075000e-09 2.637865e-06 
1.025000e-09 1.642010e-07 1.025000e-09 1.155089e-06 1.025000e-09 2.071699e-06 1.025000e-09 2.515174e-06 
9.800000e-10 1.569845e-07 9.800000e-10 1.104322e-06 9.800000e-10 1.980746e-06 9.800000e-10 2.404646e-06 
9.400000e-10 1.506047e-07 9.400000e-10 1.059273e-06 9.400000e-10 1.899899e-06 9.400000e-10 2.306810e-06 
9.000000e-10 1.442250e-07 9.000000e-10 1.014224e-06 9.000000e-10 1.819052e-06 9.000000e-10 2.208445e-06 
8.600000e-10 1.378452e-07 8.600000e-10 9.691757e-07 8.600000e-10 1.738206e-06 8.600000e-10 2.110081e-06 
8.200000e-10 1.313608e-07 8.200000e-10 9.241269e-07 8.200000e-10 1.657359e-06 8.200000e-10 2.012245e-06 
7.800000e-10 1.249810e-07 7.800000e-10 8.789387e-07 7.800000e-10 1.576512e-06 7.800000e-10 1.913880e-06 
7.400000e-10 1.186012e-07 7.400000e-10 8.338900e-07 7.400000e-10 1.495665e-06 7.400000e-10 1.816045e-06 
7.050000e-10 1.129536e-07 7.050000e-10 7.944200e-07 7.050000e-10 1.424924e-06 7.050000e-10 1.729843e-06 
6.750000e-10 1.081426e-07 6.750000e-10 7.606683e-07 6.750000e-10 1.364289e-06 6.750000e-10 1.656334e-06 
6.450000e-10 1.033420e-07 6.450000e-10 7.269167e-07 6.450000e-10 1.303654e-06 6.450000e-10 1.582825e-06 
6.150000e-10 9.854151e-08 6.150000e-10 6.930255e-07 6.150000e-10 1.243019e-06 6.150000e-10 1.509316e-06 
5.875000e-10 9.413842e-08 5.875000e-10 6.620631e-07 5.875000e-10 1.187560e-06 5.875000e-10 1.441624e-06 
5.625000e-10 9.012230e-08 5.625000e-10 6.338904e-07 5.625000e-10 1.136784e-06 5.625000e-10 1.380278e-06 
5.375000e-10 8.612709e-08 5.375000e-10 6.057173e-07 5.375000e-10 1.086502e-06 5.375000e-10 1.318933e-06 
5.125000e-10 8.212142e-08 5.125000e-10 5.775444e-07 5.125000e-10 1.035726e-06 5.125000e-10 1.257587e-06 
4.875000e-10 7.811575e-08 4.875000e-10 5.493716e-07 4.875000e-10 9.851968e-07 4.875000e-10 1.196241e-06 
4.625000e-10 7.411008e-08 4.625000e-10 5.211986e-07 4.625000e-10 9.349139e-07 4.625000e-10 1.134896e-06 
4.375000e-10 7.010441e-08 4.375000e-10 4.930258e-07 4.375000e-10 8.841383e-07 4.375000e-10 1.073550e-06 
4.125000e-10 6.608828e-08 4.125000e-10 4.648528e-07 4.125000e-10 8.338556e-07 4.125000e-10 1.012204e-06 
3.900000e-10 6.249051e-08 3.900000e-10 4.394693e-07 3.900000e-10 7.882560e-07 3.900000e-10 9.572046e-07 
3.700000e-10 5.927970e-08 3.700000e-10 4.170147e-07 3.700000e-10 7.478326e-07 3.700000e-10 9.080223e-07 
3.500000e-10 5.607935e-08 3.500000e-10 3.944206e-07 3.500000e-10 7.074092e-07 3.500000e-10 8.588399e-07 
3.300000e-10 5.287900e-08 3.300000e-10 3.718265e-07 3.300000e-10 6.669859e-07 3.300000e-10 8.096576e-07 
3.100000e-10 4.966818e-08 3.100000e-10 3.493718e-07 3.100000e-10 6.265626e-07 3.100000e-10 7.604752e-07 
2.900000e-10 4.646784e-08 2.900000e-10 3.267778e-07 2.900000e-10 5.861390e-07 2.900000e-10 7.118217e-07 
2.750000e-10 4.406234e-08 2.750000e-10 3.099019e-07 2.750000e-10 5.558216e-07 2.750000e-10 6.748028e-07 
2.625000e-10 4.206474e-08 2.625000e-10 2.958155e-07 2.625000e-10 5.306802e-07 2.625000e-10 6.441300e-07 
2.475000e-10 3.965925e-08 2.475000e-10 2.789396e-07 2.475000e-10 5.001162e-07 2.475000e-10 6.071110e-07 
2.350000e-10 3.765118e-08 2.350000e-10 2.648532e-07 2.350000e-10 4.749748e-07 2.350000e-10 5.764381e-07 
2.250000e-10 3.605101e-08 2.250000e-10 2.535561e-07 2.250000e-10 4.547631e-07 2.250000e-10 5.521114e-07 
2.150000e-10 3.445084e-08 2.150000e-10 2.422591e-07 2.150000e-10 4.345514e-07 2.150000e-10 5.275731e-07 
2.050000e-10 3.285066e-08 2.050000e-10 2.309620e-07 2.050000e-10 4.143397e-07 2.050000e-10 5.030348e-07 
1.950000e-10 3.124002e-08 1.950000e-10 2.198044e-07 1.950000e-10 3.941280e-07 1.950000e-10 4.784965e-07 
1.850000e-10 2.963985e-08 1.850000e-10 2.085074e-07 1.850000e-10 3.739163e-07 1.850000e-10 4.539583e-07 
1.750000e-10 2.803968e-08 1.750000e-10 1.972103e-07 1.750000e-10 3.537046e-07 1.750000e-10 4.294200e-07 
1.650000e-10 2.643950e-08 1.650000e-10 1.859133e-07 1.650000e-10 3.334929e-07 1.650000e-10 4.048817e-07 
1.550000e-10 2.483932e-08 1.550000e-10 1.746162e-07 1.550000e-10 3.132813e-07 1.550000e-10 3.803434e-07 
1.462500e-10 2.343786e-08 1.462500e-10 1.648533e-07 1.462500e-10 2.955344e-07 1.462500e-10 3.588724e-07 
1.387500e-10 2.223512e-08 1.387500e-10 1.563456e-07 1.387500e-10 2.804989e-07 1.387500e-10 3.404687e-07 
1.312500e-10 2.103237e-08 1.312500e-10 1.479775e-07 1.312500e-10 2.652169e-07 1.312500e-10 3.220650e-07 
1.237500e-10 1.982962e-08 1.237500e-10 1.394559e-07 1.237500e-10 2.501814e-07 1.237500e-10 3.036612e-07 
1.175000e-10 1.882559e-08 1.175000e-10 1.324126e-07 1.175000e-10 2.374874e-07 1.175000e-10 2.883248e-07 
1.125000e-10 1.802028e-08 1.125000e-10 1.267780e-07 1.125000e-10 2.273815e-07 1.125000e-10 2.760557e-07 
1.075000e-10 1.722542e-08 1.075000e-10 1.211435e-07 1.075000e-10 2.172757e-07 1.075000e-10 2.637865e-07 
1.025000e-10 1.642010e-08 1.025000e-10 1.155089e-07 1.025000e-10 2.071699e-07 1.025000e-10 2.515174e-07 
