
   0.1025000E-09      0.1155089E-06
   0.1075000E-09      0.1211435E-06
   0.1125000E-09      0.1267780E-06
   0.1175000E-09      0.1324126E-06
   0.1237500E-09      0.1394559E-06
   0.1312500E-09      0.1479775E-06
   0.1387500E-09      0.1563456E-06
   0.1462500E-09      0.1648533E-06
   0.1550000E-09      0.1746162E-06
   0.1650000E-09      0.1859133E-06
   0.1750000E-09      0.1972103E-06
   0.1850000E-09      0.2085074E-06
   0.1950000E-09      0.2198044E-06
   0.2050000E-09      0.2309620E-06
   0.2150000E-09      0.2422591E-06
   0.2250000E-09      0.2535561E-06
   0.2350000E-09      0.2648532E-06
   0.2475000E-09      0.2789396E-06
   0.2625000E-09      0.2958155E-06
   0.2750000E-09      0.3099019E-06
   0.2900000E-09      0.3267778E-06
   0.3100000E-09      0.3493718E-06
   0.3300000E-09      0.3718265E-06
   0.3500000E-09      0.3944206E-06
   0.3700000E-09      0.4170147E-06
   0.3900000E-09      0.4394693E-06
   0.4125000E-09      0.4648528E-06
   0.4375000E-09      0.4930258E-06
   0.4625000E-09      0.5211986E-06
   0.4875000E-09      0.5493716E-06
   0.5125000E-09      0.5775444E-06
   0.5375000E-09      0.6057173E-06
   0.5625000E-09      0.6338904E-06
   0.5875000E-09      0.6620631E-06
   0.6150000E-09      0.6930255E-06
   0.6450000E-09      0.7269167E-06
   0.6750000E-09      0.7606683E-06
   0.7050000E-09      0.7944200E-06
   0.7400000E-09      0.8338900E-06
   0.7800000E-09      0.8789387E-06
   0.8200000E-09      0.9241269E-06
   0.8600000E-09      0.9691757E-06
   0.9000000E-09      0.1014224E-05
   0.9400000E-09      0.1059273E-05
   0.9800000E-09      0.1104322E-05
   0.1025000E-08      0.1155089E-05
   0.1075000E-08      0.1211435E-05
   0.1125000E-08      0.1267781E-05
   0.1175000E-08      0.1324126E-05
   0.1237500E-08      0.1394559E-05
   0.1312500E-08      0.1478380E-05
   0.1387500E-08      0.1563456E-05
   0.1462500E-08      0.1648533E-05
   0.1550000E-08      0.1746162E-05
   0.1650000E-08      0.1859133E-05
   0.1750000E-08      0.1972103E-05
   0.1850000E-08      0.2085073E-05
   0.1950000E-08      0.2198044E-05
   0.2050000E-08      0.2309620E-05
   0.2150000E-08      0.2422591E-05
   0.2250000E-08      0.2535561E-05
   0.2350000E-08      0.2648532E-05
   0.2475000E-08      0.2789396E-05
   0.2625000E-08      0.2958155E-05
   0.2750000E-08      0.3099019E-05
   0.2900000E-08      0.3267777E-05
   0.3100000E-08      0.3493719E-05
   0.3300000E-08      0.3718265E-05
   0.3500000E-08      0.3944206E-05
   0.3700000E-08      0.4170147E-05
   0.3900000E-08      0.4394693E-05
   0.4125000E-08      0.4648528E-05
   0.4375000E-08      0.4930258E-05
   0.4625000E-08      0.5211987E-05
   0.4875000E-08      0.5493716E-05
   0.5125000E-08      0.5775445E-05
   0.5375000E-08      0.6057173E-05
   0.5625000E-08      0.6338903E-05
   0.5875000E-08      0.6620632E-05
   0.6150000E-08      0.6930255E-05
   0.6450000E-08      0.7269166E-05
   0.6750000E-08      0.7606683E-05
   0.7050000E-08      0.7944200E-05
   0.7400000E-08      0.8338900E-05
   0.7800000E-08      0.8789387E-05
   0.8200000E-08      0.9241269E-05
   0.8600000E-08      0.9691757E-05
   0.9000000E-08      0.1014225E-04
   0.9400000E-08      0.1059273E-04
   0.9800000E-08      0.1104322E-04
   0.1025000E-07      0.1155089E-04
   0.1075000E-07      0.1211435E-04
   0.1125000E-07      0.1267781E-04
   0.1175000E-07      0.1324126E-04
   0.1237500E-07      0.1394559E-04
   0.1312500E-07      0.1479775E-04
   0.1387500E-07      0.1563456E-04
   0.1462500E-07      0.1648533E-04
   0.1550000E-07      0.1746162E-04
   0.1650000E-07      0.1859132E-04
   0.1750000E-07      0.1972103E-04
   0.1850000E-07      0.2085074E-04
   0.1950000E-07      0.2198044E-04
   0.2050000E-07      0.2309620E-04
   0.2150000E-07      0.2422591E-04
   0.2250000E-07      0.2535561E-04
   0.2350000E-07      0.2648532E-04
   0.2475000E-07      0.2789396E-04
   0.2625000E-07      0.2958155E-04
   0.2750000E-07      0.3099019E-04
   0.2900000E-07      0.3267778E-04
   0.3100000E-07      0.3493719E-04
   0.3300000E-07      0.3718265E-04
   0.3500000E-07      0.3944206E-04
   0.3700000E-07      0.4170147E-04
   0.3900000E-07      0.4394694E-04
   0.4125000E-07      0.4648528E-04
   0.4375000E-07      0.4930258E-04
   0.4625000E-07      0.5211987E-04
   0.4875000E-07      0.5493716E-04
   0.5125000E-07      0.5775445E-04
   0.5375000E-07      0.6057174E-04
   0.5625000E-07      0.6338903E-04
   0.5875000E-07      0.6620632E-04
   0.6150000E-07      0.6930254E-04
   0.6450000E-07      0.7269166E-04
   0.6750000E-07      0.7606683E-04
   0.7050000E-07      0.7944200E-04
   0.7400000E-07      0.8338900E-04
   0.7800000E-07      0.8789387E-04
   0.8200000E-07      0.9241268E-04
   0.8600000E-07      0.9691757E-04
   0.9000000E-07      0.1014224E-03
   0.9400000E-07      0.1059273E-03
   0.9800000E-07      0.1104322E-03
   0.1025000E-06      0.1155089E-03
   0.1075000E-06      0.1211435E-03
   0.1125000E-06      0.1267781E-03
   0.1175000E-06      0.1324126E-03
   0.1237500E-06      0.1394559E-03
   0.1312500E-06      0.1479775E-03
   0.1387500E-06      0.1563457E-03
   0.1462500E-06      0.1648533E-03
   0.1550000E-06      0.1746162E-03
   0.1650000E-06      0.1859132E-03
   0.1750000E-06      0.1972103E-03
   0.1850000E-06      0.2085074E-03
   0.1950000E-06      0.2198044E-03
   0.2050000E-06      0.2309620E-03
   0.2150000E-06      0.2422590E-03
   0.2250000E-06      0.2535561E-03
   0.2350000E-06      0.2648532E-03
   0.2475000E-06      0.2789396E-03
   0.2625000E-06      0.2958155E-03
   0.2750000E-06      0.3099019E-03
   0.2900000E-06      0.3267778E-03
   0.3100000E-06      0.3493719E-03
   0.3300000E-06      0.3718265E-03
   0.3500000E-06      0.3944206E-03
   0.3700000E-06      0.4170147E-03
   0.3900000E-06      0.4394694E-03
   0.4125000E-06      0.4648529E-03
   0.4375000E-06      0.4930258E-03
   0.4625000E-06      0.5211987E-03
   0.4875000E-06      0.5493716E-03
   0.5125000E-06      0.5775445E-03
   0.5375000E-06      0.6057174E-03
   0.5625000E-06      0.6338903E-03
   0.5875000E-06      0.6620632E-03
   0.6150000E-06      0.6930254E-03
   0.6450000E-06      0.7269167E-03
   0.6750000E-06      0.7606683E-03
   0.7050000E-06      0.7944199E-03
   0.7400000E-06      0.8338901E-03
   0.7800000E-06      0.8789387E-03
   0.8200000E-06      0.9241269E-03
   0.8600000E-06      0.9691756E-03
   0.9000000E-06      0.1014224E-02
   0.9399999E-06      0.1059273E-02
   0.9800000E-06      0.1104322E-02
   0.1025000E-05      0.1155089E-02
   0.1075000E-05      0.1211435E-02
   0.1125000E-05      0.1267781E-02
   0.1175000E-05      0.1324126E-02
   0.1237500E-05      0.1394559E-02
   0.1312500E-05      0.1479775E-02
   0.1387500E-05      0.1563456E-02
   0.1462500E-05      0.1648533E-02
   0.1550000E-05      0.1746162E-02
   0.1650000E-05      0.1859132E-02
   0.1750000E-05      0.1972103E-02
   0.1850000E-05      0.2085074E-02
   0.1950000E-05      0.2198044E-02
   0.2050000E-05      0.2309620E-02
   0.2150000E-05      0.2422591E-02
   0.2250000E-05      0.2535561E-02
   0.2350000E-05      0.2648532E-02
   0.2475000E-05      0.2789396E-02
   0.2625000E-05      0.2958154E-02
   0.2750000E-05      0.3099019E-02
   0.2900000E-05      0.3267778E-02
   0.3100000E-05      0.3493719E-02
   0.3300000E-05      0.3718265E-02
   0.3500000E-05      0.3944206E-02
   0.3700000E-05      0.4170147E-02
   0.3900000E-05      0.4394693E-02
   0.4125000E-05      0.4648529E-02
   0.4375000E-05      0.4930258E-02
   0.4625000E-05      0.5211986E-02
   0.4875000E-05      0.5493716E-02
   0.5125000E-05      0.5523004E-02
   0.5375000E-05      0.5312405E-02
   0.5625000E-05      0.5118542E-02
   0.5875000E-05      0.4940020E-02
   0.6150000E-05      0.4758710E-02
   0.6450000E-05      0.4577399E-02
   0.6750000E-05      0.4410035E-02
   0.7050000E-05      0.4256619E-02
   0.7400000E-05      0.4090649E-02
   0.7800000E-05      0.3919101E-02
   0.8200001E-05      0.3761500E-02
   0.8600000E-05      0.3617847E-02
   0.8999999E-05      0.3486745E-02
   0.9400001E-05      0.3364012E-02
   0.9800000E-05      0.3252436E-02
   0.1025000E-04      0.3135281E-02
   0.1075000E-04      0.3015337E-02
   0.1125000E-04      0.2905156E-02
   0.1175000E-04      0.2803343E-02
   0.1237500E-04      0.2687583E-02
   0.1312500E-04      0.2562060E-02
   0.1387500E-04      0.2447695E-02
   0.1462500E-04      0.2344487E-02
   0.1550000E-04      0.2225938E-02
   0.1650000E-04      0.2094836E-02
   0.1750000E-04      0.1979077E-02
   0.1850000E-04      0.1875869E-02
   0.1950000E-04      0.1782424E-02
   0.2050000E-04      0.1697347E-02
   0.2150000E-04      0.1620639E-02
   0.2250000E-04      0.1552299E-02
   0.2350000E-04      0.1488143E-02
   0.2475000E-04      0.1415619E-02
   0.2625000E-04      0.1336679E-02
   0.2750000E-04      0.1277683E-02
   0.2900000E-04      0.1213945E-02
   0.3100000E-04      0.1138074E-02
   0.3300000E-04      0.1071267E-02
   0.3500000E-04      0.1011853E-02
   0.3700000E-04      0.9588549E-03
   0.3900000E-04      0.9112957E-03
   0.4125000E-04      0.8631786E-03
   0.4375000E-04      0.8153405E-03
   0.4625000E-04      0.7726627E-03
   0.4875000E-04      0.7343086E-03
   0.5125000E-04      0.6995806E-03
   0.5375000E-04      0.6680604E-03
   0.5625000E-04      0.6393296E-03
   0.5875000E-04      0.6129699E-03
   0.6150000E-04      0.5864705E-03
   0.6450000E-04      0.5602502E-03
   0.6750000E-04      0.5373772E-03
   0.7050000E-04      0.5168751E-03
   0.7400000E-04      0.4949784E-03
   0.7800000E-04      0.4722448E-03
   0.8200000E-04      0.4516032E-03
   0.8600000E-04      0.4327748E-03
   0.9000000E-04      0.4154806E-03
   0.9400000E-04      0.3997204E-03
   0.9800000E-04      0.3850761E-03
   0.1025000E-03      0.3698739E-03
   0.1075000E-03      0.3545323E-03
   0.1125000E-03      0.3403063E-03
   0.1175000E-03      0.3273356E-03
   0.1237500E-03      0.3125519E-03
   0.1312500E-03      0.2965128E-03
   0.1387500E-03      0.2821474E-03
   0.1462500E-03      0.2691767E-03
   0.1550000E-03      0.2550902E-03
   0.1650000E-03      0.2404460E-03
   0.1750000E-03      0.2273358E-03
   0.1850000E-03      0.2157598E-03
   0.1950000E-03      0.2051601E-03
   0.2050000E-03      0.1956761E-03
   0.2150000E-03      0.1870290E-03
   0.2250000E-03      0.1790792E-03
   0.2350000E-03      0.1718268E-03
   0.2475000E-03      0.1635981E-03
   0.2625000E-03      0.1548115E-03
   0.2750000E-03      0.1481169E-03
   0.2900000E-03      0.1408645E-03
   0.3100000E-03      0.1321755E-03
   0.3300000E-03      0.1245605E-03
   0.3500000E-03      0.1177823E-03
   0.3700000E-03      0.1117293E-03
   0.3900000E-03      0.1062899E-03
   0.4125000E-03      0.1007948E-03
   0.4375000E-03      0.9531367E-04
   0.4625000E-03      0.9041827E-04
   0.4875000E-03      0.8599708E-04
   0.5125000E-03      0.8200826E-04
   0.5375000E-03      0.7839598E-04
   0.5625000E-03      0.7507660E-04
   0.5875000E-03      0.7205010E-04
   0.6150000E-03      0.6898177E-04
   0.6450000E-03      0.6591344E-04
   0.6750000E-03      0.6305430E-04
   0.7050000E-03      0.6040438E-04
   0.7400000E-03      0.5758708E-04
   0.7800000E-03      0.5467216E-04
   0.8200000E-03      0.5202223E-04
   0.8600000E-03      0.4963731E-04
   0.9000000E-03      0.4746157E-04
   0.9400000E-03      0.4545321E-04
   0.9800000E-03      0.4362616E-04
   0.1025000E-02      0.4172937E-04
   0.1075000E-02      0.3980468E-04
   0.1125000E-02      0.3806131E-04
   0.1175000E-02      0.3645741E-04
   0.1237500E-02      0.3464430E-04
   0.1312500E-02      0.3269172E-04
   0.1387500E-02      0.3093440E-04
   0.1462500E-02      0.2935839E-04
   0.1550000E-02      0.2788001E-04
   0.1650000E-02      0.2647137E-04
   0.1750000E-02      0.2520219E-04
   0.1850000E-02      0.2407249E-04
   0.1950000E-02      0.2304041E-04
   0.2050000E-02      0.2210597E-04
   0.2150000E-02      0.2125520E-04
   0.2250000E-02      0.2046022E-04
   0.2350000E-02      0.1973498E-04
   0.2475000E-02      0.1891211E-04
   0.2625000E-02      0.1800555E-04
   0.2750000E-02      0.1732215E-04
   0.2900000E-02      0.1658296E-04
   0.3100000E-02      0.1569035E-04
   0.3300000E-02      0.1489537E-04
   0.3500000E-02      0.1415618E-04
   0.3700000E-02      0.1340444E-04
   0.3900000E-02      0.1269733E-04
   0.4125000E-02      0.1198882E-04
   0.4375000E-02      0.1128590E-04
   0.4625000E-02      0.1065968E-04
   0.4875000E-02      0.1010040E-04
   0.5125000E-02      0.9592733E-05
   0.5375000E-02      0.9136667E-05
   0.5625000E-02      0.8719652E-05
   0.5875000E-02      0.8338900E-05
   0.6150000E-02      0.7956753E-05
   0.6450000E-02      0.7577395E-05
   0.6750000E-02      0.7231510E-05
   0.7050000E-02      0.6916308E-05
   0.7400000E-02      0.6585764E-05
   0.7800000E-02      0.6260799E-05
   0.8200000E-02      0.5979070E-05
   0.8600000E-02      0.5723841E-05
   0.9000000E-02      0.5488137E-05
   0.9400001E-02      0.5273354E-05
   0.9800000E-02      0.5075306E-05
   0.1025000E-01      0.4870285E-05
   0.1075000E-01      0.4661080E-05
   0.1125000E-01      0.4470007E-05
   0.1175000E-01      0.4295670E-05
   0.1237500E-01      0.4096228E-05
   0.1312500E-01      0.3880050E-05
   0.1387500E-01      0.3686187E-05
   0.1462500E-01      0.3511850E-05
   0.1550000E-01      0.3331934E-05
   0.1650000E-01      0.3149228E-05
   0.1750000E-01      0.2986048E-05
   0.1850000E-01      0.2841000E-05
   0.1950000E-01      0.2708504E-05
   0.2050000E-01      0.2588559E-05
   0.2150000E-01      0.2479773E-05
   0.2250000E-01      0.2380749E-05
   0.2350000E-01      0.2288699E-05
   0.2475000E-01      0.2185492E-05
   0.2625000E-01      0.2071127E-05
   0.2750000E-01      0.1986050E-05
   0.2900000E-01      0.1894000E-05
   0.3100000E-01      0.1740583E-05
   0.3300000E-01      0.1569035E-05
   0.3500000E-01      0.1422592E-05
   0.3700000E-01      0.1297209E-05
   0.3900000E-01      0.1188701E-05
   0.4125000E-01      0.1083262E-05
   0.4375000E-01      0.9822859E-06
   0.4625000E-01      0.8958145E-06
   0.4875000E-01      0.8207797E-06
   0.5125000E-01      0.7916306E-06
   0.5375000E-01      0.8015329E-06
   0.5625000E-01      0.8111564E-06
   0.5875000E-01      0.8203615E-06
   0.6150000E-01      0.8302637E-06
   0.6450000E-01      0.8405845E-06
   0.6750000E-01      0.8506263E-06
   0.7050000E-01      0.8602498E-06
   0.7400000E-01      0.8712679E-06
   0.7799999E-01      0.8832623E-06
   0.8200000E-01      0.8785203E-06
   0.8600000E-01      0.8581578E-06
   0.9000000E-01      0.8391899E-06
   0.9400000E-01      0.8214772E-06
   0.9800000E-01      0.8047408E-06
   0.1025000          0.7873070E-06
   0.1075000          0.7690365E-06
   0.1125000          0.7520212E-06
   0.1175000          0.7361216E-06
   0.1237500          0.7114355E-06
   0.1312500          0.6680604E-06
   0.1387500          0.6188276E-06
   0.1462500          0.5755919E-06
   0.1550000          0.5315194E-06
   0.1650000          0.4875865E-06
   0.1750000          0.4518822E-06
   0.1850000          0.4244066E-06
   0.1950000          0.4019520E-06
   0.2050000          0.3817289E-06
   0.2150000          0.3633189E-06
   0.2250000          0.3500692E-06
   0.2350000          0.3446299E-06
   0.2475000          0.3423984E-06
   0.2625000          0.3397485E-06
   0.2750000          0.3345881E-06
   0.2900000          0.3177122E-06
   0.3100000          0.2940023E-06
   0.3300000          0.2654110E-06
   0.3500000          0.2317988E-06
   0.3700000          0.2006971E-06
   0.3900000          0.1704321E-06
   0.4125000          0.1398882E-06
   0.4375000          0.1408645E-06
   0.4625000          0.1748951E-06
   0.4875000          0.2184097E-06
   0.5125000          0.2741976E-06
   0.5375000          0.3061362E-06
   0.5625000          0.3073914E-06
   0.5875000          0.3107388E-06
   0.6150000          0.3167360E-06
   0.6450000          0.3200832E-06
   0.6750000          0.3147834E-06
   0.7050000          0.3043231E-06
   0.7400000          0.2864710E-06
   0.7800000          0.2463037E-06
   0.8200000          0.1991629E-06
   0.8600000          0.1531379E-06
   0.9000000          0.1095256E-06
   0.9400000          0.8256612E-07
   0.9800000          0.8071118E-07
    1.050000          0.1067781E-06
    1.150000          0.1270988E-06
    1.250000          0.1252997E-06
    1.350000          0.1217292E-06
    1.450000          0.1166944E-06
    1.550000          0.1179775E-06
    1.650000          0.1252020E-06
    1.750000          0.1133332E-06
    1.850000          0.8807518E-07
    1.950000          0.8676416E-07
    2.050000          0.1066805E-06
    2.150000          0.1254531E-06
    2.250000          0.1370849E-06
    2.350000          0.1444907E-06
    2.450000          0.1456065E-06
    2.550000          0.1348255E-06
    2.650000          0.1200556E-06
    2.750000          0.1073639E-06
    2.850000          0.9281715E-07
    2.950000          0.7755916E-07
    3.050000          0.6520214E-07
    3.150000          0.5511847E-07
    3.250000          0.4698738E-07
    3.350000          0.4052993E-07
    3.450000          0.3523007E-07
    3.550000          0.3073914E-07
    3.650000          0.2693162E-07
    3.750000          0.2447695E-07
    3.850000          0.2384934E-07
    3.950000          0.2403065E-07
    4.050000          0.2421196E-07
    4.150000          0.2440722E-07
    4.250000          0.2408644E-07
    4.350000          0.2283121E-07
    4.450000          0.2124125E-07
    4.550000          0.1979076E-07
    4.650000          0.1847975E-07
    4.750000          0.1737794E-07
    4.850000          0.1658296E-07
    4.950000          0.1592745E-07
    5.050000          0.1531378E-07
    5.150000          0.1474196E-07
    5.250000          0.1419803E-07
    5.350000          0.1367920E-07
    5.450000          0.1319245E-07
    5.550000          0.1239747E-07
    5.650000          0.1135284E-07
    5.750000          0.1041142E-07
    5.850000          0.9563444E-08
    5.950000          0.8796360E-08
    6.050000          0.8101801E-08
    6.150000          0.7472792E-08
    6.250000          0.6900966E-08
    6.350000          0.6382138E-08
    6.450000          0.5907941E-08
    6.550000          0.5426771E-08
    6.650000          0.4944205E-08
    6.750000          0.4511848E-08
    6.850000          0.4122728E-08
    6.950000          0.3771264E-08
    7.050000          0.3454667E-08
    7.150000          0.3168754E-08
    7.250000          0.2909340E-08
    7.350000          0.2675031E-08
    7.450000          0.2461642E-08
    7.550000          0.2251042E-08
    7.650000          0.2047417E-08
    7.750000          0.1863317E-08
    7.850000          0.1697347E-08
    7.950000          0.1548115E-08
    8.050000          0.1414224E-08
    8.150000          0.1293443E-08
    8.250000          0.1184098E-08
    8.350000          0.1085075E-08
    8.450000          0.9952563E-09
    8.550000          0.9224533E-09
    8.650000          0.8635971E-09
    8.750000          0.8092038E-09
    8.850000          0.7588552E-09
    8.950000          0.7119933E-09
    9.050000          0.6686183E-09
    9.150000          0.6283115E-09
    9.250000          0.5907941E-09
    9.350000          0.5559266E-09
    9.450000          0.5234302E-09
    9.550000          0.4917706E-09
    9.650000          0.4609477E-09
    9.750000          0.4324959E-09
    9.850000          0.4058571E-09
    9.950000          0.3813105E-09
    10.05000          0.3582979E-09
    10.15000          0.3369590E-09
    10.25000          0.3170149E-09
    10.35000          0.2984654E-09
    10.45000          0.2811711E-09
    10.55000          0.2651321E-09
    10.65000          0.2500694E-09
    10.75000          0.2359829E-09
    10.85000          0.2227333E-09
    10.95000          0.2104599E-09
    11.05000          0.1988840E-09
    11.15000          0.1881448E-09
    11.25000          0.1779635E-09
    11.35000          0.1684795E-09
    11.45000          0.1595534E-09
    11.55000          0.1315898E-09
    11.65000          0.1045884E-09
    11.75000          0.9358424E-10
    11.85000          0.8382135E-10
    11.95000          0.7514633E-10
    12.05000          0.6743365E-10
    12.15000          0.6055778E-10
    12.25000          0.5443507E-10
    12.35000          0.4898179E-10
    12.45000          0.4410036E-10
    12.55000          0.4188279E-10
    12.65000          0.4196647E-10
    12.75000          0.4205014E-10
    12.85000          0.4213383E-10
    12.95000          0.4221751E-10
    13.05000          0.4230119E-10
    13.15000          0.4238488E-10
    13.25000          0.4246856E-10
    13.35000          0.4255223E-10
    13.45000          0.4262198E-10
    13.55000          0.9027880E-11
    13.65000          0.8502079E-13
    13.75000          0.8285901E-15
    13.85000          0.8351452E-17
    13.95000          0.8701522E-19
    14.05000          0.9368187E-21
    14.15000          0.1041561E-22
    14.25000          0.1195535E-24
    14.35000          0.1415618E-26
    14.45000          0.1729426E-28
    14.55000          0.9270558E-30
    14.65000          0.8608076E-30
    14.75000          0.7991619E-30
    14.85000          0.7419794E-30
    14.95000          0.6889808E-30
    15.05000          0.6396086E-30
    15.15000          0.5938625E-30
    15.25000          0.5513242E-30
    15.35000          0.5118542E-30
    15.45000          0.4751737E-30
    15.55000          0.4410035E-30
    15.65000          0.4094834E-30
    15.75000          0.3800552E-30
    15.85000          0.3528586E-30
    15.95000          0.3274751E-30
    16.05000          0.3040442E-30
    16.15000          0.2821474E-30
    16.25000          0.2619243E-30
    16.35000          0.2430959E-30
    16.45000          0.2256621E-30
    16.55000          0.2094836E-30
    16.65000          0.1944209E-30
    16.75000          0.1803345E-30
    16.85000          0.1673638E-30
    16.95000          0.1553694E-30
    17.05000          0.1442118E-30
    17.15000          0.1338352E-30
    17.25000          0.1241979E-30
    17.35000          0.1152579E-30
    17.45000          0.1069594E-30
    17.55000          0.9926067E-31
    17.65000          0.9210585E-31
    17.75000          0.8546710E-31
    17.85000          0.7931648E-31
    17.95000          0.7359821E-31
    18.05000          0.6828441E-31
    18.15000          0.6336113E-31
    18.25000          0.5880047E-31
    18.35000          0.5456059E-31
    18.45000          0.5061360E-31
    18.55000          0.4695949E-31
    18.65000          0.4357037E-31
    18.75000          0.4043229E-31
    18.85000          0.3751738E-31
    18.95000          0.3479772E-31
    19.05000          0.3228726E-31
    19.15000          0.2995811E-31
    19.25000          0.2779633E-31
    19.35000          0.2578797E-31
    19.45000          0.2391907E-31
    19.55000          0.2218965E-31
    19.65000          0.2058574E-31
    19.75000          0.1909342E-31
    19.85000          0.1771266E-31
    19.95000          0.1642954E-31
