   0.1025000E-09      0.3757787E-03
   0.1075000E-09      0.3757787E-03
   0.1125000E-09      0.3757787E-03
   0.1175000E-09      0.3757787E-03
   0.1237500E-09      0.3757787E-03
   0.1312500E-09      0.3757787E-03
   0.1387500E-09      0.3757787E-03
   0.1462500E-09      0.3757787E-03
   0.1550000E-09      0.3757787E-03
   0.1650000E-09      0.3757787E-03
   0.1750000E-09      0.3757787E-03
   0.1850000E-09      0.3757787E-03
   0.1950000E-09      0.3757787E-03
   0.2050000E-09      0.3757787E-03
   0.2150000E-09      0.3757787E-03
   0.2250000E-09      0.3757787E-03
   0.2350000E-09      0.3757787E-03
   0.2475000E-09      0.3757787E-03
   0.2625000E-09      0.3757787E-03
   0.2750000E-09      0.3757787E-03
   0.2900000E-09      0.3757787E-03
   0.3100000E-09      0.3757787E-03
   0.3300000E-09      0.3757787E-03
   0.3500000E-09      0.3757787E-03
   0.3700000E-09      0.3757787E-03
   0.3900000E-09      0.3757787E-03
   0.4125000E-09      0.3757787E-03
   0.4375000E-09      0.3757787E-03
   0.4625000E-09      0.3757787E-03
   0.4875000E-09      0.3757787E-03
   0.5125000E-09      0.3757787E-03
   0.5375000E-09      0.3757787E-03
   0.5625000E-09      0.3788360E-03
   0.5875000E-09      0.3849506E-03
   0.6150000E-09      0.3914639E-03
   0.6450000E-09      0.3983760E-03
   0.6750000E-09      0.4051551E-03
   0.7050000E-09      0.4116685E-03
   0.7400000E-09      0.4189793E-03
   0.7800000E-09      0.4272206E-03
   0.8200000E-09      0.4350632E-03
   0.8600000E-09      0.4427729E-03
   0.9000000E-09      0.4502167E-03
   0.9400000E-09      0.4575275E-03
   0.9800000E-09      0.4645726E-03
   0.1025000E-08      0.4722822E-03
   0.1075000E-08      0.4806565E-03
   0.1125000E-08      0.4887648E-03
   0.1175000E-08      0.4966074E-03
   0.1237500E-08      0.5060451E-03
   0.1312500E-08      0.5172108E-03
   0.1387500E-08      0.5278448E-03
   0.1462500E-08      0.5380801E-03
   0.1550000E-08      0.5497774E-03
   0.1650000E-08      0.5625383E-03
   0.1750000E-08      0.5747674E-03
   0.1850000E-08      0.5865976E-03
   0.1950000E-08      0.5980292E-03
   0.2050000E-08      0.6091949E-03
   0.2150000E-08      0.6199618E-03
   0.2250000E-08      0.6303299E-03
   0.2350000E-08      0.6404322E-03
   0.2475000E-08      0.6527943E-03
   0.2625000E-08      0.6670171E-03
   0.2750000E-08      0.6785817E-03
   0.2900000E-08      0.6918741E-03
   0.3100000E-08      0.7090215E-03
   0.3300000E-08      0.7255041E-03
   0.3500000E-08      0.7413223E-03
   0.3700000E-08      0.7566085E-03
   0.3900000E-08      0.7713633E-03
   0.4125000E-08      0.7874471E-03
   0.4375000E-08      0.8045945E-03
   0.4625000E-08      0.8212101E-03
   0.4875000E-08      0.8372940E-03
   0.5125000E-08      0.8527132E-03
   0.5375000E-08      0.8678667E-03
   0.5625000E-08      0.8856787E-03
   0.5875000E-08      0.9062821E-03
   0.6150000E-08      0.9284804E-03
   0.6450000E-08      0.9522741E-03
   0.6750000E-08      0.9754031E-03
   0.7050000E-08      0.9981331E-03
   0.7400000E-08      0.1024053E-02
   0.7800000E-08      0.1053031E-02
   0.8200000E-08      0.1081344E-02
   0.8600000E-08      0.1108860E-02
   0.9000000E-08      0.1135976E-02
   0.9400000E-08      0.1162428E-02
   0.9800000E-08      0.1188349E-02
   0.1025000E-07      0.1216928E-02
   0.1075000E-07      0.1248032E-02
   0.1125000E-07      0.1278472E-02
   0.1175000E-07      0.1308247E-02
   0.1237500E-07      0.1345200E-02
   0.1312500E-07      0.1387736E-02
   0.1387500E-07      0.1428943E-02
   0.1462500E-07      0.1468820E-02
   0.1550000E-07      0.1515344E-02
   0.1650000E-07      0.1565855E-02
   0.1750000E-07      0.1615038E-02
   0.1850000E-07      0.1662891E-02
   0.1950000E-07      0.1710744E-02
   0.2050000E-07      0.1755938E-02
   0.2150000E-07      0.1801133E-02
   0.2250000E-07      0.1844998E-02
   0.2350000E-07      0.1887534E-02
   0.2475000E-07      0.1939374E-02
   0.2625000E-07      0.2001849E-02
   0.2750000E-07      0.2051031E-02
   0.2900000E-07      0.2109518E-02
   0.3100000E-07      0.2185285E-02
   0.3300000E-07      0.2258394E-02
   0.3500000E-07      0.2330174E-02
   0.3700000E-07      0.2408599E-02
   0.3900000E-07      0.2517598E-02
   0.4125000E-07      0.2637230E-02
   0.4375000E-07      0.2770155E-02
   0.4625000E-07      0.2900422E-02
   0.4875000E-07      0.3030688E-02
   0.5125000E-07      0.3159625E-02
   0.5375000E-07      0.3287233E-02
   0.5625000E-07      0.3413512E-02
   0.5875000E-07      0.3539790E-02
   0.6150000E-07      0.3676703E-02
   0.6450000E-07      0.3825579E-02
   0.6750000E-07      0.3973125E-02
   0.7050000E-07      0.4119343E-02
   0.7400000E-07      0.4288158E-02
   0.7800000E-07      0.4480899E-02
   0.8200000E-07      0.4670981E-02
   0.8600000E-07      0.5330289E-02
   0.9000000E-07      0.6126509E-02
   0.9400000E-07      0.6997168E-02
   0.9800000E-07      0.7947581E-02
   0.1025000E-06      0.9117319E-02
   0.1075000E-06      0.1054759E-01
   0.1125000E-06      0.1212009E-01
   0.1175000E-06      0.1383748E-01
   0.1237500E-06      0.1621684E-01
   0.1312500E-06      0.1942033E-01
   0.1387500E-06      0.2300930E-01
   0.1462500E-06      0.2703693E-01
   0.1550000E-06      0.3228746E-01
   0.1650000E-06      0.3909322E-01
   0.1750000E-06      0.4680286E-01
   0.1850000E-06      0.5546956E-01
   0.1950000E-06      0.5717100E-01
   0.2050000E-06      0.5884586E-01
   0.2150000E-06      0.6048083E-01
   0.2250000E-06      0.6207593E-01
   0.2350000E-06      0.6365773E-01
   0.2475000E-06      0.6558515E-01
   0.2625000E-06      0.6783158E-01
   0.2750000E-06      0.6967924E-01
   0.2900000E-06      0.7183262E-01
   0.3100000E-06      0.7465062E-01
   0.3300000E-06      0.7737559E-01
   0.3500000E-06      0.8004738E-01
   0.3700000E-06      0.8263942E-01
   0.3900000E-06      0.8519156E-01
   0.4125000E-06      0.8503206E-01
   0.4375000E-06      0.8107091E-01
   0.4625000E-06      0.7749522E-01
   0.4875000E-06      0.7426514E-01
   0.5125000E-06      0.7131421E-01
   0.5375000E-06      0.6860255E-01
   0.5625000E-06      0.6613015E-01
   0.5875000E-06      0.6383054E-01
   0.6150000E-06      0.6150436E-01
   0.6450000E-06      0.5917817E-01
   0.6750000E-06      0.5703808E-01
   0.7050000E-06      0.5505750E-01
   0.7400000E-06      0.5293070E-01
   0.7800000E-06      0.5072415E-01
   0.8200000E-06      0.4870369E-01
   0.8600000E-06      0.4685603E-01
   0.9000000E-06      0.4516789E-01
   0.9399999E-06      0.4366584E-01
   0.9800000E-06      0.4229671E-01
   0.1025000E-05      0.4087441E-01
   0.1075000E-05      0.3942553E-01
   0.1125000E-05      0.3808299E-01
   0.1175000E-05      0.3684679E-01
   0.1237500E-05      0.3542449E-01
   0.1312500E-05      0.3386927E-01
   0.1387500E-05      0.3246026E-01
   0.1462500E-05      0.3118418E-01
   0.1550000E-05      0.2984164E-01
   0.1650000E-05      0.2845922E-01
   0.1750000E-05      0.2720973E-01
   0.1850000E-05      0.2607987E-01
   0.1950000E-05      0.2505634E-01
   0.2050000E-05      0.2404612E-01
   0.2150000E-05      0.2269028E-01
   0.2250000E-05      0.2145408E-01
   0.2350000E-05      0.2033751E-01
   0.2475000E-05      0.1908801E-01
   0.2625000E-05      0.1775877E-01
   0.2750000E-05      0.1677513E-01
   0.2900000E-05      0.1571172E-01
   0.3100000E-05      0.1447552E-01
   0.3300000E-05      0.1341212E-01
   0.3500000E-05      0.1247633E-01
   0.3700000E-05      0.1165485E-01
   0.3900000E-05      0.1092510E-01
   0.4125000E-05      0.1019933E-01
   0.4375000E-05      0.9488179E-02
   0.4625000E-05      0.8897994E-02
   0.4875000E-05      0.8447378E-02
   0.5125000E-05      0.8039298E-02
   0.5375000E-05      0.7669767E-02
   0.5625000E-05      0.7332138E-02
   0.5875000E-05      0.7023752E-02
   0.6150000E-05      0.6714037E-02
   0.6450000E-05      0.6405652E-02
   0.6750000E-05      0.6123851E-02
   0.7050000E-05      0.5865976E-02
   0.7400000E-05      0.5592151E-02
   0.7800000E-05      0.5307692E-02
   0.8200001E-05      0.5052476E-02
   0.8600000E-05      0.4819857E-02
   0.8999999E-05      0.4608507E-02
   0.9400001E-05      0.4414436E-02
   0.9800000E-05      0.4236317E-02
   0.1025000E-04      0.4059527E-02
   0.1075000E-04      0.3882737E-02
   0.1125000E-04      0.3720568E-02
   0.1175000E-04      0.3571692E-02
   0.1237500E-04      0.3402878E-02
   0.1312500E-04      0.3220771E-02
   0.1387500E-04      0.3057273E-02
   0.1462500E-04      0.2911055E-02
   0.1550000E-04      0.2756862E-02
   0.1650000E-04      0.2600011E-02
   0.1750000E-04      0.2460440E-02
   0.1850000E-04      0.2335491E-02
   0.1950000E-04      0.2223834E-02
   0.2050000E-04      0.2121481E-02
   0.2150000E-04      0.2028434E-02
   0.2250000E-04      0.1928741E-02
   0.2350000E-04      0.1831705E-02
   0.2475000E-04      0.1722707E-02
   0.2625000E-04      0.1607062E-02
   0.2750000E-04      0.1521990E-02
   0.2900000E-04      0.1428943E-02
   0.3100000E-04      0.1320609E-02
   0.3300000E-04      0.1226631E-02
   0.3500000E-04      0.1144218E-02
   0.3700000E-04      0.1071508E-02
   0.3900000E-04      0.1006906E-02
   0.4125000E-04      0.9424376E-03
   0.4375000E-04      0.8791654E-03
   0.4625000E-04      0.8232039E-03
   0.4875000E-04      0.7736230E-03
   0.5125000E-04      0.7135409E-03
   0.5375000E-04      0.6546551E-03
   0.5625000E-04      0.6030803E-03
   0.5875000E-04      0.5574871E-03
   0.6150000E-04      0.5132231E-03
   0.6450000E-04      0.4708200E-03
   0.6750000E-04      0.4337339E-03
   0.7050000E-04      0.4009015E-03
   0.7400000E-04      0.3672715E-03
   0.7800000E-04      0.3339073E-03
   0.8200000E-04      0.3050627E-03
   0.8600000E-04      0.2844593E-03
   0.9000000E-04      0.2732936E-03
   0.9400000E-04      0.2629255E-03
   0.9800000E-04      0.2533549E-03
   0.1025000E-03      0.2435184E-03
   0.1075000E-03      0.2334162E-03
   0.1125000E-03      0.2241114E-03
   0.1175000E-03      0.2156042E-03
   0.1237500E-03      0.2059007E-03
   0.1312500E-03      0.1955325E-03
   0.1387500E-03      0.1860949E-03
   0.1462500E-03      0.1775877E-03
   0.1550000E-03      0.1686817E-03
   0.1650000E-03      0.1595099E-03
   0.1750000E-03      0.1514015E-03
   0.1850000E-03      0.1440906E-03
   0.1950000E-03      0.1341212E-03
   0.2050000E-03      0.1223308E-03
   0.2150000E-03      0.1120291E-03
   0.2250000E-03      0.1030035E-03
   0.2350000E-03      0.9505460E-04
   0.2475000E-03      0.8637461E-04
   0.2625000E-03      0.7748193E-04
   0.2750000E-03      0.7110153E-04
   0.2900000E-03      0.6445529E-04
   0.3100000E-03      0.5698492E-04
   0.3300000E-03      0.5077732E-04
   0.3500000E-03      0.4554007E-04
   0.3700000E-03      0.4110038E-04
   0.3900000E-03      0.3729873E-04
   0.4125000E-03      0.3361671E-04
   0.4375000E-03      0.3026700E-04
   0.4625000E-03      0.2752875E-04
   0.4875000E-03      0.2516269E-04
   0.5125000E-03      0.2311564E-04
   0.5375000E-03      0.2130787E-04
   0.5625000E-03      0.1972606E-04
   0.5875000E-03      0.1831705E-04
   0.6150000E-03      0.1693463E-04
   0.6450000E-03      0.1561868E-04
   0.6750000E-03      0.1444894E-04
   0.7050000E-03      0.1342542E-04
   0.7400000E-03      0.1235936E-04
   0.7800000E-03      0.1129862E-04
   0.8200000E-03      0.1037612E-04
   0.8600000E-03      0.9566606E-05
   0.9000000E-03      0.8854129E-05
   0.9400000E-03      0.8310465E-05
   0.9800000E-03      0.7959544E-05
   0.1025000E-02      0.7599318E-05
   0.1075000E-02      0.7233773E-05
   0.1125000E-02      0.6901462E-05
   0.1175000E-02      0.6598393E-05
   0.1237500E-02      0.6254117E-05
   0.1312500E-02      0.5884586E-05
   0.1387500E-02      0.5556261E-05
   0.1462500E-02      0.5262497E-05
   0.1550000E-02      0.4955441E-05
   0.1650000E-02      0.4668323E-05
   0.1750000E-02      0.4565970E-05
   0.1850000E-02      0.4471594E-05
   0.1950000E-02      0.4383864E-05
   0.2050000E-02      0.4302779E-05
   0.2150000E-02      0.4227012E-05
   0.2250000E-02      0.4155233E-05
   0.2350000E-02      0.4087442E-05
   0.2475000E-02      0.4009015E-05
   0.2625000E-02      0.3921285E-05
   0.2750000E-02      0.3857481E-05
   0.2900000E-02      0.3793677E-05
   0.3100000E-02      0.3713922E-05
   0.3300000E-02      0.3640814E-05
   0.3500000E-02      0.3574351E-05
   0.3700000E-02      0.3511876E-05
   0.3900000E-02      0.3453389E-05
   0.4125000E-02      0.3393573E-05
   0.4375000E-02      0.3329769E-05
   0.4625000E-02      0.3271282E-05
   0.4875000E-02      0.3216783E-05
   0.5125000E-02      0.3164942E-05
   0.5375000E-02      0.3115760E-05
   0.5625000E-02      0.3070566E-05
   0.5875000E-02      0.3028029E-05
   0.6150000E-02      0.2984164E-05
   0.6450000E-02      0.2937641E-05
   0.6750000E-02      0.2895105E-05
   0.7050000E-02      0.2855227E-05
   0.7400000E-02      0.2810033E-05
   0.7800000E-02      0.2755533E-05
   0.8200000E-02      0.2705022E-05
   0.8600000E-02      0.2657169E-05
   0.9000000E-02      0.2613304E-05
   0.9400001E-02      0.2570768E-05
   0.9800000E-02      0.2532219E-05
   0.1025000E-01      0.2489683E-05
   0.1075000E-01      0.2449806E-05
   0.1125000E-01      0.2420562E-05
   0.1175000E-01      0.2393978E-05
   0.1237500E-01      0.2362075E-05
   0.1312500E-01      0.2326186E-05
   0.1387500E-01      0.2291625E-05
   0.1462500E-01      0.2261053E-05
   0.1550000E-01      0.2226492E-05
   0.1650000E-01      0.2190603E-05
   0.1750000E-01      0.2157371E-05
   0.1850000E-01      0.2126798E-05
   0.1950000E-01      0.2092238E-05
   0.2050000E-01      0.2059007E-05
   0.2150000E-01      0.2028434E-05
   0.2250000E-01      0.1999191E-05
   0.2350000E-01      0.1971276E-05
   0.2475000E-01      0.1939374E-05
   0.2625000E-01      0.1902155E-05
   0.2750000E-01      0.1874241E-05
   0.2900000E-01      0.1842339E-05
   0.3100000E-01      0.1803791E-05
   0.3300000E-01      0.1767901E-05
   0.3500000E-01      0.1734670E-05
   0.3700000E-01      0.1704097E-05
   0.3900000E-01      0.1676183E-05
   0.4125000E-01      0.1637635E-05
   0.4375000E-01      0.1597757E-05
   0.4625000E-01      0.1561868E-05
   0.4875000E-01      0.1528637E-05
   0.5125000E-01      0.1496735E-05
   0.5375000E-01      0.1467491E-05
   0.5625000E-01      0.1440906E-05
   0.5875000E-01      0.1414321E-05
   0.6150000E-01      0.1387736E-05
   0.6450000E-01      0.1359822E-05
   0.6750000E-01      0.1329249E-05
   0.7050000E-01      0.1301069E-05
   0.7400000E-01      0.1270230E-05
   0.7799999E-01      0.1237398E-05
   0.8200000E-01      0.1207091E-05
   0.8600000E-01      0.1178911E-05
   0.9000000E-01      0.1151927E-05
   0.9400000E-01      0.1126140E-05
   0.9800000E-01      0.1102080E-05
   0.1025000          0.1076825E-05
   0.1075000          0.1050506E-05
   0.1125000          0.1026047E-05
   0.1175000          0.9954746E-06
   0.1237500          0.9602495E-06
   0.1312500          0.9218343E-06
   0.1387500          0.8859445E-06
   0.1462500          0.8489914E-06
   0.1550000          0.8100444E-06
   0.1650000          0.7695023E-06
   0.1750000          0.7313529E-06
   0.1850000          0.6970582E-06
   0.1950000          0.6651563E-06
   0.2050000          0.6359128E-06
   0.2150000          0.6091949E-06
   0.2250000          0.5848696E-06
   0.2350000          0.5647979E-06
   0.2475000          0.5416690E-06
   0.2625000          0.5166791E-06
   0.2750000          0.4976709E-06
   0.2900000          0.4786626E-06
   0.3100000          0.4559325E-06
   0.3300000          0.4354620E-06
   0.3500000          0.4171184E-06
   0.3700000          0.3957174E-06
   0.3900000          0.3764434E-06
   0.4125000          0.3570363E-06
   0.4375000          0.3376292E-06
   0.4625000          0.3200832E-06
   0.4875000          0.3041322E-06
   0.5125000          0.2896434E-06
   0.5375000          0.2766167E-06
   0.5625000          0.2639889E-06
   0.5875000          0.2518927E-06
   0.6150000          0.2397965E-06
   0.6450000          0.2277004E-06
   0.6750000          0.2158701E-06
   0.7050000          0.2048373E-06
   0.7400000          0.1932728E-06
   0.7800000          0.1817083E-06
   0.8200000          0.1714731E-06
   0.8600000          0.1621684E-06
   0.9000000          0.1537941E-06
   0.9400000          0.1487430E-06
   0.9800000          0.1440906E-06
    1.050000          0.1366468E-06
    1.150000          0.1275281E-06
    1.250000          0.1196590E-06
    1.350000          0.1125741E-06
    1.450000          0.1063798E-06
    1.550000          0.1009033E-06
    1.650000          0.9602494E-07
    1.750000          0.9165173E-07
    1.850000          0.8533780E-07
    1.950000          0.7976823E-07
    2.050000          0.7481013E-07
    2.150000          0.7037044E-07
    2.250000          0.6638270E-07
    2.350000          0.6175691E-07
    2.450000          0.5762295E-07
    2.550000          0.5391435E-07
    2.650000          0.5057793E-07
    2.750000          0.4756053E-07
    2.850000          0.4441021E-07
    2.950000          0.4157891E-07
    3.050000          0.3900017E-07
    3.150000          0.3666069E-07
    3.250000          0.3453389E-07
    3.350000          0.3248685E-07
    3.450000          0.3061261E-07
    3.550000          0.2889787E-07
    3.650000          0.2732936E-07
    3.750000          0.2588048E-07
    3.850000          0.2457782E-07
    3.950000          0.2338149E-07
    4.050000          0.2226492E-07
    4.150000          0.2122811E-07
    4.250000          0.2025776E-07
    4.350000          0.1935387E-07
    4.450000          0.1851644E-07
    4.550000          0.1773218E-07
    4.650000          0.1698780E-07
    4.750000          0.1629659E-07
    4.850000          0.1563197E-07
    4.950000          0.1500722E-07
    5.050000          0.1442235E-07
    5.150000          0.1386407E-07
    5.250000          0.1334566E-07
    5.350000          0.1269965E-07
    5.450000          0.1209484E-07
    5.550000          0.1152991E-07
    5.650000          0.1100087E-07
    5.750000          0.1050506E-07
    5.850000          0.9835114E-08
    5.950000          0.9219671E-08
    6.050000          0.8650754E-08
    6.150000          0.8125699E-08
    6.250000          0.7640524E-08
    6.350000          0.7099520E-08
    6.450000          0.6605039E-08
    6.550000          0.6151765E-08
    6.650000          0.5735710E-08
    6.750000          0.5352886E-08
    6.850000          0.4950124E-08
    6.950000          0.4583252E-08
    7.050000          0.4248280E-08
    7.150000          0.3941223E-08
    7.250000          0.3660752E-08
    7.350000          0.3389585E-08
    7.450000          0.3142345E-08
    7.550000          0.2915043E-08
    7.650000          0.2707681E-08
    7.750000          0.2517598E-08
    7.850000          0.2338149E-08
    7.950000          0.2171993E-08
    8.050000          0.2020458E-08
    8.150000          0.1880887E-08
    8.250000          0.1753280E-08
    8.350000          0.1623013E-08
    8.450000          0.1503381E-08
    8.550000          0.1394382E-08
    8.650000          0.1293891E-08
    8.750000          0.1201907E-08
    8.850000          0.1109524E-08
    8.950000          0.1025250E-08
    9.050000          0.9481534E-09
    9.150000          0.8775702E-09
    9.250000          0.8129687E-09
    9.350000          0.7492977E-09
    9.450000          0.6912096E-09
    9.550000          0.6381725E-09
    9.650000          0.5896549E-09
    9.750000          0.5452580E-09
    9.850000          0.5012599E-09
    9.950000          0.4612495E-09
    10.05000          0.4246951E-09
    10.15000          0.3914638E-09
    10.25000          0.3610240E-09
    10.35000          0.3305843E-09
    10.45000          0.3029359E-09
    10.55000          0.2779460E-09
    10.65000          0.2550829E-09
    10.75000          0.2343466E-09
    10.85000          0.2146738E-09
    10.95000          0.1967289E-09
    11.05000          0.1805120E-09
    11.15000          0.1656244E-09
    11.25000          0.1521990E-09
    11.35000          0.1393053E-09
    11.45000          0.1277010E-09
    11.55000          0.1171068E-09
    11.65000          0.1074831E-09
    11.75000          0.9871003E-10
    11.85000          0.9046869E-10
    11.95000          0.8298502E-10
    12.05000          0.7616598E-10
    12.15000          0.6995838E-10
    12.25000          0.6430907E-10
    12.35000          0.5897878E-10
    12.45000          0.5412702E-10
    12.55000          0.4970063E-10
    12.65000          0.4567300E-10
    12.75000          0.4200427E-10
    12.85000          0.3857481E-10
    12.95000          0.3545107E-10
    13.05000          0.3260648E-10
    13.15000          0.3000115E-10
    13.25000          0.2762180E-10
    13.35000          0.2538865E-10
    13.45000          0.2334161E-10
    13.55000          0.2148067E-10
    13.65000          0.1977923E-10
    13.75000          0.1822400E-10
    13.85000          0.1685488E-10
    13.95000          0.1560538E-10
    14.05000          0.1446223E-10
    14.15000          0.1339883E-10
    14.25000          0.1242183E-10
    14.35000          0.1158175E-10
    14.45000          0.1080414E-10
    14.55000          0.1008235E-10
    14.65000          0.9413742E-11
    14.75000          0.8794312E-11
    14.85000          0.8238686E-11
    14.95000          0.7722937E-11
    15.05000          0.7241749E-11
    15.15000          0.6792463E-11
    15.25000          0.6375079E-11
    15.35000          0.6002889E-11
    15.45000          0.5655955E-11
    15.55000          0.5328960E-11
    15.65000          0.5024561E-11
    15.75000          0.4738773E-11
    15.85000          0.4494191E-11
    15.95000          0.4264231E-11
    16.05000          0.4047563E-11
    16.15000          0.3842859E-11
    16.25000          0.3650118E-11
    16.35000          0.3490608E-11
    16.45000          0.3339074E-11
    16.55000          0.3194186E-11
    16.65000          0.3057273E-11
    16.75000          0.2927007E-11
    16.85000          0.2807374E-11
    16.95000          0.2693059E-11
    17.05000          0.2584060E-11
    17.15000          0.2480379E-11
    17.25000          0.2380685E-11
    17.35000          0.2288967E-11
    17.45000          0.2202566E-11
    17.55000          0.2118823E-11
    17.65000          0.2039068E-11
    17.75000          0.1961972E-11
    17.85000          0.1880887E-11
    17.95000          0.1805120E-11
    18.05000          0.1000000E-29
    18.15000          0.1000000E-29
    18.25000          0.1000000E-29
    18.35000          0.1000000E-29
    18.45000          0.1000000E-29
    18.55000          0.1000000E-29
    18.65000          0.1000000E-29
    18.75000          0.1000000E-29
    18.85000          0.1000000E-29
    18.95000          0.1000000E-29
    19.05000          0.1000000E-29
    19.15000          0.1000000E-29
    19.25000          0.1000000E-29
    19.35000          0.1000000E-29
    19.45000          0.1000000E-29
    19.55000          0.1000000E-29
    19.65000          0.1000000E-29
    19.75000          0.1000000E-29
    19.85000          0.1000000E-29
    19.95000          0.1000000E-29
