   0.1025000E-09      0.7811202E-11
   0.1075000E-09      0.7999209E-11
   0.1125000E-09      0.8183213E-11
   0.1175000E-09      0.8363217E-11
   0.1237500E-09      0.8583224E-11
   0.1312500E-09      0.8839230E-11
   0.1387500E-09      0.9088237E-11
   0.1462500E-09      0.9330241E-11
   0.1550000E-09      0.9605250E-11
   0.1650000E-09      0.9910258E-11
   0.1750000E-09      0.1021026E-10
   0.1850000E-09      0.1049027E-10
   0.1950000E-09      0.1077028E-10
   0.2050000E-09      0.1105029E-10
   0.2150000E-09      0.1131029E-10
   0.2250000E-09      0.1157030E-10
   0.2350000E-09      0.1183031E-10
   0.2475000E-09      0.1214032E-10
   0.2625000E-09      0.1250032E-10
   0.2750000E-09      0.1280033E-10
   0.2900000E-09      0.1314034E-10
   0.3100000E-09      0.1358035E-10
   0.3300000E-09      0.1402036E-10
   0.3500000E-09      0.1444038E-10
   0.3700000E-09      0.1484039E-10
   0.3900000E-09      0.1524040E-10
   0.4125000E-09      0.1567041E-10
   0.4375000E-09      0.1614042E-10
   0.4625000E-09      0.1660043E-10
   0.4875000E-09      0.1704044E-10
   0.5125000E-09      0.1747045E-10
   0.5375000E-09      0.1789047E-10
   0.5625000E-09      0.1830048E-10
   0.5875000E-09      0.1870049E-10
   0.6150000E-09      0.1914050E-10
   0.6450000E-09      0.1960051E-10
   0.6750000E-09      0.2005052E-10
   0.7050000E-09      0.2049053E-10
   0.7400000E-09      0.2099055E-10
   0.7800000E-09      0.2155056E-10
   0.8200000E-09      0.2209057E-10
   0.8600000E-09      0.2263059E-10
   0.9000000E-09      0.2315060E-10
   0.9400000E-09      0.2366062E-10
   0.9800000E-09      0.2416062E-10
   0.1025000E-08      0.2470064E-10
   0.1075000E-08      0.2530066E-10
   0.1125000E-08      0.2588067E-10
   0.1175000E-08      0.2645069E-10
   0.1237500E-08      0.2714071E-10
   0.1312500E-08      0.2795073E-10
   0.1387500E-08      0.2874075E-10
   0.1462500E-08      0.2950077E-10
   0.1550000E-08      0.3037079E-10
   0.1650000E-08      0.3134082E-10
   0.1750000E-08      0.3227084E-10
   0.1850000E-08      0.3318086E-10
   0.1950000E-08      0.3407088E-10
   0.2050000E-08      0.3493091E-10
   0.2150000E-08      0.3578093E-10
   0.2250000E-08      0.3660095E-10
   0.2350000E-08      0.3740097E-10
   0.2475000E-08      0.3838100E-10
   0.2625000E-08      0.3953103E-10
   0.2750000E-08      0.4046105E-10
   0.2900000E-08      0.4155108E-10
   0.3100000E-08      0.4295112E-10
   0.3300000E-08      0.4432116E-10
   0.3500000E-08      0.4564118E-10
   0.3700000E-08      0.4693122E-10
   0.3900000E-08      0.4818125E-10
   0.4125000E-08      0.4955129E-10
   0.4375000E-08      0.5103132E-10
   0.4625000E-08      0.5247136E-10
   0.4875000E-08      0.5387140E-10
   0.5125000E-08      0.5523144E-10
   0.5375000E-08      0.5656147E-10
   0.5625000E-08      0.5786151E-10
   0.5875000E-08      0.5913154E-10
   0.6150000E-08      0.6050158E-10
   0.6450000E-08      0.6196161E-10
   0.6750000E-08      0.6339165E-10
   0.7050000E-08      0.6478169E-10
   0.7400000E-08      0.6637172E-10
   0.7800000E-08      0.6814176E-10
   0.8200000E-08      0.6986182E-10
   0.8600000E-08      0.7155185E-10
   0.9000000E-08      0.7319190E-10
   0.9400000E-08      0.7480194E-10
   0.9800000E-08      0.7637198E-10
   0.1025000E-07      0.7811204E-10
   0.1075000E-07      0.7999208E-10
   0.1125000E-07      0.8183212E-10
   0.1175000E-07      0.8363217E-10
   0.1237500E-07      0.8583223E-10
   0.1312500E-07      0.8839231E-10
   0.1387500E-07      0.9088236E-10
   0.1462500E-07      0.9330243E-10
   0.1550000E-07      0.9605250E-10
   0.1650000E-07      0.9910257E-10
   0.1750000E-07      0.1021027E-09
   0.1850000E-07      0.1049027E-09
   0.1950000E-07      0.1077028E-09
   0.2050000E-07      0.1105029E-09
   0.2150000E-07      0.1131029E-09
   0.2250000E-07      0.1157030E-09
   0.2350000E-07      0.1183031E-09
   0.2475000E-07      0.1214032E-09
   0.2625000E-07      0.1250033E-09
   0.2750000E-07      0.1280033E-09
   0.2900000E-07      0.1314034E-09
   0.3100000E-07      0.1358035E-09
   0.3300000E-07      0.1402036E-09
   0.3500000E-07      0.1444038E-09
   0.3700000E-07      0.1484038E-09
   0.3900000E-07      0.1524040E-09
   0.4125000E-07      0.1567041E-09
   0.4375000E-07      0.1614042E-09
   0.4625000E-07      0.1660043E-09
   0.4875000E-07      0.1704044E-09
   0.5125000E-07      0.1747045E-09
   0.5375000E-07      0.1789047E-09
   0.5625000E-07      0.1830047E-09
   0.5875000E-07      0.1870048E-09
   0.6150000E-07      0.1914050E-09
   0.6450000E-07      0.1960051E-09
   0.6750000E-07      0.2005052E-09
   0.7050000E-07      0.2049053E-09
   0.7400000E-07      0.2099055E-09
   0.7800000E-07      0.2155056E-09
   0.8200000E-07      0.2209057E-09
   0.8600000E-07      0.2263059E-09
   0.9000000E-07      0.2315060E-09
   0.9400000E-07      0.2366062E-09
   0.9800000E-07      0.2416063E-09
   0.1025000E-06      0.2470064E-09
   0.1075000E-06      0.2530066E-09
   0.1125000E-06      0.2588067E-09
   0.1175000E-06      0.2645069E-09
   0.1237500E-06      0.2714070E-09
   0.1312500E-06      0.2795073E-09
   0.1387500E-06      0.2874075E-09
   0.1462500E-06      0.2950077E-09
   0.1550000E-06      0.3037079E-09
   0.1650000E-06      0.3134082E-09
   0.1750000E-06      0.3227084E-09
   0.1850000E-06      0.3318086E-09
   0.1950000E-06      0.3407089E-09
   0.2050000E-06      0.3493091E-09
   0.2150000E-06      0.3578093E-09
   0.2250000E-06      0.3660095E-09
   0.2350000E-06      0.3740097E-09
   0.2475000E-06      0.3838100E-09
   0.2625000E-06      0.3953103E-09
   0.2750000E-06      0.4046105E-09
   0.2900000E-06      0.4155108E-09
   0.3100000E-06      0.4295111E-09
   0.3300000E-06      0.4432115E-09
   0.3500000E-06      0.4564119E-09
   0.3700000E-06      0.4693121E-09
   0.3900000E-06      0.4818125E-09
   0.4125000E-06      0.4955129E-09
   0.4375000E-06      0.5103133E-09
   0.4625000E-06      0.5247136E-09
   0.4875000E-06      0.5387141E-09
   0.5125000E-06      0.5523144E-09
   0.5375000E-06      0.5656147E-09
   0.5625000E-06      0.5786150E-09
   0.5875000E-06      0.5913154E-09
   0.6150000E-06      0.6050157E-09
   0.6450000E-06      0.6196161E-09
   0.6750000E-06      0.6339165E-09
   0.7050000E-06      0.6478168E-09
   0.7400000E-06      0.6637172E-09
   0.7800000E-06      0.6814178E-09
   0.8200000E-06      0.6986182E-09
   0.8600000E-06      0.7155185E-09
   0.9000000E-06      0.7319191E-09
   0.9399999E-06      0.7480194E-09
   0.9800000E-06      0.7637198E-09
   0.1025000E-05      0.7811203E-09
   0.1075000E-05      0.7999208E-09
   0.1125000E-05      0.8183212E-09
   0.1175000E-05      0.8363217E-09
   0.1237500E-05      0.8583222E-09
   0.1312500E-05      0.8839230E-09
   0.1387500E-05      0.9088236E-09
   0.1462500E-05      0.9330243E-09
   0.1550000E-05      0.9605250E-09
   0.1650000E-05      0.9910257E-09
   0.1750000E-05      0.1021026E-08
   0.1850000E-05      0.1049027E-08
   0.1950000E-05      0.1077028E-08
   0.2050000E-05      0.1105029E-08
   0.2150000E-05      0.1131029E-08
   0.2250000E-05      0.1157030E-08
   0.2350000E-05      0.1183031E-08
   0.2475000E-05      0.1214032E-08
   0.2625000E-05      0.1250032E-08
   0.2750000E-05      0.1280033E-08
   0.2900000E-05      0.1314034E-08
   0.3100000E-05      0.1358035E-08
   0.3300000E-05      0.1402036E-08
   0.3500000E-05      0.1444038E-08
   0.3700000E-05      0.1484039E-08
   0.3900000E-05      0.1524039E-08
   0.4125000E-05      0.1567041E-08
   0.4375000E-05      0.1614042E-08
   0.4625000E-05      0.1660043E-08
   0.4875000E-05      0.1704044E-08
   0.5125000E-05      0.1747045E-08
   0.5375000E-05      0.1789047E-08
   0.5625000E-05      0.1830047E-08
   0.5875000E-05      0.1870049E-08
   0.6150000E-05      0.1914050E-08
   0.6450000E-05      0.1960051E-08
   0.6750000E-05      0.2005052E-08
   0.7050000E-05      0.2049053E-08
   0.7400000E-05      0.2099055E-08
   0.7800000E-05      0.2155056E-08
   0.8200001E-05      0.2209058E-08
   0.8600000E-05      0.2263059E-08
   0.8999999E-05      0.2315060E-08
   0.9400001E-05      0.2365062E-08
   0.9800000E-05      0.2415063E-08
   0.1025000E-04      0.2470064E-08
   0.1075000E-04      0.2530066E-08
   0.1125000E-04      0.2588067E-08
   0.1175000E-04      0.2645069E-08
   0.1237500E-04      0.2714071E-08
   0.1312500E-04      0.2795072E-08
   0.1387500E-04      0.2874075E-08
   0.1462500E-04      0.2950077E-08
   0.1550000E-04      0.3037079E-08
   0.1650000E-04      0.3134082E-08
   0.1750000E-04      0.3227084E-08
   0.1850000E-04      0.3318086E-08
   0.1950000E-04      0.3407089E-08
   0.2050000E-04      0.3493091E-08
   0.2150000E-04      0.3578093E-08
   0.2250000E-04      0.3660095E-08
   0.2350000E-04      0.3740097E-08
   0.2475000E-04      0.3838100E-08
   0.2625000E-04      0.3953103E-08
   0.2750000E-04      0.4046105E-08
   0.2900000E-04      0.4154108E-08
   0.3100000E-04      0.4295112E-08
   0.3300000E-04      0.4432116E-08
   0.3500000E-04      0.4564118E-08
   0.3700000E-04      0.4693122E-08
   0.3900000E-04      0.4818125E-08
   0.4125000E-04      0.4955129E-08
   0.4375000E-04      0.5103133E-08
   0.4625000E-04      0.5246136E-08
   0.4875000E-04      0.5386140E-08
   0.5125000E-04      0.5523143E-08
   0.5375000E-04      0.5656148E-08
   0.5625000E-04      0.5786150E-08
   0.5875000E-04      0.5913154E-08
   0.6150000E-04      0.6050157E-08
   0.6450000E-04      0.6196162E-08
   0.6750000E-04      0.6338165E-08
   0.7050000E-04      0.6477169E-08
   0.7400000E-04      0.6636173E-08
   0.7800000E-04      0.6813177E-08
   0.8200000E-04      0.6986182E-08
   0.8600000E-04      0.7154186E-08
   0.9000000E-04      0.7319191E-08
   0.9400000E-04      0.7480194E-08
   0.9800000E-04      0.7637199E-08
   0.1025000E-03      0.7810203E-08
   0.1075000E-03      0.7998207E-08
   0.1125000E-03      0.8182213E-08
   0.1175000E-03      0.8362217E-08
   0.1237500E-03      0.8582223E-08
   0.1312500E-03      0.8838230E-08
   0.1387500E-03      0.9087236E-08
   0.1462500E-03      0.9329241E-08
   0.1550000E-03      0.9604250E-08
   0.1650000E-03      0.9910258E-08
   0.1750000E-03      0.1021026E-07
   0.1850000E-03      0.1049027E-07
   0.1950000E-03      0.1077028E-07
   0.2050000E-03      0.1105029E-07
   0.2150000E-03      0.1131029E-07
   0.2250000E-03      0.1157030E-07
   0.2350000E-03      0.1183031E-07
   0.2475000E-03      0.1214032E-07
   0.2625000E-03      0.1250033E-07
   0.2750000E-03      0.1279033E-07
   0.2900000E-03      0.1314034E-07
   0.3100000E-03      0.1358035E-07
   0.3300000E-03      0.1401036E-07
   0.3500000E-03      0.1443038E-07
   0.3700000E-03      0.1484039E-07
   0.3900000E-03      0.1524040E-07
   0.4125000E-03      0.1567041E-07
   0.4375000E-03      0.1613042E-07
   0.4625000E-03      0.1659043E-07
   0.4875000E-03      0.1703044E-07
   0.5125000E-03      0.1746045E-07
   0.5375000E-03      0.1788046E-07
   0.5625000E-03      0.1829047E-07
   0.5875000E-03      0.1869049E-07
   0.6150000E-03      0.1913050E-07
   0.6450000E-03      0.1959051E-07
   0.6750000E-03      0.2004052E-07
   0.7050000E-03      0.2048053E-07
   0.7400000E-03      0.2098055E-07
   0.7800000E-03      0.2154056E-07
   0.8200000E-03      0.2208057E-07
   0.8600000E-03      0.2261059E-07
   0.9000000E-03      0.2313060E-07
   0.9400000E-03      0.2364061E-07
   0.9800000E-03      0.2414063E-07
   0.1025000E-02      0.2468064E-07
   0.1075000E-02      0.2528066E-07
   0.1125000E-02      0.2586068E-07
   0.1175000E-02      0.2642069E-07
   0.1237500E-02      0.2711070E-07
   0.1312500E-02      0.2792073E-07
   0.1387500E-02      0.2871075E-07
   0.1462500E-02      0.2947077E-07
   0.1550000E-02      0.3034079E-07
   0.1650000E-02      0.3130082E-07
   0.1750000E-02      0.3223084E-07
   0.1850000E-02      0.3314086E-07
   0.1950000E-02      0.3402088E-07
   0.2050000E-02      0.3488091E-07
   0.2150000E-02      0.3572093E-07
   0.2250000E-02      0.3654095E-07
   0.2350000E-02      0.3734097E-07
   0.2475000E-02      0.3831100E-07
   0.2625000E-02      0.3945102E-07
   0.2750000E-02      0.4038105E-07
   0.2900000E-02      0.4145108E-07
   0.3100000E-02      0.4285111E-07
   0.3300000E-02      0.4421115E-07
   0.3500000E-02      0.4552118E-07
   0.3700000E-02      0.4679121E-07
   0.3900000E-02      0.4803125E-07
   0.4125000E-02      0.4939129E-07
   0.4375000E-02      0.5086132E-07
   0.4625000E-02      0.5228136E-07
   0.4875000E-02      0.5366140E-07
   0.5125000E-02      0.5501143E-07
   0.5375000E-02      0.5633147E-07
   0.5625000E-02      0.5761149E-07
   0.5875000E-02      0.5887153E-07
   0.6150000E-02      0.6022157E-07
   0.6450000E-02      0.6165160E-07
   0.6750000E-02      0.6306164E-07
   0.7050000E-02      0.6443167E-07
   0.7400000E-02      0.6599171E-07
   0.7800000E-02      0.6773177E-07
   0.8200000E-02      0.6942181E-07
   0.8600000E-02      0.7107185E-07
   0.9000000E-02      0.7268188E-07
   0.9400001E-02      0.7426193E-07
   0.9800000E-02      0.7580197E-07
   0.1025000E-01      0.7749202E-07
   0.1075000E-01      0.7933206E-07
   0.1125000E-01      0.8112212E-07
   0.1175000E-01      0.8287216E-07
   0.1237500E-01      0.8500221E-07
   0.1312500E-01      0.8749227E-07
   0.1387500E-01      0.8991234E-07
   0.1462500E-01      0.9225241E-07
   0.1550000E-01      0.9490246E-07
   0.1650000E-01      0.9784254E-07
   0.1750000E-01      0.1007026E-06
   0.1850000E-01      0.1035027E-06
   0.1950000E-01      0.1061028E-06
   0.2050000E-01      0.1087028E-06
   0.2150000E-01      0.1113029E-06
   0.2250000E-01      0.1137030E-06
   0.2350000E-01      0.1161030E-06
   0.2475000E-01      0.1191031E-06
   0.2625000E-01      0.1225032E-06
   0.2750000E-01      0.1252033E-06
   0.2900000E-01      0.1285034E-06
   0.3100000E-01      0.1326034E-06
   0.3300000E-01      0.1366035E-06
   0.3500000E-01      0.1405036E-06
   0.3700000E-01      0.1442038E-06
   0.3900000E-01      0.1478038E-06
   0.4125000E-01      0.1518040E-06
   0.4375000E-01      0.1560041E-06
   0.4625000E-01      0.1601042E-06
   0.4875000E-01      0.1641043E-06
   0.5125000E-01      0.1679043E-06
   0.5375000E-01      0.1716045E-06
   0.5625000E-01      0.1752046E-06
   0.5875000E-01      0.1787047E-06
   0.6150000E-01      0.1824047E-06
   0.6450000E-01      0.1864048E-06
   0.6750000E-01      0.1902049E-06
   0.7050000E-01      0.1940051E-06
   0.7400000E-01      0.1982052E-06
   0.7799999E-01      0.2028053E-06
   0.8200000E-01      0.2073054E-06
   0.8600000E-01      0.2117055E-06
   0.9000000E-01      0.2159056E-06
   0.9400000E-01      0.2199057E-06
   0.9800000E-01      0.2239058E-06
   0.1025000          0.2281059E-06
   0.1075000          0.2327060E-06
   0.1125000          0.2372062E-06
   0.1175000          0.2414063E-06
   0.1237500          0.2465064E-06
   0.1312500          0.2524066E-06
   0.1387500          0.2581067E-06
   0.1462500          0.2634068E-06
   0.1550000          0.2693070E-06
   0.1650000          0.2757072E-06
   0.1750000          0.2818073E-06
   0.1850000          0.2875075E-06
   0.1950000          0.2928076E-06
   0.2050000          0.2979077E-06
   0.2150000          0.3028079E-06
   0.2250000          0.3073080E-06
   0.2350000          0.3116081E-06
   0.2475000          0.3167082E-06
   0.2625000          0.3224084E-06
   0.2750000          0.3268085E-06
   0.2900000          0.3317086E-06
   0.3100000          0.3377088E-06
   0.3300000          0.3430089E-06
   0.3500000          0.3478090E-06
   0.3700000          0.3521092E-06
   0.3900000          0.3560093E-06
   0.4125000          0.3598093E-06
   0.4375000          0.3634095E-06
   0.4625000          0.3664096E-06
   0.4875000          0.3690096E-06
   0.5125000          0.3711096E-06
   0.5375000          0.3727097E-06
   0.5625000          0.3740097E-06
   0.5875000          0.3749098E-06
   0.6150000          0.3754097E-06
   0.6450000          0.3756098E-06
   0.6750000          0.3754097E-06
   0.7050000          0.3748097E-06
   0.7400000          0.3736097E-06
   0.7800000          0.3719097E-06
   0.8200000          0.3697097E-06
   0.8600000          0.3670096E-06
   0.9000000          0.3640095E-06
   0.9400000          0.3606094E-06
   0.9800000          0.3570093E-06
    1.050000          0.3497091E-06
    1.150000          0.3387088E-06
    1.250000          0.3268085E-06
    1.350000          0.3143081E-06
    1.450000          0.3014079E-06
    1.550000          0.2884075E-06
    1.650000          0.2753072E-06
    1.750000          0.2624068E-06
    1.850000          0.2496065E-06
    1.950000          0.2371062E-06
    2.050000          0.2250058E-06
    2.150000          0.2133056E-06
    2.250000          0.2019053E-06
    2.350000          0.1909050E-06
    2.450000          0.1804047E-06
    2.550000          0.1703044E-06
    2.650000          0.1606042E-06
    2.750000          0.1514039E-06
    2.850000          0.1426037E-06
    2.950000          0.1343035E-06
    3.050000          0.1263033E-06
    3.150000          0.1188031E-06
    3.250000          0.1117029E-06
    3.350000          0.1049027E-06
    3.450000          0.9854257E-07
    3.550000          0.9248240E-07
    3.650000          0.8677226E-07
    3.750000          0.8139211E-07
    3.850000          0.7631198E-07
    3.950000          0.7152186E-07
    4.050000          0.6702174E-07
    4.150000          0.6277163E-07
    4.250000          0.5879152E-07
    4.350000          0.5503143E-07
    4.450000          0.5150134E-07
    4.550000          0.4819125E-07
    4.650000          0.4508117E-07
    4.750000          0.4216109E-07
    4.850000          0.3942102E-07
    4.950000          0.3685096E-07
    5.050000          0.3444089E-07
    5.150000          0.3218084E-07
    5.250000          0.3007078E-07
    5.350000          0.2809073E-07
    5.450000          0.2623068E-07
    5.550000          0.2450064E-07
    5.650000          0.2287059E-07
    5.750000          0.2135055E-07
    5.850000          0.1993052E-07
    5.950000          0.1860048E-07
    6.050000          0.1735045E-07
    6.150000          0.1619042E-07
    6.250000          0.1510039E-07
    6.350000          0.1408037E-07
    6.450000          0.1313034E-07
    6.550000          0.1225032E-07
    6.650000          0.1142030E-07
    6.750000          0.1065028E-07
    6.850000          0.9926259E-08
    6.950000          0.9250241E-08
    7.050000          0.8621225E-08
    7.150000          0.8033210E-08
    7.250000          0.7486195E-08
    7.350000          0.6975181E-08
    7.450000          0.6497169E-08
    7.550000          0.6052157E-08
    7.650000          0.5638146E-08
    7.750000          0.5250136E-08
    7.850000          0.4890127E-08
    7.950000          0.4553118E-08
    8.050000          0.4240110E-08
    8.150000          0.3948102E-08
    8.250000          0.3676096E-08
    8.350000          0.3422089E-08
    8.450000          0.3185083E-08
    8.550000          0.2965077E-08
    8.650000          0.2759072E-08
    8.750000          0.2568067E-08
    8.850000          0.2390062E-08
    8.950000          0.2224058E-08
    9.050000          0.2069053E-08
    9.150000          0.1926050E-08
    9.250000          0.1791047E-08
    9.350000          0.1666043E-08
    9.450000          0.1550040E-08
    9.550000          0.1442038E-08
    9.650000          0.1341035E-08
    9.750000          0.1247032E-08
    9.850000          0.1160030E-08
    9.950000          0.1079028E-08
    10.05000          0.1003026E-08
    10.15000          0.9332242E-09
    10.25000          0.8678225E-09
    10.35000          0.8068209E-09
    10.45000          0.7502195E-09
    10.55000          0.6976182E-09
    10.65000          0.6485168E-09
    10.75000          0.6029157E-09
    10.85000          0.5605146E-09
    10.95000          0.5210136E-09
    11.05000          0.4843126E-09
    11.15000          0.4501117E-09
    11.25000          0.4184109E-09
    11.35000          0.3889101E-09
    11.45000          0.3615094E-09
    11.55000          0.3359087E-09
    11.65000          0.3122081E-09
    11.75000          0.2901075E-09
    11.85000          0.2696070E-09
    11.95000          0.2505065E-09
    12.05000          0.2327060E-09
    12.15000          0.2162056E-09
    12.25000          0.2009053E-09
    12.35000          0.1867049E-09
    12.45000          0.1735045E-09
    12.55000          0.1612042E-09
    12.65000          0.1497039E-09
    12.75000          0.1391036E-09
    12.85000          0.1292033E-09
    12.95000          0.1200031E-09
    13.05000          0.1115029E-09
    13.15000          0.1035027E-09
    13.25000          0.9619251E-10
    13.35000          0.8934233E-10
    13.45000          0.8298216E-10
    13.55000          0.7707200E-10
    13.65000          0.7158186E-10
    13.75000          0.6648174E-10
    13.85000          0.6173161E-10
    13.95000          0.5733149E-10
    14.05000          0.5324138E-10
    14.15000          0.4944128E-10
    14.25000          0.4591119E-10
    14.35000          0.4263110E-10
    14.45000          0.3958103E-10
    14.55000          0.3676096E-10
    14.65000          0.3413089E-10
    14.75000          0.3169082E-10
    14.85000          0.2942076E-10
    14.95000          0.2732071E-10
    15.05000          0.2536066E-10
    15.15000          0.2354061E-10
    15.25000          0.2186057E-10
    15.35000          0.2029053E-10
    15.45000          0.1884049E-10
    15.55000          0.1749046E-10
    15.65000          0.1624042E-10
    15.75000          0.1507039E-10
    15.85000          0.1399036E-10
    15.95000          0.1299034E-10
    16.05000          0.1205031E-10
    16.15000          0.1119029E-10
    16.25000          0.1038027E-10
    16.35000          0.9638252E-11
    16.45000          0.8947234E-11
    16.55000          0.8304217E-11
    16.65000          0.7707200E-11
    16.75000          0.7153186E-11
    16.85000          0.6639172E-11
    16.95000          0.6161161E-11
    17.05000          0.5718148E-11
    17.15000          0.5306137E-11
    17.25000          0.4925128E-11
    17.35000          0.4570119E-11
    17.45000          0.4241111E-11
    17.55000          0.3936103E-11
    17.65000          0.3652095E-11
    17.75000          0.3389088E-11
    17.85000          0.3145082E-11
    17.95000          0.2918076E-11
    18.05000          0.1000000E-29
    18.15000          0.1000000E-29
    18.25000          0.1000000E-29
    18.35000          0.1000000E-29
    18.45000          0.1000000E-29
    18.55000          0.1000000E-29
    18.65000          0.1000000E-29
    18.75000          0.1000000E-29
    18.85000          0.1000000E-29
    18.95000          0.1000000E-29
    19.05000          0.1000000E-29
    19.15000          0.1000000E-29
    19.25000          0.1000000E-29
    19.35000          0.1000000E-29
    19.45000          0.1000000E-29
    19.55000          0.1000000E-29
    19.65000          0.1000000E-29
    19.75000          0.1000000E-29
    19.85000          0.1000000E-29
    19.95000          0.1000000E-29
