    19.95000          0.1596192E-11
    19.85000          0.1720984E-11
    19.75000          0.1854747E-11
    19.65000          0.1999930E-11
    19.55000          0.2155715E-11
    19.45000          0.2323736E-11
    19.35000          0.2504806E-11
    19.25000          0.2699742E-11
    19.15000          0.2910175E-11
    19.05000          0.3136105E-11
    18.95000          0.3380795E-11
    18.85000          0.3643429E-11
    18.75000          0.3927268E-11
    18.65000          0.4233131E-11
    18.55000          0.4561831E-11
    18.45000          0.4916630E-11
    18.35000          0.5299162E-11
    18.25000          0.5711056E-11
    18.15000          0.6154760E-11
    18.05000          0.6633536E-11
    17.95000          0.7149015E-11
    17.85000          0.7704460E-11
    17.75000          0.8303135E-11
    17.65000          0.8947483E-11
    17.55000          0.9640771E-11
    17.45000          0.1039115E-10
    17.35000          0.1119863E-10
    17.25000          0.1206320E-10
    17.15000          0.1300118E-10
    17.05000          0.1400440E-10
    16.95000          0.1509735E-10
    16.85000          0.1626370E-10
    16.75000          0.1751978E-10
    16.65000          0.1888188E-10
    16.55000          0.2034187E-10
    16.45000          0.2191603E-10
    16.35000          0.2361255E-10
    16.25000          0.2543956E-10
    16.15000          0.2741339E-10
    16.05000          0.2923225E-10
    15.95000          0.3087983E-10
    15.85000          0.3262528E-10
    15.75000          0.3447677E-10
    15.65000          0.3645875E-10
    15.55000          0.3855493E-10
    15.45000          0.4079792E-10
    15.35000          0.4317956E-10
    15.25000          0.4571618E-10
    15.15000          0.4843223E-10
    15.05000          0.5131957E-10
    14.95000          0.5440266E-10
    14.85000          0.5768965E-10
    14.75000          0.6119687E-10
    14.65000          0.6494878E-10
    14.55000          0.6896170E-10
    14.45000          0.7325191E-10
    14.35000          0.7783577E-10
    14.25000          0.8278666E-10
    14.15000          0.8800671E-10
    14.05000          0.9363457E-10
    13.95000          0.9967024E-10
    13.85000          0.1061137E-09
    13.75000          0.1131282E-09
    13.65000          0.1205504E-09
    13.55000          0.1285436E-09
    13.45000          0.1371893E-09
    13.35000          0.1464060E-09
    13.25000          0.1563567E-09
    13.15000          0.1661443E-09
    13.05000          0.1755240E-09
    12.95000          0.1855563E-09
    12.85000          0.1963227E-09
    12.75000          0.2077415E-09
    12.65000          0.2198944E-09
    12.55000          0.2328630E-09
    12.45000          0.2467287E-09
    12.35000          0.2615732E-09
    12.25000          0.2773965E-09
    12.15000          0.2943616E-09
    12.05000          0.3124687E-09
    11.95000          0.3318807E-09
    11.85000          0.3526793E-09
    11.75000          0.3750276E-09
    11.65000          0.3989256E-09
    11.55000          0.4246181E-09
    11.45000          0.4521864E-09
    11.35000          0.4817939E-09
    11.25000          0.5136035E-09
    11.15000          0.5478600E-09
    11.05000          0.5820351E-09
    10.95000          0.6157207E-09
    10.85000          0.6517717E-09
    10.75000          0.6902695E-09
    10.65000          0.7313773E-09
    10.55000          0.7754214E-09
    10.45000          0.8221571E-09
    10.35000          0.8727264E-09
    10.25000          0.9273737E-09
    10.15000          0.9852836E-09
    10.05000          0.1047271E-08
    9.950000          0.1114153E-08
    9.850000          0.1186745E-08
    9.750000          0.1264230E-08
    9.650000          0.1347424E-08
    9.550000          0.1437144E-08
    9.450000          0.1534204E-08
    9.350000          0.1637789E-08
    9.250000          0.1732402E-08
    9.150000          0.1817228E-08
    9.050000          0.1906132E-08
    8.950000          0.2001561E-08
    8.850000          0.2101884E-08
    8.750000          0.2209547E-08
    8.650000          0.2323736E-08
    8.550000          0.2444449E-08
    8.450000          0.2574135E-08
    8.350000          0.2711161E-08
    8.250000          0.2857975E-08
    8.150000          0.3014576E-08
    8.050000          0.3183412E-08
    7.950000          0.3374270E-08
    7.850000          0.3588781E-08
    7.750000          0.3819605E-08
    7.650000          0.4069189E-08
    7.550000          0.4338347E-08
    7.450000          0.4629528E-08
    7.350000          0.4944362E-08
    7.250000          0.5286112E-08
    7.150000          0.5656409E-08
    7.050000          0.6057699E-08
    6.950000          0.6494063E-08
    6.850000          0.6969576E-08
    6.750000          0.7437750E-08
    6.650000          0.7815387E-08
    6.550000          0.8137562E-08
    6.450000          0.8474417E-08
    6.350000          0.8841452E-08
    6.250000          0.9224799E-08
    6.150000          0.9624459E-08
    6.050000          0.1005674E-07
    5.950000          0.1051350E-07
    5.850000          0.1100288E-07
    5.750000          0.1151672E-07
    5.650000          0.1207136E-07
    5.550000          0.1262598E-07
    5.450000          0.1308274E-07
    5.350000          0.1343346E-07
    5.250000          0.1380865E-07
    5.150000          0.1420016E-07
    5.050000          0.1460797E-07
    4.950000          0.1504026E-07
    4.850000          0.1548885E-07
    4.750000          0.1596192E-07
    4.650000          0.1645946E-07
    4.550000          0.1698962E-07
    4.450000          0.1754425E-07
    4.350000          0.1809888E-07
    4.250000          0.1858010E-07
    4.150000          0.1899607E-07
    4.050000          0.1943651E-07
    3.950000          0.1989327E-07
    3.850000          0.2037449E-07
    3.750000          0.2088018E-07
    3.650000          0.2141034E-07
    3.550000          0.2197313E-07
    3.450000          0.2256854E-07
    3.350000          0.2357993E-07
    3.250000          0.2558638E-07
    3.150000          0.2840031E-07
    3.050000          0.3163021E-07
    2.950000          0.3535765E-07
    2.850000          0.3889749E-07
    2.750000          0.4174405E-07
    2.650000          0.4454167E-07
    2.550000          0.4911737E-07
    2.450000          0.5739603E-07
    2.350000          0.6224904E-07
    2.250000          0.6056068E-07
    2.150000          0.5914148E-07
    2.050000          0.5990817E-07
    1.950000          0.6265686E-07
    1.850000          0.6620485E-07
    1.750000          0.7034011E-07
    1.650000          0.7519312E-07
    1.550000          0.8074758E-07
    1.450000          0.8678326E-07
    1.350000          0.9330832E-07
    1.250000          0.1008937E-06
    1.150000          0.1092947E-06
    1.050000          0.1183482E-06
   0.9800000          0.1255258E-06
   0.9400000          0.1301749E-06
   0.9000000          0.1353134E-06
   0.8600000          0.1413491E-06
   0.8200000          0.1480372E-06
   0.7800000          0.1602717E-06
   0.7400000          0.1844144E-06
   0.7050000          0.2143481E-06
   0.6750000          0.2366149E-06
   0.6450000          0.2442818E-06
   0.6150000          0.2437924E-06
   0.5875000          0.2433030E-06
   0.5625000          0.2427321E-06
   0.5375000          0.2408562E-06
   0.5125000          0.2377568E-06
   0.4875000          0.2345758E-06
   0.4625000          0.2313133E-06
   0.4375000          0.2340048E-06
   0.4125000          0.2568426E-06
   0.3900000          0.2941985E-06
   0.3700000          0.3344092E-06
   0.3500000          0.3827761E-06
   0.3300000          0.4127914E-06
   0.3100000          0.4046351E-06
   0.2900000          0.3828576E-06
   0.2750000          0.3663819E-06
   0.2625000          0.3525162E-06
   0.2475000          0.3363667E-06
   0.2350000          0.3345723E-06
   0.2250000          0.3473777E-06
   0.2150000          0.3613250E-06
   0.2050000          0.3765774E-06
   0.1950000          0.3932162E-06
   0.1850000          0.4115680E-06
   0.1750000          0.4318772E-06
   0.1650000          0.4543886E-06
   0.1550000          0.4796732E-06
   0.1462500          0.4999009E-06
   0.1387500          0.5105042E-06
   0.1312500          0.5186605E-06
   0.1237500          0.5274694E-06
   0.1175000          0.5353809E-06
   0.1125000          0.5420691E-06
   0.1075000          0.5491651E-06
   0.1025000          0.5566689E-06
   0.9800000E-01      0.5639280E-06
   0.9400000E-01      0.5706978E-06
   0.9000000E-01      0.5787725E-06
   0.8600000E-01      0.5905992E-06
   0.8200000E-01      0.6056885E-06
   0.7799999E-01      0.6219194E-06
   0.7400000E-01      0.6395372E-06
   0.7050000E-01      0.6560944E-06
   0.6750000E-01      0.6713467E-06
   0.6450000E-01      0.6877410E-06
   0.6150000E-01      0.7052771E-06
   0.5875000E-01      0.7225685E-06
   0.5625000E-01      0.7393705E-06
   0.5375000E-01      0.7525837E-06
   0.5125000E-01      0.7592719E-06
   0.4875000E-01      0.7637579E-06
   0.4625000E-01      0.7684885E-06
   0.4375000E-01      0.7735454E-06
   0.4125000E-01      0.7789287E-06
   0.3900000E-01      0.7840672E-06
   0.3700000E-01      0.7875743E-06
   0.3500000E-01      0.7835778E-06
   0.3300000E-01      0.7728930E-06
   0.3100000E-01      0.7617188E-06
   0.2900000E-01      0.9371613E-06
   0.2750000E-01      0.1464875E-05
   0.2625000E-01      0.2700558E-05
   0.2475000E-01      0.3478671E-05
   0.2350000E-01      0.2674457E-05
   0.2250000E-01      0.2160609E-05
   0.2150000E-01      0.1997483E-05
   0.2050000E-01      0.1840066E-05
   0.1950000E-01      0.1687543E-05
   0.1850000E-01      0.1584773E-05
   0.1750000E-01      0.1597008E-05
   0.1650000E-01      0.1683465E-05
   0.1550000E-01      0.1779709E-05
   0.1462500E-01      0.1875138E-05
   0.1387500E-01      0.1965673E-05
   0.1312500E-01      0.2065996E-05
   0.1237500E-01      0.2177738E-05
   0.1175000E-01      0.2280507E-05
   0.1125000E-01      0.2372674E-05
   0.1075000E-01      0.2490125E-05
   0.1025000E-01      0.2636123E-05
   0.9800000E-02      0.2781305E-05
   0.9400001E-02      0.2923225E-05
   0.9000000E-02      0.3079011E-05
   0.8600000E-02      0.3251110E-05
   0.8200000E-02      0.3441967E-05
   0.7800000E-02      0.3654032E-05
   0.7400000E-02      0.3891380E-05
   0.7050000E-02      0.4122204E-05
   0.6750000E-02      0.4342425E-05
   0.6450000E-02      0.4584668E-05
   0.6150000E-02      0.4853826E-05
   0.5875000E-02      0.5126248E-05
   0.5625000E-02      0.5399484E-05
   0.5375000E-02      0.5701268E-05
   0.5125000E-02      0.5990817E-05
   0.4875000E-02      0.6261607E-05
   0.4625000E-02      0.6555235E-05
   0.4375000E-02      0.6880673E-05
   0.4125000E-02      0.7241997E-05
   0.3900000E-02      0.7604138E-05
   0.3700000E-02      0.7960569E-05
   0.3500000E-02      0.8352072E-05
   0.3300000E-02      0.8792513E-05
   0.3100000E-02      0.9290051E-05
   0.2900000E-02      0.9844680E-05
   0.2750000E-02      0.1030143E-04
   0.2625000E-02      0.1073372E-04
   0.2475000E-02      0.1132913E-04
   0.2350000E-02      0.1192454E-04
   0.2250000E-02      0.1247101E-04
   0.2150000E-02      0.1307458E-04
   0.2050000E-02      0.1374340E-04
   0.1950000E-02      0.1447747E-04
   0.1850000E-02      0.1529310E-04
   0.1750000E-02      0.1619845E-04
   0.1650000E-02      0.1722615E-04
   0.1550000E-02      0.1838435E-04
   0.1462500E-02      0.1952623E-04
   0.1387500E-02      0.2062733E-04
   0.1312500E-02      0.2185894E-04
   0.1237500E-02      0.2323736E-04
   0.1175000E-02      0.2451790E-04
   0.1125000E-02      0.2565163E-04
   0.1075000E-02      0.2689955E-04
   0.1025000E-02      0.2821271E-04
   0.9800000E-03      0.2941169E-04
   0.9400000E-03      0.3051280E-04
   0.9000000E-03      0.3170362E-04
   0.8600000E-03      0.3300048E-04
   0.8200000E-03      0.3441152E-04
   0.7800000E-03      0.3596122E-04
   0.7400000E-03      0.3766589E-04
   0.7050000E-03      0.3929715E-04
   0.6750000E-03      0.4083055E-04
   0.6450000E-03      0.4250258E-04
   0.6150000E-03      0.4432145E-04
   0.5875000E-03      0.4613216E-04
   0.5625000E-03      0.4793470E-04
   0.5375000E-03      0.4989221E-04
   0.5125000E-03      0.5202918E-04
   0.4875000E-03      0.5437003E-04
   0.4625000E-03      0.5694744E-04
   0.4375000E-03      0.5980214E-04
   0.4125000E-03      0.6298311E-04
   0.3900000E-03      0.6616407E-04
   0.3700000E-03      0.6929610E-04
   0.3500000E-03      0.7277070E-04
   0.3300000E-03      0.7696304E-04
   0.3100000E-03      0.8221572E-04
   0.2900000E-03      0.8833296E-04
   0.2750000E-03      0.9347144E-04
   0.2625000E-03      0.9836523E-04
   0.2475000E-03      0.1048087E-03
   0.2350000E-03      0.1107628E-03
   0.2250000E-03      0.1161460E-03
   0.2150000E-03      0.1219370E-03
   0.2050000E-03      0.1283805E-03
   0.1950000E-03      0.1354765E-03
   0.1850000E-03      0.1433881E-03
   0.1750000E-03      0.1522785E-03
   0.1650000E-03      0.1622292E-03
   0.1550000E-03      0.1734034E-03
   0.1462500E-03      0.1842513E-03
   0.1387500E-03      0.1946914E-03
   0.1312500E-03      0.2062733E-03
   0.1237500E-03      0.2193235E-03
   0.1175000E-03      0.2314764E-03
   0.1125000E-03      0.2421612E-03
   0.1075000E-03      0.2539878E-03
   0.1025000E-03      0.2668748E-03
   0.9800000E-04      0.2796802E-03
   0.9400000E-04      0.2920779E-03
   0.9000000E-04      0.3056174E-03
   0.8600000E-04      0.3204618E-03
   0.8200000E-04      0.3367745E-03
   0.7800000E-04      0.3548000E-03
   0.7400000E-04      0.3747829E-03
   0.7050000E-04      0.3941949E-03
   0.6750000E-04      0.4122205E-03
   0.6450000E-04      0.4317141E-03
   0.6150000E-04      0.4531652E-03
   0.5875000E-04      0.4746979E-03
   0.5625000E-04      0.4961490E-03
   0.5375000E-04      0.5196392E-03
   0.5125000E-04      0.5454132E-03
   0.4875000E-04      0.5737972E-03
   0.4625000E-04      0.6054437E-03
   0.4375000E-04      0.6405975E-03
   0.4125000E-04      0.6799925E-03
   0.3900000E-04      0.7200400E-03
   0.3700000E-04      0.7595166E-03
   0.3500000E-04      0.8037239E-03
   0.3300000E-04      0.8531511E-03
   0.3100000E-04      0.9094299E-03
   0.2900000E-04      0.9730491E-03
   0.2750000E-04      0.1026881E-02
   0.2625000E-04      0.1076634E-02
   0.2475000E-04      0.1143516E-02
   0.2350000E-04      0.1201426E-02
   0.2250000E-04      0.1248733E-02
   0.2150000E-04      0.1300118E-02
   0.2050000E-04      0.1356396E-02
   0.1950000E-04      0.1417569E-02
   0.1850000E-04      0.1486082E-02
   0.1750000E-04      0.1561120E-02
   0.1650000E-04      0.1644314E-02
   0.1550000E-04      0.1738928E-02
   0.1462500E-04      0.1830278E-02
   0.1387500E-04      0.1918367E-02
   0.1312500E-04      0.2015427E-02
   0.1237500E-04      0.2123090E-02
   0.1175000E-04      0.2222597E-02
   0.1125000E-04      0.2310686E-02
   0.1075000E-04      0.2405299E-02
   0.1025000E-04      0.2509700E-02
   0.9800000E-05      0.2611654E-02
   0.9400001E-05      0.2709530E-02
   0.8999999E-05      0.2816378E-02
   0.8600000E-05      0.2932197E-02
   0.8200001E-05      0.3059436E-02
   0.7800000E-05      0.3206250E-02
   0.7400000E-05      0.3383242E-02
   0.7050000E-05      0.3558603E-02
   0.6750000E-05      0.3723360E-02
   0.6450000E-05      0.3903615E-02
   0.6150000E-05      0.4102630E-02
   0.5875000E-05      0.4302459E-02
   0.5625000E-05      0.4502289E-02
   0.5375000E-05      0.4720878E-02
   0.5125000E-05      0.4960674E-02
   0.4875000E-05      0.5225754E-02
   0.4625000E-05      0.5521014E-02
   0.4375000E-05      0.5850529E-02
   0.4125000E-05      0.6220010E-02
   0.3900000E-05      0.6594386E-02
   0.3700000E-05      0.6965498E-02
   0.3500000E-05      0.7377392E-02
   0.3300000E-05      0.7820280E-02
   0.3100000E-05      0.8303135E-02
   0.2900000E-05      0.8857763E-02
   0.2750000E-05      0.9322675E-02
   0.2625000E-05      0.9746804E-02
   0.2475000E-05      0.1031774E-01
   0.2350000E-05      0.1083975E-01
   0.2250000E-05      0.1130466E-01
   0.2150000E-05      0.1181035E-01
   0.2050000E-05      0.1236498E-01
   0.1950000E-05      0.1297671E-01
   0.1850000E-05      0.1365368E-01
   0.1750000E-05      0.1440406E-01
   0.1650000E-05      0.1523601E-01
   0.1550000E-05      0.1618214E-01
   0.1462500E-05      0.1711196E-01
   0.1387500E-05      0.1799284E-01
   0.1312500E-05      0.1892266E-01
   0.1237500E-05      0.1992589E-01
   0.1175000E-05      0.2084756E-01
   0.1125000E-05      0.2165503E-01
   0.1075000E-05      0.2253591E-01
   0.1025000E-05      0.2349836E-01
   0.9800000E-06      0.2443634E-01
   0.9399999E-06      0.2534169E-01
   0.9000000E-06      0.2632860E-01
   0.8600000E-06      0.2739708E-01
   0.8200000E-06      0.2856343E-01
   0.7800000E-06      0.2984398E-01
   0.7400000E-06      0.3124686E-01
   0.7050000E-06      0.3260082E-01
   0.6750000E-06      0.3386504E-01
   0.6450000E-06      0.3541474E-01
   0.6150000E-06      0.3747014E-01
   0.5875000E-06      0.3972943E-01
   0.5625000E-06      0.4201321E-01
   0.5375000E-06      0.4453351E-01
   0.5125000E-06      0.4733929E-01
   0.4875000E-06      0.5047946E-01
   0.4625000E-06      0.5401115E-01
   0.4375000E-06      0.5800775E-01
   0.4125000E-06      0.6255898E-01
   0.3900000E-06      0.6721624E-01
   0.3700000E-06      0.7191428E-01
   0.3500000E-06      0.7723220E-01
   0.3300000E-06      0.8327603E-01
   0.3100000E-06      0.9029047E-01
   0.2900000E-06      0.9836522E-01
   0.2750000E-06      0.1052165    
   0.2625000E-06      0.1119047    
   0.2475000E-06      0.1221817    
   0.2350000E-06      0.1331111    
   0.2250000E-06      0.1430619    
   0.2150000E-06      0.1542360    
   0.2050000E-06      0.1669599    
   0.1950000E-06      0.1813966    
   0.1850000E-06      0.1979539    
   0.1750000E-06      0.2170397    
   0.1650000E-06      0.2392249    
   0.1550000E-06      0.2654067    
   0.1462500E-06      0.2921594    
   0.1387500E-06      0.3187490    
   0.1312500E-06      0.3494983    
   0.1237500E-06      0.3853861    
   0.1175000E-06      0.4197243    
   0.1125000E-06      0.4511261    
   0.1075000E-06      0.4864430    
   0.1025000E-06      0.5264090    
   0.9800000E-07      0.5669459    
   0.9400000E-07      0.6074827    
   0.9000000E-07      0.6529135    
   0.8600000E-07      0.7040536    
   0.8200000E-07      0.7618819    
   0.7800000E-07      0.8278666    
   0.7400000E-07      0.9029046    
   0.7050000E-07      0.9787584    
   0.6750000E-07       1.051350    
   0.6450000E-07       1.133729    
   0.6150000E-07       1.226711    
   0.5875000E-07       1.323771    
   0.5625000E-07       1.422462    
   0.5375000E-07       1.533388    
   0.5125000E-07       1.658996    
   0.4875000E-07       1.768290    
   0.4625000E-07       1.852300    
   0.4375000E-07       1.934679    
   0.4125000E-07       2.013796    
   0.3900000E-07       2.081493    
   0.3700000E-07       2.136956    
   0.3500000E-07       2.188341    
   0.3300000E-07       2.233201    
   0.3100000E-07       2.270720    
   0.2900000E-07       2.299267    
   0.2750000E-07       2.314764    
   0.2625000E-07       2.320473    
   0.2475000E-07       2.322104    
   0.2350000E-07       2.317211    
   0.2250000E-07       2.308239    
   0.2150000E-07       2.294373    
   0.2050000E-07       2.276429    
   0.1950000E-07       2.252776    
   0.1850000E-07       2.223413    
   0.1750000E-07       2.187525    
   0.1650000E-07       2.145928    
   0.1550000E-07       2.097806    
   0.1462500E-07       2.048867    
   0.1387500E-07       2.002377    
   0.1312500E-07       1.950992    
   0.1237500E-07       1.895529    
   0.1175000E-07       1.844960    
   0.1125000E-07       1.801731    
   0.1075000E-07       1.756056    
   0.1025000E-07       1.707934    
   0.9800000E-08       1.662258    
   0.9400000E-08       1.619845    
   0.9000000E-08       1.575801    
   0.8600000E-08       1.529310    
   0.8200000E-08       1.482003    
   0.7800000E-08       1.432250    
   0.7400000E-08       1.380049    
   0.7050000E-08       1.333559    
   0.6750000E-08       1.291961    
   0.6450000E-08       1.249548    
   0.6150000E-08       1.205504    
   0.5875000E-08       1.163907    
   0.5625000E-08       1.125572    
   0.5375000E-08       1.086422    
   0.5125000E-08       1.045640    
   0.4875000E-08       1.004859    
   0.4625000E-08      0.9624458    
   0.4375000E-08      0.9200330    
   0.4125000E-08      0.8759889    
   0.3900000E-08      0.8352073    
   0.3700000E-08      0.7989931    
   0.3500000E-08      0.7618004    
   0.3300000E-08      0.7240366    
   0.3100000E-08      0.6855388    
   0.2900000E-08      0.6463884    
   0.2750000E-08      0.6166179    
   0.2625000E-08      0.5914963    
   0.2475000E-08      0.5610733    
   0.2350000E-08      0.5353809    
   0.2250000E-08      0.5145823    
   0.2150000E-08      0.4937021    
   0.2050000E-08      0.4725772    
   0.1950000E-08      0.4513707    
   0.1850000E-08      0.4299197    
   0.1750000E-08      0.4082238    
   0.1650000E-08      0.3864465    
   0.1550000E-08      0.3645060    
   0.1462500E-08      0.3450939    
   0.1387500E-08      0.3283735    
   0.1312500E-08      0.3115714    
   0.1237500E-08      0.2946063    
   0.1175000E-08      0.2804143    
   0.1125000E-08      0.2689955    
   0.1075000E-08      0.2575766    
   0.1025000E-08      0.2460762    
   0.9800000E-09      0.2357177    
   0.9400000E-09      0.2264194    
   0.9000000E-09      0.2171213    
   0.8600000E-09      0.2078231    
   0.8200000E-09      0.1984433    
   0.7800000E-09      0.1890635    
   0.7400000E-09      0.1796838    
   0.7050000E-09      0.1714459    
   0.6750000E-09      0.1643499    
   0.6450000E-09      0.1571723    
   0.6150000E-09      0.1500763    
   0.5875000E-09      0.1435512    
   0.5625000E-09      0.1375156    
   0.5375000E-09      0.1315615    
   0.5125000E-09      0.1256073    
   0.4875000E-09      0.1195717    
   0.4625000E-09      0.1135360    
   0.4375000E-09      0.1075003    
   0.4125000E-09      0.1014646    
   0.3900000E-09      0.9599990E-01
   0.3700000E-09      0.9118767E-01
   0.3500000E-09      0.8629388E-01
   0.3300000E-09      0.8144087E-01
   0.3100000E-09      0.7656339E-01
   0.2900000E-09      0.7168590E-01
   0.2750000E-09      0.6801555E-01
   0.2625000E-09      0.6495694E-01
   0.2475000E-09      0.6127844E-01
   0.2350000E-09      0.5821167E-01
   0.2250000E-09      0.5575661E-01
   0.2150000E-09      0.5330156E-01
   0.2050000E-09      0.5084650E-01
   0.1950000E-09      0.4838330E-01
   0.1850000E-09      0.4592009E-01
   0.1750000E-09      0.4345687E-01
   0.1650000E-09      0.4098552E-01
   0.1550000E-09      0.3852231E-01
   0.1462500E-09      0.3635272E-01
   0.1387500E-09      0.3450124E-01
   0.1312500E-09      0.3264976E-01
   0.1237500E-09      0.3079011E-01
   0.1175000E-09      0.2924041E-01
   0.1125000E-09      0.2800065E-01
   0.1075000E-09      0.2676089E-01
   0.1025000E-09      0.2552113E-01
