1.995000e+01 2.889633e-13 1.995000e+01 1.582109e-13 1.995000e+01 1.288817e-13 1.995000e+01 1.464683e-13 
1.985000e+01 3.114837e-13 1.985000e+01 1.701361e-13 1.985000e+01 1.389218e-13 1.985000e+01 1.579085e-13 
1.975000e+01 3.358320e-13 1.975000e+01 1.829353e-13 1.975000e+01 1.497229e-13 1.975000e+01 1.702045e-13 
1.965000e+01 3.620083e-13 1.965000e+01 1.967959e-13 1.965000e+01 1.614314e-13 1.965000e+01 1.834705e-13 
1.955000e+01 3.902320e-13 1.955000e+01 2.116555e-13 1.955000e+01 1.740181e-13 1.955000e+01 1.977921e-13 
1.945000e+01 4.205761e-13 1.945000e+01 2.277014e-13 1.945000e+01 1.874829e-13 1.945000e+01 2.131978e-13 
1.935000e+01 4.533330e-13 1.935000e+01 2.449335e-13 1.935000e+01 2.021186e-13 1.935000e+01 2.298017e-13 
1.925000e+01 4.887222e-13 1.925000e+01 2.635392e-13 1.925000e+01 2.179251e-13 1.925000e+01 2.477180e-13 
1.915000e+01 5.267437e-13 1.915000e+01 2.835809e-13 1.915000e+01 2.349025e-13 1.915000e+01 2.670322e-13 
1.905000e+01 5.677630e-13 1.905000e+01 3.051835e-13 1.905000e+01 2.530507e-13 1.905000e+01 2.878584e-13 
1.895000e+01 6.119995e-13 1.895000e+01 3.285343e-13 1.895000e+01 2.728088e-13 1.895000e+01 3.101111e-13 
1.885000e+01 6.595995e-13 1.885000e+01 3.538206e-13 1.885000e+01 2.940305e-13 1.885000e+01 3.343608e-13 
1.875000e+01 7.110016e-13 1.875000e+01 3.810424e-13 1.875000e+01 3.168622e-13 1.875000e+01 3.603223e-13 
1.865000e+01 7.662791e-13 1.865000e+01 4.104493e-13 1.865000e+01 3.415965e-13 1.865000e+01 3.885661e-13 
1.855000e+01 8.255048e-13 1.855000e+01 4.422289e-13 1.855000e+01 3.680870e-13 1.855000e+01 4.188069e-13 
1.845000e+01 8.898487e-13 1.845000e+01 4.765058e-13 1.845000e+01 3.967729e-13 1.845000e+01 4.513300e-13 
1.835000e+01 9.593112e-13 1.835000e+01 5.135300e-13 1.835000e+01 4.276542e-13 1.835000e+01 4.864209e-13 
1.825000e+01 1.033892e-12 1.825000e+01 5.534261e-13 1.825000e+01 4.608771e-13 1.825000e+01 5.243645e-13 
1.815000e+01 1.114322e-12 1.815000e+01 5.965064e-13 1.815000e+01 4.965881e-13 1.815000e+01 5.651611e-13 
1.805000e+01 1.201332e-12 1.805000e+01 6.430831e-13 1.805000e+01 5.352264e-13 1.805000e+01 6.090959e-13 
1.795000e+01 1.294924e-12 1.795000e+01 6.930312e-13 1.795000e+01 5.767917e-13 1.795000e+01 6.564541e-13 
1.785000e+01 1.395096e-12 1.785000e+01 7.473500e-13 1.785000e+01 6.215768e-13 1.785000e+01 7.075212e-13 
1.775000e+01 1.503311e-12 1.775000e+01 8.054148e-13 1.775000e+01 6.698744e-13 1.775000e+01 7.625824e-13 
1.765000e+01 1.620300e-12 1.765000e+01 8.678500e-13 1.765000e+01 7.218311e-13 1.765000e+01 8.219229e-13 
1.755000e+01 1.746063e-12 1.755000e+01 9.352801e-13 1.755000e+01 7.778857e-13 1.755000e+01 8.855427e-13 
1.745000e+01 1.881332e-12 1.745000e+01 1.007705e-12 1.745000e+01 8.383310e-13 1.745000e+01 9.545830e-13 
1.735000e+01 2.027569e-12 1.735000e+01 1.085125e-12 1.735000e+01 9.033134e-13 1.735000e+01 1.028473e-12 
1.725000e+01 2.185504e-12 1.725000e+01 1.168164e-12 1.725000e+01 9.732718e-13 1.725000e+01 1.108355e-12 
1.715000e+01 2.355138e-12 1.715000e+01 1.257446e-12 1.715000e+01 1.048792e-12 1.715000e+01 1.194513e-12 
1.705000e+01 2.537934e-12 1.705000e+01 1.354221e-12 1.705000e+01 1.130020e-12 1.705000e+01 1.287232e-12 
1.695000e+01 2.734622e-12 1.695000e+01 1.459112e-12 1.695000e+01 1.217541e-12 1.695000e+01 1.387084e-12 
1.685000e+01 2.945933e-12 1.685000e+01 1.571495e-12 1.685000e+01 1.311795e-12 1.685000e+01 1.494924e-12 
1.675000e+01 3.174793e-12 1.675000e+01 1.693244e-12 1.675000e+01 1.413366e-12 1.675000e+01 1.610752e-12 
1.665000e+01 3.420471e-12 1.665000e+01 1.824358e-12 1.665000e+01 1.522109e-12 1.665000e+01 1.735709e-12 
1.655000e+01 3.685890e-12 1.655000e+01 1.964837e-12 1.655000e+01 1.640658e-12 1.655000e+01 1.870366e-12 
1.645000e+01 3.971051e-12 1.645000e+01 2.116555e-12 1.645000e+01 1.767989e-12 1.645000e+01 2.015295e-12 
1.635000e+01 4.278879e-12 1.635000e+01 2.279511e-12 1.635000e+01 1.904100e-12 1.635000e+01 2.171634e-12 
1.625000e+01 4.610104e-12 1.625000e+01 2.455579e-12 1.625000e+01 2.051920e-12 1.625000e+01 2.339955e-12 
1.615000e+01 4.966921e-12 1.615000e+01 2.645382e-12 1.615000e+01 2.209986e-12 1.615000e+01 2.521115e-12 
1.605000e+01 5.351523e-12 1.605000e+01 2.850169e-12 1.605000e+01 2.381223e-12 1.605000e+01 2.716539e-12 
1.595000e+01 5.765373e-12 1.595000e+01 3.071814e-12 1.595000e+01 2.564169e-12 1.595000e+01 2.927084e-12 
1.585000e+01 6.211393e-12 1.585000e+01 3.310317e-12 1.585000e+01 2.763214e-12 1.585000e+01 3.152463e-12 
1.575000e+01 6.691780e-12 1.575000e+01 3.566926e-12 1.575000e+01 2.976895e-12 1.575000e+01 3.397814e-12 
1.565000e+01 7.210189e-12 1.565000e+01 3.843514e-12 1.565000e+01 3.205211e-12 1.565000e+01 3.660281e-12 
1.555000e+01 7.765156e-12 1.555000e+01 4.141330e-12 1.555000e+01 3.452554e-12 1.555000e+01 3.945572e-12 
1.545000e+01 8.364726e-12 1.545000e+01 4.461623e-12 1.545000e+01 3.718923e-12 1.545000e+01 4.250833e-12 
1.535000e+01 9.008167e-12 1.535000e+01 4.808139e-12 1.535000e+01 4.005782e-12 1.535000e+01 4.578918e-12 
1.525000e+01 9.710101e-12 1.525000e+01 5.182126e-12 1.525000e+01 4.314595e-12 1.525000e+01 4.932678e-12 
1.515000e+01 1.045591e-11 1.515000e+01 5.586706e-12 1.515000e+01 4.646824e-12 1.515000e+01 5.314968e-12 
1.505000e+01 1.126021e-11 1.505000e+01 6.021880e-12 1.505000e+01 5.005398e-12 1.505000e+01 5.725787e-12 
1.495000e+01 1.213031e-11 1.495000e+01 6.487023e-12 1.495000e+01 5.390316e-12 1.495000e+01 6.167987e-12 
1.485000e+01 1.306623e-11 1.485000e+01 6.992748e-12 1.485000e+01 5.805969e-12 1.485000e+01 6.647276e-12 
1.475000e+01 1.407526e-11 1.475000e+01 7.529691e-12 1.475000e+01 6.252357e-12 1.475000e+01 7.160800e-12 
1.465000e+01 1.516472e-11 1.465000e+01 8.104096e-12 1.465000e+01 6.732406e-12 1.465000e+01 7.714264e-12 
1.455000e+01 1.633461e-11 1.455000e+01 8.722204e-12 1.455000e+01 7.249046e-12 1.455000e+01 8.307670e-12 
1.445000e+01 1.759225e-11 1.445000e+01 9.390262e-12 1.445000e+01 7.805202e-12 1.445000e+01 8.949573e-12 
1.435000e+01 1.894493e-11 1.435000e+01 1.010202e-11 1.435000e+01 8.403800e-12 1.435000e+01 9.642830e-12 
1.425000e+01 2.040730e-11 1.425000e+01 1.087622e-11 1.425000e+01 9.047769e-12 1.425000e+01 1.039029e-11 
1.415000e+01 2.197934e-11 1.415000e+01 1.171910e-11 1.415000e+01 9.741500e-12 1.415000e+01 1.119481e-11 
1.405000e+01 2.367568e-11 1.405000e+01 1.262441e-11 1.405000e+01 1.048792e-11 1.405000e+01 1.206210e-11 
1.395000e+01 2.549633e-11 1.395000e+01 1.359215e-11 1.395000e+01 1.129142e-11 1.395000e+01 1.299500e-11 
1.385000e+01 2.745590e-11 1.385000e+01 1.463482e-11 1.385000e+01 1.215346e-11 1.385000e+01 1.400207e-11 
1.375000e+01 2.956901e-11 1.375000e+01 1.574617e-11 1.375000e+01 1.308136e-11 1.375000e+01 1.508618e-11 
1.365000e+01 3.185030e-11 1.365000e+01 1.694492e-11 1.365000e+01 1.407805e-11 1.365000e+01 1.625587e-11 
1.355000e+01 3.429976e-11 1.355000e+01 1.823110e-11 1.355000e+01 1.514792e-11 1.355000e+01 1.751686e-11 
1.345000e+01 3.693933e-11 1.345000e+01 1.961716e-11 1.345000e+01 1.630413e-11 1.345000e+01 1.888055e-11 
1.335000e+01 3.978363e-11 1.335000e+01 2.112809e-11 1.335000e+01 1.753353e-11 1.335000e+01 2.035264e-11 
1.325000e+01 4.285459e-11 1.325000e+01 2.275765e-11 1.325000e+01 1.886537e-11 1.325000e+01 2.194742e-11 
1.315000e+01 4.616685e-11 1.315000e+01 2.449960e-11 1.315000e+01 2.029967e-11 1.315000e+01 2.367058e-11 
1.305000e+01 4.974234e-11 1.305000e+01 2.637889e-11 1.305000e+01 2.182178e-11 1.305000e+01 2.553924e-11 
1.295000e+01 5.359566e-11 1.295000e+01 2.838931e-11 1.295000e+01 2.346097e-11 1.295000e+01 2.757050e-11 
1.285000e+01 5.774878e-11 1.285000e+01 3.054333e-11 1.285000e+01 2.520262e-11 1.285000e+01 2.978436e-11 
1.275000e+01 6.223093e-11 1.275000e+01 3.284719e-11 1.275000e+01 2.704671e-11 1.275000e+01 3.218080e-11 
1.265000e+01 6.709328e-11 1.265000e+01 3.533211e-11 1.265000e+01 2.900789e-11 1.265000e+01 3.483401e-11 
1.255000e+01 7.237973e-11 1.255000e+01 3.801058e-11 1.255000e+01 3.108616e-11 1.255000e+01 3.774397e-11 
1.245000e+01 7.816339e-11 1.245000e+01 4.090757e-11 1.245000e+01 3.329614e-11 1.245000e+01 4.096776e-11 
1.235000e+01 8.445156e-11 1.235000e+01 4.402934e-11 1.235000e+01 3.562321e-11 1.235000e+01 4.456242e-11 
1.225000e+01 9.125155e-11 1.225000e+01 4.741333e-11 1.225000e+01 3.811128e-11 1.225000e+01 4.849944e-11 
1.215000e+01 9.863648e-11 1.215000e+01 5.103458e-11 1.215000e+01 4.078960e-11 1.215000e+01 5.272174e-11 
1.205000e+01 1.064602e-10 1.205000e+01 5.489307e-11 1.205000e+01 4.368746e-11 1.205000e+01 5.711522e-11 
1.195000e+01 1.145763e-10 1.195000e+01 5.898883e-11 1.195000e+01 4.684877e-11 1.195000e+01 6.162281e-11 
1.185000e+01 1.231311e-10 1.185000e+01 6.337178e-11 1.185000e+01 5.030278e-11 1.185000e+01 6.618747e-11 
1.175000e+01 1.322709e-10 1.175000e+01 6.799199e-11 1.175000e+01 5.403488e-11 1.175000e+01 7.103741e-11 
1.165000e+01 1.420687e-10 1.165000e+01 7.298682e-11 1.165000e+01 5.804505e-11 1.165000e+01 7.625824e-11 
1.155000e+01 1.527440e-10 1.155000e+01 7.841867e-11 1.155000e+01 6.237721e-11 1.155000e+01 8.196405e-11 
1.145000e+01 1.642967e-10 1.145000e+01 8.428759e-11 1.145000e+01 6.707526e-11 1.145000e+01 8.815487e-11 
1.135000e+01 1.767999e-10 1.135000e+01 9.065599e-11 1.135000e+01 7.212457e-11 1.135000e+01 9.485919e-11 
1.125000e+01 1.902536e-10 1.125000e+01 9.746142e-11 1.125000e+01 7.755439e-11 1.125000e+01 1.020200e-10 
1.115000e+01 2.045848e-10 1.115000e+01 1.048288e-10 1.115000e+01 8.337939e-11 1.115000e+01 1.096943e-10 
1.105000e+01 2.199396e-10 1.105000e+01 1.126956e-10 1.105000e+01 8.961419e-11 1.105000e+01 1.178822e-10 
1.095000e+01 2.363181e-10 1.095000e+01 1.211868e-10 1.095000e+01 9.630268e-11 1.095000e+01 1.266691e-10 
1.085000e+01 2.539396e-10 1.085000e+01 1.303024e-10 1.085000e+01 1.034742e-10 1.085000e+01 1.360837e-10 
1.075000e+01 2.728041e-10 1.075000e+01 1.401047e-10 1.075000e+01 1.112018e-10 1.075000e+01 1.461830e-10 
1.065000e+01 2.929848e-10 1.065000e+01 1.507187e-10 1.065000e+01 1.194710e-10 1.065000e+01 1.570241e-10 
1.055000e+01 3.147008e-10 1.055000e+01 1.620819e-10 1.055000e+01 1.283694e-10 1.055000e+01 1.686354e-10 
1.045000e+01 3.379524e-10 1.045000e+01 1.742568e-10 1.045000e+01 1.379119e-10 1.045000e+01 1.811026e-10 
1.035000e+01 3.629589e-10 1.035000e+01 1.873682e-10 1.035000e+01 1.481129e-10 1.035000e+01 1.945113e-10 
1.025000e+01 3.900127e-10 1.025000e+01 2.013537e-10 1.025000e+01 1.592361e-10 1.025000e+01 2.089470e-10 
1.015000e+01 4.191869e-10 1.015000e+01 2.164006e-10 1.015000e+01 1.709446e-10 1.015000e+01 2.245239e-10 
1.005000e+01 4.507008e-10 1.005000e+01 2.325713e-10 1.005000e+01 1.836776e-10 1.005000e+01 2.412990e-10 
9.950000e+00 4.846276e-10 9.950000e+00 2.498659e-10 9.950000e+00 1.974351e-10 9.950000e+00 2.594150e-10 
9.850000e+00 5.210405e-10 9.850000e+00 2.684716e-10 9.850000e+00 2.120708e-10 9.850000e+00 2.788147e-10 
9.750000e+00 5.600125e-10 9.750000e+00 2.883884e-10 9.750000e+00 2.278773e-10 9.750000e+00 2.995554e-10 
9.650000e+00 6.016168e-10 9.650000e+00 3.098662e-10 9.650000e+00 2.447083e-10 9.650000e+00 3.218081e-10 
9.550000e+00 6.460727e-10 9.550000e+00 3.329672e-10 9.550000e+00 2.627102e-10 9.550000e+00 3.454871e-10 
9.450000e+00 6.935264e-10 9.450000e+00 3.578164e-10 9.450000e+00 2.821756e-10 9.450000e+00 3.708781e-10 
9.350000e+00 7.443436e-10 9.350000e+00 3.846636e-10 9.350000e+00 3.029583e-10 9.350000e+00 3.979807e-10 
9.250000e+00 7.984510e-10 9.250000e+00 4.136960e-10 9.250000e+00 3.252045e-10 9.250000e+00 4.270804e-10 
9.150000e+00 8.569456e-10 9.150000e+00 4.450385e-10 9.150000e+00 3.492070e-10 9.150000e+00 4.581771e-10 
9.050000e+00 9.183649e-10 9.050000e+00 4.786286e-10 9.050000e+00 3.749658e-10 9.050000e+00 4.915561e-10 
8.950000e+00 9.849026e-10 8.950000e+00 5.146538e-10 8.950000e+00 4.026272e-10 8.950000e+00 5.272174e-10 
8.850000e+00 1.056559e-09 8.850000e+00 5.533012e-10 8.850000e+00 4.323376e-10 8.850000e+00 5.657317e-10 
8.750000e+00 1.134064e-09 8.750000e+00 5.948830e-10 8.750000e+00 4.643897e-10 8.750000e+00 6.073842e-10 
8.650000e+00 1.216687e-09 8.650000e+00 6.399612e-10 8.650000e+00 4.989299e-10 8.650000e+00 6.518895e-10 
8.550000e+00 1.305891e-09 8.550000e+00 6.886608e-10 8.550000e+00 5.359582e-10 8.550000e+00 6.998184e-10 
8.450000e+00 1.400214e-09 8.450000e+00 7.404820e-10 8.450000e+00 5.757672e-10 8.450000e+00 7.511708e-10 
8.350000e+00 1.501117e-09 8.350000e+00 7.972982e-10 8.350000e+00 6.183570e-10 8.350000e+00 8.056612e-10 
8.250000e+00 1.610063e-09 8.250000e+00 8.578604e-10 8.250000e+00 6.643129e-10 8.250000e+00 8.647164e-10 
8.150000e+00 1.728515e-09 8.150000e+00 9.227930e-10 8.150000e+00 7.136351e-10 8.150000e+00 9.289068e-10 
8.050000e+00 1.864515e-09 8.050000e+00 9.933449e-10 8.050000e+00 7.669090e-10 8.050000e+00 9.985177e-10 
7.950000e+00 2.034149e-09 7.950000e+00 1.073886e-09 7.950000e+00 8.239880e-10 7.950000e+00 1.066132e-09 
7.850000e+00 2.246192e-09 7.850000e+00 1.166291e-09 7.850000e+00 8.857505e-10 7.850000e+00 1.131463e-09 
7.750000e+00 2.494063e-09 7.750000e+00 1.269933e-09 7.750000e+00 9.535137e-10 7.750000e+00 1.202786e-09 
7.650000e+00 2.775568e-09 7.650000e+00 1.386063e-09 7.650000e+00 1.028595e-09 7.650000e+00 1.281526e-09 
7.550000e+00 3.092901e-09 7.550000e+00 1.514679e-09 7.550000e+00 1.110701e-09 7.550000e+00 1.366258e-09 
7.450000e+00 3.447524e-09 7.450000e+00 1.654534e-09 7.450000e+00 1.199246e-09 7.450000e+00 1.455554e-09 
7.350000e+00 3.846750e-09 7.350000e+00 1.808125e-09 7.350000e+00 1.295549e-09 7.350000e+00 1.551697e-09 
7.250000e+00 4.297889e-09 7.250000e+00 1.977949e-09 7.250000e+00 1.400926e-09 7.250000e+00 1.655542e-09 
7.150000e+00 4.799481e-09 7.150000e+00 2.165254e-09 7.150000e+00 1.514792e-09 7.150000e+00 1.763668e-09 
7.050000e+00 5.330319e-09 7.050000e+00 2.373788e-09 7.050000e+00 1.637731e-09 7.050000e+00 1.876928e-09 
6.950000e+00 5.832641e-09 6.950000e+00 2.610417e-09 6.950000e+00 1.773843e-09 6.950000e+00 1.999888e-09 
6.850000e+00 6.291093e-09 6.850000e+00 2.875143e-09 6.850000e+00 1.923127e-09 6.850000e+00 2.131693e-09 
6.750000e+00 6.764168e-09 6.750000e+00 3.171087e-09 6.750000e+00 2.085583e-09 6.750000e+00 2.274909e-09 
6.650000e+00 7.305243e-09 6.650000e+00 3.511983e-09 6.650000e+00 2.271455e-09 6.650000e+00 2.439237e-09 
6.550000e+00 7.926017e-09 6.550000e+00 3.906574e-09 6.550000e+00 2.480745e-09 6.550000e+00 2.629525e-09 
6.450000e+00 8.627951e-09 6.450000e+00 4.359229e-09 6.450000e+00 2.714916e-09 6.450000e+00 2.843208e-09 
6.350000e+00 9.410316e-09 6.350000e+00 4.880564e-09 6.350000e+00 2.976895e-09 6.350000e+00 3.081141e-09 
6.250000e+00 1.026580e-08 6.250000e+00 5.464333e-09 6.250000e+00 3.265217e-09 6.250000e+00 3.340755e-09 
6.150000e+00 1.117247e-08 6.150000e+00 6.082442e-09 6.150000e+00 3.571102e-09 6.150000e+00 3.600370e-09 
6.050000e+00 1.207182e-08 6.050000e+00 6.743007e-09 6.050000e+00 3.897478e-09 6.050000e+00 3.868544e-09 
5.950000e+00 1.282494e-08 5.950000e+00 7.230002e-09 5.950000e+00 4.228244e-09 5.950000e+00 4.162393e-09 
5.850000e+00 1.340257e-08 5.850000e+00 7.498474e-09 5.850000e+00 4.559010e-09 5.850000e+00 4.481919e-09 
5.750000e+00 1.394365e-08 5.750000e+00 7.754458e-09 5.750000e+00 4.919048e-09 5.750000e+00 4.829973e-09 
5.650000e+00 1.451397e-08 5.650000e+00 7.985469e-09 5.650000e+00 5.317137e-09 5.650000e+00 5.215116e-09 
5.550000e+00 1.512085e-08 5.550000e+00 8.203991e-09 5.550000e+00 5.754744e-09 5.550000e+00 5.643053e-09 
5.450000e+00 1.577160e-08 5.450000e+00 8.428759e-09 5.450000e+00 6.242112e-09 5.450000e+00 6.110929e-09 
5.350000e+00 1.646622e-08 5.350000e+00 8.678500e-09 5.350000e+00 6.783631e-09 5.350000e+00 6.624453e-09 
5.250000e+00 1.720472e-08 5.250000e+00 8.978189e-09 5.250000e+00 7.385156e-09 5.250000e+00 7.195035e-09 
5.150000e+00 1.800171e-08 5.150000e+00 9.371531e-09 5.150000e+00 8.056935e-09 5.150000e+00 7.819821e-09 
5.050000e+00 1.885719e-08 5.050000e+00 9.852283e-09 5.050000e+00 8.809208e-09 5.050000e+00 8.510225e-09 
4.950000e+00 1.983697e-08 4.950000e+00 1.036425e-08 4.950000e+00 9.472204e-09 4.950000e+00 9.229158e-09 
4.850000e+00 2.094837e-08 4.850000e+00 1.088871e-08 4.850000e+00 1.001372e-08 4.850000e+00 9.973767e-09 
4.750000e+00 2.216214e-08 4.750000e+00 1.145687e-08 4.750000e+00 1.059915e-08 4.750000e+00 1.079826e-08 
4.650000e+00 2.347826e-08 4.650000e+00 1.208122e-08 4.650000e+00 1.123434e-08 4.650000e+00 1.170548e-08 
4.550000e+00 2.490407e-08 4.550000e+00 1.281796e-08 4.550000e+00 1.192221e-08 4.550000e+00 1.270971e-08 
4.450000e+00 2.645418e-08 4.450000e+00 1.360464e-08 4.450000e+00 1.267595e-08 4.450000e+00 1.383375e-08 
4.350000e+00 2.814321e-08 4.350000e+00 1.444127e-08 4.350000e+00 1.349555e-08 4.350000e+00 1.509188e-08 
4.250000e+00 2.997116e-08 4.250000e+00 1.530912e-08 4.250000e+00 1.439857e-08 4.250000e+00 1.650693e-08 
4.150000e+00 3.196729e-08 4.150000e+00 1.612078e-08 4.150000e+00 1.539672e-08 4.150000e+00 1.812453e-08 
4.050000e+00 3.412428e-08 4.050000e+00 1.679508e-08 4.050000e+00 1.650903e-08 4.050000e+00 1.998462e-08 
3.950000e+00 3.640557e-08 3.950000e+00 1.755055e-08 3.950000e+00 1.763598e-08 3.950000e+00 2.166213e-08 
3.850000e+00 3.882578e-08 3.850000e+00 1.853078e-08 3.850000e+00 1.879219e-08 3.850000e+00 2.305435e-08 
3.750000e+00 4.145804e-08 3.750000e+00 1.967959e-08 3.750000e+00 2.005086e-08 3.750000e+00 2.457210e-08 
3.650000e+00 4.436082e-08 3.650000e+00 2.104068e-08 3.650000e+00 2.145589e-08 3.650000e+00 2.622964e-08 
3.550000e+00 4.756341e-08 3.550000e+00 2.271395e-08 3.550000e+00 2.300727e-08 3.550000e+00 2.803267e-08 
3.450000e+00 5.109502e-08 3.450000e+00 2.434350e-08 3.450000e+00 2.473428e-08 3.450000e+00 3.006965e-08 
3.350000e+00 5.500685e-08 3.350000e+00 2.606047e-08 3.350000e+00 2.668082e-08 3.350000e+00 3.232345e-08 
3.250000e+00 5.937932e-08 3.250000e+00 2.796475e-08 3.250000e+00 2.886154e-08 3.250000e+00 3.489107e-08 
3.150000e+00 6.427823e-08 3.150000e+00 2.990024e-08 3.150000e+00 3.133496e-08 3.150000e+00 3.780103e-08 
3.050000e+00 6.951350e-08 3.050000e+00 3.198558e-08 3.050000e+00 3.420355e-08 3.050000e+00 4.111041e-08 
2.950000e+00 7.443435e-08 2.950000e+00 3.393980e-08 2.950000e+00 3.721850e-08 2.950000e+00 4.396332e-08 
2.850000e+00 7.896769e-08 2.850000e+00 3.530714e-08 2.850000e+00 4.040907e-08 2.850000e+00 4.624564e-08 
2.750000e+00 8.357414e-08 2.750000e+00 3.684928e-08 2.750000e+00 4.412653e-08 2.750000e+00 4.878472e-08 
2.650000e+00 8.861930e-08 2.650000e+00 3.890965e-08 2.650000e+00 4.837088e-08 2.650000e+00 5.152352e-08 
2.550000e+00 9.424941e-08 2.550000e+00 4.131341e-08 2.550000e+00 5.320065e-08 2.550000e+00 5.454760e-08 
2.450000e+00 1.003913e-07 2.450000e+00 4.392944e-08 2.450000e+00 5.876220e-08 2.450000e+00 5.788550e-08 
2.350000e+00 1.071913e-07 2.350000e+00 4.663913e-08 2.350000e+00 6.515798e-08 2.350000e+00 6.159429e-08 
2.250000e+00 1.147225e-07 2.250000e+00 4.923644e-08 2.250000e+00 7.259291e-08 2.250000e+00 6.578806e-08 
2.150000e+00 1.229849e-07 2.150000e+00 5.198984e-08 2.150000e+00 8.137432e-08 2.150000e+00 7.040977e-08 
2.050000e+00 1.315397e-07 2.050000e+00 5.489932e-08 2.050000e+00 9.170709e-08 2.050000e+00 7.563060e-08 
1.950000e+00 1.403139e-07 1.950000e+00 5.740921e-08 1.950000e+00 1.012788e-07 1.950000e+00 8.079436e-08 
1.850000e+00 1.497461e-07 1.850000e+00 5.973805e-08 1.850000e+00 1.097821e-07 1.850000e+00 8.561577e-08 
1.750000e+00 1.602020e-07 1.750000e+00 6.268499e-08 1.750000e+00 1.190612e-07 1.750000e+00 9.100776e-08 
1.650000e+00 1.716816e-07 1.650000e+00 6.593162e-08 1.650000e+00 1.288963e-07 1.650000e+00 9.717005e-08 
1.550000e+00 1.846235e-07 1.550000e+00 6.961530e-08 1.550000e+00 1.389510e-07 1.550000e+00 1.042453e-07 
1.450000e+00 1.995396e-07 1.450000e+00 7.379845e-08 1.450000e+00 1.481129e-07 1.450000e+00 1.110637e-07 
1.350000e+00 2.165762e-07 1.350000e+00 7.866841e-08 1.350000e+00 1.557235e-07 1.350000e+00 1.178822e-07 
1.250000e+00 2.363181e-07 1.250000e+00 8.435002e-08 1.250000e+00 1.643585e-07 1.250000e+00 1.254709e-07 
1.150000e+00 2.600084e-07 1.150000e+00 9.078086e-08 1.150000e+00 1.754816e-07 1.150000e+00 1.339440e-07 
1.050000e+00 2.876471e-07 1.050000e+00 9.846040e-08 1.050000e+00 1.902637e-07 1.050000e+00 1.435013e-07 
9.800000e-01 3.092901e-07 9.800000e-01 1.043293e-07 9.800000e-01 2.029967e-07 9.800000e-01 1.513753e-07 
9.400000e-01 3.225245e-07 9.400000e-01 1.077633e-07 9.400000e-01 2.116318e-07 9.400000e-01 1.565391e-07 
9.000000e-01 3.368557e-07 9.000000e-01 1.111347e-07 9.000000e-01 2.218767e-07 9.000000e-01 1.616173e-07 
8.600000e-01 3.523567e-07 8.600000e-01 1.145062e-07 8.600000e-01 2.313899e-07 8.600000e-01 1.679222e-07 
8.200000e-01 3.696126e-07 8.200000e-01 1.181899e-07 8.200000e-01 2.413421e-07 8.200000e-01 1.749688e-07 
7.800000e-01 3.884771e-07 7.800000e-01 1.221858e-07 7.800000e-01 2.527579e-07 7.800000e-01 1.824720e-07 
7.400000e-01 4.091696e-07 7.400000e-01 1.265562e-07 7.400000e-01 2.657837e-07 7.400000e-01 1.906313e-07 
7.050000e-01 4.289846e-07 7.050000e-01 1.307394e-07 7.050000e-01 2.758823e-07 7.050000e-01 1.989618e-07 
6.750000e-01 4.479223e-07 6.750000e-01 1.345480e-07 6.750000e-01 2.852491e-07 6.750000e-01 2.058944e-07 
6.450000e-01 4.685416e-07 6.450000e-01 1.386687e-07 6.450000e-01 2.963722e-07 6.450000e-01 2.127699e-07 
6.150000e-01 4.909158e-07 6.150000e-01 1.431016e-07 6.150000e-01 3.107152e-07 6.150000e-01 2.192745e-07 
5.875000e-01 5.140212e-07 5.875000e-01 1.474721e-07 5.875000e-01 3.238873e-07 5.875000e-01 2.261786e-07 
5.625000e-01 5.356641e-07 5.625000e-01 1.517801e-07 5.625000e-01 3.363276e-07 5.625000e-01 2.331396e-07 
5.375000e-01 5.581114e-07 5.375000e-01 1.564627e-07 5.375000e-01 3.502315e-07 5.375000e-01 2.406428e-07 
5.125000e-01 5.820942e-07 5.125000e-01 1.613951e-07 5.125000e-01 3.644281e-07 5.125000e-01 2.489733e-07 
4.875000e-01 6.054189e-07 4.875000e-01 1.671392e-07 4.875000e-01 3.758439e-07 4.875000e-01 2.591867e-07 
4.625000e-01 6.272813e-07 4.625000e-01 1.737573e-07 4.625000e-01 3.904796e-07 4.625000e-01 2.699992e-07 
4.375000e-01 6.498017e-07 4.375000e-01 1.809373e-07 4.375000e-01 4.065788e-07 4.375000e-01 2.815821e-07 
4.125000e-01 6.746619e-07 4.125000e-01 1.888667e-07 4.125000e-01 4.251661e-07 4.125000e-01 2.947054e-07 
3.900000e-01 6.993027e-07 3.900000e-01 1.967335e-07 3.900000e-01 4.444852e-07 3.900000e-01 3.075435e-07 
3.700000e-01 7.234318e-07 3.700000e-01 2.044130e-07 3.700000e-01 4.646824e-07 3.700000e-01 3.203816e-07 
3.500000e-01 7.501930e-07 3.500000e-01 2.128418e-07 3.500000e-01 4.838551e-07 3.500000e-01 3.343608e-07 
3.300000e-01 7.794404e-07 3.300000e-01 2.220822e-07 3.300000e-01 5.058087e-07 3.300000e-01 3.500519e-07 
3.100000e-01 8.094188e-07 3.100000e-01 2.323840e-07 3.100000e-01 5.311284e-07 3.100000e-01 3.677399e-07 
2.900000e-01 8.364725e-07 2.900000e-01 2.443091e-07 2.900000e-01 5.615705e-07 2.900000e-01 3.865691e-07 
2.750000e-01 8.540209e-07 2.750000e-01 2.546110e-07 2.750000e-01 5.858658e-07 2.750000e-01 4.008336e-07 
2.625000e-01 8.679133e-07 2.625000e-01 2.641011e-07 2.625000e-01 6.076728e-07 2.625000e-01 4.139570e-07 
2.475000e-01 8.854618e-07 2.475000e-01 2.765257e-07 2.475000e-01 6.438230e-07 2.475000e-01 4.313597e-07 
2.350000e-01 9.008167e-07 2.350000e-01 2.878890e-07 2.350000e-01 6.739724e-07 2.350000e-01 4.470507e-07 
2.250000e-01 9.139779e-07 2.250000e-01 2.978786e-07 2.250000e-01 6.981213e-07 2.250000e-01 4.601741e-07 
2.150000e-01 9.286015e-07 2.150000e-01 3.086174e-07 2.150000e-01 7.263682e-07 2.150000e-01 4.738680e-07 
2.050000e-01 9.432252e-07 2.050000e-01 3.202929e-07 2.050000e-01 7.682261e-07 2.050000e-01 4.895590e-07 
1.950000e-01 9.549241e-07 1.950000e-01 3.329048e-07 1.950000e-01 7.998393e-07 1.950000e-01 5.075324e-07 
1.850000e-01 9.636982e-07 1.850000e-01 3.465781e-07 1.850000e-01 8.276471e-07 1.850000e-01 5.283586e-07 
1.750000e-01 9.724724e-07 1.750000e-01 3.616249e-07 1.750000e-01 8.592600e-07 1.750000e-01 5.526083e-07 
1.650000e-01 9.812466e-07 1.650000e-01 3.782328e-07 1.650000e-01 8.851650e-07 1.650000e-01 5.799962e-07 
1.550000e-01 9.892897e-07 1.550000e-01 3.967136e-07 1.550000e-01 9.107776e-07 1.550000e-01 6.119488e-07 
1.462500e-01 9.914833e-07 1.462500e-01 4.146325e-07 1.462500e-01 9.381463e-07 1.462500e-01 6.421895e-07 
1.387500e-01 9.870961e-07 1.387500e-01 4.316773e-07 1.387500e-01 9.712229e-07 1.387500e-01 6.681511e-07 
1.312500e-01 9.797843e-07 1.312500e-01 4.504079e-07 1.312500e-01 9.731255e-07 1.312500e-01 6.912596e-07 
1.237500e-01 9.724724e-07 1.237500e-01 4.711364e-07 1.237500e-01 1.024789e-06 1.237500e-01 7.215004e-07 
1.175000e-01 9.658918e-07 1.175000e-01 4.901167e-07 1.175000e-01 1.062696e-06 1.175000e-01 7.480326e-07 
1.125000e-01 9.600424e-07 1.125000e-01 5.068493e-07 1.125000e-01 1.095919e-06 1.125000e-01 7.711411e-07 
1.075000e-01 9.519994e-07 1.075000e-01 5.248932e-07 1.075000e-01 1.129142e-06 1.075000e-01 7.959613e-07 
1.025000e-01 9.403005e-07 1.025000e-01 5.441856e-07 1.025000e-01 1.232323e-06 1.025000e-01 8.287698e-07 
9.800000e-02 9.234833e-07 9.800000e-02 5.614803e-07 9.800000e-02 1.274327e-06 9.800000e-02 8.558725e-07 
9.400000e-02 9.030102e-07 9.400000e-02 5.762150e-07 9.400000e-02 1.329504e-06 9.400000e-02 8.829751e-07 
9.000000e-02 8.825370e-07 9.000000e-02 5.921359e-07 9.000000e-02 1.374143e-06 9.000000e-02 9.123600e-07 
8.600000e-02 8.657199e-07 8.600000e-02 6.093681e-07 8.600000e-02 1.418050e-06 8.600000e-02 9.440273e-07 
8.200000e-02 8.481715e-07 8.200000e-02 6.287229e-07 8.200000e-02 1.467957e-06 8.200000e-02 9.799741e-07 
7.799999e-02 8.298919e-07 7.799999e-02 6.487022e-07 7.799999e-02 1.520646e-06 7.799999e-02 1.017632e-06 
7.400000e-02 8.086876e-07 7.400000e-02 6.711790e-07 7.400000e-02 1.573334e-06 7.400000e-02 1.059570e-06 
7.050000e-02 7.882145e-07 7.050000e-02 6.930313e-07 7.050000e-02 1.627486e-06 7.050000e-02 1.098655e-06 
6.750000e-02 7.670103e-07 6.750000e-02 7.173809e-07 6.750000e-02 1.678711e-06 6.750000e-02 1.131178e-06 
6.450000e-02 7.450748e-07 6.450000e-02 7.461013e-07 6.450000e-02 1.731399e-06 6.450000e-02 1.163131e-06 
6.150000e-02 7.237973e-07 6.150000e-02 7.773190e-07 6.150000e-02 1.782624e-06 6.150000e-02 1.193371e-06 
5.875000e-02 7.075650e-07 5.875000e-02 8.091608e-07 5.875000e-02 1.734327e-06 5.875000e-02 1.220759e-06 
5.625000e-02 6.918447e-07 5.625000e-02 8.397541e-07 5.625000e-02 1.767988e-06 5.625000e-02 1.252141e-06 
5.375000e-02 6.732726e-07 5.375000e-02 8.734692e-07 5.375000e-02 1.822140e-06 5.375000e-02 1.290370e-06 
5.125000e-02 6.551393e-07 5.125000e-02 9.096816e-07 5.125000e-02 1.882147e-06 5.125000e-02 1.331738e-06 
4.875000e-02 6.326189e-07 4.875000e-02 9.483916e-07 4.875000e-02 1.964106e-06 4.875000e-02 1.385372e-06 
4.625000e-02 6.026404e-07 4.625000e-02 9.895987e-07 4.625000e-02 2.149979e-06 4.625000e-02 1.450989e-06 
4.375000e-02 5.712727e-07 4.375000e-02 1.035176e-06 4.375000e-02 2.265601e-06 4.375000e-02 1.513182e-06 
4.125000e-02 5.426104e-07 4.125000e-02 1.084500e-06 4.125000e-02 2.360733e-06 4.125000e-02 1.576802e-06 
3.900000e-02 5.165803e-07 3.900000e-02 1.133824e-06 3.900000e-02 2.258283e-06 3.900000e-02 1.618740e-06 
3.700000e-02 4.945717e-07 3.700000e-02 1.182524e-06 3.700000e-02 2.332925e-06 3.700000e-02 1.679222e-06 
3.500000e-02 4.735136e-07 3.500000e-02 1.235594e-06 3.500000e-02 2.397322e-06 3.500000e-02 1.744268e-06 
3.300000e-02 4.520169e-07 3.300000e-02 1.295532e-06 3.300000e-02 2.529043e-06 3.300000e-02 1.818729e-06 
3.100000e-02 4.300814e-07 3.100000e-02 1.361713e-06 3.100000e-02 2.634420e-06 3.100000e-02 1.898896e-06 
2.900000e-02 4.083653e-07 2.900000e-02 1.435386e-06 2.900000e-02 2.988603e-06 2.900000e-02 2.018718e-06 
2.750000e-02 3.924986e-07 2.750000e-02 1.495324e-06 2.750000e-02 3.099834e-06 2.750000e-02 2.097173e-06 
2.625000e-02 3.776557e-07 2.625000e-02 1.550892e-06 2.625000e-02 3.225701e-06 2.625000e-02 2.172490e-06 
2.475000e-02 3.598879e-07 2.475000e-02 1.624565e-06 2.475000e-02 3.298879e-06 2.475000e-02 2.268632e-06 
2.350000e-02 3.436557e-07 2.350000e-02 1.690747e-06 2.350000e-02 3.443772e-06 2.350000e-02 2.360782e-06 
2.250000e-02 3.304213e-07 2.250000e-02 1.748811e-06 2.250000e-02 3.610619e-06 2.250000e-02 2.435813e-06 
2.150000e-02 3.182105e-07 2.150000e-02 1.811247e-06 2.150000e-02 3.736486e-06 2.150000e-02 2.515694e-06 
2.050000e-02 3.078278e-07 2.050000e-02 1.879925e-06 2.050000e-02 3.874061e-06 2.050000e-02 2.598429e-06 
1.950000e-02 2.960557e-07 1.950000e-02 1.957970e-06 1.950000e-02 4.097987e-06 1.950000e-02 2.686298e-06 
1.850000e-02 2.847955e-07 1.850000e-02 2.053495e-06 1.850000e-02 4.193119e-06 1.850000e-02 2.783868e-06 
1.750000e-02 2.730235e-07 1.750000e-02 2.162132e-06 1.750000e-02 4.343866e-06 1.750000e-02 2.901408e-06 
1.650000e-02 2.586923e-07 1.650000e-02 2.282633e-06 1.650000e-02 4.567792e-06 1.650000e-02 3.026936e-06 
1.550000e-02 2.437762e-07 1.550000e-02 2.418742e-06 1.550000e-02 4.768301e-06 1.550000e-02 3.169581e-06 
1.462500e-02 2.317117e-07 1.462500e-02 2.554227e-06 1.462500e-02 4.835624e-06 1.462500e-02 3.320785e-06 
1.387500e-02 2.212557e-07 1.387500e-02 2.678472e-06 1.387500e-02 5.024424e-06 1.387500e-02 3.440607e-06 
1.312500e-02 2.107267e-07 1.312500e-02 2.818327e-06 1.312500e-02 5.232251e-06 1.312500e-02 3.571841e-06 
1.237500e-02 2.011482e-07 1.237500e-02 2.974415e-06 1.237500e-02 5.423978e-06 1.237500e-02 3.723045e-06 
1.175000e-02 1.939096e-07 1.175000e-02 3.112398e-06 1.175000e-02 5.803041e-06 1.175000e-02 3.851426e-06 
1.125000e-02 1.874752e-07 1.125000e-02 3.237268e-06 1.125000e-02 6.025504e-06 1.125000e-02 3.959836e-06 
1.075000e-02 1.805289e-07 1.075000e-02 3.378996e-06 1.075000e-02 6.306509e-06 1.075000e-02 4.113893e-06 
1.025000e-02 1.724128e-07 1.025000e-02 3.531963e-06 1.025000e-02 6.502627e-06 1.025000e-02 4.265098e-06 
9.800000e-03 1.651741e-07 9.800000e-03 3.658706e-06 9.800000e-03 6.868519e-06 9.800000e-03 4.396332e-06 
9.400001e-03 1.591784e-07 9.400001e-03 3.771713e-06 9.400001e-03 6.959260e-06 9.400001e-03 4.530418e-06 
9.000000e-03 1.536945e-07 9.000000e-03 3.886594e-06 9.000000e-03 7.184648e-06 9.000000e-03 4.678769e-06 
8.600000e-03 1.469676e-07 8.600000e-03 4.016460e-06 8.600000e-03 7.254900e-06 8.600000e-03 4.824268e-06 
8.200000e-03 1.407526e-07 8.200000e-03 4.150696e-06 8.200000e-03 7.423210e-06 8.200000e-03 4.989736e-06 
7.800000e-03 1.350494e-07 7.800000e-03 4.304286e-06 7.800000e-03 7.241727e-06 7.800000e-03 5.166617e-06 
7.400000e-03 1.288343e-07 7.400000e-03 4.479729e-06 7.400000e-03 7.724705e-06 7.400000e-03 5.372026e-06 
7.050000e-03 1.237892e-07 7.050000e-03 4.652675e-06 7.050000e-03 7.900333e-06 7.050000e-03 5.543201e-06 
6.750000e-03 1.207913e-07 6.750000e-03 4.840605e-06 6.750000e-03 8.154994e-06 6.750000e-03 5.728639e-06 
6.450000e-03 1.169892e-07 6.450000e-03 5.076610e-06 6.450000e-03 8.416971e-06 6.450000e-03 6.028195e-06 
6.150000e-03 1.131139e-07 6.150000e-03 5.340087e-06 6.150000e-03 8.686269e-06 6.150000e-03 6.324897e-06 
5.875000e-03 1.091655e-07 5.875000e-03 5.593574e-06 5.875000e-03 8.396481e-06 5.875000e-03 6.658688e-06 
5.625000e-03 1.063870e-07 5.625000e-03 5.852055e-06 5.625000e-03 8.435999e-06 5.625000e-03 6.949684e-06 
5.375000e-03 1.037548e-07 5.375000e-03 6.106792e-06 5.375000e-03 8.613090e-06 5.375000e-03 7.237828e-06 
5.125000e-03 1.018537e-07 5.125000e-03 6.399614e-06 5.125000e-03 8.959956e-06 5.125000e-03 7.511707e-06 
4.875000e-03 9.958703e-08 4.875000e-03 6.705545e-06 4.875000e-03 9.688812e-06 4.875000e-03 7.856908e-06 
4.625000e-03 9.732036e-08 4.625000e-03 7.011478e-06 4.625000e-03 1.014105e-05 4.625000e-03 8.082288e-06 
4.375000e-03 9.388381e-08 4.375000e-03 7.342386e-06 4.375000e-03 1.042791e-05 4.375000e-03 8.376138e-06 
4.125000e-03 9.030101e-08 4.125000e-03 7.741971e-06 4.125000e-03 1.071770e-05 4.125000e-03 8.669988e-06 
3.900000e-03 8.620639e-08 3.900000e-03 8.129070e-06 3.900000e-03 1.120360e-05 3.900000e-03 8.972396e-06 
3.700000e-03 8.225802e-08 3.700000e-03 8.491194e-06 3.700000e-03 1.155486e-05 3.700000e-03 9.097924e-06 
3.500000e-03 7.809027e-08 3.500000e-03 8.859562e-06 3.500000e-03 1.122116e-05 3.500000e-03 9.246276e-06 
3.300000e-03 7.458060e-08 3.300000e-03 9.296610e-06 3.300000e-03 1.096651e-05 3.300000e-03 9.406038e-06 
3.100000e-03 7.072727e-08 3.100000e-03 9.777359e-06 3.100000e-03 1.129581e-05 3.100000e-03 9.759799e-06 
2.900000e-03 6.634748e-08 2.900000e-03 1.032679e-05 2.900000e-03 1.162365e-05 2.900000e-03 1.037317e-05 
2.750000e-03 6.473157e-08 2.750000e-03 1.077632e-05 2.750000e-03 1.181976e-05 2.750000e-03 1.071838e-05 
2.625000e-03 6.386877e-08 2.625000e-03 1.121337e-05 2.625000e-03 1.220615e-05 2.625000e-03 1.108640e-05 
2.475000e-03 6.231136e-08 2.475000e-03 1.180651e-05 2.475000e-03 1.279304e-05 2.475000e-03 1.167695e-05 
2.350000e-03 6.185071e-08 2.350000e-03 1.237467e-05 2.350000e-03 1.332138e-05 2.350000e-03 1.225895e-05 
2.250000e-03 6.231136e-08 2.250000e-03 1.288664e-05 2.250000e-03 1.391413e-05 2.250000e-03 1.274109e-05 
2.150000e-03 6.207006e-08 2.150000e-03 1.349850e-05 2.150000e-03 1.453029e-05 2.150000e-03 1.343149e-05 
2.050000e-03 6.208469e-08 2.050000e-03 1.412910e-05 2.050000e-03 1.513328e-05 2.050000e-03 1.402775e-05 
1.950000e-03 6.301329e-08 1.950000e-03 1.485959e-05 1.950000e-03 1.579188e-05 1.950000e-03 1.473527e-05 
1.850000e-03 6.509716e-08 1.850000e-03 1.565876e-05 1.850000e-03 1.645049e-05 1.850000e-03 1.553694e-05 
1.750000e-03 6.854835e-08 1.750000e-03 1.653910e-05 1.750000e-03 1.712373e-05 1.750000e-03 1.589355e-05 
1.650000e-03 7.171435e-08 1.650000e-03 1.745690e-05 1.650000e-03 1.792869e-05 1.650000e-03 1.665813e-05 
1.550000e-03 7.465371e-08 1.550000e-03 1.857449e-05 1.550000e-03 1.877756e-05 1.550000e-03 1.769088e-05 
1.462500e-03 7.743220e-08 1.462500e-03 1.959842e-05 1.462500e-03 1.961179e-05 1.462500e-03 1.867229e-05 
1.387500e-03 8.013759e-08 1.387500e-03 2.060987e-05 1.387500e-03 2.043139e-05 1.387500e-03 1.961660e-05 
1.312500e-03 8.328167e-08 1.312500e-03 2.170874e-05 1.312500e-03 2.132417e-05 1.312500e-03 2.060656e-05 
1.237500e-03 8.657199e-08 1.237500e-03 2.247045e-05 1.237500e-03 2.242184e-05 1.237500e-03 2.077488e-05 
1.175000e-03 8.942359e-08 1.175000e-03 2.340698e-05 1.175000e-03 2.366587e-05 1.175000e-03 2.135116e-05 
1.125000e-03 9.183650e-08 1.125000e-03 2.438721e-05 1.125000e-03 2.438302e-05 1.125000e-03 2.217565e-05 
1.075000e-03 9.424941e-08 1.075000e-03 2.546109e-05 1.075000e-03 2.515871e-05 1.075000e-03 2.332823e-05 
1.025000e-03 9.732036e-08 1.025000e-03 2.665361e-05 1.025000e-03 2.597831e-05 1.025000e-03 2.437240e-05 
9.800000e-04 1.006838e-07 9.800000e-04 2.783363e-05 9.800000e-04 2.690035e-05 9.800000e-04 2.571041e-05 
9.400000e-04 1.043397e-07 9.400000e-04 2.935705e-05 9.400000e-04 2.706135e-05 9.400000e-04 2.830941e-05 
9.000000e-04 1.087999e-07 9.000000e-04 3.049962e-05 9.000000e-04 2.811511e-05 9.000000e-04 2.989848e-05 
8.600000e-04 1.140644e-07 8.600000e-04 3.181700e-05 8.600000e-04 2.924206e-05 8.600000e-04 3.081141e-05 
8.200000e-04 1.194021e-07 8.200000e-04 3.303449e-05 8.200000e-04 3.033974e-05 8.200000e-04 3.215227e-05 
7.800000e-04 1.251784e-07 7.800000e-04 3.430192e-05 7.800000e-04 3.174476e-05 7.800000e-04 3.369285e-05 
7.400000e-04 1.310279e-07 7.400000e-04 3.576915e-05 7.400000e-04 3.309124e-05 7.400000e-04 3.537606e-05 
7.050000e-04 1.355612e-07 7.050000e-04 3.719268e-05 7.050000e-04 3.430600e-05 7.050000e-04 3.748721e-05 
6.750000e-04 1.374623e-07 6.750000e-04 3.879102e-05 6.750000e-04 3.538905e-05 6.750000e-04 3.897072e-05 
6.450000e-04 1.351956e-07 6.450000e-04 4.071403e-05 6.450000e-04 3.661844e-05 6.450000e-04 4.225157e-05 
6.150000e-04 1.365849e-07 6.150000e-04 4.269947e-05 6.150000e-04 3.768684e-05 6.150000e-04 4.390625e-05 
5.875000e-04 1.404601e-07 5.875000e-04 4.463496e-05 5.875000e-04 3.887233e-05 5.875000e-04 4.553241e-05 
5.625000e-04 1.440429e-07 5.625000e-04 4.663289e-05 5.625000e-04 3.997000e-05 5.625000e-04 4.715857e-05 
5.375000e-04 1.503311e-07 5.375000e-04 4.887431e-05 5.375000e-04 4.127258e-05 5.375000e-04 4.892737e-05 
5.125000e-04 1.625418e-07 5.125000e-04 5.118442e-05 5.125000e-04 4.494613e-05 5.125000e-04 4.787180e-05 
4.875000e-04 1.724859e-07 4.875000e-04 5.348828e-05 4.875000e-04 4.623407e-05 4.875000e-04 4.827121e-05 
4.625000e-04 1.801633e-07 4.625000e-04 5.505541e-05 4.625000e-04 4.753665e-05 4.625000e-04 4.992590e-05 
4.375000e-04 1.884257e-07 4.375000e-04 5.680359e-05 4.375000e-04 4.880995e-05 4.375000e-04 5.169470e-05 
4.125000e-04 1.973461e-07 4.125000e-04 5.842066e-05 4.125000e-04 4.998080e-05 4.125000e-04 5.317821e-05 
3.900000e-04 2.061934e-07 3.900000e-04 6.007520e-05 3.900000e-04 4.999544e-05 3.900000e-04 5.449055e-05 
3.700000e-04 2.148214e-07 3.700000e-04 6.201694e-05 3.700000e-04 5.151755e-05 3.700000e-04 5.685846e-05 
3.500000e-04 2.243999e-07 3.500000e-04 6.424587e-05 3.500000e-04 5.324456e-05 3.500000e-04 5.979696e-05 
3.300000e-04 2.346364e-07 3.300000e-04 6.680572e-05 3.300000e-04 5.519110e-05 3.300000e-04 6.316338e-05 
3.100000e-04 2.456773e-07 3.100000e-04 6.955287e-05 3.100000e-04 5.728400e-05 3.100000e-04 6.690070e-05 
2.900000e-04 2.573762e-07 2.900000e-04 7.261219e-05 2.900000e-04 5.966961e-05 2.900000e-04 7.135123e-05 
2.750000e-04 2.666622e-07 2.750000e-04 7.542179e-05 2.750000e-04 6.187960e-05 2.750000e-04 7.603000e-05 
2.625000e-04 2.755095e-07 2.625000e-04 7.810650e-05 2.625000e-04 6.389932e-05 2.625000e-04 8.076583e-05 
2.475000e-04 2.884514e-07 2.475000e-04 8.110340e-05 2.475000e-04 6.619712e-05 2.475000e-04 8.592959e-05 
2.350000e-04 3.020514e-07 2.350000e-04 8.385054e-05 2.350000e-04 6.830466e-05 2.350000e-04 9.057984e-05 
2.250000e-04 3.164557e-07 2.250000e-04 8.597334e-05 2.250000e-04 6.992921e-05 2.250000e-04 9.448832e-05 
2.150000e-04 3.322492e-07 2.150000e-04 8.828344e-05 2.150000e-04 7.152450e-05 2.150000e-04 9.888179e-05 
2.050000e-04 3.494320e-07 2.050000e-04 9.090573e-05 2.050000e-04 7.313443e-05 2.050000e-04 1.036747e-04 
1.950000e-04 3.671998e-07 1.950000e-04 9.377775e-05 1.950000e-04 7.481753e-05 1.950000e-04 1.087814e-04 
1.850000e-04 3.835782e-07 1.850000e-04 9.783603e-05 1.850000e-04 7.720314e-05 1.850000e-04 1.150578e-04 
1.750000e-04 4.079997e-07 1.750000e-04 1.017695e-04 1.750000e-04 7.863744e-05 1.750000e-04 1.214483e-04 
1.650000e-04 4.419997e-07 1.650000e-04 1.057029e-04 1.650000e-04 7.824227e-05 1.650000e-04 1.279529e-04 
1.550000e-04 4.784857e-07 1.550000e-04 1.100733e-04 1.550000e-04 7.483217e-05 1.550000e-04 1.351993e-04 
1.462500e-04 5.075136e-07 1.462500e-04 1.142565e-04 1.462500e-04 7.377840e-05 1.462500e-04 1.422175e-04 
1.387500e-04 5.294491e-07 1.387500e-04 1.176280e-04 1.387500e-04 7.609084e-05 1.387500e-04 1.488647e-04 
1.312500e-04 5.518233e-07 1.312500e-04 1.208122e-04 1.312500e-04 7.887161e-05 1.312500e-04 1.562252e-04 
1.237500e-04 5.759524e-07 1.237500e-04 1.246208e-04 1.237500e-04 8.228172e-05 1.237500e-04 1.644416e-04 
1.175000e-04 5.969372e-07 1.175000e-04 1.304272e-04 1.175000e-04 8.594064e-05 1.175000e-04 1.720589e-04 
1.125000e-04 6.128039e-07 1.125000e-04 1.341734e-04 1.125000e-04 9.356581e-05 1.125000e-04 1.786491e-04 
1.075000e-04 6.282318e-07 1.075000e-04 1.380443e-04 1.075000e-04 1.030790e-04 1.075000e-04 1.857814e-04 
1.025000e-04 6.451953e-07 1.025000e-04 1.424148e-04 1.025000e-04 1.105139e-04 1.025000e-04 1.936554e-04 
9.800000e-05 6.637673e-07 9.800000e-05 1.467853e-04 9.800000e-05 1.174220e-04 9.800000e-05 2.034694e-04 
9.400000e-05 6.856296e-07 9.400000e-05 1.483462e-04 9.400000e-05 1.224273e-04 9.400000e-05 2.147384e-04 
9.000000e-05 6.977672e-07 9.000000e-05 1.529039e-04 9.000000e-05 1.292622e-04 9.000000e-05 2.278618e-04 
8.600000e-05 6.968898e-07 8.600000e-05 1.617697e-04 8.600000e-05 1.375167e-04 8.600000e-05 2.443801e-04 
8.200000e-05 7.056640e-07 8.200000e-05 1.671392e-04 8.200000e-05 1.439125e-04 8.200000e-05 2.607843e-04 
7.800000e-05 7.271607e-07 7.800000e-05 1.730081e-04 7.800000e-05 1.503083e-04 7.800000e-05 2.792426e-04 
7.400000e-05 7.516555e-07 7.400000e-05 1.795638e-04 7.400000e-05 1.574798e-04 7.400000e-05 3.001259e-04 
7.050000e-05 7.596984e-07 7.050000e-05 1.858698e-04 7.050000e-05 1.642122e-04 7.050000e-05 3.200963e-04 
6.750000e-05 7.509242e-07 6.750000e-05 1.938614e-04 6.750000e-05 1.699201e-04 6.750000e-05 3.466284e-04 
6.450000e-05 7.560425e-07 6.450000e-05 2.007918e-04 6.450000e-05 1.760671e-04 6.450000e-05 3.657428e-04 
6.150000e-05 7.735908e-07 6.150000e-05 2.082216e-04 6.150000e-05 1.826531e-04 6.150000e-05 3.851426e-04 
5.875000e-05 7.926016e-07 5.875000e-05 2.155889e-04 5.875000e-05 1.890928e-04 5.875000e-05 4.048277e-04 
5.625000e-05 8.174619e-07 5.625000e-05 2.228938e-04 5.625000e-05 1.955325e-04 5.625000e-05 4.242274e-04 
5.375000e-05 8.671823e-07 5.375000e-05 2.288876e-04 5.375000e-05 2.048993e-04 5.375000e-05 4.339273e-04 
5.125000e-05 9.322575e-07 5.125000e-05 2.324464e-04 5.125000e-05 2.148516e-04 5.125000e-05 4.533271e-04 
4.875000e-05 9.783220e-07 4.875000e-05 2.403758e-04 4.875000e-05 2.229012e-04 4.875000e-05 4.775768e-04 
4.625000e-05 1.009763e-06 4.625000e-05 2.495537e-04 4.625000e-05 2.302190e-04 4.625000e-05 5.035383e-04 
4.375000e-05 1.044128e-06 4.375000e-05 2.597306e-04 4.375000e-05 2.382687e-04 4.375000e-05 5.323527e-04 
4.125000e-05 1.082150e-06 4.125000e-05 2.710314e-04 4.125000e-05 2.469037e-04 4.125000e-05 5.648758e-04 
3.900000e-05 1.110666e-06 3.900000e-05 2.818951e-04 3.900000e-05 2.555387e-04 3.900000e-05 5.976844e-04 
3.700000e-05 1.139182e-06 3.700000e-05 2.929462e-04 3.700000e-05 2.637347e-04 3.700000e-05 6.302074e-04 
3.500000e-05 1.175741e-06 3.500000e-05 3.050586e-04 3.500000e-05 2.728088e-04 3.500000e-05 6.667246e-04 
3.300000e-05 1.214494e-06 3.300000e-05 3.184198e-04 3.300000e-05 2.824684e-04 3.300000e-05 7.072359e-04 
3.100000e-05 1.251784e-06 3.100000e-05 3.333418e-04 3.100000e-05 2.930061e-04 3.100000e-05 7.531677e-04 
2.900000e-05 1.294193e-06 2.900000e-05 3.503866e-04 2.900000e-05 3.042755e-04 2.900000e-05 8.133641e-04 
2.750000e-05 1.329289e-06 2.750000e-05 3.648716e-04 2.750000e-05 3.130570e-04 2.750000e-05 8.704223e-04 
2.625000e-05 1.346107e-06 2.625000e-05 3.781703e-04 2.625000e-05 3.211065e-04 2.625000e-05 9.243422e-04 
2.475000e-05 1.357074e-06 2.475000e-05 3.955898e-04 2.475000e-05 3.313515e-04 2.475000e-05 9.970914e-04 
2.350000e-05 1.385590e-06 2.350000e-05 4.115732e-04 2.350000e-05 3.405720e-04 2.350000e-05 1.065276e-03 
2.250000e-05 1.421418e-06 2.250000e-05 4.255587e-04 2.250000e-05 3.486216e-04 2.250000e-05 1.126613e-03 
2.150000e-05 1.450666e-06 2.150000e-05 4.406680e-04 2.150000e-05 3.572566e-04 2.150000e-05 1.194513e-03 
2.050000e-05 1.487225e-06 2.050000e-05 4.570885e-04 2.050000e-05 3.664771e-04 2.050000e-05 1.269829e-03 
1.950000e-05 1.535483e-06 1.950000e-05 4.761312e-04 1.950000e-05 3.733559e-04 1.950000e-05 1.349996e-03 
1.850000e-05 1.581547e-06 1.850000e-05 4.981709e-04 1.850000e-05 3.778930e-04 1.850000e-05 1.435583e-03 
1.750000e-05 1.615182e-06 1.750000e-05 5.225830e-04 1.750000e-05 3.827226e-04 1.750000e-05 1.531727e-03 
1.650000e-05 1.639311e-06 1.650000e-05 5.497424e-04 1.650000e-05 3.878452e-04 1.650000e-05 1.640707e-03 
1.550000e-05 1.691224e-06 1.550000e-05 5.802108e-04 1.550000e-05 3.932604e-04 1.550000e-05 1.764809e-03 
1.462500e-05 1.759956e-06 1.462500e-05 6.099924e-04 1.462500e-05 3.983828e-04 1.462500e-05 1.888340e-03 
1.387500e-05 1.811139e-06 1.387500e-05 6.387127e-04 1.387500e-05 4.030663e-04 1.387500e-05 2.007877e-03 
1.312500e-05 1.857934e-06 1.312500e-05 6.699302e-04 1.312500e-05 4.078961e-04 1.312500e-05 2.142534e-03 
1.237500e-05 1.910579e-06 1.237500e-05 7.048940e-04 1.237500e-05 4.131648e-04 1.237500e-05 2.294594e-03 
1.175000e-05 1.928859e-06 1.175000e-05 7.373603e-04 1.175000e-05 4.178483e-04 1.175000e-05 2.436954e-03 
1.125000e-05 1.958837e-06 1.125000e-05 7.660805e-04 1.125000e-05 4.217999e-04 1.125000e-05 2.564194e-03 
1.075000e-05 2.004171e-06 1.075000e-05 7.972982e-04 1.075000e-05 4.260443e-04 1.075000e-05 2.703986e-03 
1.025000e-05 2.079483e-06 1.025000e-05 8.316375e-04 1.025000e-05 4.302886e-04 1.025000e-05 2.858614e-03 
9.800000e-06 2.173074e-06 9.800000e-06 8.690987e-04 9.800000e-06 4.332157e-04 9.800000e-06 3.004112e-03 
9.400001e-06 2.276171e-06 9.400001e-06 9.109304e-04 9.400001e-06 4.343866e-04 9.400001e-06 3.138199e-03 
8.999999e-06 2.328816e-06 8.999999e-06 9.565081e-04 8.999999e-06 4.355574e-04 8.999999e-06 3.283697e-03 
8.600000e-06 2.339783e-06 8.600000e-06 1.007081e-03 8.600000e-06 4.367283e-04 8.600000e-06 3.443460e-03 
8.200001e-06 2.379998e-06 8.200001e-06 1.063272e-03 8.200001e-06 4.376064e-04 8.200001e-06 3.620340e-03 
7.800000e-06 2.437031e-06 7.800000e-06 1.125083e-03 7.800000e-06 4.386309e-04 7.800000e-06 3.814338e-03 
7.400000e-06 2.499181e-06 7.400000e-06 1.195011e-03 7.400000e-06 4.393627e-04 7.400000e-06 4.034012e-03 
7.050000e-06 2.571568e-06 7.050000e-06 1.264314e-03 7.050000e-06 4.390700e-04 7.050000e-06 4.247980e-03 
6.750000e-06 2.662235e-06 6.750000e-06 1.334241e-03 6.750000e-06 4.374601e-04 6.750000e-06 4.459096e-03 
6.450000e-06 2.744858e-06 6.450000e-06 1.413534e-03 6.450000e-06 4.351184e-04 6.450000e-06 4.701593e-03 
6.150000e-06 2.826019e-06 6.150000e-06 1.500943e-03 6.150000e-06 4.320449e-04 6.150000e-06 4.978325e-03 
5.875000e-06 2.908643e-06 5.875000e-06 1.590226e-03 5.875000e-06 4.273614e-04 5.875000e-06 5.283586e-03 
5.625000e-06 2.996385e-06 5.625000e-06 1.678884e-03 5.625000e-06 4.212145e-04 5.625000e-06 5.651611e-03 
5.375000e-06 3.106062e-06 5.375000e-06 1.773785e-03 5.375000e-06 4.193118e-04 5.375000e-06 6.011078e-03 
5.125000e-06 3.229632e-06 5.125000e-06 1.878677e-03 5.125000e-06 4.198973e-04 5.125000e-06 6.330603e-03 
4.875000e-06 3.347353e-06 4.875000e-06 1.998552e-03 4.875000e-06 4.198973e-04 4.875000e-06 6.658689e-03 
4.625000e-06 3.454837e-06 4.625000e-06 2.135910e-03 4.625000e-06 4.194582e-04 4.625000e-06 7.003889e-03 
4.375000e-06 3.568901e-06 4.375000e-06 2.290125e-03 4.375000e-06 4.190191e-04 4.375000e-06 7.380473e-03 
4.125000e-06 3.707825e-06 4.125000e-06 2.464944e-03 4.125000e-06 4.226780e-04 4.125000e-06 7.665764e-03 
3.900000e-06 3.859180e-06 3.900000e-06 2.640387e-03 3.900000e-06 4.280932e-04 3.900000e-06 7.965321e-03 
3.700000e-06 4.013460e-06 3.700000e-06 2.815830e-03 3.700000e-06 4.321912e-04 3.700000e-06 8.316226e-03 
3.500000e-06 4.181632e-06 3.500000e-06 3.013750e-03 3.500000e-06 4.351184e-04 3.500000e-06 8.735606e-03 
3.300000e-06 4.360040e-06 3.300000e-06 3.239765e-03 3.300000e-06 4.367283e-04 3.300000e-06 9.223452e-03 
3.100000e-06 4.553803e-06 3.100000e-06 3.500120e-03 3.100000e-06 4.376064e-04 3.100000e-06 9.779769e-03 
2.900000e-06 4.784126e-06 2.900000e-06 3.817291e-03 2.900000e-06 4.368746e-04 2.900000e-06 1.044735e-02 
2.750000e-06 4.986663e-06 2.750000e-06 4.098875e-03 2.750000e-06 4.351184e-04 2.750000e-06 1.103505e-02 
2.625000e-06 5.175309e-06 2.625000e-06 4.366097e-03 2.625000e-06 4.333621e-04 2.625000e-06 1.158281e-02 
2.475000e-06 5.416598e-06 2.475000e-06 4.730095e-03 2.475000e-06 4.310204e-04 2.475000e-06 1.231886e-02 
2.350000e-06 5.632298e-06 2.350000e-06 5.075362e-03 2.350000e-06 4.286787e-04 2.350000e-06 1.300070e-02 
2.250000e-06 5.821673e-06 2.250000e-06 5.384415e-03 2.250000e-06 4.267761e-04 2.250000e-06 1.360552e-02 
2.150000e-06 6.024942e-06 2.150000e-06 5.728434e-03 2.150000e-06 4.248734e-04 2.150000e-06 1.426739e-02 
2.050000e-06 6.250146e-06 2.050000e-06 6.113035e-03 2.050000e-06 4.226780e-04 2.050000e-06 1.499774e-02 
1.950000e-06 6.519221e-06 1.950000e-06 6.580676e-03 1.950000e-06 4.188728e-04 1.950000e-06 1.575946e-02 
1.850000e-06 6.841673e-06 1.850000e-06 7.148836e-03 1.850000e-06 4.133112e-04 1.850000e-06 1.655828e-02 
1.750000e-06 7.206533e-06 1.750000e-06 7.804406e-03 1.750000e-06 4.074569e-04 1.750000e-06 1.744553e-02 
1.650000e-06 7.611608e-06 1.650000e-06 8.559873e-03 1.650000e-06 4.014563e-04 1.650000e-06 1.843549e-02 
1.550000e-06 8.064942e-06 1.550000e-06 9.446453e-03 1.550000e-06 3.950166e-04 1.550000e-06 1.955098e-02 
1.462500e-06 8.518274e-06 1.462500e-06 1.035176e-02 1.462500e-06 3.891624e-04 1.462500e-06 2.064079e-02 
1.387500e-06 8.964294e-06 1.387500e-06 1.125083e-02 1.387500e-06 3.840399e-04 1.387500e-06 2.168781e-02 
1.312500e-06 9.446874e-06 1.312500e-06 1.228101e-02 1.312500e-06 3.784784e-04 1.312500e-06 2.285180e-02 
1.237500e-06 9.987949e-06 1.237500e-06 1.347977e-02 1.237500e-06 3.727704e-04 1.237500e-06 2.414986e-02 
1.175000e-06 1.048515e-05 1.175000e-06 1.462234e-02 1.175000e-06 3.679407e-04 1.175000e-06 2.535379e-02 
1.125000e-06 1.093117e-05 1.125000e-06 1.566500e-02 1.125000e-06 3.638427e-04 1.125000e-06 2.640937e-02 
1.075000e-06 1.141376e-05 1.075000e-06 1.683254e-02 1.075000e-06 3.595983e-04 1.075000e-06 2.756195e-02 
1.025000e-06 1.196214e-05 1.025000e-06 1.814993e-02 1.025000e-06 3.552076e-04 1.025000e-06 2.881437e-02 
9.800000e-07 1.253978e-05 9.800000e-07 1.954223e-02 9.800000e-07 3.505242e-04 9.800000e-07 3.006965e-02 
9.399999e-07 1.314666e-05 9.399999e-07 2.100322e-02 9.399999e-07 3.454017e-04 9.399999e-07 3.129640e-02 
9.000000e-07 1.382666e-05 9.000000e-07 2.264526e-02 9.000000e-07 3.402792e-04 9.000000e-07 3.260874e-02 
8.600000e-07 1.457246e-05 8.600000e-07 2.450584e-02 8.600000e-07 3.350104e-04 8.600000e-07 3.406373e-02 
8.200000e-07 1.538408e-05 8.200000e-07 2.660991e-02 8.200000e-07 3.295952e-04 8.200000e-07 3.563282e-02 
7.800000e-07 1.629074e-05 7.800000e-07 2.902615e-02 7.800000e-07 3.238873e-04 7.800000e-07 3.737310e-02 
7.400000e-07 1.733633e-05 7.400000e-07 3.179827e-02 7.400000e-07 3.180330e-04 7.400000e-07 3.928455e-02 
7.050000e-07 1.846967e-05 7.050000e-07 3.463283e-02 7.050000e-07 3.113006e-04 7.050000e-07 4.113893e-02 
6.750000e-07 1.969074e-05 6.750000e-07 3.757353e-02 6.750000e-07 3.035437e-04 6.750000e-07 4.282215e-02 
6.450000e-07 2.110923e-05 6.450000e-07 4.104493e-02 6.450000e-07 2.956405e-04 6.450000e-07 4.467654e-02 
6.150000e-07 2.268859e-05 6.150000e-07 4.502831e-02 6.150000e-07 2.877372e-04 6.150000e-07 4.667358e-02 
5.875000e-07 2.431912e-05 5.875000e-07 4.920522e-02 5.875000e-07 2.801266e-04 5.875000e-07 4.869914e-02 
5.625000e-07 2.597160e-05 5.625000e-07 5.355072e-02 5.625000e-07 2.731016e-04 5.625000e-07 5.069618e-02 
5.375000e-07 2.780686e-05 5.375000e-07 5.850183e-02 5.375000e-07 2.659301e-04 5.375000e-07 5.286438e-02 
5.125000e-07 3.001503e-05 5.125000e-07 6.418344e-02 5.125000e-07 2.586122e-04 5.125000e-07 5.523231e-02 
4.875000e-07 3.298363e-05 4.875000e-07 7.055184e-02 4.875000e-07 2.505626e-04 4.875000e-07 5.797109e-02 
4.625000e-07 3.694664e-05 4.625000e-07 7.766944e-02 4.625000e-07 2.417812e-04 4.625000e-07 6.110929e-02 
4.375000e-07 4.184557e-05 4.375000e-07 8.597335e-02 4.375000e-07 2.328535e-04 4.375000e-07 6.461836e-02 
4.125000e-07 4.773889e-05 4.125000e-07 9.571324e-02 4.125000e-07 2.233403e-04 4.125000e-07 6.858391e-02 
3.900000e-07 5.410018e-05 3.900000e-07 1.060775e-01 3.900000e-07 2.141198e-04 3.900000e-07 7.257799e-02 
3.700000e-07 6.092211e-05 3.700000e-07 1.169412e-01 3.700000e-07 2.048993e-04 3.700000e-07 7.654352e-02 
3.500000e-07 6.922834e-05 3.500000e-07 1.296780e-01 3.500000e-07 1.948007e-04 3.500000e-07 8.105112e-02 
3.300000e-07 7.940640e-05 3.300000e-07 1.448498e-01 3.300000e-07 1.839703e-04 3.300000e-07 8.612930e-02 
3.100000e-07 9.205585e-05 3.100000e-07 1.630184e-01 3.100000e-07 1.734327e-04 3.100000e-07 9.189218e-02 
2.900000e-07 1.082150e-04 2.900000e-07 1.844337e-01 2.900000e-07 1.620168e-04 2.900000e-07 9.839681e-02 
2.750000e-07 1.231311e-04 2.750000e-07 2.032892e-01 2.750000e-07 1.526500e-04 2.750000e-07 1.039029e-01 
2.625000e-07 1.380472e-04 2.625000e-07 2.218325e-01 2.625000e-07 1.455956e-04 2.625000e-07 1.090382e-01 
2.475000e-07 1.588128e-04 2.475000e-07 2.463695e-01 2.475000e-07 1.387022e-04 2.475000e-07 1.155998e-01 
2.350000e-07 1.793590e-04 2.350000e-07 2.691583e-01 2.350000e-07 1.336822e-04 2.350000e-07 1.214768e-01 
2.250000e-07 1.988085e-04 2.250000e-07 2.898244e-01 2.250000e-07 1.297306e-04 2.250000e-07 1.266121e-01 
2.150000e-07 2.214020e-04 2.150000e-07 3.129255e-01 2.150000e-07 1.258521e-04 2.150000e-07 1.322038e-01 
2.050000e-07 2.464085e-04 2.050000e-07 3.389610e-01 2.050000e-07 1.219444e-04 2.050000e-07 1.382805e-01 
1.950000e-07 2.711224e-04 1.950000e-07 3.680558e-01 1.950000e-07 1.178610e-04 1.950000e-07 1.452130e-01 
1.850000e-07 2.947396e-04 1.850000e-07 4.007719e-01 1.850000e-07 1.135874e-04 1.850000e-07 1.532012e-01 
1.750000e-07 3.201116e-04 1.750000e-07 4.384204e-01 1.750000e-07 1.092553e-04 1.750000e-07 1.621308e-01 
1.650000e-07 3.493589e-04 1.650000e-07 4.822499e-01 1.650000e-07 1.048499e-04 1.650000e-07 1.720874e-01 
1.550000e-07 3.826277e-04 1.550000e-07 5.335717e-01 1.550000e-07 1.003568e-04 1.550000e-07 1.833850e-01 
1.462500e-07 4.145804e-04 1.462500e-07 5.859549e-01 1.462500e-07 9.636124e-05 1.462500e-07 1.945113e-01 
1.387500e-07 4.436814e-04 1.387500e-07 6.380882e-01 1.387500e-07 9.286329e-05 1.387500e-07 2.052097e-01 
1.312500e-07 4.758534e-04 1.312500e-07 6.980261e-01 1.312500e-07 8.932147e-05 1.312500e-07 2.171348e-01 
1.237500e-07 5.124857e-04 1.237500e-07 7.679536e-01 1.237500e-07 8.572111e-05 1.237500e-07 2.305150e-01 
1.175000e-07 5.469243e-04 1.175000e-07 8.347593e-01 1.175000e-07 8.266226e-05 1.175000e-07 2.429536e-01 
1.125000e-07 5.777071e-04 1.125000e-07 8.953215e-01 1.125000e-07 8.018882e-05 1.125000e-07 2.539373e-01 
1.075000e-07 6.117802e-04 1.075000e-07 9.640003e-01 1.075000e-07 7.767149e-05 1.075000e-07 2.659196e-01 
1.025000e-07 6.485587e-04 1.025000e-07 1.040796e+00 1.025000e-07 7.512488e-05 1.025000e-07 2.791285e-01 
9.800000e-08 6.818275e-04 9.800000e-08 1.114469e+00 9.800000e-08 7.216847e-05 9.800000e-08 2.924231e-01 
9.400000e-08 7.106361e-04 9.400000e-08 1.181275e+00 9.400000e-08 6.881691e-05 9.400000e-08 3.055464e-01 
9.000000e-08 7.406877e-04 9.000000e-08 1.256197e+00 9.000000e-08 6.549461e-05 9.000000e-08 3.200963e-01 
8.600000e-08 7.735909e-04 8.600000e-08 1.338612e+00 8.600000e-08 6.218694e-05 8.600000e-08 3.357873e-01 
8.200000e-08 8.094188e-04 8.200000e-08 1.431640e+00 8.200000e-08 5.890855e-05 8.200000e-08 3.531900e-01 
7.800000e-08 8.481715e-04 7.800000e-08 1.535907e+00 7.800000e-08 5.564480e-05 7.800000e-08 3.725898e-01 
7.400000e-08 8.905800e-04 7.400000e-08 1.653910e+00 7.400000e-08 5.241032e-05 7.400000e-08 3.939866e-01 
7.050000e-08 9.271391e-04 7.050000e-08 1.773785e+00 7.050000e-08 4.980517e-05 7.050000e-08 4.142422e-01 
6.750000e-08 9.571176e-04 6.750000e-08 1.901153e+00 6.750000e-08 4.781472e-05 6.750000e-08 4.322156e-01 
6.450000e-08 9.870961e-04 6.450000e-08 2.052247e+00 6.450000e-08 4.580964e-05 6.450000e-08 4.510448e-01 
6.150000e-08 1.019268e-03 6.150000e-08 2.223319e+00 6.150000e-08 4.380455e-05 6.150000e-08 4.715857e-01 
5.875000e-08 1.051440e-03 5.875000e-08 2.401259e+00 5.875000e-08 4.196045e-05 5.875000e-08 4.921267e-01 
5.625000e-08 1.082150e-03 5.625000e-08 2.583570e+00 5.625000e-08 4.029199e-05 5.625000e-08 5.123823e-01 
5.375000e-08 1.116515e-03 5.375000e-08 2.788982e+00 5.375000e-08 3.859425e-05 5.375000e-08 5.346351e-01 
5.125000e-08 1.155268e-03 5.125000e-08 3.021866e+00 5.125000e-08 3.691115e-05 5.125000e-08 5.588847e-01 
4.875000e-08 1.202064e-03 4.875000e-08 3.224157e+00 4.875000e-08 3.515487e-05 4.875000e-08 5.857021e-01 
4.625000e-08 1.256171e-03 4.625000e-08 3.376499e+00 4.625000e-08 3.335468e-05 4.625000e-08 6.133752e-01 
4.375000e-08 1.311741e-03 4.375000e-08 3.526343e+00 4.375000e-08 3.155450e-05 4.375000e-08 6.404779e-01 
4.125000e-08 1.365848e-03 4.125000e-08 3.669944e+00 4.125000e-08 2.975431e-05 4.125000e-08 6.667247e-01 
3.900000e-08 1.411913e-03 3.900000e-08 3.794190e+00 3.900000e-08 2.812975e-05 3.900000e-08 6.889774e-01 
3.700000e-08 1.449203e-03 3.700000e-08 3.895960e+00 3.700000e-08 2.669546e-05 3.700000e-08 7.075213e-01 
3.500000e-08 1.484300e-03 3.500000e-08 3.988988e+00 3.500000e-08 2.524652e-05 3.500000e-08 7.246386e-01 
3.300000e-08 1.514279e-03 3.300000e-08 4.070778e+00 3.300000e-08 2.379759e-05 3.300000e-08 7.394738e-01 
3.100000e-08 1.539139e-03 3.100000e-08 4.139458e+00 3.100000e-08 2.236330e-05 3.100000e-08 7.517413e-01 
2.900000e-08 1.558881e-03 2.900000e-08 4.191278e+00 2.900000e-08 2.091437e-05 2.900000e-08 7.611559e-01 
2.750000e-08 1.570579e-03 2.750000e-08 4.219998e+00 2.750000e-08 1.983133e-05 2.750000e-08 7.662911e-01 
2.625000e-08 1.574967e-03 2.625000e-08 4.232485e+00 2.625000e-08 1.892392e-05 2.625000e-08 7.685735e-01 
2.475000e-08 1.574967e-03 2.475000e-08 4.234983e+00 2.475000e-08 1.784088e-05 2.475000e-08 7.688587e-01 
2.350000e-08 1.572042e-03 2.350000e-08 4.226243e+00 2.350000e-08 1.694810e-05 2.350000e-08 7.674323e-01 
2.250000e-08 1.566192e-03 2.250000e-08 4.210009e+00 2.250000e-08 1.621632e-05 2.250000e-08 7.642941e-01 
2.150000e-08 1.556687e-03 2.150000e-08 4.185659e+00 2.150000e-08 1.549917e-05 2.150000e-08 7.600148e-01 
2.050000e-08 1.544257e-03 2.050000e-08 4.152568e+00 2.050000e-08 1.476739e-05 2.050000e-08 7.537383e-01 
1.950000e-08 1.528171e-03 1.950000e-08 4.110113e+00 1.950000e-08 1.405317e-05 1.950000e-08 7.460355e-01 
1.850000e-08 1.508429e-03 1.850000e-08 4.057043e+00 1.850000e-08 1.333017e-05 1.850000e-08 7.363356e-01 
1.750000e-08 1.484300e-03 1.750000e-08 3.992734e+00 1.750000e-08 1.260863e-05 1.750000e-08 7.246386e-01 
1.650000e-08 1.455784e-03 1.650000e-08 3.917187e+00 1.650000e-08 1.188709e-05 1.650000e-08 7.109447e-01 
1.550000e-08 1.422881e-03 1.550000e-08 3.828530e+00 1.550000e-08 1.116555e-05 1.550000e-08 6.946831e-01 
1.462500e-08 1.389977e-03 1.462500e-08 3.740496e+00 1.462500e-08 1.053475e-05 1.462500e-08 6.787068e-01 
1.387500e-08 1.358537e-03 1.387500e-08 3.655584e+00 1.387500e-08 9.994696e-06 1.387500e-08 6.633011e-01 
1.312500e-08 1.323440e-03 1.312500e-08 3.562555e+00 1.312500e-08 9.453178e-06 1.312500e-08 6.464690e-01 
1.237500e-08 1.285418e-03 1.237500e-08 3.460162e+00 1.237500e-08 8.913121e-06 1.237500e-08 6.279250e-01 
1.175000e-08 1.251784e-03 1.175000e-08 3.368382e+00 1.175000e-08 8.462343e-06 1.175000e-08 6.110929e-01 
1.125000e-08 1.222537e-03 1.125000e-08 3.289713e+00 1.125000e-08 8.102304e-06 1.125000e-08 5.968285e-01 
1.075000e-08 1.191827e-03 1.075000e-08 3.206675e+00 1.075000e-08 7.740805e-06 1.075000e-08 5.817080e-01 
1.025000e-08 1.158924e-03 1.025000e-08 3.118641e+00 1.025000e-08 7.380766e-06 1.025000e-08 5.657318e-01 
9.800000e-09 1.127483e-03 9.800000e-09 3.035602e+00 9.800000e-09 7.057318e-06 9.800000e-09 5.506113e-01 
9.400000e-09 1.098967e-03 9.400000e-09 2.958182e+00 9.400000e-09 6.768996e-06 9.400000e-09 5.366320e-01 
9.000000e-09 1.068989e-03 9.000000e-09 2.877641e+00 9.000000e-09 6.480673e-06 9.000000e-09 5.220822e-01 
8.600000e-09 1.037548e-03 8.600000e-09 2.793353e+00 8.600000e-09 6.192351e-06 8.600000e-09 5.066765e-01 
8.200000e-09 1.005376e-03 8.200000e-09 2.705944e+00 8.200000e-09 5.904028e-06 8.200000e-09 4.909855e-01 
7.800000e-09 9.717413e-04 7.800000e-09 2.615413e+00 7.800000e-09 5.615705e-06 7.800000e-09 4.744386e-01 
7.400000e-09 9.366446e-04 7.400000e-09 2.520511e+00 7.400000e-09 5.328846e-06 7.400000e-09 4.573212e-01 
7.050000e-09 9.044725e-04 7.050000e-09 2.434975e+00 7.050000e-09 5.075649e-06 7.050000e-09 4.416301e-01 
6.750000e-09 8.766876e-04 6.750000e-09 2.359428e+00 6.750000e-09 4.860505e-06 6.750000e-09 4.279363e-01 
6.450000e-09 8.474403e-04 6.450000e-09 2.281384e+00 6.450000e-09 4.643897e-06 6.450000e-09 4.139569e-01 
6.150000e-09 8.181931e-04 6.150000e-09 2.201467e+00 6.150000e-09 4.428753e-06 6.150000e-09 3.994071e-01 
5.875000e-09 7.904081e-04 5.875000e-09 2.125920e+00 5.875000e-09 4.229708e-06 5.875000e-09 3.857132e-01 
5.625000e-09 7.640855e-04 5.625000e-09 2.055993e+00 5.625000e-09 4.049689e-06 5.625000e-09 3.728751e-01 
5.375000e-09 7.370317e-04 5.375000e-09 1.984192e+00 5.375000e-09 3.869670e-06 5.375000e-09 3.597517e-01 
5.125000e-09 7.098318e-04 5.125000e-09 1.910519e+00 5.125000e-09 3.689652e-06 5.125000e-09 3.466283e-01 
4.875000e-09 6.819006e-04 4.875000e-09 1.835596e+00 4.875000e-09 3.509633e-06 4.875000e-09 3.329344e-01 
4.625000e-09 6.533845e-04 4.625000e-09 1.758801e+00 4.625000e-09 3.329614e-06 4.625000e-09 3.189551e-01 
4.375000e-09 6.242103e-04 4.375000e-09 1.680133e+00 4.375000e-09 3.149595e-06 4.375000e-09 3.046906e-01 
4.125000e-09 5.943781e-04 4.125000e-09 1.599591e+00 4.125000e-09 2.969577e-06 4.125000e-09 2.901407e-01 
3.900000e-09 5.670318e-04 3.900000e-09 1.525918e+00 3.900000e-09 2.808584e-06 3.900000e-09 2.768463e-01 
3.700000e-09 5.422448e-04 3.700000e-09 1.459112e+00 3.700000e-09 2.663691e-06 3.700000e-09 2.647213e-01 
3.500000e-09 5.169459e-04 3.500000e-09 1.391682e+00 3.500000e-09 2.520262e-06 3.500000e-09 2.523968e-01 
3.300000e-09 4.912814e-04 3.300000e-09 1.322379e+00 3.300000e-09 2.375369e-06 3.300000e-09 2.398725e-01 
3.100000e-09 4.651782e-04 3.100000e-09 1.251827e+00 3.100000e-09 2.231939e-06 3.100000e-09 2.271200e-01 
2.900000e-09 4.386363e-04 2.900000e-09 1.180651e+00 2.900000e-09 2.088510e-06 2.900000e-09 2.141678e-01 
2.750000e-09 4.184556e-04 2.750000e-09 1.126332e+00 2.750000e-09 1.980206e-06 2.750000e-09 2.042968e-01 
2.625000e-09 4.014191e-04 2.625000e-09 1.080130e+00 2.625000e-09 1.889465e-06 2.625000e-09 1.959663e-01 
2.475000e-09 3.807266e-04 2.475000e-09 1.024562e+00 2.475000e-09 1.782624e-06 2.475000e-09 1.858670e-01 
2.350000e-09 3.633245e-04 2.350000e-09 9.777360e-01 2.350000e-09 1.691883e-06 2.350000e-09 1.773653e-01 
2.250000e-09 3.492126e-04 2.250000e-09 9.396507e-01 2.250000e-09 1.620168e-06 2.250000e-09 1.704898e-01 
2.150000e-09 3.350278e-04 2.150000e-09 9.015650e-01 2.150000e-09 1.548454e-06 2.150000e-09 1.635572e-01 
2.050000e-09 3.206965e-04 2.050000e-09 8.628552e-01 2.050000e-09 1.475275e-06 2.050000e-09 1.565676e-01 
1.950000e-09 3.062922e-04 1.950000e-09 8.241453e-01 1.950000e-09 1.403999e-06 1.950000e-09 1.495209e-01 
1.850000e-09 2.917417e-04 1.850000e-09 7.854354e-01 1.850000e-09 1.331992e-06 1.850000e-09 1.424172e-01 
1.750000e-09 2.770450e-04 1.750000e-09 7.454769e-01 1.750000e-09 1.259985e-06 1.750000e-09 1.352564e-01 
1.650000e-09 2.622751e-04 1.650000e-09 7.055183e-01 1.650000e-09 1.187977e-06 1.650000e-09 1.280385e-01 
1.550000e-09 2.473590e-04 1.550000e-09 6.655598e-01 1.550000e-09 1.115969e-06 1.550000e-09 1.207636e-01 
1.462500e-09 2.341977e-04 1.462500e-09 6.305960e-01 1.462500e-09 1.053036e-06 1.462500e-09 1.143446e-01 
1.387500e-09 2.228644e-04 1.387500e-09 5.997531e-01 1.387500e-09 9.990307e-07 1.387500e-09 1.087814e-01 
1.312500e-09 2.114579e-04 1.312500e-09 5.690349e-01 1.312500e-09 9.450250e-07 1.312500e-09 1.032182e-01 
1.237500e-09 1.999783e-04 1.237500e-09 5.380670e-01 1.237500e-09 8.910194e-07 1.237500e-09 9.759799e-02 
1.175000e-09 1.903268e-04 1.175000e-09 5.121564e-01 1.175000e-09 8.459415e-07 1.175000e-09 9.291922e-02 
1.125000e-09 1.825762e-04 1.125000e-09 4.913655e-01 1.125000e-09 8.099377e-07 1.125000e-09 8.912485e-02 
1.075000e-09 1.748257e-04 1.075000e-09 4.704496e-01 1.075000e-09 7.739341e-07 1.075000e-09 8.533048e-02 
1.025000e-09 1.670020e-04 1.025000e-09 4.494714e-01 1.025000e-09 7.379303e-07 1.025000e-09 8.153611e-02 
9.800000e-10 1.599827e-04 9.800000e-10 4.304910e-01 9.800000e-10 7.055855e-07 9.800000e-10 7.808410e-02 
9.400000e-10 1.536945e-04 9.400000e-10 4.135711e-01 9.400000e-10 6.767533e-07 9.400000e-10 7.503148e-02 
9.000000e-10 1.473332e-04 9.000000e-10 3.965887e-01 9.000000e-10 6.479210e-07 9.000000e-10 7.195035e-02 
8.600000e-10 1.410451e-04 8.600000e-10 3.796063e-01 8.600000e-10 6.192351e-07 8.600000e-10 6.886920e-02 
8.200000e-10 1.346838e-04 8.200000e-10 3.624991e-01 8.200000e-10 5.904028e-07 8.200000e-10 6.575954e-02 
7.800000e-10 1.283225e-04 7.800000e-10 3.453918e-01 7.800000e-10 5.615705e-07 7.800000e-10 6.264986e-02 
7.400000e-10 1.219612e-04 7.400000e-10 3.281597e-01 7.400000e-10 5.327383e-07 7.400000e-10 5.954019e-02 
7.050000e-10 1.163311e-04 7.050000e-10 3.131128e-01 7.050000e-10 5.075648e-07 7.050000e-10 5.680140e-02 
6.750000e-10 1.115053e-04 6.750000e-10 3.001263e-01 6.750000e-10 4.860505e-07 6.750000e-10 5.443348e-02 
6.450000e-10 1.066795e-04 6.450000e-10 2.871397e-01 6.450000e-10 4.643897e-07 6.450000e-10 5.209411e-02 
6.150000e-10 1.018537e-04 6.150000e-10 2.740907e-01 6.150000e-10 4.427289e-07 6.150000e-10 4.972619e-02 
5.875000e-10 9.739347e-05 5.875000e-10 2.621032e-01 5.875000e-10 4.229707e-07 5.875000e-10 4.755798e-02 
5.625000e-10 9.337198e-05 5.625000e-10 2.512395e-01 5.625000e-10 4.049689e-07 5.625000e-10 4.556094e-02 
5.375000e-10 8.927736e-05 5.375000e-10 2.403133e-01 5.375000e-10 3.869670e-07 5.375000e-10 4.359244e-02 
5.125000e-10 8.518273e-05 5.125000e-10 2.293247e-01 5.125000e-10 3.689651e-07 5.125000e-10 4.159540e-02 
4.875000e-10 8.116124e-05 4.875000e-10 2.183985e-01 4.875000e-10 3.509633e-07 4.875000e-10 3.959837e-02 
4.625000e-10 7.706662e-05 4.625000e-10 2.073475e-01 4.625000e-10 3.329614e-07 4.625000e-10 3.762986e-02 
4.375000e-10 7.296468e-05 4.375000e-10 1.963589e-01 4.375000e-10 3.149595e-07 4.375000e-10 3.563282e-02 
4.125000e-10 6.886275e-05 4.125000e-10 1.853078e-01 4.125000e-10 2.969577e-07 4.125000e-10 3.360726e-02 
3.900000e-10 6.517029e-05 3.900000e-10 1.753806e-01 3.900000e-10 2.808584e-07 3.900000e-10 3.180993e-02 
3.700000e-10 6.187265e-05 3.700000e-10 1.665148e-01 3.700000e-10 2.663691e-07 3.700000e-10 3.021230e-02 
3.500000e-10 5.857501e-05 3.500000e-10 1.576490e-01 3.500000e-10 2.520262e-07 3.500000e-10 2.858614e-02 
3.300000e-10 5.527007e-05 3.300000e-10 1.487208e-01 3.300000e-10 2.375369e-07 3.300000e-10 2.697995e-02 
3.100000e-10 5.195781e-05 3.100000e-10 1.398550e-01 3.100000e-10 2.231939e-07 3.100000e-10 2.536521e-02 
2.900000e-10 4.864556e-05 2.900000e-10 1.309267e-01 2.900000e-10 2.088509e-07 2.900000e-10 2.374761e-02 
2.750000e-10 4.615954e-05 2.750000e-10 1.242462e-01 2.750000e-10 1.980205e-07 2.750000e-10 2.253227e-02 
2.625000e-10 4.408298e-05 2.625000e-10 1.186270e-01 2.625000e-10 1.889465e-07 2.625000e-10 2.151949e-02 
2.475000e-10 4.158964e-05 2.475000e-10 1.119464e-01 2.475000e-10 1.782624e-07 2.475000e-10 2.030130e-02 
2.350000e-10 3.950578e-05 2.350000e-10 1.063272e-01 2.350000e-10 1.691883e-07 2.350000e-10 1.928566e-02 
2.250000e-10 3.784600e-05 2.250000e-10 1.018319e-01 2.250000e-10 1.620168e-07 2.250000e-10 1.847258e-02 
2.150000e-10 3.617890e-05 2.150000e-10 9.733656e-02 2.150000e-10 1.548454e-07 2.150000e-10 1.765950e-02 
2.050000e-10 3.450449e-05 2.050000e-10 9.284122e-02 2.050000e-10 1.475275e-07 2.050000e-10 1.684357e-02 
1.950000e-10 3.283740e-05 1.950000e-10 8.834589e-02 1.950000e-10 1.403999e-07 1.950000e-10 1.602764e-02 
1.850000e-10 3.116299e-05 1.850000e-10 8.385055e-02 1.850000e-10 1.331992e-07 1.850000e-10 1.521171e-02 
1.750000e-10 2.949590e-05 1.750000e-10 7.935521e-02 1.750000e-10 1.259985e-07 1.750000e-10 1.439578e-02 
1.650000e-10 2.781417e-05 1.650000e-10 7.485987e-02 1.650000e-10 1.187977e-07 1.650000e-10 1.357984e-02 
1.550000e-10 2.613977e-05 1.550000e-10 7.036453e-02 1.550000e-10 1.115969e-07 1.550000e-10 1.276106e-02 
1.462500e-10 2.467009e-05 1.462500e-10 6.643111e-02 1.462500e-10 1.053036e-07 1.462500e-10 1.204498e-02 
1.387500e-10 2.341246e-05 1.387500e-10 6.299717e-02 1.387500e-10 9.990306e-08 1.387500e-10 1.143160e-02 
1.312500e-10 2.215483e-05 1.312500e-10 5.962566e-02 1.312500e-10 9.450250e-08 1.312500e-10 1.081537e-02 
1.237500e-10 2.089719e-05 1.237500e-10 5.623543e-02 1.237500e-10 8.910194e-08 1.237500e-10 1.020200e-02 
1.175000e-10 1.984429e-05 1.175000e-10 5.340711e-02 1.175000e-10 8.459416e-08 1.175000e-10 9.688475e-03 
1.125000e-10 1.900343e-05 1.125000e-10 5.114696e-02 1.125000e-10 8.099377e-08 1.125000e-10 9.277657e-03 
1.075000e-10 1.816257e-05 1.075000e-10 4.888055e-02 1.075000e-10 7.739340e-08 1.075000e-10 8.866839e-03 
1.025000e-10 1.732171e-05 1.025000e-10 4.662041e-02 1.025000e-10 7.379303e-08 1.025000e-10 8.456020e-03 
