    19.95000     
    19.85000     
    19.75000     
    19.65000     
    19.55000     
    19.45000     
    19.35000     
    19.25000     
    19.15000     
    19.05000     
    18.95000     
    18.85000     
    18.75000     
    18.65000     
    18.55000     
    18.45000     
    18.35000     
    18.25000     
    18.15000     
    18.05000     
    17.95000     
    17.85000     
    17.75000     
    17.65000     
    17.55000     
    17.45000     
    17.35000     
    17.25000     
    17.15000     
    17.05000     
    16.95000     
    16.85000     
    16.75000     
    16.65000     
    16.55000     
    16.45000     
    16.35000     
    16.25000     
    16.15000     
    16.05000     
    15.95000     
    15.85000     
    15.75000     
    15.65000     
    15.55000     
    15.45000     
    15.35000     
    15.25000     
    15.15000     
    15.05000     
    14.95000     
    14.85000     
    14.75000     
    14.65000     
    14.55000     
    14.45000     
    14.35000     
    14.25000     
    14.15000     
    14.05000     
    13.95000     
    13.85000     
    13.75000     
    13.65000     
    13.55000     
    13.45000     
    13.35000     
    13.25000     
    13.15000     
    13.05000     
    12.95000     
    12.85000     
    12.75000     
    12.65000     
    12.55000     
    12.45000     
    12.35000     
    12.25000     
    12.15000     
    12.05000     
    11.95000     
    11.85000     
    11.75000     
    11.65000     
    11.55000     
    11.45000     
    11.35000     
    11.25000     
    11.15000     
    11.05000     
    10.95000     
    10.85000     
    10.75000     
    10.65000     
    10.55000     
    10.45000     
    10.35000     
    10.25000     
    10.15000     
    10.05000     
    9.950000     
    9.850000     
    9.750000     
    9.650000     
    9.550000     
    9.450000     
    9.350000     
    9.250000     
    9.150000     
    9.050000     
    8.950000     
    8.850000     
    8.750000     
    8.650000     
    8.550000     
    8.450000     
    8.350000     
    8.250000     
    8.149995     
    8.049990     
    7.949990     
    7.849990     
    7.749995     
    7.650000     
    7.550000     
    7.450000     
    7.350000     
    7.250000     
    7.150000     
    7.050000     
    6.950000     
    6.850000     
    6.750000     
    6.650000     
    6.550000     
    6.450000     
    6.350000     
    6.250000     
    6.150000     
    6.050000     
    5.950000     
    5.850000     
    5.750000     
    5.650000     
    5.550000     
    5.450000     
    5.350000     
    5.250000     
    5.150000     
    5.050000     
    4.950000     
    4.850000     
    4.750000     
    4.650000     
    4.550000     
    4.450000     
    4.350000     
    4.250000     
    4.150000     
    4.050000     
    3.950000     
    3.850000     
    3.750000     
    3.650000     
    3.550000     
    3.450000     
    3.350000     
    3.250000     
    3.150000     
    3.050000     
    2.950000     
    2.850000     
    2.750000     
    2.650000     
    2.550000     
    2.450000     
    2.350000     
    2.250000     
    2.150000     
    2.050000     
    1.950000     
    1.850000     
    1.750000     
    1.650000     
    1.550000     
    1.450000     
    1.350000     
    1.250000     
    1.150000     
    1.050000     
   0.9800000     
   0.9400000     
   0.9000000     
   0.8600000     
   0.8200000     
   0.7800000     
   0.7400000     
   0.7050000     
   0.6750000     
   0.6450000     
   0.6150000     
   0.5875000     
   0.5625000     
   0.5375000     
   0.5125000     
   0.4875000     
   0.4625000     
   0.4375000     
   0.4125000     
   0.3900000     
   0.3700000     
   0.3500000     
   0.3300000     
   0.3100000     
   0.2900000     
   0.2750000     
   0.2625000     
   0.2475000     
   0.2350000     
   0.2250000     
   0.2150000     
   0.2050000     
   0.1950000     
   0.1850000     
   0.1750000     
   0.1650000     
   0.1550000     
   0.1462500     
   0.1387500     
   0.1312500     
   0.1237500     
   0.1175000     
   0.1125000     
   0.1075000     
   0.1025000     
   0.9800000E-01 
   0.9400000E-01 
   0.9000000E-01 
   0.8600000E-01 
   0.8200000E-01 
   0.7799999E-01 
   0.7400000E-01 
   0.7050000E-01 
   0.6750000E-01 
   0.6450000E-01 
   0.6150000E-01 
   0.5875000E-01 
   0.5625000E-01 
   0.5375000E-01 
   0.5125000E-01 
   0.4875000E-01 
   0.4625000E-01 
   0.4375000E-01 
   0.4125000E-01 
   0.3900000E-01 
   0.3700000E-01 
   0.3500000E-01 
   0.3300000E-01 
   0.3100000E-01 
   0.2900000E-01 
   0.2750000E-01 
   0.2625000E-01 
   0.2475000E-01 
   0.2350000E-01 
   0.2250000E-01 
   0.2150000E-01 
   0.2050000E-01 
   0.1950000E-01 
   0.1850000E-01 
   0.1750000E-01 
   0.1650000E-01 
   0.1550000E-01 
   0.1462500E-01 
   0.1387500E-01 
   0.1312500E-01 
   0.1237500E-01 
   0.1175000E-01 
   0.1125000E-01 
   0.1075000E-01 
   0.1025000E-01 
   0.9800000E-02 
   0.9400001E-02 
   0.9000000E-02 
   0.8600000E-02 
   0.8200000E-02 
   0.7800000E-02 
   0.7400000E-02 
   0.7050000E-02 
   0.6750000E-02 
   0.6450000E-02 
   0.6150000E-02 
   0.5875000E-02 
   0.5625000E-02 
   0.5375000E-02 
   0.5125000E-02 
   0.4875000E-02 
   0.4625000E-02 
   0.4375000E-02 
   0.4125000E-02 
   0.3900000E-02 
   0.3700000E-02 
   0.3500000E-02 
   0.3300000E-02 
   0.3100000E-02 
   0.2900000E-02 
   0.2750000E-02 
   0.2625000E-02 
   0.2475000E-02 
   0.2350000E-02 
   0.2250000E-02 
   0.2150000E-02 
   0.2050000E-02 
   0.1950000E-02 
   0.1850000E-02 
   0.1750000E-02 
   0.1650000E-02 
   0.1550000E-02 
   0.1462500E-02 
   0.1387500E-02 
   0.1312500E-02 
   0.1237500E-02 
   0.1175000E-02 
   0.1125000E-02 
   0.1075000E-02 
   0.1025000E-02 
   0.9800000E-03 
   0.9400000E-03 
   0.9000000E-03 
   0.8600000E-03 
   0.8200000E-03 
   0.7800000E-03 
   0.7400000E-03 
   0.7050000E-03 
   0.6750000E-03 
   0.6450000E-03 
   0.6150000E-03 
   0.5875000E-03 
   0.5625000E-03 
   0.5375000E-03 
   0.5125000E-03 
   0.4875000E-03 
   0.4625000E-03 
   0.4375000E-03 
   0.4125000E-03 
   0.3900000E-03 
   0.3700000E-03 
   0.3500000E-03 
   0.3300000E-03 
   0.3100000E-03 
   0.2900000E-03 
   0.2750000E-03 
   0.2625000E-03 
   0.2475000E-03 
   0.2350000E-03 
   0.2250000E-03 
   0.2150000E-03 
   0.2050000E-03 
   0.1950000E-03 
   0.1850000E-03 
   0.1750000E-03 
   0.1650000E-03 
   0.1550000E-03 
   0.1462500E-03 
   0.1387500E-03 
   0.1312500E-03 
   0.1237500E-03 
   0.1175000E-03 
   0.1125000E-03 
   0.1075000E-03 
   0.1025000E-03 
   0.9800000E-04 
   0.9400000E-04 
   0.9000000E-04 
   0.8600000E-04 
   0.8200000E-04 
   0.7800000E-04 
   0.7400000E-04 
   0.7050000E-04 
   0.6750000E-04 
   0.6450000E-04 
   0.6150000E-04 
   0.5875000E-04 
   0.5625000E-04 
   0.5375000E-04 
   0.5125000E-04 
   0.4875000E-04 
   0.4625000E-04 
   0.4375000E-04 
   0.4125000E-04 
   0.3900000E-04 
   0.3700000E-04 
   0.3500000E-04 
   0.3300000E-04 
   0.3100000E-04 
   0.2900000E-04 
   0.2750000E-04 
   0.2625000E-04 
   0.2475000E-04 
   0.2350000E-04 
   0.2250000E-04 
   0.2150000E-04 
   0.2050000E-04 
   0.1950000E-04 
   0.1850000E-04 
   0.1750000E-04 
   0.1650000E-04 
   0.1550000E-04 
   0.1462500E-04 
   0.1387500E-04 
   0.1312500E-04 
   0.1237500E-04 
   0.1175000E-04 
   0.1125000E-04 
   0.1075000E-04 
   0.1025000E-04 
