   0.1025000E-09      0.1000000E-32
   0.1075000E-09      0.1000000E-32
   0.1125000E-09      0.1000000E-32
   0.1175000E-09      0.1000000E-32
   0.1237500E-09      0.1000000E-32
   0.1312500E-09      0.1000000E-32
   0.1387500E-09      0.1000000E-32
   0.1462500E-09      0.1000000E-32
   0.1550000E-09      0.1000000E-32
   0.1650000E-09      0.1000000E-32
   0.1750000E-09      0.1000000E-32
   0.1850000E-09      0.1000000E-32
   0.1950000E-09      0.1000000E-32
   0.2050000E-09      0.1000000E-32
   0.2150000E-09      0.1000000E-32
   0.2250000E-09      0.1000000E-32
   0.2350000E-09      0.1000000E-32
   0.2475000E-09      0.1000000E-32
   0.2625000E-09      0.1000000E-32
   0.2750000E-09      0.1000000E-32
   0.2900000E-09      0.1000000E-32
   0.3100000E-09      0.1000000E-32
   0.3300000E-09      0.1000000E-32
   0.3500000E-09      0.1000000E-32
   0.3700000E-09      0.1000000E-32
   0.3900000E-09      0.1000000E-32
   0.4125000E-09      0.1000000E-32
   0.4375000E-09      0.1000000E-32
   0.4625000E-09      0.1000000E-32
   0.4875000E-09      0.1000000E-32
   0.5125000E-09      0.1000000E-32
   0.5375000E-09      0.1000000E-32
   0.5625000E-09      0.1000000E-32
   0.5875000E-09      0.1000000E-32
   0.6150000E-09      0.1000000E-32
   0.6450000E-09      0.1000000E-32
   0.6750000E-09      0.1000000E-32
   0.7050000E-09      0.1000000E-32
   0.7400000E-09      0.1000000E-32
   0.7800000E-09      0.1000000E-32
   0.8200000E-09      0.1000000E-32
   0.8600000E-09      0.1000000E-32
   0.9000000E-09      0.1000000E-32
   0.9400000E-09      0.1000000E-32
   0.9800000E-09      0.1000000E-32
   0.1025000E-08      0.1000000E-32
   0.1075000E-08      0.1000000E-32
   0.1125000E-08      0.1000000E-32
   0.1175000E-08      0.1000000E-32
   0.1237500E-08      0.1000000E-32
   0.1312500E-08      0.1000000E-32
   0.1387500E-08      0.1000000E-32
   0.1462500E-08      0.1000000E-32
   0.1550000E-08      0.1000000E-32
   0.1650000E-08      0.1000000E-32
   0.1750000E-08      0.1000000E-32
   0.1850000E-08      0.1000000E-32
   0.1950000E-08      0.1000000E-32
   0.2050000E-08      0.1000000E-32
   0.2150000E-08      0.1000000E-32
   0.2250000E-08      0.1000000E-32
   0.2350000E-08      0.1000000E-32
   0.2475000E-08      0.1000000E-32
   0.2625000E-08      0.1000000E-32
   0.2750000E-08      0.1000000E-32
   0.2900000E-08      0.1000000E-32
   0.3100000E-08      0.1000000E-32
   0.3300000E-08      0.1000000E-32
   0.3500000E-08      0.1000000E-32
   0.3700000E-08      0.1000000E-32
   0.3900000E-08      0.1000000E-32
   0.4125000E-08      0.1000000E-32
   0.4375000E-08      0.1000000E-32
   0.4625000E-08      0.1000000E-32
   0.4875000E-08      0.1000000E-32
   0.5125000E-08      0.1000000E-32
   0.5375000E-08      0.1000000E-32
   0.5625000E-08      0.1000000E-32
   0.5875000E-08      0.1000000E-32
   0.6150000E-08      0.1000000E-32
   0.6450000E-08      0.1000000E-32
   0.6750000E-08      0.1000000E-32
   0.7050000E-08      0.1000000E-32
   0.7400000E-08      0.1000000E-32
   0.7800000E-08      0.1000000E-32
   0.8200000E-08      0.1000000E-32
   0.8600000E-08      0.1000000E-32
   0.9000000E-08      0.1000000E-32
   0.9400000E-08      0.1000000E-32
   0.9800000E-08      0.1000000E-32
   0.1025000E-07      0.1000000E-32
   0.1075000E-07      0.1000000E-32
   0.1125000E-07      0.1000000E-32
   0.1175000E-07      0.1000000E-32
   0.1237500E-07      0.1000000E-32
   0.1312500E-07      0.1000000E-32
   0.1387500E-07      0.1000000E-32
   0.1462500E-07      0.1000000E-32
   0.1550000E-07      0.1000000E-32
   0.1650000E-07      0.1000000E-32
   0.1750000E-07      0.1000000E-32
   0.1850000E-07      0.1000000E-32
   0.1950000E-07      0.1000000E-32
   0.2050000E-07      0.1000000E-32
   0.2150000E-07      0.1000000E-32
   0.2250000E-07      0.1000000E-32
   0.2350000E-07      0.1000000E-32
   0.2475000E-07      0.1000000E-32
   0.2625000E-07      0.1000000E-32
   0.2750000E-07      0.1000000E-32
   0.2900000E-07      0.1000000E-32
   0.3100000E-07      0.1000000E-32
   0.3300000E-07      0.1000000E-32
   0.3500000E-07      0.1000000E-32
   0.3700000E-07      0.1000000E-32
   0.3900000E-07      0.1000000E-32
   0.4125000E-07      0.1000000E-32
   0.4375000E-07      0.1000000E-32
   0.4625000E-07      0.1000000E-32
   0.4875000E-07      0.1000000E-32
   0.5125000E-07      0.1000000E-32
   0.5375000E-07      0.1000000E-32
   0.5625000E-07      0.1000000E-32
   0.5875000E-07      0.1000000E-32
   0.6150000E-07      0.1000000E-32
   0.6450000E-07      0.1000000E-32
   0.6750000E-07      0.1000000E-32
   0.7050000E-07      0.1000000E-32
   0.7400000E-07      0.1000000E-32
   0.7800000E-07      0.1000000E-32
   0.8200000E-07      0.1000000E-32
   0.8600000E-07      0.1000000E-32
   0.9000000E-07      0.1000000E-32
   0.9400000E-07      0.1000000E-32
   0.9800000E-07      0.1000000E-32
   0.1025000E-06      0.1000000E-32
   0.1075000E-06      0.1000000E-32
   0.1125000E-06      0.1000000E-32
   0.1175000E-06      0.1000000E-32
   0.1237500E-06      0.1000000E-32
   0.1312500E-06      0.1000000E-32
   0.1387500E-06      0.1000000E-32
   0.1462500E-06      0.1000000E-32
   0.1550000E-06      0.1000000E-32
   0.1650000E-06      0.1000000E-32
   0.1750000E-06      0.1000000E-32
   0.1850000E-06      0.1000000E-32
   0.1950000E-06      0.1000000E-32
   0.2050000E-06      0.1000000E-32
   0.2150000E-06      0.1000000E-32
   0.2250000E-06      0.1000000E-32
   0.2350000E-06      0.1000000E-32
   0.2475000E-06      0.1000000E-32
   0.2625000E-06      0.1000000E-32
   0.2750000E-06      0.1000000E-32
   0.2900000E-06      0.1000000E-32
   0.3100000E-06      0.1000000E-32
   0.3300000E-06      0.1000000E-32
   0.3500000E-06      0.1000000E-32
   0.3700000E-06      0.1000000E-32
   0.3900000E-06      0.1000000E-32
   0.4125000E-06      0.1000000E-32
   0.4375000E-06      0.1000000E-32
   0.4625000E-06      0.1000000E-32
   0.4875000E-06      0.1000000E-32
   0.5125000E-06      0.1000000E-32
   0.5375000E-06      0.1000000E-32
   0.5625000E-06      0.1000000E-32
   0.5875000E-06      0.1000000E-32
   0.6150000E-06      0.1000000E-32
   0.6450000E-06      0.1000000E-32
   0.6750000E-06      0.1000000E-32
   0.7050000E-06      0.1000000E-32
   0.7400000E-06      0.1000000E-32
   0.7800000E-06      0.1000000E-32
   0.8200000E-06      0.1000000E-32
   0.8600000E-06      0.1000000E-32
   0.9000000E-06      0.1000000E-32
   0.9399999E-06      0.1000000E-32
   0.9800000E-06      0.1000000E-32
   0.1025000E-05      0.1000000E-32
   0.1075000E-05      0.1000000E-32
   0.1125000E-05      0.1000000E-32
   0.1175000E-05      0.1000000E-32
   0.1237500E-05      0.1000000E-32
   0.1312500E-05      0.1000000E-32
   0.1387500E-05      0.1000000E-32
   0.1462500E-05      0.1000000E-32
   0.1550000E-05      0.1000000E-32
   0.1650000E-05      0.1000000E-32
   0.1750000E-05      0.1000000E-32
   0.1850000E-05      0.1000000E-32
   0.1950000E-05      0.1000000E-32
   0.2050000E-05      0.1000000E-32
   0.2150000E-05      0.1000000E-32
   0.2250000E-05      0.1000000E-32
   0.2350000E-05      0.1000000E-32
   0.2475000E-05      0.1000000E-32
   0.2625000E-05      0.1000000E-32
   0.2750000E-05      0.1000000E-32
   0.2900000E-05      0.1000000E-32
   0.3100000E-05      0.1000000E-32
   0.3300000E-05      0.1000000E-32
   0.3500000E-05      0.1000000E-32
   0.3700000E-05      0.1000000E-32
   0.3900000E-05      0.1000000E-32
   0.4125000E-05      0.1000000E-32
   0.4375000E-05      0.1000000E-32
   0.4625000E-05      0.1000000E-32
   0.4875000E-05      0.1000000E-32
   0.5125000E-05      0.1000000E-32
   0.5375000E-05      0.1000000E-32
   0.5625000E-05      0.1000000E-32
   0.5875000E-05      0.1000000E-32
   0.6150000E-05      0.1000000E-32
   0.6450000E-05      0.1000000E-32
   0.6750000E-05      0.1000000E-32
   0.7050000E-05      0.1000000E-32
   0.7400000E-05      0.1000000E-32
   0.7800000E-05      0.1000000E-32
   0.8200001E-05      0.1000000E-32
   0.8600000E-05      0.1000000E-32
   0.8999999E-05      0.1000000E-32
   0.9400001E-05      0.1000000E-32
   0.9800000E-05      0.1000000E-32
   0.1025000E-04      0.1873124E-08
   0.1075000E-04      0.1918285E-08
   0.1125000E-04      0.1962441E-08
   0.1175000E-04      0.2005592E-08
   0.1237500E-04      0.2058208E-08
   0.1312500E-04      0.2119898E-08
   0.1387500E-04      0.2179635E-08
   0.1462500E-04      0.2237622E-08
   0.1550000E-04      0.2303605E-08
   0.1650000E-04      0.2376790E-08
   0.1750000E-04      0.2447784E-08
   0.1850000E-04      0.2516776E-08
   0.1950000E-04      0.2583925E-08
   0.2050000E-04      0.2649371E-08
   0.2150000E-04      0.2713238E-08
   0.2250000E-04      0.2775635E-08
   0.2350000E-04      0.2836659E-08
   0.2475000E-04      0.2911175E-08
   0.2625000E-04      0.2998110E-08
   0.2750000E-04      0.3068639E-08
   0.2900000E-04      0.3151347E-08
   0.3100000E-04      0.3258200E-08
   0.3300000E-04      0.3361660E-08
   0.3500000E-04      0.3462028E-08
   0.3700000E-04      0.3559566E-08
   0.3900000E-04      0.3654504E-08
   0.4125000E-04      0.3758390E-08
   0.4375000E-04      0.3870608E-08
   0.4625000E-04      0.3979664E-08
   0.4875000E-04      0.4085809E-08
   0.5125000E-04      0.4189264E-08
   0.5375000E-04      0.4290226E-08
   0.5625000E-04      0.4388866E-08
   0.5875000E-04      0.4485335E-08
   0.6150000E-04      0.4589101E-08
   0.6450000E-04      0.4699697E-08
   0.6750000E-04      0.4807750E-08
   0.7050000E-04      0.4913426E-08
   0.7400000E-04      0.5033939E-08
   0.7800000E-04      0.5168198E-08
   0.8200000E-04      0.5299053E-08
   0.8600000E-04      0.5426754E-08
   0.9000000E-04      0.5551518E-08
   0.9400000E-04      0.5673538E-08
   0.9800000E-04      0.5792988E-08
   0.1025000E-03      0.5923199E-08
   0.1075000E-03      0.6066001E-08
   0.1125000E-03      0.6205624E-08
   0.1175000E-03      0.6342070E-08
   0.1237500E-03      0.6508443E-08
   0.1312500E-03      0.6703508E-08
   0.1387500E-03      0.6892392E-08
   0.1462500E-03      0.7075746E-08
   0.1550000E-03      0.7284380E-08
   0.1650000E-03      0.7515785E-08
   0.1750000E-03      0.7740264E-08
   0.1850000E-03      0.7958407E-08
   0.1950000E-03      0.8170723E-08
   0.2050000E-03      0.8377653E-08
   0.2150000E-03      0.8579591E-08
   0.2250000E-03      0.8776878E-08
   0.2350000E-03      0.8969823E-08
   0.2475000E-03      0.9205427E-08
   0.2625000E-03      0.9480289E-08
   0.2750000E-03      0.9703279E-08
   0.2900000E-03      0.9964775E-08
   0.3100000E-03      0.1030261E-07
   0.3300000E-03      0.1062970E-07
   0.3500000E-03      0.1094701E-07
   0.3700000E-03      0.1125539E-07
   0.3900000E-03      0.1155552E-07
   0.4125000E-03      0.1188395E-07
   0.4375000E-03      0.1223871E-07
   0.4625000E-03      0.1258347E-07
   0.4875000E-03      0.1291902E-07
   0.5125000E-03      0.1324607E-07
   0.5375000E-03      0.1356522E-07
   0.5625000E-03      0.1387703E-07
   0.5875000E-03      0.1418197E-07
   0.6150000E-03      0.1450997E-07
   0.6450000E-03      0.1485956E-07
   0.6750000E-03      0.1520110E-07
   0.7050000E-03      0.1553512E-07
   0.7400000E-03      0.1591603E-07
   0.7800000E-03      0.1634037E-07
   0.8200000E-03      0.1675394E-07
   0.8600000E-03      0.1715752E-07
   0.9000000E-03      0.1755183E-07
   0.9400000E-03      0.1793745E-07
   0.9800000E-03      0.1831494E-07
   0.1025000E-02      0.1872641E-07
   0.1075000E-02      0.1917766E-07
   0.1125000E-02      0.1961886E-07
   0.1175000E-02      0.2005000E-07
   0.1237500E-02      0.2057567E-07
   0.1312500E-02      0.2119199E-07
   0.1387500E-02      0.2178873E-07
   0.1462500E-02      0.2236798E-07
   0.1550000E-02      0.2302706E-07
   0.1650000E-02      0.2375801E-07
   0.1750000E-02      0.2446705E-07
   0.1850000E-02      0.2515602E-07
   0.1950000E-02      0.2582655E-07
   0.2050000E-02      0.2648001E-07
   0.2150000E-02      0.2711766E-07
   0.2250000E-02      0.2774059E-07
   0.2350000E-02      0.2834977E-07
   0.2475000E-02      0.2909357E-07
   0.2625000E-02      0.2996122E-07
   0.2750000E-02      0.3066507E-07
   0.2900000E-02      0.3149038E-07
   0.3100000E-02      0.3255646E-07
   0.3300000E-02      0.3358853E-07
   0.3500000E-02      0.3458961E-07
   0.3700000E-02      0.3556232E-07
   0.3900000E-02      0.3650893E-07
   0.4125000E-02      0.3754461E-07
   0.4375000E-02      0.3866315E-07
   0.4625000E-02      0.3974995E-07
   0.4875000E-02      0.4080752E-07
   0.5125000E-02      0.4183812E-07
   0.5375000E-02      0.4284367E-07
   0.5625000E-02      0.4382591E-07
   0.5875000E-02      0.4478634E-07
   0.6150000E-02      0.4581921E-07
   0.6450000E-02      0.4691982E-07
   0.6750000E-02      0.4799486E-07
   0.7050000E-02      0.4904601E-07
   0.7400000E-02      0.5024446E-07
   0.7800000E-02      0.5157915E-07
   0.8200000E-02      0.5287963E-07
   0.8600000E-02      0.5414834E-07
   0.9000000E-02      0.5538750E-07
   0.9400001E-02      0.5659902E-07
   0.9800000E-02      0.5778463E-07
   0.1025000E-01      0.5907642E-07
   0.1075000E-01      0.6049279E-07
   0.1125000E-01      0.6187711E-07
   0.1175000E-01      0.6322936E-07
   0.1237500E-01      0.6487743E-07
   0.1312500E-01      0.6680882E-07
   0.1387500E-01      0.6867773E-07
   0.1462500E-01      0.7049072E-07
   0.1550000E-01      0.7255242E-07
   0.1650000E-01      0.7483742E-07
   0.1750000E-01      0.7705219E-07
   0.1850000E-01      0.7920267E-07
   0.1950000E-01      0.8129393E-07
   0.2050000E-01      0.8333046E-07
   0.2150000E-01      0.8531615E-07
   0.2250000E-01      0.8725449E-07
   0.2350000E-01      0.8914856E-07
   0.2475000E-01      0.9145923E-07
   0.2625000E-01      0.9415164E-07
   0.2750000E-01      0.9633332E-07
   0.2900000E-01      0.9888889E-07
   0.3100000E-01      0.1021851E-06
   0.3300000E-01      0.1053710E-06
   0.3500000E-01      0.1084562E-06
   0.3700000E-01      0.1114489E-06
   0.3900000E-01      0.1143565E-06
   0.4125000E-01      0.1175317E-06
   0.4375000E-01      0.1209541E-06
   0.4625000E-01      0.1242723E-06
   0.4875000E-01      0.1274943E-06
   0.5125000E-01      0.1306268E-06
   0.5375000E-01      0.1336765E-06
   0.5625000E-01      0.1366487E-06
   0.5875000E-01      0.1395483E-06
   0.6150000E-01      0.1426590E-06
   0.6450000E-01      0.1459648E-06
   0.6750000E-01      0.1491847E-06
   0.7050000E-01      0.1523239E-06
   0.7400000E-01      0.1558919E-06
   0.7799999E-01      0.1598505E-06
   0.8200000E-01      0.1636923E-06
   0.8600000E-01      0.1674252E-06
   0.9000000E-01      0.1710559E-06
   0.9400000E-01      0.1745906E-06
   0.9800000E-01      0.1780353E-06
   0.1025000          0.1817624E-06
   0.1075000          0.1858368E-06
   0.1125000          0.1897969E-06
   0.1175000          0.1936427E-06
   0.1237500          0.1982975E-06
   0.1312500          0.2037157E-06
   0.1387500          0.2089058E-06
   0.1462500          0.2138892E-06
   0.1550000          0.2195035E-06
   0.1650000          0.2256506E-06
   0.1750000          0.2315287E-06
   0.1850000          0.2371571E-06
   0.1950000          0.2425526E-06
   0.2050000          0.2477299E-06
   0.2150000          0.2527017E-06
   0.2250000          0.2574794E-06
   0.2350000          0.2620733E-06
   0.2475000          0.2675761E-06
   0.2625000          0.2738358E-06
   0.2750000          0.2787822E-06
   0.2900000          0.2844403E-06
   0.3100000          0.2914758E-06
   0.3300000          0.2979904E-06
   0.3500000          0.3040111E-06
   0.3700000          0.3095766E-06
   0.3900000          0.3147231E-06
   0.4125000          0.3200213E-06
   0.4375000          0.3252961E-06
   0.4625000          0.3298539E-06
   0.4875000          0.3337751E-06
   0.5125000          0.3371902E-06
   0.5375000          0.3401222E-06
   0.5625000          0.3425174E-06
   0.5875000          0.3443978E-06
   0.6150000          0.3460073E-06
   0.6450000          0.3473374E-06
   0.6750000          0.3482796E-06
   0.7050000          0.3488407E-06
   0.7400000          0.3490687E-06
   0.7800000          0.3488298E-06
   0.8200000          0.3481339E-06
   0.8600000          0.3470495E-06
   0.9000000          0.3456246E-06
   0.9400000          0.3439069E-06
   0.9800000          0.3419195E-06
    1.050000          0.3376178E-06
    1.150000          0.3305489E-06
    1.250000          0.3224196E-06
    1.350000          0.3135614E-06
    1.450000          0.3041089E-06
    1.550000          0.2941525E-06
    1.650000          0.2837706E-06
    1.750000          0.2730349E-06
    1.850000          0.2620279E-06
    1.950000          0.2508382E-06
    2.050000          0.2395556E-06
    2.150000          0.2282693E-06
    2.250000          0.2170648E-06
    2.350000          0.2060195E-06
    2.450000          0.1951996E-06
    2.550000          0.1846617E-06
    2.650000          0.1744519E-06
    2.750000          0.1646049E-06
    2.850000          0.1551460E-06
    2.950000          0.1460925E-06
    3.050000          0.1374538E-06
    3.150000          0.1292330E-06
    3.250000          0.1214280E-06
    3.350000          0.1140325E-06
    3.450000          0.1070372E-06
    3.550000          0.1004299E-06
    3.650000          0.9419693E-07
    3.750000          0.8832318E-07
    3.850000          0.8279271E-07
    3.950000          0.7758909E-07
    4.050000          0.7269592E-07
    4.150000          0.6809692E-07
    4.250000          0.6377600E-07
    4.350000          0.5971771E-07
    4.450000          0.5590698E-07
    4.550000          0.5232937E-07
    4.650000          0.4897117E-07
    4.750000          0.4581925E-07
    4.850000          0.4286128E-07
    4.950000          0.4008565E-07
    5.050000          0.3748135E-07
    5.150000          0.3503804E-07
    5.250000          0.3274598E-07
    5.350000          0.3059609E-07
    5.450000          0.2857989E-07
    5.550000          0.2668935E-07
    5.650000          0.2491701E-07
    5.750000          0.2325580E-07
    5.850000          0.2169912E-07
    5.950000          0.2024080E-07
    6.050000          0.1887500E-07
    6.150000          0.1759624E-07
    6.250000          0.1639937E-07
    6.350000          0.1527956E-07
    6.450000          0.1423222E-07
    6.550000          0.1325300E-07
    6.650000          0.1233783E-07
    6.750000          0.1148285E-07
    6.850000          0.1068440E-07
    6.950000          0.9939051E-08
    7.050000          0.9243533E-08
    7.150000          0.8594770E-08
    7.250000          0.7989830E-08
    7.350000          0.7425966E-08
    7.450000          0.6900581E-08
    7.550000          0.6411208E-08
    7.650000          0.5955532E-08
    7.749995          0.5531378E-08
    7.849990          0.5136673E-08
    7.949990          0.4769455E-08
    8.049990          0.4427923E-08
    8.149995          0.4110339E-08
    8.250000          0.3815112E-08
    8.350000          0.3540741E-08
    8.450000          0.3285791E-08
    8.550000          0.3048928E-08
    8.650000          0.2828907E-08
    8.750000          0.2624562E-08
    8.850000          0.2434803E-08
    8.950000          0.2258612E-08
    9.050000          0.2095038E-08
    9.150000          0.1943195E-08
    9.250000          0.1802254E-08
    9.350000          0.1671445E-08
    9.450000          0.1550048E-08
    9.550000          0.1437395E-08
    9.650000          0.1332863E-08
    9.750000          0.1235873E-08
    9.850000          0.1145886E-08
    9.950000          0.1062399E-08
    10.05000          0.9950257E-09
    10.15000          0.9406367E-09
    10.25000          0.8862476E-09
    10.35000          0.8318584E-09
    10.45000          0.7774693E-09
    10.55000          0.7230802E-09
    10.65000          0.6686911E-09
    10.75000          0.6143019E-09
    10.85000          0.5599128E-09
    10.95000          0.5055237E-09
    11.05000          0.4655430E-09
    11.15000          0.4399707E-09
    11.25000          0.4143983E-09
    11.35000          0.3888259E-09
    11.45000          0.3632536E-09
    11.55000          0.3376813E-09
    11.65000          0.3121090E-09
    11.75000          0.2865366E-09
    11.85000          0.2609643E-09
    11.95000          0.2353920E-09
    12.05000          0.2166217E-09
    12.15000          0.2046535E-09
    12.25000          0.1926852E-09
    12.35000          0.1807170E-09
    12.45000          0.1687488E-09
    12.55000          0.1567806E-09
    12.65000          0.1448123E-09
    12.75000          0.1328441E-09
    12.85000          0.1208759E-09
    12.95000          0.1089076E-09
    13.05000          0.1001441E-09
    13.15000          0.9458527E-10
    13.25000          0.8902642E-10
    13.35000          0.8346759E-10
    13.45000          0.7790874E-10
    13.55000          0.7234991E-10
    13.65000          0.6679106E-10
    13.75000          0.6123223E-10
    13.85000          0.5567339E-10
    13.95000          0.5011454E-10
    14.05000          0.4605048E-10
    14.15000          0.4348118E-10
    14.25000          0.4091188E-10
    14.35000          0.3834260E-10
    14.45000          0.3577330E-10
    14.55000          0.3320401E-10
    14.65000          0.3063471E-10
    14.75000          0.2806542E-10
    14.85000          0.2549613E-10
    14.95000          0.2292684E-10
    15.05000          0.2105216E-10
    15.15000          0.1987208E-10
    15.25000          0.1869201E-10
    15.35000          0.1751195E-10
    15.45000          0.1633188E-10
    15.55000          0.1515181E-10
    15.65000          0.1397173E-10
    15.75000          0.1279167E-10
    15.85000          0.1161159E-10
    15.95000          0.1043153E-10
    16.05000          0.9572129E-11
    16.15000          0.9033379E-11
    16.25000          0.8494656E-11
    16.35000          0.7955934E-11
    16.45000          0.7417183E-11
    16.55000          0.6878462E-11
    16.65000          0.6339712E-11
    16.75000          0.5800989E-11
    16.85000          0.5262268E-11
    16.95000          0.4723523E-11
    17.05000          0.4331785E-11
    17.15000          0.4087039E-11
    17.25000          0.3842303E-11
    17.35000          0.3597566E-11
    17.45000          0.3352820E-11
    17.55000          0.3108078E-11
    17.65000          0.2863332E-11
    17.75000          0.2618595E-11
    17.85000          0.2373858E-11
    17.95000          0.2129112E-11
    18.05000          0.1951406E-11
    18.15000          0.1840734E-11
    18.25000          0.1730066E-11
    18.35000          0.1619397E-11
    18.45000          0.1508725E-11
    18.55000          0.1398054E-11
    18.65000          0.1287382E-11
    18.75000          0.1176714E-11
    18.85000          0.1066046E-11
    18.95000          0.9553733E-12
    19.05000          0.8751323E-12
    19.15000          0.8253197E-12
    19.25000          0.7755092E-12
    19.35000          0.7256986E-12
    19.45000          0.6758860E-12
    19.55000          0.6260744E-12
    19.65000          0.5762617E-12
    19.75000          0.5264512E-12
    19.85000          0.4766406E-12
    19.95000          0.4268280E-12
