      0.2887382E-12
      0.3112970E-12
      0.3355350E-12
      0.3617441E-12
      0.3899244E-12
      0.4202948E-12
      0.4530014E-12
      0.4883363E-12
      0.5263723E-12
      0.5673286E-12
      0.6114971E-12
      0.6590970E-12
      0.7104201E-12
      0.7658315E-12
      0.8249663E-12
      0.8892115E-12
      0.9585671E-12
      0.1033033E-11
      0.1113340E-11
      0.1200216E-11
      0.1293664E-11
      0.1393682E-11
      0.1502461E-11
      0.1619270E-11
      0.1744840E-11
      0.1879901E-11
      0.2025913E-11
      0.2183605E-11
      0.2352979E-11
      0.2535494E-11
      0.2731880E-11
      0.2943597E-11
      0.3171375E-11
      0.3417405E-11
      0.3682416E-11
      0.3967139E-11
      0.4274494E-11
      0.4605940E-11
      0.4962209E-11
      0.5346220E-11
      0.5759433E-11
      0.6205499E-11
      0.6685148E-11
      0.7202030E-11
      0.7760524E-11
      0.8359172E-11
      0.9001624E-11
      0.9695180E-11
      0.1044714E-10
      0.1125020E-10
      0.1211897E-10
      0.1305345E-10
      0.1406093E-10
      0.1514872E-10
      0.1631681E-10
      0.1757251E-10
      0.1892312E-10
      0.2038324E-10
      0.2195286E-10
      0.2363930E-10
      0.2546445E-10
      0.2742100E-10
      0.2953088E-10
      0.3180136E-10
      0.3424705E-10
      0.3688256E-10
      0.3972249E-10
      0.4278144E-10
      0.4608130E-10
      0.4964399E-10
      0.5347680E-10
      0.5760893E-10
      0.6206959E-10
      0.6689528E-10
      0.7212980E-10
      0.7782425E-10
      0.8402976E-10
      0.9074630E-10
      0.9804688E-10
      0.1057125E-09
      0.1138162E-09
      0.1222848E-09
      0.1314106E-09
      0.1411933E-09
      0.1518522E-09
      0.1633871E-09
      0.1757981E-09
      0.1891582E-09
      0.2034674E-09
      0.2187256E-09
      0.2351519E-09
      0.2526733E-09
      0.2715818E-09
      0.2917315E-09
      0.3134872E-09
      0.3367761E-09
      0.3618171E-09
      0.3888293E-09
      0.4179587E-09
      0.4494241E-09
      0.4832989E-09
      0.5196558E-09
      0.5584948E-09
      0.6001813E-09
      0.6446419E-09
      0.6922417E-09
      0.7431997E-09
      0.7979541E-09
      0.8563589E-09
      0.9184138E-09
      0.9855792E-09
      0.1057855E-08
      0.1135241E-08
      0.1219198E-08
      0.1308265E-08
      0.1403173E-08
      0.1505381E-08
      0.1614890E-08
      0.1733889E-08
      0.1863110E-08
      0.2032484E-08
      0.2250771E-08
      0.2496801E-08
      0.2777143E-08
      0.3091798E-08
      0.3443687E-08
      0.3840109E-08
      0.4289824E-08
      0.4790645E-08
      0.5349870E-08
      0.5857991E-08
      0.6289456E-08
      0.6761803E-08
      0.7300586E-08
      0.7913837E-08
      0.8600091E-08
      0.9359352E-08
      0.1019892E-07
      0.1108959E-07
      0.1203867E-07
      0.1279793E-07
      0.1330897E-07
      0.1384921E-07
      0.1442596E-07
      0.1503191E-07
      0.1568896E-07
      0.1638252E-07
      0.1712718E-07
      0.1792294E-07
      0.1876981E-07
      0.1974809E-07
      0.2087968E-07
      0.2210618E-07
      0.2342758E-07
      0.2485850E-07
      0.2642082E-07
      0.2811456E-07
      0.2995431E-07
      0.3196926E-07
      0.3417405E-07
      0.3647373E-07
      0.3888293E-07
      0.4153304E-07
      0.4445327E-07
      0.4768013E-07
      0.5122821E-07
      0.5517054E-07
      0.5955819E-07
      0.6447878E-07
      0.7002723E-07
      0.7497702E-07
      0.7913836E-07
      0.8366472E-07
      0.8870213E-07
      0.9425057E-07
      0.1003101E-06
      0.1070266E-06
      0.1144732E-06
      0.1227959E-06
      0.1321406E-06
      0.1411203E-06
      0.1495890E-06
      0.1590068E-06
      0.1693006E-06
      0.1805435E-06
      0.1943416E-06
      0.2115710E-06
      0.2317206E-06
      0.2564696E-06
      0.2872781E-06
      0.3109320E-06
      0.3235620E-06
      0.3375061E-06
      0.3524723E-06
      0.3695557E-06
      0.3878071E-06
      0.4086869E-06
      0.4283984E-06
      0.4474530E-06
      0.4676756E-06
      0.4901614E-06
      0.5132312E-06
      0.5352790E-06
      0.5598820E-06
      0.5872592E-06
      0.6113512E-06
      0.6320118E-06
      0.6547166E-06
      0.6797577E-06
      0.7045066E-06
      0.7287446E-06
      0.7556107E-06
      0.7848131E-06
      0.8169357E-06
      0.8439479E-06
      0.8592791E-06
      0.8731503E-06
      0.8906716E-06
      0.9060028E-06
      0.9191439E-06
      0.9337451E-06
      0.9490763E-06
      0.9607572E-06
      0.9687878E-06
      0.9768185E-06
      0.9855793E-06
      0.9950700E-06
      0.9972601E-06
      0.9906896E-06
      0.9833891E-06
      0.9753584E-06
      0.9687878E-06
      0.9636775E-06
      0.9549168E-06
      0.9454259E-06
      0.9293648E-06
      0.9074630E-06
      0.8855612E-06
      0.8702299E-06
      0.8519785E-06
      0.8337271E-06
      0.8125553E-06
      0.7921137E-06
      0.7694819E-06
      0.7490402E-06
      0.7253133E-06
      0.7105661E-06
      0.6947968E-06
      0.6743552E-06
      0.6580748E-06
      0.6362461E-06
      0.6044156E-06
      0.5722200E-06
      0.5451349E-06
      0.5177577E-06
      0.4958558E-06
      0.4746111E-06
      0.4524904E-06
      0.4302236E-06
      0.4075187E-06
      0.3930636E-06
      0.3770023E-06
      0.3612330E-06
      0.3442957E-06
      0.3316657E-06
      0.3185246E-06
      0.3098369E-06
      0.2964768E-06
      0.2851609E-06
      0.2739910E-06
      0.2589518E-06
      0.2436206E-06
      0.2322317E-06
      0.2216458E-06
      0.2108409E-06
      0.2007661E-06
      0.1944146E-06
      0.1868220E-06
      0.1810545E-06
      0.1722208E-06
      0.1655043E-06
      0.1590068E-06
      0.1546994E-06
      0.1471068E-06
      0.1411933E-06
      0.1357909E-06
      0.1295124E-06
      0.1237449E-06
      0.1214818E-06
      0.1171014E-06
      0.1137431E-06
      0.1090708E-06
      0.1070266E-06
      0.1035953E-06
      0.1022082E-06
      0.9921497E-07
      0.9731681E-07
      0.9315550E-07
      0.9001623E-07
      0.8563588E-07
      0.8169356E-07
      0.7731322E-07
      0.7424696E-07
      0.7069888E-07
      0.6558847E-07
      0.6514314E-07
      0.6466129E-07
      0.6260984E-07
      0.6231781E-07
      0.6304787E-07
      0.6244191E-07
      0.6224480E-07
      0.6316468E-07
      0.6507743E-07
      0.6874963E-07
      0.7149465E-07
      0.7431997E-07
      0.7694819E-07
      0.7979541E-07
      0.8286167E-07
      0.8621993E-07
      0.8899416E-07
      0.9162237E-07
      0.9388554E-07
      0.9695179E-07
      0.1003831E-06
      0.1041064E-06
      0.1084137E-06
      0.1138161E-06
      0.1188536E-06
      0.1246210E-06
      0.1308265E-06
      0.1352069E-06
      0.1389302E-06
      0.1352799E-06
      0.1384191E-06
      0.1426535E-06
      0.1462308E-06
      0.1506111E-06
      0.1641172E-06
      0.1721478E-06
      0.1793754E-06
      0.1874791E-06
      0.1963128E-06
      0.2050735E-06
      0.2134692E-06
      0.2232520E-06
      0.2331077E-06
      0.2444966E-06
      0.2560316E-06
      0.2650113E-06
      0.2731149E-06
      0.2862560E-06
      0.2981560E-06
      0.3129761E-06
      0.3279423E-06
      0.3429086E-06
      0.3625471E-06
      0.3740091E-06
      0.3983200E-06
      0.4317567E-06
      0.4673106E-06
      0.4938847E-06
      0.5139613E-06
      0.5355711E-06
      0.5590790E-06
      0.5798856E-06
      0.5957279E-06
      0.6104751E-06
      0.6285075E-06
      0.6442038E-06
      0.6706319E-06
      0.6872772E-06
      0.6779325E-06
      0.6928987E-06
      0.7156035E-06
      0.7424697E-06
      0.7592610E-06
      0.7358992E-06
      0.7505003E-06
      0.7680218E-06
      0.7870033E-06
      0.8052547E-06
      0.8534386E-06
      0.9264444E-06
      0.9622173E-06
      0.9884996E-06
      0.1022082E-05
      0.1062235E-05
      0.1084867E-05
      0.1112610E-05
      0.1149842E-05
      0.1188536E-05
      0.1222118E-05
      0.1265922E-05
      0.1302425E-05
      0.1324326E-05
      0.1327977E-05
      0.1363020E-05
      0.1404633E-05
      0.1423615E-05
      0.1462307E-05
      0.1509761E-05
      0.1557945E-05
      0.1595908E-05
      0.1619270E-05
      0.1671835E-05
      0.1747761E-05
      0.1794484E-05
      0.1834637E-05
      0.1909104E-05
      0.1912754E-05
      0.1952907E-05
      0.1993790E-05
      0.2068986E-05
      0.2145643E-05
