
     0.6953709E-11
     0.7097724E-11
     0.7241738E-11
     0.7414756E-11
     0.7617776E-11
     0.7847801E-11
     0.8078824E-11
     0.8280844E-11
     0.8511868E-11
     0.8800898E-11
     0.9059924E-11
     0.9319951E-11
     0.9578977E-11
     0.9810001E-11
     0.1004103E-10
     0.1027105E-10
     0.1050107E-10
     0.1076110E-10
     0.1108113E-10
     0.1137116E-10
     0.1166119E-10
     0.1203123E-10
     0.1243127E-10
     0.1281131E-10
     0.1316134E-10
     0.1350138E-10
     0.1391142E-10
     0.1434146E-10
     0.1474150E-10
     0.1512154E-10
     0.1549158E-10
     0.1587162E-10
     0.1621165E-10
     0.1659169E-10
     0.1699173E-10
     0.1740177E-10
     0.1780181E-10
     0.1818186E-10
     0.1861190E-10
     0.1913195E-10
     0.1962200E-10
     0.2008205E-10
     0.2054210E-10
     0.2100214E-10
     0.2144219E-10
     0.2190223E-10
     0.2242229E-10
     0.2294234E-10
     0.2345239E-10
     0.2409246E-10
     0.2481253E-10
     0.2550260E-10
     0.2617267E-10
     0.2695275E-10
     0.2781284E-10
     0.2862292E-10
     0.2943300E-10
     0.3024309E-10
     0.3101316E-10
     0.3173324E-10
     0.3246331E-10
     0.3318339E-10
     0.3404347E-10
     0.3505358E-10
     0.3589366E-10
     0.3687376E-10
     0.3811389E-10
     0.3932401E-10
     0.4051413E-10
     0.4163424E-10
     0.4273436E-10
     0.4394448E-10
     0.4527462E-10
     0.4656475E-10
     0.4780487E-10
     0.4902500E-10
     0.5020512E-10
     0.5135524E-10
     0.5248536E-10
     0.5369548E-10
     0.5499561E-10
     0.5623574E-10
     0.5747586E-10
     0.5888601E-10
     0.6044616E-10
     0.6197632E-10
     0.6347647E-10
     0.6494662E-10
     0.6635677E-10
     0.6774691E-10
     0.6930706E-10
     0.7097724E-10
     0.7259740E-10
     0.7420756E-10
     0.7617777E-10
     0.7844800E-10
     0.8064822E-10
     0.8276843E-10
     0.8521869E-10
     0.8792897E-10
     0.9055923E-10
     0.9309950E-10
     0.9557975E-10
     0.9800000E-10
     0.1004102E-09
     0.1027105E-09
     0.1049107E-09
     0.1077110E-09
     0.1109113E-09
     0.1135116E-09
     0.1165119E-09
     0.1205123E-09
     0.1243127E-09
     0.1281130E-09
     0.1317134E-09
     0.1352138E-09
     0.1390142E-09
     0.1432146E-09
     0.1472150E-09
     0.1511154E-09
     0.1550158E-09
     0.1587162E-09
     0.1623165E-09
     0.1659169E-09
     0.1697173E-09
     0.1738177E-09
     0.1778181E-09
     0.1818186E-09
     0.1862190E-09
     0.1911195E-09
     0.1960200E-09
     0.2007205E-09
     0.2053209E-09
     0.2099214E-09
     0.2143219E-09
     0.2191223E-09
     0.2244229E-09
     0.2296234E-09
     0.2346239E-09
     0.2408246E-09
     0.2480253E-09
     0.2549260E-09
     0.2617267E-09
     0.2695275E-09
     0.2780284E-09
     0.2863292E-09
     0.2944300E-09
     0.3023308E-09
     0.3099316E-09
     0.3174324E-09
     0.3247331E-09
     0.3318338E-09
     0.3405347E-09
     0.3507358E-09
     0.3590366E-09
     0.3686376E-09
     0.3811388E-09
     0.3932401E-09
     0.4049413E-09
     0.4163425E-09
     0.4274436E-09
     0.4396448E-09
     0.4527462E-09
     0.4655475E-09
     0.4779487E-09
     0.4900499E-09
     0.5018511E-09
     0.5134524E-09
     0.5246535E-09
     0.5367548E-09
     0.5497561E-09
     0.5623573E-09
     0.5747586E-09
     0.5888601E-09
     0.6045616E-09
     0.6198632E-09
     0.6347647E-09
     0.6493662E-09
     0.6636677E-09
     0.6776691E-09
     0.6930707E-09
     0.7097724E-09
     0.7260740E-09
     0.7420757E-09
     0.7614777E-09
     0.7841800E-09
     0.8062822E-09
     0.8278845E-09
     0.8521869E-09
     0.8792897E-09
     0.9054924E-09
     0.9309950E-09
     0.9558975E-09
     0.9800999E-09
     0.1004102E-08
     0.1027105E-08
     0.1049107E-08
     0.1077110E-08
     0.1109113E-08
     0.1135116E-08
     0.1166119E-08
     0.1205123E-08
     0.1243127E-08
     0.1280131E-08
     0.1317135E-08
     0.1352138E-08
     0.1390142E-08
     0.1432146E-08
     0.1472150E-08
     0.1511154E-08
     0.1550158E-08
     0.1587162E-08
     0.1623166E-08
     0.1659169E-08
     0.1697173E-08
     0.1738177E-08
     0.1778181E-08
     0.1817185E-08
     0.1862190E-08
     0.1912195E-08
     0.1960200E-08
     0.2007205E-08
     0.2053209E-08
     0.2099214E-08
     0.2143219E-08
     0.2191223E-08
     0.2244229E-08
     0.2296234E-08
     0.2346239E-08
     0.2408246E-08
     0.2480253E-08
     0.2550260E-08
     0.2618267E-08
     0.2695275E-08
     0.2780284E-08
     0.2863292E-08
     0.2944300E-08
     0.3022308E-08
     0.3099316E-08
     0.3174324E-08
     0.3247331E-08
     0.3318338E-08
     0.3405348E-08
     0.3507358E-08
     0.3589366E-08
     0.3686376E-08
     0.3811389E-08
     0.3932402E-08
     0.4049413E-08
     0.4163424E-08
     0.4274436E-08
     0.4396449E-08
     0.4527462E-08
     0.4655474E-08
     0.4779487E-08
     0.4900500E-08
     0.5018512E-08
     0.5133524E-08
     0.5246535E-08
     0.5367547E-08
     0.5497561E-08
     0.5623574E-08
     0.5747586E-08
     0.5888600E-08
     0.6045617E-08
     0.6198633E-08
     0.6347648E-08
     0.6493662E-08
     0.6636677E-08
     0.6775691E-08
     0.6929707E-08
     0.7096725E-08
     0.7259740E-08
     0.7419757E-08
     0.7613776E-08
     0.7841800E-08
     0.8062822E-08
     0.8277843E-08
     0.8520868E-08
     0.8791896E-08
     0.9053923E-08
     0.9308949E-08
     0.9557976E-08
     0.9799999E-08
     0.1003102E-07
     0.1027105E-07
     0.1049107E-07
     0.1077110E-07
     0.1109113E-07
     0.1135116E-07
     0.1165119E-07
     0.1205123E-07
     0.1243127E-07
     0.1280131E-07
     0.1316134E-07
     0.1351138E-07
     0.1390142E-07
     0.1431146E-07
     0.1472150E-07
     0.1511154E-07
     0.1549158E-07
     0.1586162E-07
     0.1623166E-07
     0.1658169E-07
     0.1697173E-07
     0.1738177E-07
     0.1777181E-07
     0.1817185E-07
     0.1861190E-07
     0.1911195E-07
     0.1959200E-07
     0.2006204E-07
     0.2052209E-07
     0.2097214E-07
     0.2141218E-07
     0.2190224E-07
     0.2243229E-07
     0.2294234E-07
     0.2344239E-07
     0.2406245E-07
     0.2478253E-07
     0.2547260E-07
     0.2615267E-07
     0.2692274E-07
     0.2777283E-07
     0.2860292E-07
     0.2940300E-07
     0.3019308E-07
     0.3095316E-07
     0.3169324E-07
     0.3242330E-07
     0.3313338E-07
     0.3399346E-07
     0.3501357E-07
     0.3583365E-07
     0.3679375E-07
     0.3803388E-07
     0.3923401E-07
     0.4040412E-07
     0.4153424E-07
     0.4263435E-07
     0.4384447E-07
     0.4514460E-07
     0.4640473E-07
     0.4763486E-07
     0.4883498E-07
     0.5000511E-07
     0.5114521E-07
     0.5226533E-07
     0.5346545E-07
     0.5473559E-07
     0.5598571E-07
     0.5720583E-07
     0.5859597E-07
     0.6014614E-07
     0.6164630E-07
     0.6311644E-07
     0.6455657E-07
     0.6595673E-07
     0.6732687E-07
     0.6882702E-07
     0.7046718E-07
     0.7206734E-07
     0.7362751E-07
     0.7551770E-07
     0.7773793E-07
     0.7988815E-07
     0.8197836E-07
     0.8434861E-07
     0.8696888E-07
     0.8949912E-07
     0.9195939E-07
     0.9434962E-07
     0.9667986E-07
     0.9894009E-07
     0.1011103E-06
     0.1033105E-06
     0.1059108E-06
     0.1090111E-06
     0.1114114E-06
     0.1143117E-06
     0.1180120E-06
     0.1216124E-06
     0.1251128E-06
     0.1284131E-06
     0.1317134E-06
     0.1352138E-06
     0.1390142E-06
     0.1427146E-06
     0.1463149E-06
     0.1497153E-06
     0.1531156E-06
     0.1563159E-06
     0.1595163E-06
     0.1629166E-06
     0.1665170E-06
     0.1700173E-06
     0.1734177E-06
     0.1772181E-06
     0.1814185E-06
     0.1855189E-06
     0.1895193E-06
     0.1933197E-06
     0.1971201E-06
     0.2007205E-06
     0.2046209E-06
     0.2088213E-06
     0.2129217E-06
     0.2169221E-06
     0.2216226E-06
     0.2271232E-06
     0.2323237E-06
     0.2373242E-06
     0.2429248E-06
     0.2489254E-06
     0.2546259E-06
     0.2600266E-06
     0.2652270E-06
     0.2701276E-06
     0.2747280E-06
     0.2791285E-06
     0.2833289E-06
     0.2883294E-06
     0.2939300E-06
     0.2983304E-06
     0.3032309E-06
     0.3093315E-06
     0.3148321E-06
     0.3198326E-06
     0.3244331E-06
     0.3285335E-06
     0.3327339E-06
     0.3368344E-06
     0.3404347E-06
     0.3435351E-06
     0.3462353E-06
     0.3486355E-06
     0.3505357E-06
     0.3521359E-06
     0.3534361E-06
     0.3545362E-06
     0.3552363E-06
     0.3555363E-06
     0.3555363E-06
     0.3549362E-06
     0.3539361E-06
     0.3525359E-06
     0.3506358E-06
     0.3484355E-06
     0.3459353E-06
     0.3406347E-06
     0.3321339E-06
     0.3225329E-06
     0.3121318E-06
     0.3012307E-06
     0.2898296E-06
     0.2782284E-06
     0.2665272E-06
     0.2548260E-06
     0.2432248E-06
     0.2320237E-06
     0.2206225E-06
     0.2097214E-06
     0.1990203E-06
     0.1887193E-06
     0.1788183E-06
     0.1692173E-06
     0.1599163E-06
     0.1511154E-06
     0.1426145E-06
     0.1345137E-06
     0.1267129E-06
     0.1194122E-06
     0.1124115E-06
     0.1057108E-06
     0.9936013E-07
     0.9334953E-07
     0.8765894E-07
     0.8226839E-07
     0.7717787E-07
     0.7236738E-07
     0.6781691E-07
     0.6353648E-07
     0.5949607E-07
     0.5568568E-07
     0.5210532E-07
     0.4873498E-07
     0.4556465E-07
     0.4258434E-07
     0.3979406E-07
     0.3716379E-07
     0.3470354E-07
     0.3239330E-07
     0.3022308E-07
     0.2820288E-07
     0.2630268E-07
     0.2452250E-07
     0.2285233E-07
     0.2129217E-07
     0.1984202E-07
     0.1848188E-07
     0.1721176E-07
     0.1602163E-07
     0.1491152E-07
     0.1387141E-07
     0.1291132E-07
     0.1200122E-07
     0.1116114E-07
     0.1038106E-07
     0.9648985E-08
     0.8967914E-08
     0.8332851E-08
     0.7740789E-08
     0.7190733E-08
     0.6677681E-08
     0.6200633E-08
     0.5756587E-08
     0.5343545E-08
     0.4958506E-08
     0.4601469E-08
     0.4268435E-08
     0.3959404E-08
     0.3672375E-08
     0.3405347E-08
     0.3158322E-08
     0.2927299E-08
     0.2713276E-08
     0.2515257E-08
     0.2330238E-08
     0.2159220E-08
     0.2000204E-08
     0.1853189E-08
     0.1716175E-08
     0.1589162E-08
     0.1472150E-08
     0.1362139E-08
     0.1261129E-08
     0.1167119E-08
     0.1081110E-08
     0.1000002E-08
     0.9252944E-09
     0.8560873E-09
     0.7919808E-09
     0.7325747E-09
     0.6775691E-09
     0.6266639E-09
     0.5794591E-09
     0.5357547E-09
     0.4953505E-09
     0.4578467E-09
     0.4232432E-09
     0.3911400E-09
     0.3615369E-09
     0.3340341E-09
     0.3087315E-09
     0.2852291E-09
     0.2634269E-09
     0.2434248E-09
     0.2248229E-09
     0.2076212E-09
     0.1917195E-09
     0.1770180E-09
     0.1635167E-09
     0.1509154E-09
     0.1393142E-09
     0.1286131E-09
     0.1187121E-09
     0.1096112E-09
     0.1011103E-09
     0.9332952E-10
     0.8611879E-10
     0.7946810E-10
     0.7331748E-10
     0.6763690E-10
     0.6239637E-10
     0.5755587E-10
     0.5308541E-10
     0.4896500E-10
     0.4515461E-10
     0.4163425E-10
     0.3839392E-10
     0.3540361E-10
     0.3264333E-10
     0.3009307E-10
     0.2774283E-10
     0.2557261E-10
     0.2357241E-10
     0.2172221E-10
     0.2002204E-10
     0.1845188E-10
     0.1700173E-10
     0.1567160E-10
     0.1443147E-10
     0.1330136E-10
     0.1225125E-10
     0.1129115E-10
     0.1040106E-10
     0.9577977E-11
     0.8821900E-11
     0.8125829E-11
     0.7483764E-11
     0.6891703E-11
     0.6346647E-11
     0.5843596E-11
     0.5380548E-11
     0.4954505E-11
     0.4561466E-11
     0.4199429E-11
     0.3865394E-11
     0.3558363E-11
     0.3275334E-11
     0.3015307E-11
     0.2775283E-11
     0.2554261E-11
     0.2350240E-11
     0.2163221E-11
     0.1990203E-11
     0.1831187E-11
     0.1685172E-11
     0.1550158E-11
     0.1000000E-32
     0.1000000E-32
     0.1000000E-32
     0.1000000E-32
     0.1000000E-32
     0.1000000E-32
     0.1000000E-32
     0.1000000E-32
     0.1000000E-32
     0.1000000E-32
     0.1000000E-32
     0.1000000E-32
     0.1000000E-32
     0.1000000E-32
     0.1000000E-32
     0.1000000E-32
     0.1000000E-32
     0.1000000E-32
     0.1000000E-32
     0.1000000E-32
