    19.95000          0.2017896E-12
    19.85000          0.2175596E-12
    19.75000          0.2344855E-12
    19.65000          0.2527324E-12
    19.55000          0.2724655E-12
    19.45000          0.2936848E-12
    19.35000          0.3165554E-12
    19.25000          0.3412424E-12
    19.15000          0.3678285E-12
    19.05000          0.3964786E-12
    18.95000          0.4272754E-12
    18.85000          0.4605493E-12
    18.75000          0.4963827E-12
    18.65000          0.5350231E-12
    18.55000          0.5766361E-12
    18.45000          0.6214691E-12
    18.35000          0.6698524E-12
    18.25000          0.7218685E-12
    18.15000          0.7780129E-12
    18.05000          0.8388635E-12
    17.95000          0.9032645E-12
    17.85000          0.9734450E-12
    17.75000          0.1049405E-11
    17.65000          0.1131145E-11
    17.55000          0.1218664E-11
    17.45000          0.1313614E-11
    17.35000          0.1415170E-11
    17.25000          0.1524981E-11
    17.15000          0.1643050E-11
    17.05000          0.1770200E-11
    16.95000          0.1908084E-11
    16.85000          0.2055876E-11
    16.75000          0.2215227E-11
    16.65000          0.2386137E-11
    16.55000          0.2571083E-11
    16.45000          0.2770066E-11
    16.35000          0.2984736E-11
    16.25000          0.3215919E-11
    16.15000          0.3464440E-11
    16.05000          0.3690669E-11
    15.95000          0.3887175E-11
    15.85000          0.4096890E-11
    15.75000          0.4318165E-11
    15.65000          0.4554302E-11
    15.55000          0.4803649E-11
    15.45000          0.5068685E-11
    15.35000          0.5351057E-11
    15.25000          0.5649944E-11
    15.15000          0.5968646E-11
    15.05000          0.6307164E-11
    14.95000          0.6667149E-11
    14.85000          0.7051077E-11
    14.75000          0.7458950E-11
    14.65000          0.7894068E-11
    14.55000          0.8355609E-11
    14.45000          0.8851001E-11
    14.35000          0.9379419E-11
    14.25000          0.9940863E-11
    14.15000          0.1054359E-10
    14.05000          0.1118760E-10
    13.95000          0.1187289E-10
    13.85000          0.1260772E-10
    13.75000          0.1339209E-10
    13.65000          0.1422600E-10
    13.55000          0.1512596E-10
    13.45000          0.1609198E-10
    13.35000          0.1712405E-10
    13.25000          0.1823042E-10
    13.15000          0.1932854E-10
    13.05000          0.2040189E-10
    12.95000          0.2154129E-10
    12.85000          0.2275500E-10
    12.75000          0.2405127E-10
    12.65000          0.2543012E-10
    12.55000          0.2689977E-10
    12.45000          0.2847677E-10
    12.35000          0.3014460E-10
    12.25000          0.3193626E-10
    12.15000          0.3384352E-10
    12.05000          0.3588288E-10
    11.95000          0.3807086E-10
    11.85000          0.4040746E-10
    11.75000          0.4290094E-10
    11.65000          0.4558430E-10
    11.55000          0.4845758E-10
    11.45000          0.5153726E-10
    11.35000          0.5483988E-10
    11.25000          0.5839018E-10
    11.15000          0.6220471E-10
    11.05000          0.6597794E-10
    10.95000          0.6967686E-10
    10.85000          0.7363174E-10
    10.75000          0.7784257E-10
    10.65000          0.8234238E-10
    10.55000          0.8710640E-10
    10.45000          0.9230802E-10
    10.35000          0.9775732E-10
    10.25000          0.1036195E-09
    10.15000          0.1098944E-09
    10.05000          0.1166648E-09
    9.950000          0.1239305E-09
    9.850000          0.1316091E-09
    9.750000          0.1399482E-09
    9.650000          0.1489478E-09
    9.550000          0.1585254E-09
    9.450000          0.1688461E-09
    9.350000          0.1799098E-09
    9.250000          0.1893222E-09
    9.150000          0.1970008E-09
    9.050000          0.2050096E-09
    8.950000          0.2135139E-09
    8.850000          0.2224309E-09
    8.750000          0.2317608E-09
    8.650000          0.2416687E-09
    8.550000          0.2521545E-09
    8.450000          0.2631356E-09
    8.350000          0.2747774E-09
    8.250000          0.2870796E-09
    8.150000          0.3001249E-09
    8.050000          0.3139133E-09
    7.950000          0.3286925E-09
    7.850000          0.3445450E-09
    7.750000          0.3613058E-09
    7.650000          0.3791399E-09
    7.550000          0.3980473E-09
    7.450000          0.4182759E-09
    7.350000          0.4397429E-09
    7.250000          0.4626134E-09
    7.150000          0.4871353E-09
    7.050000          0.5132260E-09
    6.950000          0.5411330E-09
    6.850000          0.5710216E-09
    6.750000          0.6007452E-09
    6.650000          0.6266707E-09
    6.550000          0.6504495E-09
    6.450000          0.6754668E-09
    6.350000          0.7019703E-09
    6.250000          0.7298773E-09
    6.150000          0.7593531E-09
    6.050000          0.7905628E-09
    5.950000          0.8236715E-09
    5.850000          0.8586791E-09
    5.750000          0.8958336E-09
    5.650000          0.9354648E-09
    5.550000          0.9759220E-09
    5.450000          0.1010599E-08
    5.350000          0.1041148E-08
    5.250000          0.1073349E-08
    5.150000          0.1106375E-08
    5.050000          0.1141878E-08
    4.950000          0.1179033E-08
    4.850000          0.1218664E-08
    4.750000          0.1259947E-08
    4.650000          0.1302881E-08
    4.550000          0.1349117E-08
    4.450000          0.1398656E-08
    4.350000          0.1449847E-08
    4.250000          0.1505166E-08
    4.150000          0.1562961E-08
    4.050000          0.1624885E-08
    3.950000          0.1690938E-08
    3.850000          0.1761944E-08
    3.750000          0.1837078E-08
    3.650000          0.1918818E-08
    3.550000          0.2005512E-08
    3.450000          0.2098810E-08
    3.350000          0.2237520E-08
    3.250000          0.2483565E-08
    3.150000          0.2824559E-08
    3.050000          0.3225001E-08
    2.950000          0.3698926E-08
    2.850000          0.4197620E-08
    2.750000          0.4683930E-08
    2.650000          0.5212347E-08
    2.550000          0.5946354E-08
    2.450000          0.7346661E-08
    2.350000          0.8958336E-08
    2.250000          0.9610602E-08
    2.150000          0.9817016E-08
    2.050000          0.1064267E-07
    1.950000          0.1227746E-07
    1.850000          0.1447370E-07
    1.750000          0.1693414E-07
    1.650000          0.1962577E-07
    1.550000          0.2288711E-07
    1.450000          0.2746122E-07
    1.350000          0.3396737E-07
    1.250000          0.4271103E-07
    1.150000          0.5402248E-07
    1.050000          0.6862002E-07
   0.9800000          0.8174791E-07
   0.9400000          0.9106954E-07
   0.9000000          0.9817015E-07
   0.8600000          0.1013902E-06
   0.8200000          0.1036195E-06
   0.7800000          0.1160868E-06
   0.7400000          0.1544797E-06
   0.7050000          0.2135139E-06
   0.6750000          0.2666859E-06
   0.6450000          0.2949233E-06
   0.6150000          0.3072255E-06
   0.5875000          0.3195277E-06
   0.5625000          0.3305089E-06
   0.5375000          0.3317474E-06
   0.5125000          0.3239863E-06
   0.4875000          0.3159774E-06
   0.4625000          0.3078034E-06
   0.4375000          0.3123446E-06
   0.4125000          0.3608104E-06
   0.3900000          0.4461004E-06
   0.3700000          0.5447660E-06
   0.3500000          0.6728247E-06
   0.3300000          0.7647199E-06
   0.3100000          0.7618301E-06
   0.2900000          0.7236023E-06
   0.2750000          0.6944568E-06
   0.2625000          0.6699349E-06
   0.2475000          0.6413673E-06
   0.2350000          0.6427709E-06
   0.2250000          0.6750540E-06
   0.2150000          0.7104744E-06
   0.2050000          0.7496104E-06
   0.1950000          0.7930398E-06
   0.1850000          0.8413405E-06
   0.1750000          0.8958336E-06
   0.1650000          0.9569318E-06
   0.1550000          0.1027112E-05
   0.1462500          0.1080780E-05
   0.1387500          0.1101421E-05
   0.1312500          0.1112980E-05
   0.1237500          0.1125365E-05
   0.1175000          0.1136099E-05
   0.1125000          0.1146006E-05
   0.1075000          0.1155089E-05
   0.1025000          0.1165822E-05
   0.9800000E-01      0.1175730E-05
   0.9400000E-01      0.1184812E-05
   0.9000000E-01      0.1196371E-05
   0.8600000E-01      0.1214536E-05
   0.8200000E-01      0.1238480E-05
   0.7799999E-01      0.1264901E-05
   0.7400000E-01      0.1292147E-05
   0.7050000E-01      0.1318568E-05
   0.6750000E-01      0.1342512E-05
   0.6450000E-01      0.1368107E-05
   0.6150000E-01      0.1394528E-05
   0.5875000E-01      0.1421775E-05
   0.5625000E-01      0.1447370E-05
   0.5375000E-01      0.1460580E-05
   0.5125000E-01      0.1453975E-05
   0.4875000E-01      0.1439939E-05
   0.4625000E-01      0.1425077E-05
   0.4375000E-01      0.1409390E-05
   0.4125000E-01      0.1393702E-05
   0.3900000E-01      0.1378015E-05
   0.3700000E-01      0.1359851E-05
   0.3500000E-01      0.1314440E-05
   0.3300000E-01      0.1246736E-05
   0.3100000E-01      0.1179033E-05
   0.2900000E-01      0.1493606E-05
   0.2750000E-01      0.2615669E-05
   0.2625000E-01      0.5734160E-05
   0.2475000E-01      0.8314326E-05
   0.2350000E-01      0.6645682E-05
   0.2250000E-01      0.5388212E-05
   0.2150000E-01      0.4945662E-05
   0.2050000E-01      0.4520451E-05
   0.1950000E-01      0.4113404E-05
   0.1850000E-01      0.3810389E-05
   0.1750000E-01      0.3727824E-05
   0.1650000E-01      0.3778188E-05
   0.1550000E-01      0.3831856E-05
   0.1462500E-01      0.3882220E-05
   0.1387500E-01      0.3929282E-05
   0.1312500E-01      0.3978822E-05
   0.1237500E-01      0.4032489E-05
   0.1175000E-01      0.4079552E-05
   0.1125000E-01      0.4128265E-05
   0.1075000E-01      0.4263673E-05
   0.1025000E-01      0.4490727E-05
   0.9800000E-02      0.4715304E-05
   0.9400001E-02      0.4934102E-05
   0.9000000E-02      0.5173542E-05
   0.8600000E-02      0.5436100E-05
   0.8200000E-02      0.5725904E-05
   0.7800000E-02      0.6046257E-05
   0.7400000E-02      0.6403766E-05
   0.7050000E-02      0.6749714E-05
   0.6750000E-02      0.7077498E-05
   0.6450000E-02      0.7436658E-05
   0.6150000E-02      0.7832971E-05
   0.5875000E-02      0.8232587E-05
   0.5625000E-02      0.8628074E-05
   0.5375000E-02      0.9073928E-05
   0.5125000E-02      0.9486754E-05
   0.4875000E-02      0.9866554E-05
   0.4625000E-02      0.1027112E-04
   0.4375000E-02      0.1072523E-04
   0.4125000E-02      0.1122063E-04
   0.3900000E-02      0.1171602E-04
   0.3700000E-02      0.1220315E-04
   0.3500000E-02      0.1273983E-04
   0.3300000E-02      0.1332604E-04
   0.3100000E-02      0.1398656E-04
   0.2900000E-02      0.1472965E-04
   0.2750000E-02      0.1534063E-04
   0.2625000E-02      0.1590208E-04
   0.2475000E-02      0.1669470E-04
   0.2350000E-02      0.1750385E-04
   0.2250000E-02      0.1826345E-04
   0.2150000E-02      0.1909736E-04
   0.2050000E-02      0.2001383E-04
   0.1950000E-02      0.2102113E-04
   0.1850000E-02      0.2212750E-04
   0.1750000E-02      0.2337424E-04
   0.1650000E-02      0.2476134E-04
   0.1550000E-02      0.2632182E-04
   0.1462500E-02      0.2785753E-04
   0.1387500E-02      0.2933545E-04
   0.1312500E-02      0.3097850E-04
   0.1237500E-02      0.3281971E-04
   0.1175000E-02      0.3452056E-04
   0.1125000E-02      0.3602324E-04
   0.1075000E-02      0.3766629E-04
   0.1025000E-02      0.3938365E-04
   0.9800000E-03      0.4091111E-04
   0.9400000E-03      0.4227344E-04
   0.9000000E-03      0.4374310E-04
   0.8600000E-03      0.4533661E-04
   0.8200000E-03      0.4707048E-04
   0.7800000E-03      0.4895297E-04
   0.7400000E-03      0.5102536E-04
   0.7050000E-03      0.5300693E-04
   0.6750000E-03      0.5484814E-04
   0.6450000E-03      0.5684621E-04
   0.6150000E-03      0.5901768E-04
   0.5875000E-03      0.6118089E-04
   0.5625000E-03      0.6331108E-04
   0.5375000E-03      0.6561464E-04
   0.5125000E-03      0.6812462E-04
   0.4875000E-03      0.7085755E-04
   0.4625000E-03      0.7385467E-04
   0.4375000E-03      0.7715727E-04
   0.4125000E-03      0.8081492E-04
   0.3900000E-03      0.8446430E-04
   0.3700000E-03      0.8801463E-04
   0.3500000E-03      0.9197774E-04
   0.3300000E-03      0.9684911E-04
   0.3100000E-03      0.1032066E-03
   0.2900000E-03      0.1106375E-03
   0.2750000E-03      0.1169125E-03
   0.2625000E-03      0.1227746E-03
   0.2475000E-03      0.1306183E-03
   0.2350000E-03      0.1378841E-03
   0.2250000E-03      0.1442416E-03
   0.2150000E-03      0.1513422E-03
   0.2050000E-03      0.1590208E-03
   0.1950000E-03      0.1676076E-03
   0.1850000E-03      0.1771026E-03
   0.1750000E-03      0.1877535E-03
   0.1650000E-03      0.1996429E-03
   0.1550000E-03      0.2127708E-03
   0.1462500E-03      0.2253207E-03
   0.1387500E-03      0.2372101E-03
   0.1312500E-03      0.2504206E-03
   0.1237500E-03      0.2652823E-03
   0.1175000E-03      0.2789882E-03
   0.1125000E-03      0.2911253E-03
   0.1075000E-03      0.3042531E-03
   0.1025000E-03      0.3187846E-03
   0.9800000E-04      0.3330684E-03
   0.9400000E-04      0.3469394E-03
   0.9000000E-04      0.3619663E-03
   0.8600000E-04      0.3783968E-03
   0.8200000E-04      0.3963961E-03
   0.7800000E-04      0.4162117E-03
   0.7400000E-04      0.4382567E-03
   0.7050000E-04      0.4593934E-03
   0.6750000E-04      0.4791265E-03
   0.6450000E-04      0.5003457E-03
   0.6150000E-04      0.5237118E-03
   0.5875000E-04      0.5470777E-03
   0.5625000E-04      0.5703612E-03
   0.5375000E-04      0.5957086E-03
   0.5125000E-04      0.6234506E-03
   0.4875000E-04      0.6539998E-03
   0.4625000E-04      0.6877690E-03
   0.4375000E-04      0.7253363E-03
   0.4125000E-04      0.7673619E-03
   0.3900000E-04      0.8095528E-03
   0.3700000E-04      0.8512483E-03
   0.3500000E-04      0.8974848E-03
   0.3300000E-04      0.9495011E-03
   0.3100000E-04      0.1008122E-02
   0.2900000E-04      0.1075000E-02
   0.2750000E-04      0.1130319E-02
   0.2625000E-04      0.1182335E-02
   0.2475000E-04      0.1250864E-02
   0.2350000E-04      0.1310311E-02
   0.2250000E-04      0.1359025E-02
   0.2150000E-04      0.1411867E-02
   0.2050000E-04      0.1469663E-02
   0.1950000E-04      0.1532412E-02
   0.1850000E-04      0.1601767E-02
   0.1750000E-04      0.1678553E-02
   0.1650000E-04      0.1762770E-02
   0.1550000E-04      0.1857719E-02
   0.1462500E-04      0.1950193E-02
   0.1387500E-04      0.2038537E-02
   0.1312500E-04      0.2135964E-02
   0.1237500E-04      0.2244125E-02
   0.1175000E-04      0.2343204E-02
   0.1125000E-04      0.2429897E-02
   0.1075000E-04      0.2524847E-02
   0.1025000E-04      0.2627228E-02
   0.9800000E-05      0.2727958E-02
   0.9400001E-05      0.2825385E-02
   0.8999999E-05      0.2930243E-02
   0.8600000E-05      0.3044183E-02
   0.8200001E-05      0.3168031E-02
   0.7800000E-05      0.3310869E-02
   0.7400000E-05      0.3479302E-02
   0.7050000E-05      0.3644433E-02
   0.6750000E-05      0.3800481E-02
   0.6450000E-05      0.3969740E-02
   0.6150000E-05      0.4156338E-02
   0.5875000E-05      0.4342935E-02
   0.5625000E-05      0.4527882E-02
   0.5375000E-05      0.4730166E-02
   0.5125000E-05      0.4952268E-02
   0.4875000E-05      0.5195835E-02
   0.4625000E-05      0.5465823E-02
   0.4375000E-05      0.5765535E-02
   0.4125000E-05      0.6101576E-02
   0.3900000E-05      0.6438443E-02
   0.3700000E-05      0.6773657E-02
   0.3500000E-05      0.7141899E-02
   0.3300000E-05      0.7539039E-02
   0.3100000E-05      0.7974984E-02
   0.2900000E-05      0.8462944E-02
   0.2750000E-05      0.8875770E-02
   0.2625000E-05      0.9255571E-02
   0.2475000E-05      0.9759219E-02
   0.2350000E-05      0.1022158E-01
   0.2250000E-05      0.1062615E-01
   0.2150000E-05      0.1107201E-01
   0.2050000E-05      0.1155089E-01
   0.1950000E-05      0.1208756E-01
   0.1850000E-05      0.1267377E-01
   0.1750000E-05      0.1331779E-01
   0.1650000E-05      0.1403610E-01
   0.1550000E-05      0.1485350E-01
   0.1462500E-05      0.1564613E-01
   0.1387500E-05      0.1638096E-01
   0.1312500E-05      0.1710753E-01
   0.1237500E-05      0.1785062E-01
   0.1175000E-05      0.1851940E-01
   0.1125000E-05      0.1910561E-01
   0.1075000E-05      0.1974137E-01
   0.1025000E-05      0.2042666E-01
   0.9800000E-06      0.2109544E-01
   0.9399999E-06      0.2173945E-01
   0.9000000E-06      0.2242474E-01
   0.8600000E-06      0.2316783E-01
   0.8200000E-06      0.2397696E-01
   0.7800000E-06      0.2485216E-01
   0.7400000E-06      0.2580166E-01
   0.7050000E-06      0.2671813E-01
   0.6750000E-06      0.2756030E-01
   0.6450000E-06      0.2864190E-01
   0.6150000E-06      0.3016111E-01
   0.5875000E-06      0.3187021E-01
   0.5625000E-06      0.3358757E-01
   0.5375000E-06      0.3547831E-01
   0.5125000E-06      0.3757547E-01
   0.4875000E-06      0.3991207E-01
   0.4625000E-06      0.4252113E-01
   0.4375000E-06      0.4546871E-01
   0.4125000E-06      0.4881261E-01
   0.3900000E-06      0.5222255E-01
   0.3700000E-06      0.5564076E-01
   0.3500000E-06      0.5949656E-01
   0.3300000E-06      0.6387252E-01
   0.3100000E-06      0.6886772E-01
   0.2900000E-06      0.7463904E-01
   0.2750000E-06      0.7954342E-01
   0.2625000E-06      0.8413405E-01
   0.2475000E-06      0.9049158E-01
   0.2350000E-06      0.9643628E-01
   0.2250000E-06      0.1018030    
   0.2150000E-06      0.1076652    
   0.2050000E-06      0.1142704    
   0.1950000E-06      0.1215361    
   0.1850000E-06      0.1297101    
   0.1750000E-06      0.1390400    
   0.1650000E-06      0.1495258    
   0.1550000E-06      0.1615803    
   0.1462500E-06      0.1736348    
   0.1387500E-06      0.1853591    
   0.1312500E-06      0.1985696    
   0.1237500E-06      0.2135964    
   0.1175000E-06      0.2277977    
   0.1125000E-06      0.2404302    
   0.1075000E-06      0.2543011    
   0.1025000E-06      0.2698234    
   0.9800000E-07      0.2852631    
   0.9400000E-07      0.3003726    
   0.9000000E-07      0.3170508    
   0.8600000E-07      0.3353803    
   0.8200000E-07      0.3557739    
   0.7800000E-07      0.3785619    
   0.7400000E-07      0.4041572    
   0.7050000E-07      0.4290919    
   0.6750000E-07      0.4528707    
   0.6450000E-07      0.4791264    
   0.6150000E-07      0.5083546    
   0.5875000E-07      0.5379956    
   0.5625000E-07      0.5678017    
   0.5375000E-07      0.6007452    
   0.5125000E-07      0.6371565    
   0.4875000E-07      0.6724944    
   0.4625000E-07      0.7043646    
   0.4375000E-07      0.7355743    
   0.4125000E-07      0.7656280    
   0.3900000E-07      0.7914711    
   0.3700000E-07      0.8126903    
   0.3500000E-07      0.8322582    
   0.3300000E-07      0.8487714    
   0.3100000E-07      0.8636331    
   0.2900000E-07      0.8743666    
   0.2750000E-07      0.8801461    
   0.2625000E-07      0.8826231    
   0.2475000E-07      0.8826231    
   0.2350000E-07      0.8809718    
   0.2250000E-07      0.8776692    
   0.2150000E-07      0.8727152    
   0.2050000E-07      0.8652844    
   0.1950000E-07      0.8562021    
   0.1850000E-07      0.8454688    
   0.1750000E-07      0.8322582    
   0.1650000E-07      0.8160755    
   0.1550000E-07      0.7974983    
   0.1462500E-07      0.7791688    
   0.1387500E-07      0.7614998    
   0.1312500E-07      0.7420144    
   0.1237500E-07      0.7206299    
   0.1175000E-07      0.7014748    
   0.1125000E-07      0.6850443    
   0.1075000E-07      0.6677057    
   0.1025000E-07      0.6493762    
   0.9800000E-08      0.6320374    
   0.9400000E-08      0.6159372    
   0.9000000E-08      0.5991765    
   0.8600000E-08      0.5816725    
   0.8200000E-08      0.5634256    
   0.7800000E-08      0.5445182    
   0.7400000E-08      0.5247851    
   0.7050000E-08      0.5070335    
   0.6750000E-08      0.4912635    
   0.6450000E-08      0.4749982    
   0.6150000E-08      0.4583200    
   0.5875000E-08      0.4426326    
   0.5625000E-08      0.4280186    
   0.5375000E-08      0.4130743    
   0.5125000E-08      0.3977171    
   0.4875000E-08      0.3821123    
   0.4625000E-08      0.3660946    
   0.4375000E-08      0.3497466    
   0.4125000E-08      0.3330685    
   0.3900000E-08      0.3177113    
   0.3700000E-08      0.3038403    
   0.3500000E-08      0.2897217    
   0.3300000E-08      0.2752728    
   0.3100000E-08      0.2606587    
   0.2900000E-08      0.2457969    
   0.2750000E-08      0.2344855    
   0.2625000E-08      0.2249079    
   0.2475000E-08      0.2133488    
   0.2350000E-08      0.2036061    
   0.2250000E-08      0.1956798    
   0.2150000E-08      0.1877535    
   0.2050000E-08      0.1797447    
   0.1950000E-08      0.1716533    
   0.1850000E-08      0.1634793    
   0.1750000E-08      0.1552228    
   0.1650000E-08      0.1469662    
   0.1550000E-08      0.1386272    
   0.1462500E-08      0.1311963    
   0.1387500E-08      0.1248387    
   0.1312500E-08      0.1184812    
   0.1237500E-08      0.1120411    
   0.1175000E-08      0.1066744    
   0.1125000E-08      0.1022984    
   0.1075000E-08      0.9792246E-01
   0.1025000E-08      0.9354649E-01
   0.9800000E-09      0.8966591E-01
   0.9400000E-09      0.8611561E-01
   0.9000000E-09      0.8256532E-01
   0.8600000E-09      0.7902326E-01
   0.8200000E-09      0.7547294E-01
   0.7800000E-09      0.7190613E-01
   0.7400000E-09      0.6832280E-01
   0.7050000E-09      0.6518530E-01
   0.6750000E-09      0.6248543E-01
   0.6450000E-09      0.5977728E-01
   0.6150000E-09      0.5706088E-01
   0.5875000E-09      0.5457567E-01
   0.5625000E-09      0.5230512E-01
   0.5375000E-09      0.5002632E-01
   0.5125000E-09      0.4774752E-01
   0.4875000E-09      0.4546046E-01
   0.4625000E-09      0.4317340E-01
   0.4375000E-09      0.4087809E-01
   0.4125000E-09      0.3858276E-01
   0.3900000E-09      0.3651038E-01
   0.3700000E-09      0.3466917E-01
   0.3500000E-09      0.3281971E-01
   0.3300000E-09      0.3097025E-01
   0.3100000E-09      0.2911253E-01
   0.2900000E-09      0.2725481E-01
   0.2750000E-09      0.2585946E-01
   0.2625000E-09      0.2469528E-01
   0.2475000E-09      0.2329993E-01
   0.2350000E-09      0.2213576E-01
   0.2250000E-09      0.2120277E-01
   0.2150000E-09      0.2026978E-01
   0.2050000E-09      0.1933679E-01
   0.1950000E-09      0.1839555E-01
   0.1850000E-09      0.1746256E-01
   0.1750000E-09      0.1652132E-01
   0.1650000E-09      0.1558833E-01
   0.1550000E-09      0.1464709E-01
   0.1462500E-09      0.1382143E-01
   0.1387500E-09      0.1311963E-01
   0.1312500E-09      0.1241782E-01
   0.1237500E-09      0.1170776E-01
   0.1175000E-09      0.1112155E-01
   0.1125000E-09      0.1065092E-01
   0.1075000E-09      0.1018030E-01
   0.1025000E-09      0.9709680E-02
