    19.95000          0.1513611E-12
    19.85000          0.1631849E-12
    19.75000          0.1759311E-12
    19.65000          0.1895997E-12
    19.55000          0.2044423E-12
    19.45000          0.2203751E-12
    19.35000          0.2374818E-12
    19.25000          0.2560141E-12
    19.15000          0.2759720E-12
    19.05000          0.2974392E-12
    18.95000          0.3205836E-12
    18.85000          0.3455729E-12
    18.75000          0.3724070E-12
    18.65000          0.4014214E-12
    18.55000          0.4326160E-12
    18.45000          0.4662425E-12
    18.35000          0.5025524E-12
    18.25000          0.5416296E-12
    18.15000          0.5837255E-12
    18.05000          0.6290920E-12
    17.95000          0.6778965E-12
    17.85000          0.7305583E-12
    17.75000          0.7877486E-12
    17.65000          0.8486284E-12
    17.55000          0.9131980E-12
    17.45000          0.9836377E-12
    17.35000          0.1060785E-11
    17.25000          0.1143803E-11
    17.15000          0.1232692E-11
    17.05000          0.1327449E-11
    16.95000          0.1431432E-11
    16.85000          0.1542122E-11
    16.75000          0.1661199E-11
    16.65000          0.1790338E-11
    16.55000          0.1928701E-11
    16.45000          0.2077127E-11
    16.35000          0.2238132E-11
    16.25000          0.2410876E-11
    16.15000          0.2597876E-11
    16.05000          0.2800809E-11
    15.95000          0.3017998E-11
    15.85000          0.3250281E-11
    15.75000          0.3500173E-11
    15.65000          0.3771029E-11
    15.55000          0.4062851E-11
    15.45000          0.4376474E-11
    15.35000          0.4709385E-11
    15.25000          0.5073322E-11
    15.15000          0.5469964E-11
    15.05000          0.5887570E-11
    14.95000          0.6340395E-11
    14.85000          0.6829279E-11
    14.75000          0.7353382E-11
    14.65000          0.7925284E-11
    14.55000          0.8544984E-11
    14.45000          0.9199066E-11
    14.35000          0.9895075E-11
    14.25000          0.1066656E-10
    14.15000          0.1153866E-10
    14.05000          0.1242754E-10
    13.95000          0.1330804E-10
    13.85000          0.1416337E-10
    13.75000          0.1501032E-10
    13.65000          0.1582373E-10
    13.55000          0.1660360E-10
    13.45000          0.1735831E-10
    13.35000          0.1807109E-10
    13.25000          0.1876710E-10
    13.15000          0.1947988E-10
    13.05000          0.2024298E-10
    12.95000          0.2107316E-10
    12.85000          0.2200396E-10
    12.75000          0.2302701E-10
    12.65000          0.2415907E-10
    12.55000          0.2539177E-10
    12.45000          0.2669993E-10
    12.35000          0.2813388E-10
    12.25000          0.2969361E-10
    12.15000          0.3133720E-10
    12.05000          0.3303110E-10
    11.95000          0.3481725E-10
    11.85000          0.3677110E-10
    11.75000          0.3894299E-10
    11.65000          0.4135806E-10
    11.55000          0.4404146E-10
    11.45000          0.4696806E-10
    11.35000          0.5011268E-10
    11.25000          0.5363467E-10
    11.15000          0.5756753E-10
    11.05000          0.6174359E-10
    10.95000          0.6626345E-10
    10.85000          0.7115229E-10
    10.75000          0.7628432E-10
    10.65000          0.8176015E-10
    10.55000          0.8779782E-10
    10.45000          0.9442250E-10
    10.35000          0.1012987E-09
    10.25000          0.1086781E-09
    10.15000          0.1165606E-09
    10.05000          0.1249463E-09
    9.950000          0.1336674E-09
    9.850000          0.1425562E-09
    9.750000          0.1516127E-09
    9.650000          0.1607531E-09
    9.550000          0.1697257E-09
    9.450000          0.1785306E-09
    9.350000          0.1875033E-09
    9.250000          0.1965598E-09
    9.150000          0.2055324E-09
    9.050000          0.2143374E-09
    8.950000          0.2231423E-09
    8.850000          0.2318634E-09
    8.750000          0.2405006E-09
    8.650000          0.2490540E-09
    8.550000          0.2578590E-09
    8.450000          0.2675863E-09
    8.350000          0.2782361E-09
    8.250000          0.2899760E-09
    8.150000          0.3027222E-09
    8.050000          0.3166424E-09
    7.950000          0.3319043E-09
    7.850000          0.3486756E-09
    7.750000          0.3670402E-09
    7.650000          0.3868303E-09
    7.550000          0.4082976E-09
    7.450000          0.4315259E-09
    7.350000          0.4561797E-09
    7.250000          0.4812528E-09
    7.150000          0.5067453E-09
    7.050000          0.5341663E-09
    6.950000          0.5628453E-09
    6.850000          0.5915242E-09
    6.750000          0.6201193E-09
    6.650000          0.6487982E-09
    6.550000          0.6774773E-09
    6.450000          0.7072463E-09
    6.350000          0.7382732E-09
    6.250000          0.7693001E-09
    6.150000          0.8015010E-09
    6.050000          0.8348759E-09
    5.950000          0.8679154E-09
    5.850000          0.9031352E-09
    5.750000          0.9383549E-09
    5.650000          0.9735748E-09
    5.550000          0.1007956E-08
    5.450000          0.1044853E-08
    5.350000          0.1081750E-08
    5.250000          0.1117808E-08
    5.150000          0.1154705E-08
    5.050000          0.1193279E-08
    4.950000          0.1231015E-08
    4.850000          0.1269588E-08
    4.750000          0.1309001E-08
    4.650000          0.1350091E-08
    4.550000          0.1394535E-08
    4.450000          0.1440656E-08
    4.350000          0.1488454E-08
    4.250000          0.1537929E-08
    4.150000          0.1589082E-08
    4.050000          0.1641073E-08
    3.950000          0.1696418E-08
    3.850000          0.1754279E-08
    3.750000          0.1815495E-08
    3.650000          0.1880064E-08
    3.550000          0.1946311E-08
    3.450000          0.2016750E-08
    3.350000          0.2115701E-08
    3.250000          0.2303540E-08
    3.150000          0.2647352E-08
    3.050000          0.3172294E-08
    2.950000          0.3804572E-08
    2.850000          0.4374797E-08
    2.750000          0.4800789E-08
    2.650000          0.5277094E-08
    2.550000          0.6147525E-08
    2.450000          0.7487553E-08
    2.350000          0.8863639E-08
    2.250000          0.9735747E-08
    2.150000          0.1013826E-07
    2.050000          0.1055754E-07
    1.950000          0.1178185E-07
    1.850000          0.1438979E-07
    1.750000          0.1770212E-07
    1.650000          0.2071257E-07
    1.550000          0.2361401E-07
    1.450000          0.2728693E-07
    1.350000          0.3275437E-07
    1.250000          0.4119034E-07
    1.150000          0.5431390E-07
    1.050000          0.7400342E-07
   0.9800000          0.9165522E-07
   0.9400000          0.1000409E-06
   0.9000000          0.1047368E-06
   0.8600000          0.1061624E-06
   0.8200000          0.1061624E-06
   0.7800000          0.1234369E-06
   0.7400000          0.1878387E-06
   0.7050000          0.2659930E-06
   0.6750000          0.2976908E-06
   0.6450000          0.3096823E-06
   0.6150000          0.3213384E-06
   0.5875000          0.3329106E-06
   0.5625000          0.3453213E-06
   0.5375000          0.3563904E-06
   0.5125000          0.3475016E-06
   0.4875000          0.3036446E-06
   0.4625000          0.2548401E-06
   0.4375000          0.2429325E-06
   0.4125000          0.2921563E-06
   0.3900000          0.4088008E-06
   0.3700000          0.5848157E-06
   0.3500000          0.7737445E-06
   0.3300000          0.8754626E-06
   0.3100000          0.8196141E-06
   0.2900000          0.6572678E-06
   0.2750000          0.5548789E-06
   0.2625000          0.5516923E-06
   0.2475000          0.5840610E-06
   0.2350000          0.6205386E-06
   0.2250000          0.6544166E-06
   0.2150000          0.6924037E-06
   0.2050000          0.7352544E-06
   0.1950000          0.7838912E-06
   0.1850000          0.8410814E-06
   0.1750000          0.9073281E-06
   0.1650000          0.9811218E-06
   0.1550000          0.1060786E-05
   0.1462500          0.1137934E-05
   0.1387500          0.1207535E-05
   0.1312500          0.1271266E-05
   0.1237500          0.1315710E-05
   0.1175000          0.1329127E-05
   0.1125000          0.1314871E-05
   0.1075000          0.1288875E-05
   0.1025000          0.1262041E-05
   0.9800000E-01      0.1239400E-05
   0.9400000E-01      0.1220113E-05
   0.9000000E-01      0.1205019E-05
   0.8600000E-01      0.1196633E-05
   0.8200000E-01      0.1195794E-05
   0.7799999E-01      0.1207535E-05
   0.7400000E-01      0.1233530E-05
   0.7050000E-01      0.1271266E-05
   0.6750000E-01      0.1317387E-05
   0.6450000E-01      0.1371893E-05
   0.6150000E-01      0.1426400E-05
   0.5875000E-01      0.1475037E-05
   0.5625000E-01      0.1516127E-05
   0.5375000E-01      0.1553862E-05
   0.5125000E-01      0.1584050E-05
   0.4875000E-01      0.1606692E-05
   0.4625000E-01      0.1616755E-05
   0.4375000E-01      0.1611723E-05
   0.4125000E-01      0.1585727E-05
   0.3900000E-01      0.1536252E-05
   0.3700000E-01      0.1459943E-05
   0.3500000E-01      0.1345059E-05
   0.3300000E-01      0.1182378E-05
   0.3100000E-01      0.9953775E-06
   0.2900000E-01      0.8402428E-06
   0.2750000E-01      0.1142965E-05
   0.2625000E-01      0.3934550E-05
   0.2475000E-01      0.8435970E-05
   0.2350000E-01      0.7008732E-05
   0.2250000E-01      0.4478779E-05
   0.2150000E-01      0.3663693E-05
   0.2050000E-01      0.3676272E-05
   0.1950000E-01      0.3799541E-05
   0.1850000E-01      0.3890106E-05
   0.1750000E-01      0.3932034E-05
   0.1650000E-01      0.3905201E-05
   0.1550000E-01      0.3791994E-05
   0.1462500E-01      0.3639375E-05
   0.1387500E-01      0.3520299E-05
   0.1312500E-01      0.3468308E-05
   0.1237500E-01      0.3516944E-05
   0.1175000E-01      0.3640214E-05
   0.1125000E-01      0.3802895E-05
   0.1075000E-01      0.4002473E-05
   0.1025000E-01      0.4228887E-05
   0.9800000E-02      0.4454461E-05
   0.9400001E-02      0.4675842E-05
   0.9000000E-02      0.4923220E-05
   0.8600000E-02      0.5202461E-05
   0.8200000E-02      0.5514408E-05
   0.7800000E-02      0.5864928E-05
   0.7400000E-02      0.6268278E-05
   0.7050000E-02      0.6664082E-05
   0.6750000E-02      0.7036404E-05
   0.6450000E-02      0.7444786E-05
   0.6150000E-02      0.7888387E-05
   0.5875000E-02      0.8322763E-05
   0.5625000E-02      0.8737854E-05
   0.5375000E-02      0.9182294E-05
   0.5125000E-02      0.9643505E-05
   0.4875000E-02      0.1012987E-04
   0.4625000E-02      0.1063301E-04
   0.4375000E-02      0.1116969E-04
   0.4125000E-02      0.1172315E-04
   0.3900000E-02      0.1224306E-04
   0.3700000E-02      0.1270427E-04
   0.3500000E-02      0.1317387E-04
   0.3300000E-02      0.1364346E-04
   0.3100000E-02      0.1416337E-04
   0.2900000E-02      0.1475876E-04
   0.2750000E-02      0.1527867E-04
   0.2625000E-02      0.1577342E-04
   0.2475000E-02      0.1645266E-04
   0.2350000E-02      0.1710674E-04
   0.2250000E-02      0.1771051E-04
   0.2150000E-02      0.1837297E-04
   0.2050000E-02      0.1912768E-04
   0.1950000E-02      0.1999140E-04
   0.1850000E-02      0.2098091E-04
   0.1750000E-02      0.2213813E-04
   0.1650000E-02      0.2349661E-04
   0.1550000E-02      0.2506473E-04
   0.1462500E-02      0.2663285E-04
   0.1387500E-02      0.2801648E-04
   0.1312500E-02      0.2960976E-04
   0.1237500E-02      0.3138751E-04
   0.1175000E-02      0.3300595E-04
   0.1125000E-02      0.3438958E-04
   0.1075000E-02      0.3589061E-04
   0.1025000E-02      0.3752581E-04
   0.9800000E-03      0.3911071E-04
   0.9400000E-03      0.4060335E-04
   0.9000000E-03      0.4221340E-04
   0.8600000E-03      0.4394084E-04
   0.8200000E-03      0.4581084E-04
   0.7800000E-03      0.4784017E-04
   0.7400000E-03      0.4999528E-04
   0.7050000E-03      0.5204139E-04
   0.6750000E-03      0.5390300E-04
   0.6450000E-03      0.5584847E-04
   0.6150000E-03      0.5797004E-04
   0.5875000E-03      0.6008323E-04
   0.5625000E-03      0.6206224E-04
   0.5375000E-03      0.6415865E-04
   0.5125000E-03      0.6640602E-04
   0.4875000E-03      0.6873723E-04
   0.4625000E-03      0.7121099E-04
   0.4375000E-03      0.7396988E-04
   0.4125000E-03      0.7723190E-04
   0.3900000E-03      0.8070355E-04
   0.3700000E-03      0.8435970E-04
   0.3500000E-03      0.8863640E-04
   0.3300000E-03      0.9391936E-04
   0.3100000E-03      0.1001248E-03
   0.2900000E-03      0.1074203E-03
   0.2750000E-03      0.1137095E-03
   0.2625000E-03      0.1196633E-03
   0.2475000E-03      0.1276297E-03
   0.2350000E-03      0.1350929E-03
   0.2250000E-03      0.1417176E-03
   0.2150000E-03      0.1490131E-03
   0.2050000E-03      0.1570634E-03
   0.1950000E-03      0.1660360E-03
   0.1850000E-03      0.1757634E-03
   0.1750000E-03      0.1865809E-03
   0.1650000E-03      0.1985723E-03
   0.1550000E-03      0.2119055E-03
   0.1462500E-03      0.2250710E-03
   0.1387500E-03      0.2367271E-03
   0.1312500E-03      0.2501441E-03
   0.1237500E-03      0.2646513E-03
   0.1175000E-03      0.2780684E-03
   0.1125000E-03      0.2899760E-03
   0.1075000E-03      0.3026384E-03
   0.1025000E-03      0.3160554E-03
   0.9800000E-04      0.3291371E-03
   0.9400000E-04      0.3416316E-03
   0.9000000E-04      0.3553842E-03
   0.8600000E-04      0.3702267E-03
   0.8200000E-04      0.3865788E-03
   0.7800000E-04      0.4046918E-03
   0.7400000E-04      0.4247335E-03
   0.7050000E-04      0.4438528E-03
   0.6750000E-04      0.4618820E-03
   0.6450000E-04      0.4816721E-03
   0.6150000E-04      0.5032233E-03
   0.5875000E-04      0.5248582E-03
   0.5625000E-04      0.5461578E-03
   0.5375000E-04      0.5694700E-03
   0.5125000E-04      0.5951300E-03
   0.4875000E-04      0.6232220E-03
   0.4625000E-04      0.6545844E-03
   0.4375000E-04      0.6893848E-03
   0.4125000E-04      0.7282943E-03
   0.3900000E-04      0.7680422E-03
   0.3700000E-04      0.8069517E-03
   0.3500000E-04      0.8494670E-03
   0.3300000E-04      0.8981038E-03
   0.3100000E-04      0.9517720E-03
   0.2900000E-04      0.1012987E-02
   0.2750000E-04      0.1064140E-02
   0.2625000E-04      0.1110261E-02
   0.2475000E-04      0.1171476E-02
   0.2350000E-04      0.1227660E-02
   0.2250000E-04      0.1277974E-02
   0.2150000E-04      0.1331643E-02
   0.2050000E-04      0.1390342E-02
   0.1950000E-04      0.1455750E-02
   0.1850000E-04      0.1527028E-02
   0.1750000E-04      0.1605853E-02
   0.1650000E-04      0.1693064E-02
   0.1550000E-04      0.1790338E-02
   0.1462500E-04      0.1885934E-02
   0.1387500E-04      0.1977338E-02
   0.1312500E-04      0.2077127E-02
   0.1237500E-04      0.2188656E-02
   0.1175000E-04      0.2290961E-02
   0.1125000E-04      0.2378172E-02
   0.1075000E-04      0.2472930E-02
   0.1025000E-04      0.2579428E-02
   0.9800000E-05      0.2683410E-02
   0.9400001E-05      0.2781522E-02
   0.8999999E-05      0.2888859E-02
   0.8600000E-05      0.3007935E-02
   0.8200001E-05      0.3138751E-02
   0.7800000E-05      0.3281308E-02
   0.7400000E-05      0.3439796E-02
   0.7050000E-05      0.3594931E-02
   0.6750000E-05      0.3736649E-02
   0.6450000E-05      0.3887590E-02
   0.6150000E-05      0.4059496E-02
   0.5875000E-05      0.4237272E-02
   0.5625000E-05      0.4407501E-02
   0.5375000E-05      0.4588631E-02
   0.5125000E-05      0.4792403E-02
   0.4875000E-05      0.5021331E-02
   0.4625000E-05      0.5268708E-02
   0.4375000E-05      0.5544596E-02
   0.4125000E-05      0.5861574E-02
   0.3900000E-05      0.6181068E-02
   0.3700000E-05      0.6490497E-02
   0.3500000E-05      0.6835150E-02
   0.3300000E-05      0.7231791E-02
   0.3100000E-05      0.7684615E-02
   0.2900000E-05      0.8183562E-02
   0.2750000E-05      0.8603685E-02
   0.2625000E-05      0.9014580E-02
   0.2475000E-05      0.9551262E-02
   0.2350000E-05      0.1007117E-01
   0.2250000E-05      0.1050723E-01
   0.2150000E-05      0.1097682E-01
   0.2050000E-05      0.1151351E-01
   0.1950000E-05      0.1212566E-01
   0.1850000E-05      0.1280490E-01
   0.1750000E-05      0.1351768E-01
   0.1650000E-05      0.1433109E-01
   0.1550000E-05      0.1526190E-01
   0.1462500E-05      0.1615077E-01
   0.1387500E-05      0.1693064E-01
   0.1312500E-05      0.1773566E-01
   0.1237500E-05      0.1854069E-01
   0.1175000E-05      0.1920315E-01
   0.1125000E-05      0.1973145E-01
   0.1075000E-05      0.2020943E-01
   0.1025000E-05      0.2062871E-01
   0.9800000E-06      0.2094737E-01
   0.9399999E-06      0.2114863E-01
   0.9000000E-06      0.2129957E-01
   0.8600000E-06      0.2139181E-01
   0.8200000E-06      0.2145051E-01
   0.7800000E-06      0.2153437E-01
   0.7400000E-06      0.2167692E-01
   0.7050000E-06      0.2186141E-01
   0.6750000E-06      0.2207105E-01
   0.6450000E-06      0.2234778E-01
   0.6150000E-06      0.2272513E-01
   0.5875000E-06      0.2316118E-01
   0.5625000E-06      0.2366432E-01
   0.5375000E-06      0.2451128E-01
   0.5125000E-06      0.2716953E-01
   0.4875000E-06      0.3463276E-01
   0.4625000E-06      0.4980241E-01
   0.4375000E-06      0.6824247E-01
   0.4125000E-06      0.7874132E-01
   0.3900000E-06      0.8268258E-01
   0.3700000E-06      0.8662383E-01
   0.3500000E-06      0.9123594E-01
   0.3300000E-06      0.9643506E-01
   0.3100000E-06      0.1021373    
   0.2900000E-06      0.1080073    
   0.2750000E-06      0.1127032    
   0.2625000E-06      0.1177346    
   0.2475000E-06      0.1241916    
   0.2350000E-06      0.1295584    
   0.2250000E-06      0.1345898    
   0.2150000E-06      0.1403759    
   0.2050000E-06      0.1464974    
   0.1950000E-06      0.1532898    
   0.1850000E-06      0.1609208    
   0.1750000E-06      0.1694741    
   0.1650000E-06      0.1789499    
   0.1550000E-06      0.1891804    
   0.1462500E-06      0.1988239    
   0.1387500E-06      0.2082159    
   0.1312500E-06      0.2189495    
   0.1237500E-06      0.2306056    
   0.1175000E-06      0.2409199    
   0.1125000E-06      0.2501442    
   0.1075000E-06      0.2606262    
   0.1025000E-06      0.2719469    
   0.9800000E-07      0.2829321    
   0.9400000E-07      0.2936657    
   0.9000000E-07      0.3055733    
   0.8600000E-07      0.3184034    
   0.8200000E-07      0.3323236    
   0.7800000E-07      0.3480886    
   0.7400000E-07      0.3645245    
   0.7050000E-07      0.3795348    
   0.6750000E-07      0.3947129    
   0.6450000E-07      0.4117357    
   0.6150000E-07      0.4295972    
   0.5875000E-07      0.4468716    
   0.5625000E-07      0.4645654    
   0.5375000E-07      0.4846071    
   0.5125000E-07      0.5059906    
   0.4875000E-07      0.5293026    
   0.4625000E-07      0.5554659    
   0.4375000E-07      0.5844802    
   0.4125000E-07      0.6161780    
   0.3900000E-07      0.6472049    
   0.3700000E-07      0.6782318    
   0.3500000E-07      0.7138709    
   0.3300000E-07      0.7537866    
   0.3100000E-07      0.7982306    
   0.2900000E-07      0.8452742    
   0.2750000E-07      0.8821710    
   0.2625000E-07      0.9090051    
   0.2475000E-07      0.9224222    
   0.2350000E-07      0.9207451    
   0.2250000E-07      0.9157137    
   0.2150000E-07      0.9081666    
   0.2050000E-07      0.8997809    
   0.1950000E-07      0.8888795    
   0.1850000E-07      0.8763011    
   0.1750000E-07      0.8603685    
   0.1650000E-07      0.8427584    
   0.1550000E-07      0.8216266    
   0.1462500E-07      0.8013333    
   0.1387500E-07      0.7828849    
   0.1312500E-07      0.7622562    
   0.1237500E-07      0.7406213    
   0.1175000E-07      0.7228436    
   0.1125000E-07      0.7064916    
   0.1075000E-07      0.6878754    
   0.1025000E-07      0.6686722    
   0.9800000E-08      0.6511462    
   0.9400000E-08      0.6346264    
   0.9000000E-08      0.6166812    
   0.8600000E-08      0.5978973    
   0.8200000E-08      0.5785264    
   0.7800000E-08      0.5584847    
   0.7400000E-08      0.5386108    
   0.7050000E-08      0.5210008    
   0.6750000E-08      0.5043973    
   0.6450000E-08      0.4868712    
   0.6150000E-08      0.4696806    
   0.5875000E-08      0.4539995    
   0.5625000E-08      0.4391568    
   0.5375000E-08      0.4233918    
   0.5125000E-08      0.4072075    
   0.4875000E-08      0.3909393    
   0.4625000E-08      0.3742518    
   0.4375000E-08      0.3570613    
   0.4125000E-08      0.3399545    
   0.3900000E-08      0.3244411    
   0.3700000E-08      0.3102693    
   0.3500000E-08      0.2953428    
   0.3300000E-08      0.2798294    
   0.3100000E-08      0.2643159    
   0.2900000E-08      0.2500603    
   0.2750000E-08      0.2398298    
   0.2625000E-08      0.2295993    
   0.2475000E-08      0.2173562    
   0.2350000E-08      0.2082159    
   0.2250000E-08      0.2003333    
   0.2150000E-08      0.1920315    
   0.2050000E-08      0.1836459    
   0.1950000E-08      0.1751764    
   0.1850000E-08      0.1666230    
   0.1750000E-08      0.1579858    
   0.1650000E-08      0.1492647    
   0.1550000E-08      0.1407113    
   0.1462500E-08      0.1334997    
   0.1387500E-08      0.1271266    
   0.1312500E-08      0.1204180    
   0.1237500E-08      0.1139611    
   0.1175000E-08      0.1089297    
   0.1125000E-08      0.1047369    
   0.1075000E-08      0.1002086    
   0.1025000E-08      0.9559649E-01
   0.9800000E-09      0.9165522E-01
   0.9400000E-09      0.8813325E-01
   0.9000000E-09      0.8435971E-01
   0.8600000E-09      0.8067001E-01
   0.8200000E-09      0.7696356E-01
   0.7800000E-09      0.7326549E-01
   0.7400000E-09      0.6966804E-01
   0.7050000E-09      0.6657372E-01
   0.6750000E-09      0.6384000E-01
   0.6450000E-09      0.6101404E-01
   0.6150000E-09      0.5824677E-01
   0.5875000E-09      0.5580654E-01
   0.5625000E-09      0.5345856E-01
   0.5375000E-09      0.5102672E-01
   0.5125000E-09      0.4868712E-01
   0.4875000E-09      0.4634752E-01
   0.4625000E-09      0.4391569E-01
   0.4375000E-09      0.4147546E-01
   0.4125000E-09      0.3918617E-01
   0.3900000E-09      0.3711491E-01
   0.3700000E-09      0.3520299E-01
   0.3500000E-09      0.3334976E-01
   0.3300000E-09      0.3143783E-01
   0.3100000E-09      0.2940850E-01
   0.2900000E-09      0.2768944E-01
   0.2750000E-09      0.2653222E-01
   0.2625000E-09      0.2521567E-01
   0.2475000E-09      0.2361401E-01
   0.2350000E-09      0.2254064E-01
   0.2250000E-09      0.2171885E-01
   0.2150000E-09      0.2063710E-01
   0.2050000E-09      0.1957212E-01
   0.1950000E-09      0.1873356E-01
   0.1850000E-09      0.1789499E-01
   0.1750000E-09      0.1682163E-01
   0.1650000E-09      0.1574826E-01
   0.1550000E-09      0.1480907E-01
   0.1462500E-09      0.1401243E-01
   0.1387500E-09      0.1336674E-01
   0.1312500E-09      0.1256171E-01
   0.1237500E-09      0.1177346E-01
   0.1175000E-09      0.1145481E-01
   0.1125000E-09      0.1121162E-01
   0.1075000E-09      0.1049046E-01
   0.1025000E-09      0.9668662E-02
