    19.95000          0.1000000E-32
    19.85000          0.1000000E-32
    19.75000          0.1000000E-32
    19.65000          0.1000000E-32
    19.55000          0.1000000E-32
    19.45000          0.1000000E-32
    19.35000          0.1000000E-32
    19.25000          0.1000000E-32
    19.15000          0.1000000E-32
    19.05000          0.1000000E-32
    18.95000          0.1000000E-32
    18.85000          0.1000000E-32
    18.75000          0.1000000E-32
    18.65000          0.1000000E-32
    18.55000          0.1000000E-32
    18.45000          0.1000000E-32
    18.35000          0.1000000E-32
    18.25000          0.1000000E-32
    18.15000          0.1000000E-32
    18.05000          0.1000000E-32
    17.95000          0.8843465E-12
    17.85000          0.9531356E-12
    17.75000          0.1027171E-11
    17.65000          0.1107036E-11
    17.55000          0.1193314E-11
    17.45000          0.1286004E-11
    17.35000          0.1386273E-11
    17.25000          0.1494120E-11
    17.15000          0.1609546E-11
    17.05000          0.1734299E-11
    16.95000          0.1868962E-11
    16.85000          0.2013536E-11
    16.75000          0.2169185E-11
    16.65000          0.2338243E-11
    16.55000          0.2519543E-11
    16.45000          0.2714833E-11
    16.35000          0.2925864E-11
    16.25000          0.3152634E-11
    16.15000          0.3396311E-11
    16.05000          0.3658642E-11
    15.95000          0.3941376E-11
    15.85000          0.4246263E-11
    15.75000          0.4574468E-11
    15.65000          0.4927157E-11
    15.55000          0.5307245E-11
    15.45000          0.5717066E-11
    15.35000          0.6156031E-11
    15.25000          0.6634057E-11
    15.15000          0.7147060E-11
    15.05000          0.7700870E-11
    14.95000          0.8295486E-11
    14.85000          0.8936739E-11
    14.75000          0.9624628E-11
    14.65000          0.1036498E-10
    14.55000          0.1116364E-10
    14.45000          0.1202059E-10
    14.35000          0.1294166E-10
    14.25000          0.1393852E-10
    14.15000          0.1501699E-10
    14.05000          0.1617124E-10
    13.95000          0.1741294E-10
    13.85000          0.1875375E-10
    13.75000          0.2018782E-10
    13.65000          0.2173266E-10
    13.55000          0.2339409E-10
    13.45000          0.2518377E-10
    13.35000          0.2711918E-10
    13.25000          0.2920034E-10
    13.15000          0.3144473E-10
    13.05000          0.3385817E-10
    12.95000          0.3645234E-10
    12.85000          0.3923887E-10
    12.75000          0.4222945E-10
    12.65000          0.4545320E-10
    12.55000          0.4892763E-10
    12.45000          0.5266439E-10
    12.35000          0.5668680E-10
    12.25000          0.6103565E-10
    12.15000          0.6569931E-10
    12.05000          0.7071275E-10
    11.95000          0.7607596E-10
    11.85000          0.8184725E-10
    11.75000          0.8808489E-10
    11.65000          0.9478890E-10
    11.55000          0.1020176E-09
    11.45000          0.1097709E-09
    11.35000          0.1181072E-09
    11.25000          0.1270848E-09
    11.15000          0.1367035E-09
    11.05000          0.1470219E-09
    10.95000          0.1581564E-09
    10.85000          0.1701070E-09
    10.75000          0.1829321E-09
    10.65000          0.1967482E-09
    10.55000          0.2116136E-09
    10.45000          0.2275866E-09
    10.35000          0.2447256E-09
    10.25000          0.2631470E-09
    10.15000          0.2830259E-09
    10.05000          0.3044205E-09
    9.950000          0.3273890E-09
    9.850000          0.3520481E-09
    9.750000          0.3785143E-09
    9.650000          0.4069044E-09
    9.550000          0.4373931E-09
    9.450000          0.4700970E-09
    9.350000          0.5052493E-09
    9.250000          0.5430250E-09
    9.150000          0.5835405E-09
    9.050000          0.6272624E-09
    8.950000          0.6738989E-09
    8.850000          0.7240333E-09
    8.750000          0.7776654E-09
    8.650000          0.8353780E-09
    8.550000          0.8971717E-09
    8.450000          0.9636288E-09
    8.350000          0.1034750E-08
    8.250000          0.1111700E-08
    8.150000          0.1193897E-08
    8.050000          0.1282507E-08
    7.950000          0.1409591E-08
    7.850000          0.1585062E-08
    7.750000          0.1784433E-08
    7.650000          0.2014118E-08
    7.550000          0.2277032E-08
    7.450000          0.2577256E-08
    7.350000          0.2920617E-08
    7.250000          0.3317611E-08
    7.150000          0.3772318E-08
    7.050000          0.4294065E-08
    6.950000          0.4709131E-08
    6.850000          0.4979040E-08
    6.750000          0.5264106E-08
    6.650000          0.5580652E-08
    6.550000          0.5922849E-08
    6.450000          0.6301771E-08
    6.350000          0.6704012E-08
    6.250000          0.7147059E-08
    6.150000          0.7607596E-08
    6.050000          0.8103109E-08
    5.950000          0.8546158E-08
    5.850000          0.8925080E-08
    5.750000          0.9327320E-08
    5.650000          0.9758709E-08
    5.550000          0.1021342E-07
    5.450000          0.1069727E-07
    5.350000          0.1121610E-07
    5.250000          0.1176408E-07
    5.150000          0.1235870E-07
    5.050000          0.1299412E-07
    4.950000          0.1366453E-07
    4.850000          0.1436990E-07
    4.750000          0.1513358E-07
    4.650000          0.1596138E-07
    4.550000          0.1684747E-07
    4.450000          0.1780935E-07
    4.350000          0.1885285E-07
    4.250000          0.1998962E-07
    4.150000          0.2122549E-07
    4.050000          0.2257794E-07
    3.950000          0.2399453E-07
    3.850000          0.2547525E-07
    3.750000          0.2709004E-07
    3.650000          0.2884474E-07
    3.550000          0.3077433E-07
    3.450000          0.3289630E-07
    3.350000          0.3523978E-07
    3.250000          0.3782811E-07
    3.150000          0.4069627E-07
    3.050000          0.4386755E-07
    2.950000          0.4678234E-07
    2.850000          0.4934736E-07
    2.750000          0.5213973E-07
    2.650000          0.5520025E-07
    2.550000          0.5858723E-07
    2.450000          0.6231816E-07
    2.350000          0.6645715E-07
    2.250000          0.7106253E-07
    2.150000          0.7625084E-07
    2.050000          0.8202213E-07
    1.950000          0.8738534E-07
    1.850000          0.9210729E-07
    1.750000          0.9741220E-07
    1.650000          0.1033584E-06
    1.550000          0.1100624E-06
    1.450000          0.1156005E-06
    1.350000          0.1199144E-06
    1.250000          0.1246946E-06
    1.150000          0.1302910E-06
    1.050000          0.1369950E-06
   0.9800000          0.1424748E-06
   0.9400000          0.1460891E-06
   0.9000000          0.1499950E-06
   0.8600000          0.1542506E-06
   0.8200000          0.1588559E-06
   0.7800000          0.1638111E-06
   0.7400000          0.1692909E-06
   0.7050000          0.1745958E-06
   0.6750000          0.1801922E-06
   0.6450000          0.1866630E-06
   0.6150000          0.1936585E-06
   0.5875000          0.2006540E-06
   0.5625000          0.2075329E-06
   0.5375000          0.2149364E-06
   0.5125000          0.2229812E-06
   0.4875000          0.2313759E-06
   0.4625000          0.2401202E-06
   0.4375000          0.2497390E-06
   0.4125000          0.2602906E-06
   0.3900000          0.2707255E-06
   0.3700000          0.2809273E-06
   0.3500000          0.2921783E-06
   0.3300000          0.3045953E-06
   0.3100000          0.3183531E-06
   0.2900000          0.3327522E-06
   0.2750000          0.3439449E-06
   0.2625000          0.3542050E-06
   0.2475000          0.3672050E-06
   0.2350000          0.3792139E-06
   0.2250000          0.3898237E-06
   0.2150000          0.4011914E-06
   0.2050000          0.4127923E-06
   0.1950000          0.4263169E-06
   0.1850000          0.4416487E-06
   0.1750000          0.4582629E-06
   0.1650000          0.4768593E-06
   0.1550000          0.4973794E-06
   0.1462500          0.5172582E-06
   0.1387500          0.5359711E-06
   0.1312500          0.5582984E-06
   0.1237500          0.5803926E-06
   0.1175000          0.6010292E-06
   0.1125000          0.6191010E-06
   0.1075000          0.6383386E-06
   0.1025000          0.6564103E-06
   0.9800000E-01      0.6768138E-06
   0.9400000E-01      0.6954684E-06
   0.9000000E-01      0.7152889E-06
   0.8600000E-01      0.7368585E-06
   0.8200000E-01      0.7595937E-06
   0.7799999E-01      0.7852439E-06
   0.7400000E-01      0.8120599E-06
   0.7050000E-01      0.8388760E-06
   0.6750000E-01      0.8674408E-06
   0.6450000E-01      0.8995034E-06
   0.6150000E-01      0.9350638E-06
   0.5875000E-01      0.9741220E-06
   0.5625000E-01      0.1009683E-05
   0.5375000E-01      0.1046992E-05
   0.5125000E-01      0.1087799E-05
   0.4875000E-01      0.1126274E-05
   0.4625000E-01      0.1158920E-05
   0.4375000E-01      0.1197978E-05
   0.4125000E-01      0.1241700E-05
   0.3900000E-01      0.1294749E-05
   0.3700000E-01      0.1337888E-05
   0.3500000E-01      0.1384524E-05
   0.3300000E-01      0.1435241E-05
   0.3100000E-01      0.1491788E-05
   0.2900000E-01      0.1541340E-05
   0.2750000E-01      0.1590308E-05
   0.2625000E-01      0.1634613E-05
   0.2475000E-01      0.1692326E-05
   0.2350000E-01      0.1744792E-05
   0.2250000E-01      0.1789680E-05
   0.2150000E-01      0.1838648E-05
   0.2050000E-01      0.1891114E-05
   0.1950000E-01      0.1955240E-05
   0.1850000E-01      0.2030441E-05
   0.1750000E-01      0.2110306E-05
   0.1650000E-01      0.2200665E-05
   0.1550000E-01      0.2299767E-05
   0.1462500E-01      0.2393624E-05
   0.1387500E-01      0.2485148E-05
   0.1312500E-01      0.2586000E-05
   0.1237500E-01      0.2695596E-05
   0.1175000E-01      0.2799362E-05
   0.1125000E-01      0.2887972E-05
   0.1075000E-01      0.2981245E-05
   0.1025000E-01      0.3083845E-05
   0.9800000E-02      0.3189361E-05
   0.9400001E-02      0.3286132E-05
   0.9000000E-02      0.3393396E-05
   0.8600000E-02      0.3515235E-05
   0.8200000E-02      0.3641153E-05
   0.7800000E-02      0.3782229E-05
   0.7400000E-02      0.3929717E-05
   0.7050000E-02      0.4079537E-05
   0.6750000E-02      0.4218281E-05
   0.6450000E-02      0.4381509E-05
   0.6150000E-02      0.4548235E-05
   0.5875000E-02      0.4726620E-05
   0.5625000E-02      0.4897427E-05
   0.5375000E-02      0.5111372E-05
   0.5125000E-02      0.5324152E-05
   0.4875000E-02      0.5589397E-05
   0.4625000E-02      0.5917019E-05
   0.4375000E-02      0.6290113E-05
   0.4125000E-02      0.6698182E-05
   0.3900000E-02      0.7135400E-05
   0.3700000E-02      0.7595937E-05
   0.3500000E-02      0.8126428E-05
   0.3300000E-02      0.8721045E-05
   0.3100000E-02      0.9344810E-05
   0.2900000E-02      0.1002104E-04
   0.2750000E-02      0.1057485E-04
   0.2625000E-02      0.1108202E-04
   0.2475000E-02      0.1174659E-04
   0.2350000E-02      0.1234704E-04
   0.2250000E-02      0.1286004E-04
   0.2150000E-02      0.1341385E-04
   0.2050000E-02      0.1401430E-04
   0.1950000E-02      0.1471385E-04
   0.1850000E-02      0.1553582E-04
   0.1750000E-02      0.1646855E-04
   0.1650000E-02      0.1753536E-04
   0.1550000E-02      0.1874208E-04
   0.1462500E-02      0.1994298E-04
   0.1387500E-02      0.2112055E-04
   0.1312500E-02      0.2244386E-04
   0.1237500E-02      0.2440843E-04
   0.1175000E-02      0.2620977E-04
   0.1125000E-02      0.2752726E-04
   0.1075000E-02      0.2894384E-04
   0.1025000E-02      0.3050034E-04
   0.9800000E-03      0.3181199E-04
   0.9400000E-03      0.3229585E-04
   0.9000000E-03      0.3370078E-04
   0.8600000E-03      0.3530974E-04
   0.8200000E-03      0.3709942E-04
   0.7800000E-03      0.3909896E-04
   0.7400000E-03      0.4129671E-04
   0.7050000E-03      0.4345366E-04
   0.6750000E-03      0.4550567E-04
   0.6450000E-03      0.4773257E-04
   0.6150000E-03      0.5014018E-04
   0.5875000E-03      0.5257695E-04
   0.5625000E-03      0.5497873E-04
   0.5375000E-03      0.5773029E-04
   0.5125000E-03      0.6080248E-04
   0.4875000E-03      0.6435852E-04
   0.4625000E-03      0.6855582E-04
   0.4375000E-03      0.7339436E-04
   0.4125000E-03      0.7916563E-04
   0.3900000E-03      0.8499521E-04
   0.3700000E-03      0.9018353E-04
   0.3500000E-03      0.9566334E-04
   0.3300000E-03      0.1017261E-03
   0.3100000E-03      0.1086633E-03
   0.2900000E-03      0.1165915E-03
   0.2750000E-03      0.1225377E-03
   0.2625000E-03      0.1279592E-03
   0.2475000E-03      0.1358291E-03
   0.2350000E-03      0.1436990E-03
   0.2250000E-03      0.1505779E-03
   0.2150000E-03      0.1579815E-03
   0.2050000E-03      0.1663178E-03
   0.1950000E-03      0.1756451E-03
   0.1850000E-03      0.1857886E-03
   0.1750000E-03      0.1973894E-03
   0.1650000E-03      0.2107391E-03
   0.1550000E-03      0.2257795E-03
   0.1462500E-03      0.2405866E-03
   0.1387500E-03      0.2554520E-03
   0.1312500E-03      0.2719497E-03
   0.1237500E-03      0.2904878E-03
   0.1175000E-03      0.3070438E-03
   0.1125000E-03      0.3223173E-03
   0.1075000E-03      0.3388732E-03
   0.1025000E-03      0.3572947E-03
   0.9800000E-04      0.3760660E-03
   0.9400000E-04      0.3959447E-03
   0.9000000E-04      0.4170478E-03
   0.8600000E-04      0.4389088E-03
   0.8200000E-04      0.4646172E-03
   0.7800000E-04      0.4934153E-03
   0.7400000E-04      0.5258277E-03
   0.7050000E-04      0.5573657E-03
   0.6750000E-04      0.5825495E-03
   0.6450000E-04      0.6161862E-03
   0.6150000E-04      0.6534954E-03
   0.5875000E-04      0.6925536E-03
   0.5625000E-04      0.7310287E-03
   0.5375000E-04      0.7811631E-03
   0.5125000E-04      0.8324634E-03
   0.4875000E-04      0.8820147E-03
   0.4625000E-04      0.9321492E-03
   0.4375000E-04      0.9886960E-03
   0.4125000E-04      0.1052238E-02
   0.3900000E-04      0.1116364E-02
   0.3700000E-04      0.1179906E-02
   0.3500000E-04      0.1251027E-02
   0.3300000E-04      0.1331475E-02
   0.3100000E-04      0.1422417E-02
   0.2900000E-04      0.1536676E-02
   0.2750000E-04      0.1642191E-02
   0.2625000E-04      0.1741877E-02
   0.2475000E-04      0.1875957E-02
   0.2350000E-04      0.2001876E-02
   0.2250000E-04      0.2114387E-02
   0.2150000E-04      0.2239140E-02
   0.2050000E-04      0.2377884E-02
   0.1950000E-04      0.2521292E-02
   0.1850000E-04      0.2669946E-02
   0.1750000E-04      0.2836088E-02
   0.1650000E-04      0.3023218E-02
   0.1550000E-04      0.3235998E-02
   0.1462500E-04      0.3446445E-02
   0.1387500E-04      0.3649897E-02
   0.1312500E-04      0.3877251E-02
   0.1237500E-04      0.4133169E-02
   0.1175000E-04      0.4371599E-02
   0.1125000E-04      0.4583213E-02
   0.1075000E-04      0.4815229E-02
   0.1025000E-04      0.5071148E-02
   0.9800000E-05      0.5323568E-02
   0.9400001E-05      0.5567828E-02
   0.8999999E-05      0.5835405E-02
   0.8600000E-05      0.6126884E-02
   0.8200001E-05      0.6453340E-02
   0.7800000E-05      0.6808945E-02
   0.7400000E-05      0.7205355E-02
   0.7050000E-05      0.7572619E-02
   0.6750000E-05      0.7893246E-02
   0.6450000E-05      0.8213872E-02
   0.6150000E-05      0.8563647E-02
   0.5875000E-05      0.8895933E-02
   0.5625000E-05      0.9193241E-02
   0.5375000E-05      0.9554675E-02
   0.5125000E-05      0.9974403E-02
   0.4875000E-05      0.1049907E-01
   0.4625000E-05      0.1113449E-01
   0.4375000E-05      0.1184570E-01
   0.4125000E-05      0.1271430E-01
   0.3900000E-05      0.1360040E-01
   0.3700000E-05      0.1446318E-01
   0.3500000E-05      0.1541340E-01
   0.3300000E-05      0.1647438E-01
   0.3100000E-05      0.1767527E-01
   0.2900000E-05      0.1914433E-01
   0.2750000E-05      0.2046764E-01
   0.2625000E-05      0.2171517E-01
   0.2475000E-05      0.2339409E-01
   0.2350000E-05      0.2496807E-01
   0.2250000E-05      0.2637883E-01
   0.2150000E-05      0.2794116E-01
   0.2050000E-05      0.2967254E-01
   0.1950000E-05      0.3131065E-01
   0.1850000E-05      0.3282634E-01
   0.1750000E-05      0.3450526E-01
   0.1650000E-05      0.3637072E-01
   0.1550000E-05      0.3846937E-01
   0.1462500E-05      0.4052138E-01
   0.1387500E-05      0.4248012E-01
   0.1312500E-05      0.4464872E-01
   0.1237500E-05      0.4706800E-01
   0.1175000E-05      0.4930072E-01
   0.1125000E-05      0.5125946E-01
   0.1075000E-05      0.5338725E-01
   0.1025000E-05      0.5571908E-01
   0.9800000E-06      0.5778858E-01
   0.9399999E-06      0.5951997E-01
   0.9000000E-06      0.6144372E-01
   0.8600000E-06      0.6342578E-01
   0.8200000E-06      0.6564102E-01
   0.7800000E-06      0.6803115E-01
   0.7400000E-06      0.7065446E-01
   0.7050000E-06      0.7275310E-01
   0.6750000E-06      0.7351094E-01
   0.6450000E-06      0.7351094E-01
   0.6150000E-06      0.7351094E-01
   0.5875000E-06      0.7351094E-01
   0.5625000E-06      0.7351094E-01
   0.5375000E-06      0.7351095E-01
   0.5125000E-06      0.7351094E-01
   0.4875000E-06      0.6779796E-01
   0.4625000E-06      0.5719396E-01
   0.4375000E-06      0.4779086E-01
   0.4125000E-06      0.3951286E-01
   0.3900000E-06      0.3294293E-01
   0.3700000E-06      0.2777793E-01
   0.3500000E-06      0.2320171E-01
   0.3300000E-06      0.1917347E-01
   0.3100000E-06      0.1565824E-01
   0.2900000E-06      0.1258022E-01
   0.2750000E-06      0.1053404E-01
   0.2625000E-06      0.9030012E-02
   0.2475000E-06      0.7432709E-02
   0.2350000E-06      0.6255134E-02
   0.2250000E-06      0.5414510E-02
   0.2150000E-06      0.4657249E-02
   0.2050000E-06      0.3977519E-02
   0.1950000E-06      0.3423127E-02
   0.1850000E-06      0.2971334E-02
   0.1750000E-06      0.2559184E-02
   0.1650000E-06      0.2184342E-02
   0.1550000E-06      0.1846810E-02
   0.1462500E-06      0.1579232E-02
   0.1387500E-06      0.1370533E-02
   0.1312500E-06      0.1180489E-02
   0.1237500E-06      0.1007934E-02
   0.1175000E-06      0.8761852E-03
   0.1125000E-06      0.7794143E-03
   0.1075000E-06      0.6896388E-03
   0.1025000E-06      0.6068588E-03
   0.9800000E-07      0.5563747E-03
   0.9400000E-07      0.5336394E-03
   0.9000000E-07      0.5109623E-03
   0.8600000E-07      0.4882270E-03
   0.8200000E-07      0.4655499E-03
   0.7800000E-07      0.4428145E-03
   0.7400000E-07      0.4200792E-03
   0.7050000E-07      0.4002587E-03
   0.6750000E-07      0.3832363E-03
   0.6450000E-07      0.3661556E-03
   0.6150000E-07      0.3491333E-03
   0.5875000E-07      0.3335100E-03
   0.5625000E-07      0.3193442E-03
   0.5375000E-07      0.3051783E-03
   0.5125000E-07      0.2909541E-03
   0.4875000E-07      0.2767882E-03
   0.4625000E-07      0.2625640E-03
   0.4375000E-07      0.2483982E-03
   0.4125000E-07      0.2341741E-03
   0.3900000E-07      0.2214073E-03
   0.3700000E-07      0.2100396E-03
   0.3500000E-07      0.1987302E-03
   0.3300000E-07      0.1873626E-03
   0.3100000E-07      0.1759949E-03
   0.2900000E-07      0.1646272E-03
   0.2750000E-07      0.1561160E-03
   0.2625000E-07      0.1490040E-03
   0.2475000E-07      0.1404928E-03
   0.2350000E-07      0.1334390E-03
   0.2250000E-07      0.1277260E-03
   0.2150000E-07      0.1220713E-03
   0.2050000E-07      0.1163583E-03
   0.1950000E-07      0.1107036E-03
   0.1850000E-07      0.1050490E-03
   0.1750000E-07      0.9933596E-04
   0.1650000E-07      0.9368128E-04
   0.1550000E-07      0.8802659E-04
   0.1462500E-07      0.8301315E-04
   0.1387500E-07      0.7875757E-04
   0.1312500E-07      0.7450199E-04
   0.1237500E-07      0.7024639E-04
   0.1175000E-07      0.6669034E-04
   0.1125000E-07      0.6389215E-04
   0.1075000E-07      0.6103565E-04
   0.1025000E-07      0.5819082E-04
   0.9800000E-08      0.5563747E-04
   0.9400000E-08      0.5336394E-04
   0.9000000E-08      0.5109623E-04
   0.8600000E-08      0.4882269E-04
   0.8200000E-08      0.4655499E-04
   0.7800000E-08      0.4428146E-04
   0.7400000E-08      0.4201375E-04
   0.7050000E-08      0.4002587E-04
   0.6750000E-08      0.3832363E-04
   0.6450000E-08      0.3661557E-04
   0.6150000E-08      0.3491333E-04
   0.5875000E-08      0.3335100E-04
   0.5625000E-08      0.3193441E-04
   0.5375000E-08      0.3051783E-04
   0.5125000E-08      0.2909541E-04
   0.4875000E-08      0.2767883E-04
   0.4625000E-08      0.2625641E-04
   0.4375000E-08      0.2483982E-04
   0.4125000E-08      0.2341740E-04
   0.3900000E-08      0.2214073E-04
   0.3700000E-08      0.2100396E-04
   0.3500000E-08      0.1987302E-04
   0.3300000E-08      0.1873625E-04
   0.3100000E-08      0.1759949E-04
   0.2900000E-08      0.1646272E-04
   0.2750000E-08      0.1561160E-04
   0.2625000E-08      0.1490040E-04
   0.2475000E-08      0.1404928E-04
   0.2350000E-08      0.1334390E-04
   0.2250000E-08      0.1277260E-04
   0.2150000E-08      0.1220713E-04
   0.2050000E-08      0.1163583E-04
   0.1950000E-08      0.1107036E-04
   0.1850000E-08      0.1050489E-04
   0.1750000E-08      0.9933598E-05
   0.1650000E-08      0.9368127E-05
   0.1550000E-08      0.8796830E-05
   0.1462500E-08      0.8301315E-05
   0.1387500E-08      0.7875758E-05
   0.1312500E-08      0.7450198E-05
   0.1237500E-08      0.7024639E-05
   0.1175000E-08      0.6669034E-05
   0.1125000E-08      0.6389214E-05
   0.1075000E-08      0.6103566E-05
   0.1025000E-08      0.5819082E-05
   0.9800000E-09      0.5563747E-05
   0.9400000E-09      0.5336394E-05
   0.9000000E-09      0.5109624E-05
   0.8600000E-09      0.4882269E-05
   0.8200000E-09      0.4655499E-05
   0.7800000E-09      0.4428146E-05
   0.7400000E-09      0.4201375E-05
   0.7050000E-09      0.4002587E-05
   0.6750000E-09      0.3832363E-05
   0.6450000E-09      0.3661557E-05
   0.6150000E-09      0.3491333E-05
   0.5875000E-09      0.3335100E-05
   0.5625000E-09      0.3193442E-05
   0.5375000E-09      0.3051783E-05
   0.5125000E-09      0.2909541E-05
   0.4875000E-09      0.2767882E-05
   0.4625000E-09      0.2625641E-05
   0.4375000E-09      0.2483982E-05
   0.4125000E-09      0.2341741E-05
   0.3900000E-09      0.2214073E-05
   0.3700000E-09      0.2100396E-05
   0.3500000E-09      0.1987302E-05
   0.3300000E-09      0.1873626E-05
   0.3100000E-09      0.1759949E-05
   0.2900000E-09      0.1646272E-05
   0.2750000E-09      0.1561160E-05
   0.2625000E-09      0.1490040E-05
   0.2475000E-09      0.1404928E-05
   0.2350000E-09      0.1334390E-05
   0.2250000E-09      0.1277260E-05
   0.2150000E-09      0.1220713E-05
   0.2050000E-09      0.1163583E-05
   0.1950000E-09      0.1107036E-05
   0.1850000E-09      0.1050490E-05
   0.1750000E-09      0.9933597E-06
   0.1650000E-09      0.9368128E-06
   0.1550000E-09      0.8796829E-06
   0.1462500E-09      0.8301315E-06
   0.1387500E-09      0.7875756E-06
   0.1312500E-09      0.7450198E-06
   0.1237500E-09      0.7024639E-06
   0.1175000E-09      0.6669035E-06
   0.1125000E-09      0.6389214E-06
   0.1075000E-09      0.6103566E-06
   0.1025000E-09      0.5819082E-06
