
   0.1025000E-09      0.6691383E-02
   0.1075000E-09      0.7018106E-02
   0.1125000E-09      0.7344828E-02
   0.1175000E-09      0.7671551E-02
   0.1237500E-09      0.8079311E-02
   0.1312500E-09      0.8568108E-02
   0.1387500E-09      0.9058193E-02
   0.1462500E-09      0.9548278E-02
   0.1550000E-09      0.1011940E-01
   0.1650000E-09      0.1077156E-01
   0.1750000E-09      0.1142500E-01
   0.1850000E-09      0.1207716E-01
   0.1950000E-09      0.1273061E-01
   0.2050000E-09      0.1337762E-01
   0.2150000E-09      0.1403364E-01
   0.2250000E-09      0.1468966E-01
   0.2350000E-09      0.1534567E-01
   0.2475000E-09      0.1615605E-01
   0.2625000E-09      0.1713364E-01
   0.2750000E-09      0.1795688E-01
   0.2900000E-09      0.1893448E-01
   0.3100000E-09      0.2023365E-01
   0.3300000E-09      0.2154569E-01
   0.3500000E-09      0.2284486E-01
   0.3700000E-09      0.2415689E-01
   0.3900000E-09      0.2545607E-01
   0.4125000E-09      0.2693532E-01
   0.4375000E-09      0.2855607E-01
   0.4625000E-09      0.3018969E-01
   0.4875000E-09      0.3182330E-01
   0.5125000E-09      0.3345691E-01
   0.5375000E-09      0.3509053E-01
   0.5625000E-09      0.3672414E-01
   0.5875000E-09      0.3835775E-01
   0.6150000E-09      0.4014573E-01
   0.6450000E-09      0.4211378E-01
   0.6750000E-09      0.4406897E-01
   0.7050000E-09      0.4602416E-01
   0.7400000E-09      0.4831379E-01
   0.7800000E-09      0.5092500E-01
   0.8200000E-09      0.5353621E-01
   0.8600000E-09      0.5614741E-01
   0.9000000E-09      0.5875862E-01
   0.9400000E-09      0.6136983E-01
   0.9800000E-09      0.6398104E-01
   0.1025000E-08      0.6691383E-01
   0.1075000E-08      0.7018106E-01
   0.1125000E-08      0.7344828E-01
   0.1175000E-08      0.7671551E-01
   0.1237500E-08      0.8079311E-01
   0.1312500E-08      0.8568108E-01
   0.1387500E-08      0.9058193E-01
   0.1462500E-08      0.9548277E-01
   0.1550000E-08      0.1011940    
   0.1650000E-08      0.1077156    
   0.1750000E-08      0.1142500    
   0.1850000E-08      0.1207716    
   0.1950000E-08      0.1273061    
   0.2050000E-08      0.1337762    
   0.2150000E-08      0.1403364    
   0.2250000E-08      0.1468966    
   0.2350000E-08      0.1534567    
   0.2475000E-08      0.1615605    
   0.2625000E-08      0.1713364    
   0.2750000E-08      0.1795688    
   0.2900000E-08      0.1893448    
   0.3100000E-08      0.2023365    
   0.3300000E-08      0.2154569    
   0.3500000E-08      0.2284486    
   0.3700000E-08      0.2415690    
   0.3900000E-08      0.2545607    
   0.4125000E-08      0.2693532    
   0.4375000E-08      0.2855608    
   0.4625000E-08      0.3018969    
   0.4875000E-08      0.3182330    
   0.5125000E-08      0.3318679    
   0.5375000E-08      0.3426729    
   0.5625000E-08      0.3533492    
   0.5875000E-08      0.3637684    
   0.6150000E-08      0.3749593    
   0.6450000E-08      0.3871792    
   0.6750000E-08      0.3991419    
   0.7050000E-08      0.4108473    
   0.7400000E-08      0.4243535    
   0.7800000E-08      0.4396607    
   0.8200000E-08      0.4545819    
   0.8600000E-08      0.4692458    
   0.9000000E-08      0.4837811    
   0.9400000E-08      0.4980591    
   0.9800000E-08      0.5120798    
   0.1025000E-07      0.5277728    
   0.1075000E-07      0.5448807    
   0.1125000E-07      0.5616027    
   0.1175000E-07      0.5781962    
   0.1237500E-07      0.5986485    
   0.1312500E-07      0.6225739    
   0.1387500E-07      0.6462420    
   0.1462500E-07      0.6693955    
   0.1550000E-07      0.6958935    
   0.1650000E-07      0.7256073    
   0.1750000E-07      0.7532629    
   0.1850000E-07      0.7759019    
   0.1950000E-07      0.7953253    
   0.2050000E-07      0.8142340    
   0.2150000E-07      0.8324996    
   0.2250000E-07      0.8505079    
   0.2350000E-07      0.8680017    
   0.2475000E-07      0.8892259    
   0.2625000E-07      0.9141803    
   0.2750000E-07      0.9321886    
   0.2900000E-07      0.9420931    
   0.3100000E-07      0.9496824    
   0.3300000E-07      0.9570144    
   0.3500000E-07      0.9602301    
   0.3700000E-07      0.9563712    
   0.3900000E-07      0.9494251    
   0.4125000E-07      0.9419645    
   0.4375000E-07      0.9342467    
   0.4625000E-07      0.9199686    
   0.4875000E-07      0.9000308    
   0.5125000E-07      0.8815079    
   0.5375000E-07      0.8641428    
   0.5625000E-07      0.8431760    
   0.5875000E-07      0.8188647    
   0.6150000E-07      0.7940390    
   0.6450000E-07      0.7676696    
   0.6750000E-07      0.7393708    
   0.7050000E-07      0.7108146    
   0.7400000E-07      0.6795574    
   0.7800000E-07      0.6439266    
   0.8200000E-07      0.6094534    
   0.8600000E-07      0.5770385    
   0.9000000E-07      0.5460384    
   0.9400000E-07      0.5169678    
   0.9800000E-07      0.4887976    
   0.1025000E-06      0.4588267    
   0.1075000E-06      0.4288556    
   0.1125000E-06      0.4014572    
   0.1175000E-06      0.3754738    
   0.1237500E-06      0.3460173    
   0.1312500E-06      0.3152745    
   0.1387500E-06      0.2887765    
   0.1462500E-06      0.2656229    
   0.1550000E-06      0.2423407    
   0.1650000E-06      0.2198303    
   0.1750000E-06      0.2010502    
   0.1850000E-06      0.1849713    
   0.1950000E-06      0.1715937    
   0.2050000E-06      0.1601456    
   0.2150000E-06      0.1501123    
   0.2250000E-06      0.1414941    
   0.2350000E-06      0.1337762    
   0.2475000E-06      0.1256081    
   0.2625000E-06      0.1172471    
   0.2750000E-06      0.1111757    
   0.2900000E-06      0.1050014    
   0.3100000E-06      0.9793961E-01
   0.3300000E-06      0.9189396E-01
   0.3500000E-06      0.8673585E-01
   0.3700000E-06      0.8240099E-01
   0.3900000E-06      0.7852920E-01
   0.4125000E-06      0.7440015E-01
   0.4375000E-06      0.7023250E-01
   0.4625000E-06      0.6652794E-01
   0.4875000E-06      0.6318353E-01
   0.5125000E-06      0.6018643E-01
   0.5375000E-06      0.5739513E-01
   0.5625000E-06      0.5480966E-01
   0.5875000E-06      0.5239139E-01
   0.6150000E-06      0.4994741E-01
   0.6450000E-06      0.4751628E-01
   0.6750000E-06      0.4530383E-01
   0.7050000E-06      0.4327146E-01
   0.7400000E-06      0.4113618E-01
   0.7800000E-06      0.3892373E-01
   0.8200000E-06      0.3691709E-01
   0.8600000E-06      0.3503907E-01
   0.9000000E-06      0.3332828E-01
   0.9399999E-06      0.3190047E-01
   0.9800000E-06      0.3058844E-01
   0.1025000E-05      0.2916064E-01
   0.1075000E-05      0.2775856E-01
   0.1125000E-05      0.2652370E-01
   0.1175000E-05      0.2548179E-01
   0.1237500E-05      0.2428553E-01
   0.1312500E-05      0.2288345E-01
   0.1387500E-05      0.2159714E-01
   0.1462500E-05      0.2055523E-01
   0.1550000E-05      0.1937182E-01
   0.1650000E-05      0.1814983E-01
   0.1750000E-05      0.1712078E-01
   0.1850000E-05      0.1613032E-01
   0.1950000E-05      0.1531995E-01
   0.2050000E-05      0.1458675E-01
   0.2150000E-05      0.1381497E-01
   0.2250000E-05      0.1318467E-01
   0.2350000E-05      0.1264314E-01
   0.2475000E-05      0.1202828E-01
   0.2625000E-05      0.1132338E-01
   0.2750000E-05      0.1068537E-01
   0.2900000E-05      0.1033807E-01
   0.3100000E-05      0.9629315E-02
   0.3300000E-05      0.8762342E-02
   0.3500000E-05      0.8267112E-02
   0.3700000E-05      0.7851634E-02
   0.3900000E-05      0.7486322E-02
   0.4125000E-05      0.7091425E-02
   0.4375000E-05      0.6687523E-02
   0.4625000E-05      0.6315780E-02
   0.4875000E-05      0.5990344E-02
   0.5125000E-05      0.5716360E-02
   0.5375000E-05      0.5462957E-02
   0.5625000E-05      0.5219844E-02
   0.5875000E-05      0.4987022E-02
   0.6150000E-05      0.4724616E-02
   0.6450000E-05      0.4405611E-02
   0.6750000E-05      0.4289842E-02
   0.7050000E-05      0.4283410E-02
   0.7400000E-05      0.4138058E-02
   0.7800000E-05      0.3945112E-02
   0.8200001E-05      0.3744448E-02
   0.8600000E-05      0.3572082E-02
   0.8999999E-05      0.3431874E-02
   0.9400001E-05      0.3310961E-02
   0.9800000E-05      0.3191334E-02
   0.1025000E-04      0.3060131E-02
   0.1075000E-04      0.2919923E-02
   0.1125000E-04      0.2778429E-02
   0.1175000E-04      0.2654943E-02
   0.1237500E-04      0.2537889E-02
   0.1312500E-04      0.2416976E-02
   0.1387500E-04      0.2297349E-02
   0.1462500E-04      0.2184154E-02
   0.1550000E-04      0.2065813E-02
   0.1650000E-04      0.1943614E-02
   0.1750000E-04      0.1836850E-02
   0.1850000E-04      0.1735232E-02
   0.1950000E-04      0.1636186E-02
   0.2050000E-04      0.1559007E-02
   0.2150000E-04      0.1506269E-02
   0.2250000E-04      0.1457389E-02
   0.2350000E-04      0.1404650E-02
   0.2475000E-04      0.1340335E-02
   0.2625000E-04      0.1269459E-02
   0.2750000E-04      0.1214534E-02
   0.2900000E-04      0.1153691E-02
   0.3100000E-04      0.1080114E-02
   0.3300000E-04      0.1011554E-02
   0.3500000E-04      0.9516119E-03
   0.3700000E-04      0.9091637E-03
   0.3900000E-04      0.8736615E-03
   0.4125000E-04      0.8310846E-03
   0.4375000E-04      0.7865783E-03
   0.4625000E-04      0.7456737E-03
   0.4875000E-04      0.7083707E-03
   0.5125000E-04      0.6753125E-03
   0.5375000E-04      0.6453415E-03
   0.5625000E-04      0.6183290E-03
   0.5875000E-04      0.5944037E-03
   0.6150000E-04      0.5695779E-03
   0.6450000E-04      0.5412790E-03
   0.6750000E-04      0.5179969E-03
   0.7050000E-04      0.4994740E-03
   0.7400000E-04      0.4773495E-03
   0.7800000E-04      0.4530382E-03
   0.8200000E-04      0.4312996E-03
   0.8600000E-04      0.4125195E-03
   0.9000000E-04      0.3950257E-03
   0.9400000E-04      0.3786896E-03
   0.9800000E-04      0.3632538E-03
   0.1025000E-03      0.3476895E-03
   0.1075000E-03      0.3326396E-03
   0.1125000E-03      0.3184903E-03
   0.1175000E-03      0.3053699E-03
   0.1237500E-03      0.2912205E-03
   0.1312500E-03      0.2761707E-03
   0.1387500E-03      0.2625358E-03
   0.1462500E-03      0.2503158E-03
   0.1550000E-03      0.2368096E-03
   0.1650000E-03      0.2224029E-03
   0.1750000E-03      0.2092826E-03
   0.1850000E-03      0.1977058E-03
   0.1950000E-03      0.1871580E-03
   0.2050000E-03      0.1769962E-03
   0.2150000E-03      0.1691497E-03
   0.2250000E-03      0.1634899E-03
   0.2350000E-03      0.1569298E-03
   0.2475000E-03      0.1486974E-03
   0.2625000E-03      0.1386642E-03
   0.2750000E-03      0.1296600E-03
   0.2900000E-03      0.1201285E-03
   0.3100000E-03      0.1122434E-03
   0.3300000E-03      0.1078442E-03
   0.3500000E-03      0.1038566E-03
   0.3700000E-03      0.1002164E-03
   0.3900000E-03      0.9689770E-04
   0.4125000E-03      0.9348898E-04
   0.4375000E-03      0.8903835E-04
   0.4625000E-03      0.8400888E-04
   0.4875000E-03      0.7940390E-04
   0.5125000E-03      0.7527484E-04
   0.5375000E-03      0.7154454E-04
   0.5625000E-03      0.6813582E-04
   0.5875000E-03      0.6504868E-04
   0.6150000E-03      0.6203871E-04
   0.6450000E-03      0.5918310E-04
   0.6750000E-03      0.5668766E-04
   0.7050000E-03      0.5459098E-04
   0.7400000E-03      0.5245570E-04
   0.7800000E-03      0.5021753E-04
   0.8200000E-03      0.4800508E-04
   0.8600000E-03      0.4570258E-04
   0.9000000E-03      0.4347726E-04
   0.9400000E-03      0.4147062E-04
   0.9800000E-03      0.3961834E-04
   0.1025000E-02      0.3772746E-04
   0.1075000E-02      0.3579799E-04
   0.1125000E-02      0.3402289E-04
   0.1175000E-02      0.3241501E-04
   0.1237500E-02      0.3060131E-04
   0.1312500E-02      0.2892910E-04
   0.1387500E-02      0.2820877E-04
   0.1462500E-02      0.2804155E-04
   0.1550000E-02      0.2701250E-04
   0.1650000E-02      0.2492868E-04
   0.1750000E-02      0.2265191E-04
   0.1850000E-02      0.2051664E-04
   0.1950000E-02      0.1869008E-04
   0.2050000E-02      0.1784111E-04
   0.2150000E-02      0.1780252E-04
   0.2250000E-02      0.1767389E-04
   0.2350000E-02      0.1742949E-04
   0.2475000E-02      0.1691497E-04
   0.2625000E-02      0.1619464E-04
   0.2750000E-02      0.1559007E-04
   0.2900000E-02      0.1471538E-04
   0.3100000E-02      0.1354484E-04
   0.3300000E-02      0.1271131E-04
   0.3500000E-02      0.1306890E-04
   0.3700000E-02      0.1441953E-04
   0.3900000E-02      0.1431663E-04
   0.4125000E-02      0.1255438E-04
   0.4375000E-02      0.1080371E-04
   0.4625000E-02      0.9374624E-05
   0.4875000E-02      0.8251676E-05
   0.5125000E-02      0.7558355E-05
   0.5375000E-02      0.7142877E-05
   0.5625000E-02      0.6765988E-05
   0.5875000E-02      0.6425117E-05
   0.6150000E-02      0.6085531E-05
   0.6450000E-02      0.5749804E-05
   0.6750000E-02      0.5447521E-05
   0.7050000E-02      0.5205696E-05
   0.7400000E-02      0.5012749E-05
   0.7800000E-02      0.4832665E-05
   0.8200000E-02      0.4666731E-05
   0.8600000E-02      0.4514946E-05
   0.9000000E-02      0.4365735E-05
   0.9400001E-02      0.4222955E-05
   0.9800000E-02      0.4089179E-05
   0.1025000E-01      0.3951543E-05
   0.1075000E-01      0.3808763E-05
   0.1125000E-01      0.3665983E-05
   0.1175000E-01      0.3510339E-05
   0.1237500E-01      0.3321251E-05
   0.1312500E-01      0.3116728E-05
   0.1387500E-01      0.2936645E-05
   0.1462500E-01      0.2774570E-05
   0.1550000E-01      0.2654943E-05
   0.1650000E-01      0.2570046E-05
   0.1750000E-01      0.2492868E-05
   0.1850000E-01      0.2420835E-05
   0.1950000E-01      0.2356519E-05
   0.2050000E-01      0.2296063E-05
   0.2150000E-01      0.2229174E-05
   0.2250000E-01      0.2155855E-05
   0.2350000E-01      0.2087681E-05
   0.2475000E-01      0.2010502E-05
   0.2625000E-01      0.1925606E-05
   0.2750000E-01      0.1848427E-05
   0.2900000E-01      0.1723655E-05
   0.3100000E-01      0.1565439E-05
   0.3300000E-01      0.1430376E-05
   0.3500000E-01      0.1314608E-05
   0.3700000E-01      0.1220837E-05
   0.3900000E-01      0.1169384E-05
   0.4125000E-01      0.1141857E-05
   0.4375000E-01      0.1113687E-05
   0.4625000E-01      0.1087703E-05
   0.4875000E-01      0.9440227E-06
   0.5125000E-01      0.8189934E-06
   0.5375000E-01      0.8709602E-06
   0.5625000E-01      0.9473671E-06
   0.5875000E-01      0.9481388E-06
   0.6150000E-01      0.9167529E-06
   0.6450000E-01      0.8852383E-06
   0.6750000E-01      0.8153917E-06
   0.7050000E-01      0.7108147E-06
   0.7400000E-01      0.6759557E-06
   0.7799999E-01      0.7454165E-06
   0.8200000E-01      0.7828481E-06
   0.8600000E-01      0.7303666E-06
   0.9000000E-01      0.6682379E-06
   0.9400000E-01      0.6335075E-06
   0.9800000E-01      0.6239888E-06
   0.1025000          0.6170427E-06
   0.1075000          0.6098394E-06
   0.1125000          0.6021215E-06
   0.1175000          0.5899016E-06
   0.1237500          0.5707356E-06
   0.1312500          0.5497687E-06
   0.1387500          0.5303455E-06
   0.1462500          0.5115653E-06
   0.1550000          0.4912416E-06
   0.1650000          0.4702748E-06
   0.1750000          0.4522665E-06
   0.1850000          0.4377312E-06
   0.1950000          0.4251253E-06
   0.2050000          0.4136772E-06
   0.2150000          0.4030008E-06
   0.2250000          0.3929676E-06
   0.2350000          0.3839634E-06
   0.2475000          0.3743161E-06
   0.2625000          0.3637684E-06
   0.2750000          0.3556646E-06
   0.2900000          0.3466604E-06
   0.3100000          0.3305815E-06
   0.3300000          0.3114156E-06
   0.3500000          0.2943077E-06
   0.3700000          0.2702537E-06
   0.3900000          0.2389963E-06
   0.4125000          0.2091540E-06
   0.4375000          0.1929464E-06
   0.4625000          0.2043946E-06
   0.4875000          0.2278054E-06
   0.5125000          0.2402826E-06
   0.5375000          0.2392536E-06
   0.5625000          0.2306353E-06
   0.5875000          0.2208593E-06
   0.6150000          0.2097971E-06
   0.6450000          0.1998925E-06
   0.6750000          0.1974485E-06
   0.7050000          0.2032369E-06
   0.7400000          0.2015647E-06
   0.7800000          0.1910170E-06
   0.8200000          0.1830419E-06
   0.8600000          0.1629754E-06
   0.9000000          0.1377637E-06
   0.9400000          0.1204629E-06
   0.9800000          0.1097608E-06
    1.050000          0.1087704E-06
    1.150000          0.1169127E-06
    1.250000          0.1106098E-06
    1.350000          0.1021458E-06
    1.450000          0.1008209E-06
    1.550000          0.9289728E-07
    1.650000          0.8569395E-07
    1.750000          0.7833626E-07
    1.850000          0.7123583E-07
    1.950000          0.6511299E-07
    2.050000          0.5977481E-07
    2.150000          0.5679057E-07
    2.250000          0.5577438E-07
    2.350000          0.5484824E-07
    2.450000          0.5176110E-07
    2.550000          0.4656441E-07
    2.650000          0.4171502E-07
    2.750000          0.3754738E-07
    2.850000          0.3397144E-07
    2.950000          0.3087143E-07
    3.050000          0.2813159E-07
    3.150000          0.2571333E-07
    3.250000          0.2356519E-07
    3.350000          0.2166145E-07
    3.450000          0.1995066E-07
    3.550000          0.1843282E-07
    3.650000          0.1706933E-07
    3.750000          0.1584733E-07
    3.850000          0.1476684E-07
    3.950000          0.1377638E-07
    4.050000          0.1286310E-07
    4.150000          0.1204629E-07
    4.250000          0.1129380E-07
    4.350000          0.1060434E-07
    4.450000          0.9970186E-08
    4.550000          0.9378484E-08
    4.650000          0.8813794E-08
    4.750000          0.8285120E-08
    4.850000          0.7797609E-08
    4.950000          0.7348687E-08
    5.050000          0.6933209E-08
    5.150000          0.6549888E-08
    5.250000          0.6193581E-08
    5.350000          0.5862999E-08
    5.450000          0.5555572E-08
    5.550000          0.5270011E-08
    5.650000          0.4989595E-08
    5.750000          0.4713038E-08
    5.850000          0.4453204E-08
    5.950000          0.4212664E-08
    6.050000          0.3988846E-08
    6.150000          0.3780464E-08
    6.250000          0.3584945E-08
    6.350000          0.3403575E-08
    6.450000          0.3232496E-08
    6.550000          0.3074280E-08
    6.650000          0.2925068E-08
    6.750000          0.2784860E-08
    6.850000          0.2653657E-08
    6.950000          0.2530171E-08
    7.050000          0.2414403E-08
    7.150000          0.2306353E-08
    7.250000          0.2203449E-08
    7.350000          0.2106975E-08
    7.450000          0.2015647E-08
    7.550000          0.1929464E-08
    7.650000          0.1847141E-08
    7.750000          0.1769962E-08
    7.850000          0.1697929E-08
    7.950000          0.1628468E-08
    8.050000          0.1562866E-08
    8.150000          0.1501123E-08
    8.250000          0.1441953E-08
    8.350000          0.1386642E-08
    8.450000          0.1332617E-08
    8.550000          0.1282708E-08
    8.650000          0.1234600E-08
    8.750000          0.1188936E-08
    8.850000          0.1145459E-08
    8.950000          0.1104040E-08
    9.050000          0.1064550E-08
    9.150000          0.1026861E-08
    9.250000          0.9908443E-09
    9.350000          0.9564999E-09
    9.450000          0.9236990E-09
    9.550000          0.8923129E-09
    9.650000          0.8623419E-09
    9.750000          0.8336573E-09
    9.850000          0.8062589E-09
    9.950000          0.7800182E-09
    10.05000          0.7548065E-09
    10.15000          0.7307525E-09
    10.25000          0.7075989E-09
    10.35000          0.6853457E-09
    10.45000          0.6641216E-09
    10.55000          0.6436693E-09
    10.65000          0.6241174E-09
    10.75000          0.6052087E-09
    10.85000          0.5870717E-09
    10.95000          0.5697065E-09
    11.05000          0.5529845E-09
    11.15000          0.5369056E-09
    11.25000          0.5213413E-09
    11.35000          0.5064200E-09
    11.45000          0.4921420E-09
    11.55000          0.4782499E-09
    11.65000          0.4650010E-09
    11.75000          0.4521379E-09
    11.85000          0.4396606E-09
    11.95000          0.4276979E-09
    12.05000          0.4162498E-09
    12.15000          0.4050589E-09
    12.25000          0.3943826E-09
    12.35000          0.3839634E-09
    12.45000          0.3739302E-09
    12.55000          0.3642829E-09
    12.65000          0.3548928E-09
    12.75000          0.3458887E-09
    12.85000          0.3371418E-09
    12.95000          0.3286521E-09
    13.05000          0.3204197E-09
    13.15000          0.3125732E-09
    13.25000          0.2986811E-09
    13.35000          0.2786147E-09
    13.45000          0.2588055E-09
    13.55000          0.2404113E-09
    13.65000          0.2231747E-09
    13.75000          0.2073531E-09
    13.85000          0.1925606E-09
    13.95000          0.1787970E-09
    14.05000          0.1660626E-09
    14.15000          0.1542285E-09
    14.25000          0.1431663E-09
    14.35000          0.1330044E-09
    14.45000          0.1234600E-09
    14.55000          0.1146359E-09
    14.65000          0.1064421E-09
    14.75000          0.9882716E-10
    14.85000          0.9175247E-10
    14.95000          0.8519228E-10
    15.05000          0.7909519E-10
    15.15000          0.7343541E-10
    15.25000          0.6817441E-10
    15.35000          0.6328643E-10
    15.45000          0.5875862E-10
    15.55000          0.5453953E-10
    15.65000          0.5062914E-10
    15.75000          0.4700175E-10
    15.85000          0.4363162E-10
    15.95000          0.4050589E-10
    16.05000          0.3759883E-10
    16.15000          0.3489758E-10
    16.25000          0.3238928E-10
    16.35000          0.3006106E-10
    16.45000          0.2790006E-10
    16.55000          0.2589341E-10
    16.65000          0.2404113E-10
    16.75000          0.2230461E-10
    16.85000          0.2070959E-10
    16.95000          0.1921747E-10
    17.05000          0.1782825E-10
    17.15000          0.1655480E-10
    17.25000          0.1535854E-10
    17.35000          0.1425231E-10
    17.45000          0.1322326E-10
    17.55000          0.1227397E-10
    17.65000          0.1139027E-10
    17.75000          0.1056961E-10
    17.85000          0.9808110E-11
    17.95000          0.9100640E-11
    18.05000          0.8444623E-11
    18.15000          0.7836199E-11
    18.25000          0.7270221E-11
    18.35000          0.6746694E-11
    18.45000          0.6259183E-11
    18.55000          0.5807688E-11
    18.65000          0.5388351E-11
    18.75000          0.4999885E-11
    18.85000          0.4638432E-11
    18.95000          0.4303992E-11
    19.05000          0.3992705E-11
    19.15000          0.3704571E-11
    19.25000          0.3437019E-11
    19.35000          0.3188762E-11
    19.45000          0.2958512E-11
    19.55000          0.2743698E-11
    19.65000          0.2545607E-11
    19.75000          0.2361665E-11
    19.85000          0.2190585E-11
    19.95000          0.2032369E-11
