    19.95000          0.3920842E-11
    19.85000          0.4225713E-11
    19.75000          0.4556368E-11
    19.65000          0.4911292E-11
    19.55000          0.5293517E-11
    19.45000          0.5706078E-11
    19.35000          0.6150490E-11
    19.25000          0.6629789E-11
    19.15000          0.7147006E-11
    19.05000          0.7702144E-11
    18.95000          0.8302783E-11
    18.85000          0.8948925E-11
    18.75000          0.9645122E-11
    18.65000          0.1039592E-10
    18.55000          0.1120436E-10
    18.45000          0.1207498E-10
    18.35000          0.1301538E-10
    18.25000          0.1402706E-10
    18.15000          0.1511610E-10
    18.05000          0.1629008E-10
    17.95000          0.1756416E-10
    17.85000          0.1859556E-10
    17.75000          0.1938428E-10
    17.65000          0.2020334E-10
    17.55000          0.2105273E-10
    17.45000          0.2196279E-10
    17.35000          0.2290318E-10
    17.25000          0.2388908E-10
    17.15000          0.2493565E-10
    17.05000          0.2602773E-10
    16.95000          0.2716530E-10
    16.85000          0.2837871E-10
    16.75000          0.2963763E-10
    16.65000          0.3097238E-10
    16.55000          0.3236781E-10
    16.45000          0.3383907E-10
    16.35000          0.3537101E-10
    16.25000          0.3700911E-10
    16.15000          0.3870790E-10
    16.05000          0.4051285E-10
    15.95000          0.4240881E-10
    15.85000          0.4441094E-10
    15.75000          0.4651924E-10
    15.65000          0.4874889E-10
    15.55000          0.5108471E-10
    15.45000          0.5355704E-10
    15.35000          0.5616588E-10
    15.25000          0.5891123E-10
    15.15000          0.6182343E-10
    15.05000          0.6490247E-10
    14.95000          0.6814834E-10
    14.85000          0.7157624E-10
    14.75000          0.7521647E-10
    14.65000          0.7905390E-10
    14.55000          0.8311884E-10
    14.45000          0.8742645E-10
    14.35000          0.9199193E-10
    14.25000          0.9681524E-10
    14.15000          0.1020481E-09
    14.05000          0.1076905E-09
    13.95000          0.1136817E-09
    13.85000          0.1200673E-09
    13.75000          0.1268472E-09
    13.65000          0.1340822E-09
    13.55000          0.1417722E-09
    13.45000          0.1499628E-09
    13.35000          0.1586538E-09
    13.25000          0.1680578E-09
    13.15000          0.1779168E-09
    13.05000          0.1885341E-09
    12.95000          0.1999099E-09
    12.85000          0.2120440E-09
    12.75000          0.2249366E-09
    12.65000          0.2388908E-09
    12.55000          0.2536034E-09
    12.45000          0.2695295E-09
    12.35000          0.2865173E-09
    12.25000          0.3047185E-09
    12.15000          0.3242848E-09
    12.05000          0.3453679E-09
    11.95000          0.3678160E-09
    11.85000          0.3920843E-09
    11.75000          0.4181727E-09
    11.65000          0.4460812E-09
    11.55000          0.4762648E-09
    11.45000          0.5088753E-09
    11.35000          0.5416375E-09
    11.25000          0.5721245E-09
    11.15000          0.6021565E-09
    11.05000          0.6340086E-09
    10.95000          0.6679842E-09
    10.85000          0.7040833E-09
    10.75000          0.7424575E-09
    10.65000          0.7834102E-09
    10.55000          0.8269414E-09
    10.45000          0.8733544E-09
    10.35000          0.9229527E-09
    10.25000          0.9757362E-09
    10.15000          0.1032160E-08
    10.05000          0.1092527E-08
    9.950000          0.1156990E-08
    9.850000          0.1226003E-08
    9.750000          0.1300021E-08
    9.650000          0.1379196E-08
    9.550000          0.1463984E-08
    9.450000          0.1554686E-08
    9.350000          0.1653276E-08
    9.250000          0.1757933E-08
    9.150000          0.1871691E-08
    9.050000          0.1991515E-08
    8.950000          0.2112857E-08
    8.850000          0.2237231E-08
    8.750000          0.2369190E-08
    8.650000          0.2511766E-08
    8.550000          0.2663443E-08
    8.450000          0.2827254E-08
    8.350000          0.3003199E-08
    8.250000          0.3191278E-08
    8.150000          0.3394525E-08
    8.050000          0.3614456E-08
    7.950000          0.3851071E-08
    7.850000          0.4105889E-08
    7.750000          0.4380423E-08
    7.650000          0.4679226E-08
    7.550000          0.5000780E-08
    7.450000          0.5351155E-08
    7.350000          0.5730346E-08
    7.250000          0.6141389E-08
    7.150000          0.6573669E-08
    7.050000          0.6983195E-08
    6.950000          0.7374521E-08
    6.850000          0.7794665E-08
    6.750000          0.8245145E-08
    6.650000          0.8728994E-08
    6.550000          0.9249246E-08
    6.450000          0.9810449E-08
    6.350000          0.1041261E-07
    6.250000          0.1106482E-07
    6.150000          0.1176859E-07
    6.050000          0.1252849E-07
    5.950000          0.1335362E-07
    5.850000          0.1424699E-07
    5.750000          0.1521317E-07
    5.650000          0.1618390E-07
    5.550000          0.1707880E-07
    5.450000          0.1795852E-07
    5.350000          0.1891408E-07
    5.250000          0.1994549E-07
    5.150000          0.2105273E-07
    5.050000          0.2223580E-07
    4.950000          0.2350989E-07
    4.850000          0.2489015E-07
    4.750000          0.2639175E-07
    4.650000          0.2801469E-07
    4.550000          0.2977414E-07
    4.450000          0.3147291E-07
    4.350000          0.3308069E-07
    4.250000          0.3480980E-07
    4.150000          0.3667542E-07
    4.050000          0.3867756E-07
    3.950000          0.4086170E-07
    3.850000          0.4321269E-07
    3.750000          0.4577603E-07
    3.650000          0.4856688E-07
    3.550000          0.5143357E-07
    3.450000          0.5430026E-07
    3.350000          0.5734896E-07
    3.250000          0.6065551E-07
    3.150000          0.6426542E-07
    3.050000          0.6822417E-07
    2.950000          0.7256214E-07
    2.850000          0.7721861E-07
    2.750000          0.8190542E-07
    2.650000          0.8677424E-07
    2.550000          0.9214359E-07
    2.450000          0.9807416E-07
    2.350000          0.1046569E-06
    2.250000          0.1111184E-06
    2.150000          0.1165635E-06
    2.050000          0.1217357E-06
    1.950000          0.1274236E-06
    1.850000          0.1336878E-06
    1.750000          0.1409683E-06
    1.650000          0.1494016E-06
    1.550000          0.1594122E-06
    1.450000          0.1697262E-06
    1.350000          0.1798886E-06
    1.250000          0.1898992E-06
    1.150000          0.2012750E-06
    1.050000          0.2146226E-06
   0.9800000          0.2255433E-06
   0.9400000          0.2323687E-06
   0.9000000          0.2396492E-06
   0.8600000          0.2476880E-06
   0.8200000          0.2561819E-06
   0.7800000          0.2655859E-06
   0.7400000          0.2758999E-06
   0.7050000          0.2850006E-06
   0.6750000          0.2924327E-06
   0.6450000          0.3001682E-06
   0.6150000          0.3085104E-06
   0.5875000          0.3168526E-06
   0.5625000          0.3241331E-06
   0.5375000          0.3308069E-06
   0.5125000          0.3374807E-06
   0.4875000          0.3446095E-06
   0.4625000          0.3523450E-06
   0.4375000          0.3597771E-06
   0.4125000          0.3667543E-06
   0.3900000          0.3735798E-06
   0.3700000          0.3801018E-06
   0.3500000          0.3875340E-06
   0.3300000          0.3963312E-06
   0.3100000          0.4057352E-06
   0.2900000          0.4165042E-06
   0.2750000          0.4262115E-06
   0.2625000          0.4363739E-06
   0.2475000          0.4494181E-06
   0.2350000          0.4612488E-06
   0.2250000          0.4697428E-06
   0.2150000          0.4755065E-06
   0.2050000          0.4800568E-06
   0.1950000          0.4849104E-06
   0.1850000          0.4900674E-06
   0.1750000          0.4968929E-06
   0.1650000          0.5059935E-06
   0.1550000          0.5158524E-06
   0.1462500          0.5252564E-06
   0.1387500          0.5301101E-06
   0.1312500          0.5310201E-06
   0.1237500          0.5317785E-06
   0.1175000          0.5323852E-06
   0.1125000          0.5342053E-06
   0.1075000          0.5384522E-06
   0.1025000          0.5436092E-06
   0.9800000E-01      0.5486146E-06
   0.9400000E-01      0.5533166E-06
   0.9000000E-01      0.5578669E-06
   0.8600000E-01      0.5621138E-06
   0.8200000E-01      0.5659058E-06
   0.7799999E-01      0.5700011E-06
   0.7400000E-01      0.5743997E-06
   0.7050000E-01      0.5794050E-06
   0.6750000E-01      0.5851687E-06
   0.6450000E-01      0.5916908E-06
   0.6150000E-01      0.5985163E-06
   0.5875000E-01      0.6051901E-06
   0.5625000E-01      0.6129255E-06
   0.5375000E-01      0.6229363E-06
   0.5125000E-01      0.6344637E-06
   0.4875000E-01      0.6467495E-06
   0.4625000E-01      0.6600970E-06
   0.4375000E-01      0.6749613E-06
   0.4125000E-01      0.6917974E-06
   0.3900000E-01      0.7081786E-06
   0.3700000E-01      0.7239530E-06
   0.3500000E-01      0.7435193E-06
   0.3300000E-01      0.7680908E-06
   0.3100000E-01      0.7955444E-06
   0.2900000E-01      0.8266379E-06
   0.2750000E-01      0.8548499E-06
   0.2625000E-01      0.8838202E-06
   0.2475000E-01      0.9220427E-06
   0.2350000E-01      0.9569283E-06
   0.2250000E-01      0.9848369E-06
   0.2150000E-01      0.1010319E-05
   0.2050000E-01      0.1035649E-05
   0.1950000E-01      0.1062799E-05
   0.1850000E-01      0.1092224E-05
   0.1750000E-01      0.1137424E-05
   0.1650000E-01      0.1202796E-05
   0.1550000E-01      0.1278028E-05
   0.1462500E-01      0.1352046E-05
   0.1387500E-01      0.1489920E-05
   0.1312500E-01      0.1733665E-05
   0.1237500E-01      0.2041568E-05
   0.1175000E-01      0.2355539E-05
   0.1125000E-01      0.2549685E-05
   0.1075000E-01      0.2581538E-05
   0.1025000E-01      0.2540585E-05
   0.9800000E-02      0.2504182E-05
   0.9400001E-02      0.2469297E-05
   0.9000000E-02      0.2434411E-05
   0.8600000E-02      0.2398009E-05
   0.8200000E-02      0.2361606E-05
   0.7800000E-02      0.2322171E-05
   0.7400000E-02      0.2314587E-05
   0.7050000E-02      0.2391942E-05
   0.6750000E-02      0.2533001E-05
   0.6450000E-02      0.2687711E-05
   0.6150000E-02      0.2860623E-05
   0.5875000E-02      0.3036568E-05
   0.5625000E-02      0.3214029E-05
   0.5375000E-02      0.3411209E-05
   0.5125000E-02      0.3629624E-05
   0.4875000E-02      0.3875340E-05
   0.4625000E-02      0.4151391E-05
   0.4375000E-02      0.4465362E-05
   0.4125000E-02      0.4821803E-05
   0.3900000E-02      0.5188861E-05
   0.3700000E-02      0.5557434E-05
   0.3500000E-02      0.5977579E-05
   0.3300000E-02      0.6406824E-05
   0.3100000E-02      0.6845170E-05
   0.2900000E-02      0.7345703E-05
   0.2750000E-02      0.7767364E-05
   0.2625000E-02      0.8160207E-05
   0.2475000E-02      0.8685008E-05
   0.2350000E-02      0.9173407E-05
   0.2250000E-02      0.9605687E-05
   0.2150000E-02      0.1007892E-04
   0.2050000E-02      0.1059917E-04
   0.1950000E-02      0.1117554E-04
   0.1850000E-02      0.1181561E-04
   0.1750000E-02      0.1253153E-04
   0.1650000E-02      0.1333693E-04
   0.1550000E-02      0.1424092E-04
   0.1462500E-02      0.1512520E-04
   0.1387500E-02      0.1597156E-04
   0.1312500E-02      0.1691195E-04
   0.1237500E-02      0.1797369E-04
   0.1175000E-02      0.1895959E-04
   0.1125000E-02      0.1983931E-04
   0.1075000E-02      0.2079488E-04
   0.1025000E-02      0.2184144E-04
   0.9800000E-03      0.2288801E-04
   0.9400000E-03      0.2388908E-04
   0.9000000E-03      0.2499632E-04
   0.8600000E-03      0.2619456E-04
   0.8200000E-03      0.2751415E-04
   0.7800000E-03      0.2898542E-04
   0.7400000E-03      0.3059319E-04
   0.7050000E-03      0.3215546E-04
   0.6750000E-03      0.3356606E-04
   0.6450000E-03      0.3512833E-04
   0.6150000E-03      0.3688777E-04
   0.5875000E-03      0.3860172E-04
   0.5625000E-03      0.4034600E-04
   0.5375000E-03      0.4224197E-04
   0.5125000E-03      0.4430477E-04
   0.4875000E-03      0.4659508E-04
   0.4625000E-03      0.4912808E-04
   0.4375000E-03      0.5194928E-04
   0.4125000E-03      0.5510415E-04
   0.3900000E-03      0.5831970E-04
   0.3700000E-03      0.6147457E-04
   0.3500000E-03      0.6503897E-04
   0.3300000E-03      0.6901290E-04
   0.3100000E-03      0.7338119E-04
   0.2900000E-03      0.7850785E-04
   0.2750000E-03      0.8269415E-04
   0.2625000E-03      0.8665290E-04
   0.2475000E-03      0.9191607E-04
   0.2350000E-03      0.9667873E-04
   0.2250000E-03      0.1011229E-03
   0.2150000E-03      0.1057187E-03
   0.2050000E-03      0.1108302E-03
   0.1950000E-03      0.1165332E-03
   0.1850000E-03      0.1228733E-03
   0.1750000E-03      0.1297898E-03
   0.1650000E-03      0.1377073E-03
   0.1550000E-03      0.1464287E-03
   0.1462500E-03      0.1548619E-03
   0.1387500E-03      0.1629008E-03
   0.1312500E-03      0.1718497E-03
   0.1237500E-03      0.1818604E-03
   0.1175000E-03      0.1911126E-03
   0.1125000E-03      0.1993032E-03
   0.1075000E-03      0.2082521E-03
   0.1025000E-03      0.2179594E-03
   0.9800000E-04      0.2276667E-03
   0.9400000E-04      0.2369190E-03
   0.9000000E-04      0.2470814E-03
   0.8600000E-04      0.2581537E-03
   0.8200000E-04      0.2702879E-03
   0.7800000E-04      0.2836354E-03
   0.7400000E-04      0.2980447E-03
   0.7050000E-04      0.3115439E-03
   0.6750000E-04      0.3238297E-03
   0.6450000E-04      0.3371773E-03
   0.6150000E-04      0.3517383E-03
   0.5875000E-04      0.3662993E-03
   0.5625000E-04      0.3807085E-03
   0.5375000E-04      0.3964829E-03
   0.5125000E-04      0.4136224E-03
   0.4875000E-04      0.4324303E-03
   0.4625000E-04      0.4530583E-03
   0.4375000E-04      0.4759615E-03
   0.4125000E-04      0.5014432E-03
   0.3900000E-04      0.5270766E-03
   0.3700000E-04      0.5522549E-03
   0.3500000E-04      0.5798601E-03
   0.3300000E-04      0.6089819E-03
   0.3100000E-04      0.6400758E-03
   0.2900000E-04      0.6749613E-03
   0.2750000E-04      0.7040832E-03
   0.2625000E-04      0.7307784E-03
   0.2475000E-04      0.7658157E-03
   0.2350000E-04      0.7981228E-03
   0.2250000E-04      0.8261831E-03
   0.2150000E-04      0.8566700E-03
   0.2050000E-04      0.8898872E-03
   0.1950000E-04      0.9261380E-03
   0.1850000E-04      0.9657256E-03
   0.1750000E-04      0.1009560E-02
   0.1650000E-04      0.1057945E-02
   0.1550000E-04      0.1113610E-02
   0.1462500E-04      0.1168972E-02
   0.1387500E-04      0.1221756E-02
   0.1312500E-04      0.1280000E-02
   0.1237500E-04      0.1344766E-02
   0.1175000E-04      0.1404223E-02
   0.1125000E-04      0.1456400E-02
   0.1075000E-04      0.1512824E-02
   0.1025000E-04      0.1574404E-02
   0.9800000E-05      0.1635075E-02
   0.9400001E-05      0.1692712E-02
   0.8999999E-05      0.1756416E-02
   0.8600000E-05      0.1823154E-02
   0.8200001E-05      0.1897476E-02
   0.7800000E-05      0.1979381E-02
   0.7400000E-05      0.2067354E-02
   0.7050000E-05      0.2146226E-02
   0.6750000E-05      0.2217514E-02
   0.6450000E-05      0.2294868E-02
   0.6150000E-05      0.2378291E-02
   0.5875000E-05      0.2461713E-02
   0.5625000E-05      0.2543618E-02
   0.5375000E-05      0.2633108E-02
   0.5125000E-05      0.2728664E-02
   0.4875000E-05      0.2833321E-02
   0.4625000E-05      0.2948595E-02
   0.4375000E-05      0.3074487E-02
   0.4125000E-05      0.3212513E-02
   0.3900000E-05      0.3350538E-02
   0.3700000E-05      0.3487047E-02
   0.3500000E-05      0.3634174E-02
   0.3300000E-05      0.3788884E-02
   0.3100000E-05      0.3957245E-02
   0.2900000E-05      0.4142291E-02
   0.2750000E-05      0.4297001E-02
   0.2625000E-05      0.4436544E-02
   0.2475000E-05      0.4620072E-02
   0.2350000E-05      0.4788434E-02
   0.2250000E-05      0.4934044E-02
   0.2150000E-05      0.5091787E-02
   0.2050000E-05      0.5261665E-02
   0.1950000E-05      0.5445193E-02
   0.1850000E-05      0.5646924E-02
   0.1750000E-05      0.5868372E-02
   0.1650000E-05      0.6111055E-02
   0.1550000E-05      0.6459911E-02
   0.1462500E-05      0.6877021E-02
   0.1387500E-05      0.7278965E-02
   0.1312500E-05      0.7729445E-02
   0.1237500E-05      0.8236045E-02
   0.1175000E-05      0.8707760E-02
   0.1125000E-05      0.9126388E-02
   0.1075000E-05      0.9582935E-02
   0.1025000E-05      0.1008954E-01
   0.9800000E-06      0.1058855E-01
   0.9399999E-06      0.1107543E-01
   0.9000000E-06      0.1160630E-01
   0.8600000E-06      0.1219026E-01
   0.8200000E-06      0.1283337E-01
   0.7800000E-06      0.1354473E-01
   0.7400000E-06      0.1442749E-01
   0.7050000E-06      0.1539519E-01
   0.6750000E-06      0.1636592E-01
   0.6450000E-06      0.1742765E-01
   0.6150000E-06      0.1862590E-01
   0.5875000E-06      0.1985448E-01
   0.5625000E-06      0.2109823E-01
   0.5375000E-06      0.2247849E-01
   0.5125000E-06      0.2401042E-01
   0.4875000E-06      0.2575470E-01
   0.4625000E-06      0.2771134E-01
   0.4375000E-06      0.2994098E-01
   0.4125000E-06      0.3250431E-01
   0.3900000E-06      0.3514349E-01
   0.3700000E-06      0.3832870E-01
   0.3500000E-06      0.4275766E-01
   0.3300000E-06      0.4824836E-01
   0.3100000E-06      0.5484630E-01
   0.2900000E-06      0.6288516E-01
   0.2750000E-06      0.7004430E-01
   0.2625000E-06      0.7708210E-01
   0.2475000E-06      0.8695626E-01
   0.2350000E-06      0.9664840E-01
   0.2250000E-06      0.1056580    
   0.2150000E-06      0.1145614    
   0.2050000E-06      0.1231615    
   0.1950000E-06      0.1329143    
   0.1850000E-06      0.1439867    
   0.1750000E-06      0.1566820    
   0.1650000E-06      0.1713947    
   0.1550000E-06      0.1885342    
   0.1462500E-06      0.2058253    
   0.1387500E-06      0.2229647    
   0.1312500E-06      0.2426827    
   0.1237500E-06      0.2654342    
   0.1175000E-06      0.2871240    
   0.1125000E-06      0.3068420    
   0.1075000E-06      0.3286834    
   0.1025000E-06      0.3534067    
   0.9800000E-07      0.3594738    
   0.9400000E-07      0.3449129    
   0.9000000E-07      0.3302002    
   0.8600000E-07      0.3154876    
   0.8200000E-07      0.3007749    
   0.7800000E-07      0.2862139    
   0.7400000E-07      0.2715013    
   0.7050000E-07      0.2586088    
   0.6750000E-07      0.2476880    
   0.6450000E-07      0.2366157    
   0.6150000E-07      0.2255433    
   0.5875000E-07      0.2155326    
   0.5625000E-07      0.2062803    
   0.5375000E-07      0.1971797    
   0.5125000E-07      0.1880791    
   0.4875000E-07      0.1788269    
   0.4625000E-07      0.1697262    
   0.4375000E-07      0.1604740    
   0.4125000E-07      0.1513278    
   0.3900000E-07      0.1430766    
   0.3700000E-07      0.1357355    
   0.3500000E-07      0.1283943    
   0.3300000E-07      0.1210683    
   0.3100000E-07      0.1137272    
   0.2900000E-07      0.1063860    
   0.2750000E-07      0.1008802    
   0.2625000E-07      0.9629954E-01
   0.2475000E-07      0.9079368E-01
   0.2350000E-07      0.8621304E-01
   0.2250000E-07      0.8254247E-01
   0.2150000E-07      0.7887189E-01
   0.2050000E-07      0.7520130E-01
   0.1950000E-07      0.7153074E-01
   0.1850000E-07      0.6787532E-01
   0.1750000E-07      0.6420474E-01
   0.1650000E-07      0.6053417E-01
   0.1550000E-07      0.5686360E-01
   0.1462500E-07      0.5364805E-01
   0.1387500E-07      0.5090270E-01
   0.1312500E-07      0.4814218E-01
   0.1237500E-07      0.4539684E-01
   0.1175000E-07      0.4310652E-01
   0.1125000E-07      0.4127124E-01
   0.1075000E-07      0.3943595E-01
   0.1025000E-07      0.3760065E-01
   0.9800000E-08      0.3594738E-01
   0.9400000E-08      0.3449128E-01
   0.9000000E-08      0.3302002E-01
   0.8600000E-08      0.3154875E-01
   0.8200000E-08      0.3007749E-01
   0.7800000E-08      0.2862139E-01
   0.7400000E-08      0.2715013E-01
   0.7050000E-08      0.2586088E-01
   0.6750000E-08      0.2476881E-01
   0.6450000E-08      0.2366157E-01
   0.6150000E-08      0.2255433E-01
   0.5875000E-08      0.2155326E-01
   0.5625000E-08      0.2062803E-01
   0.5375000E-08      0.1971797E-01
   0.5125000E-08      0.1880791E-01
   0.4875000E-08      0.1788268E-01
   0.4625000E-08      0.1697263E-01
   0.4375000E-08      0.1604740E-01
   0.4125000E-08      0.1513278E-01
   0.3900000E-08      0.1430766E-01
   0.3700000E-08      0.1357355E-01
   0.3500000E-08      0.1283943E-01
   0.3300000E-08      0.1210683E-01
   0.3100000E-08      0.1137272E-01
   0.2900000E-08      0.1063860E-01
   0.2750000E-08      0.1008802E-01
   0.2625000E-08      0.9629954E-02
   0.2475000E-08      0.9079368E-02
   0.2350000E-08      0.8621303E-02
   0.2250000E-08      0.8254246E-02
   0.2150000E-08      0.7887188E-02
   0.2050000E-08      0.7520131E-02
   0.1950000E-08      0.7153074E-02
   0.1850000E-08      0.6787532E-02
   0.1750000E-08      0.6420474E-02
   0.1650000E-08      0.6053417E-02
   0.1550000E-08      0.5686360E-02
   0.1462500E-08      0.5364805E-02
   0.1387500E-08      0.5090270E-02
   0.1312500E-08      0.4814219E-02
   0.1237500E-08      0.4539684E-02
   0.1175000E-08      0.4310652E-02
   0.1125000E-08      0.4127123E-02
   0.1075000E-08      0.3943594E-02
   0.1025000E-08      0.3760066E-02
   0.9800000E-09      0.3594738E-02
   0.9400000E-09      0.3449128E-02
   0.9000000E-09      0.3302002E-02
   0.8600000E-09      0.3154875E-02
   0.8200000E-09      0.3007749E-02
   0.7800000E-09      0.2862139E-02
   0.7400000E-09      0.2715013E-02
   0.7050000E-09      0.2586088E-02
   0.6750000E-09      0.2476881E-02
   0.6450000E-09      0.2366157E-02
   0.6150000E-09      0.2255433E-02
   0.5875000E-09      0.2155326E-02
   0.5625000E-09      0.2062803E-02
   0.5375000E-09      0.1971797E-02
   0.5125000E-09      0.1880791E-02
   0.4875000E-09      0.1788268E-02
   0.4625000E-09      0.1697262E-02
   0.4375000E-09      0.1604739E-02
   0.4125000E-09      0.1513279E-02
   0.3900000E-09      0.1430766E-02
   0.3700000E-09      0.1357355E-02
   0.3500000E-09      0.1283943E-02
   0.3300000E-09      0.1210683E-02
   0.3100000E-09      0.1137272E-02
   0.2900000E-09      0.1063860E-02
   0.2750000E-09      0.1008802E-02
   0.2625000E-09      0.9629953E-03
   0.2475000E-09      0.9079368E-03
   0.2350000E-09      0.8621304E-03
   0.2250000E-09      0.8254246E-03
   0.2150000E-09      0.7887189E-03
   0.2050000E-09      0.7520131E-03
   0.1950000E-09      0.7153074E-03
   0.1850000E-09      0.6787532E-03
   0.1750000E-09      0.6420476E-03
   0.1650000E-09      0.6053417E-03
   0.1550000E-09      0.5686359E-03
   0.1462500E-09      0.5364805E-03
   0.1387500E-09      0.5090270E-03
   0.1312500E-09      0.4814219E-03
   0.1237500E-09      0.4539684E-03
   0.1175000E-09      0.4310652E-03
   0.1125000E-09      0.4127123E-03
   0.1075000E-09      0.3943594E-03
   0.1025000E-09      0.3760066E-03
