   0.1025000E-09      0.9999665E-36
   0.1075000E-09      0.9999665E-36
   0.1125000E-09      0.9999665E-36
   0.1175000E-09      0.9999679E-36
   0.1237500E-09      0.9999665E-36
   0.1312500E-09      0.9999665E-36
   0.1387500E-09      0.9999665E-36
   0.1462500E-09      0.9999665E-36
   0.1550000E-09      0.9999665E-36
   0.1650000E-09      0.9999665E-36
   0.1750000E-09      0.9999665E-36
   0.1850000E-09      0.9999665E-36
   0.1950000E-09      0.9999665E-36
   0.2050000E-09      0.9999665E-36
   0.2150000E-09      0.9999665E-36
   0.2250000E-09      0.9999665E-36
   0.2350000E-09      0.9999679E-36
   0.2475000E-09      0.9999665E-36
   0.2625000E-09      0.9999665E-36
   0.2750000E-09      0.9999665E-36
   0.2900000E-09      0.9999665E-36
   0.3100000E-09      0.9999665E-36
   0.3300000E-09      0.9999665E-36
   0.3500000E-09      0.9999665E-36
   0.3700000E-09      0.9999665E-36
   0.3900000E-09      0.9999665E-36
   0.4125000E-09      0.1000023E-35
   0.4375000E-09      0.1000023E-35
   0.4625000E-09      0.1000024E-35
   0.4875000E-09      0.1000023E-35
   0.5125000E-09      0.1000023E-35
   0.5375000E-09      0.1000023E-35
   0.5625000E-09      0.1000023E-35
   0.5875000E-09      0.1000023E-35
   0.6150000E-09      0.1000013E-35
   0.6450000E-09      0.1000013E-35
   0.6750000E-09      0.1000013E-35
   0.7050000E-09      0.1000013E-35
   0.7400000E-09      0.1000001E-35
   0.7800000E-09      0.1000001E-35
   0.8200000E-09      0.1000001E-35
   0.8600000E-09      0.1000001E-35
   0.9000000E-09      0.1000001E-35
   0.9400000E-09      0.1000003E-35
   0.9800000E-09      0.1000001E-35
   0.1025000E-08      0.9999946E-36
   0.1075000E-08      0.9999946E-36
   0.1125000E-08      0.9999946E-36
   0.1175000E-08      0.9999946E-36
   0.1237500E-08      0.1000004E-35
   0.1312500E-08      0.1000004E-35
   0.1387500E-08      0.1000004E-35
   0.1462500E-08      0.1000004E-35
   0.1550000E-08      0.9999946E-36
   0.1650000E-08      0.9999946E-36
   0.1750000E-08      0.9999946E-36
   0.1850000E-08      0.9999956E-36
   0.1950000E-08      0.9999946E-36
   0.2050000E-08      0.9999946E-36
   0.2150000E-08      0.9999946E-36
   0.2250000E-08      0.9999946E-36
   0.2350000E-08      0.9999946E-36
   0.2475000E-08      0.1000004E-35
   0.2625000E-08      0.1000004E-35
   0.2750000E-08      0.9999946E-36
   0.2900000E-08      0.1000001E-35
   0.3100000E-08      0.1000001E-35
   0.3300000E-08      0.1000001E-35
   0.3500000E-08      0.1000001E-35
   0.3700000E-08      0.1000003E-35
   0.3900000E-08      0.1000001E-35
   0.4125000E-08      0.1000000E-35
   0.4375000E-08      0.1000000E-35
   0.4625000E-08      0.1000000E-35
   0.4875000E-08      0.1000000E-35
   0.5125000E-08      0.1000000E-35
   0.5375000E-08      0.1000000E-35
   0.5625000E-08      0.1000000E-35
   0.5875000E-08      0.1000000E-35
   0.6150000E-08      0.9999946E-36
   0.6450000E-08      0.9999946E-36
   0.6750000E-08      0.9999946E-36
   0.7050000E-08      0.9999946E-36
   0.7400000E-08      0.9999956E-36
   0.7800000E-08      0.9999981E-36
   0.8200000E-08      0.9999981E-36
   0.8600000E-08      0.9999981E-36
   0.9000000E-08      0.9999981E-36
   0.9400000E-08      0.9999981E-36
   0.9800000E-08      0.9999981E-36
   0.1025000E-07      0.9999973E-36
   0.1075000E-07      0.9999973E-36
   0.1125000E-07      0.9999973E-36
   0.1175000E-07      0.9999973E-36
   0.1237500E-07      0.9999983E-36
   0.1312500E-07      0.9999983E-36
   0.1387500E-07      0.9999983E-36
   0.1462500E-07      0.9999975E-36
   0.1550000E-07      0.9999973E-36
   0.1650000E-07      0.9999973E-36
   0.1750000E-07      0.9999973E-36
   0.1850000E-07      0.9999973E-36
   0.1950000E-07      0.9999973E-36
   0.2050000E-07      0.9999973E-36
   0.2150000E-07      0.9999973E-36
   0.2250000E-07      0.9999973E-36
   0.2350000E-07      0.9999973E-36
   0.2475000E-07      0.9999973E-36
   0.2625000E-07      0.9999973E-36
   0.2750000E-07      0.9999973E-36
   0.2900000E-07      0.9999975E-36
   0.3100000E-07      0.9999973E-36
   0.3300000E-07      0.9999973E-36
   0.3500000E-07      0.9999973E-36
   0.3700000E-07      0.9999973E-36
   0.3900000E-07      0.9999973E-36
   0.4125000E-07      0.9999977E-36
   0.4375000E-07      0.9999981E-36
   0.4625000E-07      0.9999981E-36
   0.4875000E-07      0.9999977E-36
   0.5125000E-07      0.9999981E-36
   0.5375000E-07      0.9999977E-36
   0.5625000E-07      0.9999981E-36
   0.5875000E-07      0.9999981E-36
   0.6150000E-07      0.9999975E-36
   0.6450000E-07      0.9999975E-36
   0.6750000E-07      0.9999975E-36
   0.7050000E-07      0.9999975E-36
   0.7400000E-07      0.9999976E-36
   0.7800000E-07      0.9999976E-36
   0.8200000E-07      0.9999976E-36
   0.8600000E-07      0.9999976E-36
   0.9000000E-07      0.9999976E-36
   0.9400000E-07      0.9999976E-36
   0.9800000E-07      0.9999976E-36
   0.1025000E-06      0.9999974E-36
   0.1075000E-06      0.9999974E-36
   0.1125000E-06      0.9999974E-36
   0.1175000E-06      0.9999974E-36
   0.1237500E-06      0.9999975E-36
   0.1312500E-06      0.9999975E-36
   0.1387500E-06      0.9999975E-36
   0.1462500E-06      0.9999975E-36
   0.1550000E-06      0.9999974E-36
   0.1650000E-06      0.9999974E-36
   0.1750000E-06      0.9999974E-36
   0.1850000E-06      0.9999974E-36
   0.1950000E-06      0.9999974E-36
   0.2050000E-06      0.9999974E-36
   0.2150000E-06      0.9999974E-36
   0.2250000E-06      0.9999974E-36
   0.2350000E-06      0.9999974E-36
   0.2475000E-06      0.9999974E-36
   0.2625000E-06      0.9999974E-36
   0.2750000E-06      0.9999974E-36
   0.2900000E-06      0.9999974E-36
   0.3100000E-06      0.9999974E-36
   0.3300000E-06      0.9999974E-36
   0.3500000E-06      0.9999974E-36
   0.3700000E-06      0.9999974E-36
   0.3900000E-06      0.9999974E-36
   0.4125000E-06      0.9999974E-36
   0.4375000E-06      0.9999974E-36
   0.4625000E-06      0.9999975E-36
   0.4875000E-06      0.9999974E-36
   0.5125000E-06      0.9999975E-36
   0.5375000E-06      0.9999975E-36
   0.5625000E-06      0.9999975E-36
   0.5875000E-06      0.9999975E-36
   0.6150000E-06      0.9999974E-36
   0.6450000E-06      0.9999974E-36
   0.6750000E-06      0.9999974E-36
   0.7050000E-06      0.9999974E-36
   0.7400000E-06      0.9999974E-36
   0.7800000E-06      0.9999974E-36
   0.8200000E-06      0.9999974E-36
   0.8600000E-06      0.9999974E-36
   0.9000000E-06      0.9999974E-36
   0.9399999E-06      0.9999974E-36
   0.9800000E-06      0.9999974E-36
   0.1025000E-05      0.9999975E-36
   0.1075000E-05      0.9999975E-36
   0.1125000E-05      0.9999975E-36
   0.1175000E-05      0.9999975E-36
   0.1237500E-05      0.9999975E-36
   0.1312500E-05      0.9999975E-36
   0.1387500E-05      0.9999975E-36
   0.1462500E-05      0.9999975E-36
   0.1550000E-05      0.9999974E-36
   0.1650000E-05      0.9999974E-36
   0.1750000E-05      0.9999974E-36
   0.1850000E-05      0.9999975E-36
   0.1950000E-05      0.9999974E-36
   0.2050000E-05      0.9999975E-36
   0.2150000E-05      0.9999975E-36
   0.2250000E-05      0.9999975E-36
   0.2350000E-05      0.9999975E-36
   0.2475000E-05      0.9999975E-36
   0.2625000E-05      0.9999975E-36
   0.2750000E-05      0.9999975E-36
   0.2900000E-05      0.9999975E-36
   0.3100000E-05      0.9999974E-36
   0.3300000E-05      0.9999974E-36
   0.3500000E-05      0.9999974E-36
   0.3700000E-05      0.9999975E-36
   0.3900000E-05      0.9999974E-36
   0.4125000E-05      0.9999974E-36
   0.4375000E-05      0.9999974E-36
   0.4625000E-05      0.9999974E-36
   0.4875000E-05      0.9999974E-36
   0.5125000E-05      0.9999974E-36
   0.5375000E-05      0.9999974E-36
   0.5625000E-05      0.9999974E-36
   0.5875000E-05      0.9999974E-36
   0.6150000E-05      0.9999975E-36
   0.6450000E-05      0.9999974E-36
   0.6750000E-05      0.9999975E-36
   0.7050000E-05      0.9999975E-36
   0.7400000E-05      0.9999975E-36
   0.7800000E-05      0.9999974E-36
   0.8200001E-05      0.9999975E-36
   0.8600000E-05      0.9999975E-36
   0.8999999E-05      0.9999975E-36
   0.9400001E-05      0.9999975E-36
   0.9800000E-05      0.5829986E-11
   0.1025000E-04      0.1274997E-10
   0.1075000E-04      0.1498996E-10
   0.1125000E-04      0.1722996E-10
   0.1175000E-04      0.1945995E-10
   0.1237500E-04      0.2223994E-10
   0.1312500E-04      0.2558994E-10
   0.1387500E-04      0.2893993E-10
   0.1462500E-04      0.3228992E-10
   0.1550000E-04      0.3618991E-10
   0.1650000E-04      0.4065990E-10
   0.1750000E-04      0.4511989E-10
   0.1850000E-04      0.4958987E-10
   0.1950000E-04      0.5405987E-10
   0.2050000E-04      0.5851986E-10
   0.2150000E-04      0.6298984E-10
   0.2250000E-04      0.6744983E-10
   0.2350000E-04      0.7191982E-10
   0.2475000E-04      0.7748981E-10
   0.2625000E-04      0.8418979E-10
   0.2750000E-04      0.8977977E-10
   0.2900000E-04      0.9643975E-10
   0.3100000E-04      0.1053997E-09
   0.3300000E-04      0.1142997E-09
   0.3500000E-04      0.1231997E-09
   0.3700000E-04      0.1320997E-09
   0.3900000E-04      0.1410996E-09
   0.4125000E-04      0.1510996E-09
   0.4375000E-04      0.1622996E-09
   0.4625000E-04      0.1733996E-09
   0.4875000E-04      0.1845995E-09
   0.5125000E-04      0.1957995E-09
   0.5375000E-04      0.2068995E-09
   0.5625000E-04      0.2180995E-09
   0.5875000E-04      0.2291994E-09
   0.6150000E-04      0.2414994E-09
   0.6450000E-04      0.2548994E-09
   0.6750000E-04      0.2682993E-09
   0.7050000E-04      0.2816993E-09
   0.7400000E-04      0.2972993E-09
   0.7800000E-04      0.3150992E-09
   0.8200000E-04      0.3329992E-09
   0.8600000E-04      0.3507991E-09
   0.9000000E-04      0.3686991E-09
   0.9400000E-04      0.3864991E-09
   0.9800000E-04      0.4043990E-09
   0.1025000E-03      0.4243990E-09
   0.1075000E-03      0.4467989E-09
   0.1125000E-03      0.4690988E-09
   0.1175000E-03      0.4913988E-09
   0.1237500E-03      0.5192987E-09
   0.1312500E-03      0.5526986E-09
   0.1387500E-03      0.5861985E-09
   0.1462500E-03      0.6195985E-09
   0.1550000E-03      0.6586984E-09
   0.1650000E-03      0.7032982E-09
   0.1750000E-03      0.7478981E-09
   0.1850000E-03      0.7924981E-09
   0.1950000E-03      0.8370978E-09
   0.2050000E-03      0.8816978E-09
   0.2150000E-03      0.9262977E-09
   0.2250000E-03      0.9708976E-09
   0.2350000E-03      0.1015998E-08
   0.2475000E-03      0.1070997E-08
   0.2625000E-03      0.1137997E-08
   0.2750000E-03      0.1193997E-08
   0.2900000E-03      0.1259997E-08
   0.3100000E-03      0.1348997E-08
   0.3300000E-03      0.1438996E-08
   0.3500000E-03      0.1527996E-08
   0.3700000E-03      0.1616996E-08
   0.3900000E-03      0.1705996E-08
   0.4125000E-03      0.1805995E-08
   0.4375000E-03      0.1917995E-08
   0.4625000E-03      0.2028995E-08
   0.4875000E-03      0.2139995E-08
   0.5125000E-03      0.2251994E-08
   0.5375000E-03      0.2362994E-08
   0.5625000E-03      0.2473994E-08
   0.5875000E-03      0.2585993E-08
   0.6150000E-03      0.2707993E-08
   0.6450000E-03      0.2841993E-08
   0.6750000E-03      0.2974992E-08
   0.7050000E-03      0.3108992E-08
   0.7400000E-03      0.3264992E-08
   0.7800000E-03      0.3441992E-08
   0.8200000E-03      0.3619991E-08
   0.8600000E-03      0.3797990E-08
   0.9000000E-03      0.3975990E-08
   0.9400000E-03      0.4153990E-08
   0.9800000E-03      0.4330989E-08
   0.1025000E-02      0.4530988E-08
   0.1075000E-02      0.4753988E-08
   0.1125000E-02      0.4975988E-08
   0.1175000E-02      0.5197987E-08
   0.1237500E-02      0.5474987E-08
   0.1312500E-02      0.5806985E-08
   0.1387500E-02      0.6139985E-08
   0.1462500E-02      0.6472984E-08
   0.1550000E-02      0.6859983E-08
   0.1650000E-02      0.7302981E-08
   0.1750000E-02      0.7746981E-08
   0.1850000E-02      0.8188979E-08
   0.1950000E-02      0.8630979E-08
   0.2050000E-02      0.9072978E-08
   0.2150000E-02      0.9514976E-08
   0.2250000E-02      0.9957975E-08
   0.2350000E-02      0.1039998E-07
   0.2475000E-02      0.1094997E-07
   0.2625000E-02      0.1160997E-07
   0.2750000E-02      0.1215997E-07
   0.2900000E-02      0.1281997E-07
   0.3100000E-02      0.1369997E-07
   0.3300000E-02      0.1457996E-07
   0.3500000E-02      0.1545996E-07
   0.3700000E-02      0.1633996E-07
   0.3900000E-02      0.1721996E-07
   0.4125000E-02      0.1819996E-07
   0.4375000E-02      0.1929995E-07
   0.4625000E-02      0.2038995E-07
   0.4875000E-02      0.2147994E-07
   0.5125000E-02      0.2256994E-07
   0.5375000E-02      0.2365994E-07
   0.5625000E-02      0.2473994E-07
   0.5875000E-02      0.2582994E-07
   0.6150000E-02      0.2701993E-07
   0.6450000E-02      0.2831993E-07
   0.6750000E-02      0.2961992E-07
   0.7050000E-02      0.3090992E-07
   0.7400000E-02      0.3241992E-07
   0.7800000E-02      0.3413991E-07
   0.8200000E-02      0.3585991E-07
   0.8600000E-02      0.3756991E-07
   0.9000000E-02      0.3928990E-07
   0.9400001E-02      0.4098990E-07
   0.9800000E-02      0.4268989E-07
   0.1025000E-01      0.4460989E-07
   0.1075000E-01      0.4672988E-07
   0.1125000E-01      0.4884988E-07
   0.1175000E-01      0.5095987E-07
   0.1237500E-01      0.5358987E-07
   0.1312500E-01      0.5672986E-07
   0.1387500E-01      0.5986985E-07
   0.1462500E-01      0.6298985E-07
   0.1550000E-01      0.6661983E-07
   0.1650000E-01      0.7073982E-07
   0.1750000E-01      0.7484981E-07
   0.1850000E-01      0.7893980E-07
   0.1950000E-01      0.8300979E-07
   0.2050000E-01      0.8704979E-07
   0.2150000E-01      0.9107977E-07
   0.2250000E-01      0.9508975E-07
   0.2350000E-01      0.9908974E-07
   0.2475000E-01      0.1040997E-06
   0.2625000E-01      0.1099997E-06
   0.2750000E-01      0.1148997E-06
   0.2900000E-01      0.1206997E-06
   0.3100000E-01      0.1283997E-06
   0.3300000E-01      0.1359997E-06
   0.3500000E-01      0.1434996E-06
   0.3700000E-01      0.1509996E-06
   0.3900000E-01      0.1583996E-06
   0.4125000E-01      0.1665996E-06
   0.4375000E-01      0.1755996E-06
   0.4625000E-01      0.1844995E-06
   0.4875000E-01      0.1932995E-06
   0.5125000E-01      0.2018995E-06
   0.5375000E-01      0.2104995E-06
   0.5625000E-01      0.2188994E-06
   0.5875000E-01      0.2272994E-06
   0.6150000E-01      0.2362994E-06
   0.6450000E-01      0.2459994E-06
   0.6750000E-01      0.2555994E-06
   0.7050000E-01      0.2649993E-06
   0.7400000E-01      0.2756993E-06
   0.7799999E-01      0.2876993E-06
   0.8200000E-01      0.2994992E-06
   0.8600000E-01      0.3109992E-06
   0.9000000E-01      0.3222992E-06
   0.9400000E-01      0.3331992E-06
   0.9800000E-01      0.3438991E-06
   0.1025000          0.3556991E-06
   0.1075000          0.3684991E-06
   0.1125000          0.3807991E-06
   0.1175000          0.3926990E-06
   0.1237500          0.4070990E-06
   0.1312500          0.4236990E-06
   0.1387500          0.4395989E-06
   0.1462500          0.4545988E-06
   0.1550000          0.4711988E-06
   0.1650000          0.4889988E-06
   0.1750000          0.5055987E-06
   0.1850000          0.5208987E-06
   0.1950000          0.5351987E-06
   0.2050000          0.5483986E-06
   0.2150000          0.5604987E-06
   0.2250000          0.5715986E-06
   0.2350000          0.5816986E-06
   0.2475000          0.5928985E-06
   0.2625000          0.6047985E-06
   0.2750000          0.6132985E-06
   0.2900000          0.6214985E-06
   0.3100000          0.6303984E-06
   0.3300000          0.6365985E-06
   0.3500000          0.6402984E-06
   0.3700000          0.6418983E-06
   0.3900000          0.6414984E-06
   0.4125000          0.6389984E-06
   0.4375000          0.6339985E-06
   0.4625000          0.6269984E-06
   0.4875000          0.6182985E-06
   0.5125000          0.6080985E-06
   0.5375000          0.5967985E-06
   0.5625000          0.5845985E-06
   0.5875000          0.5716985E-06
   0.6150000          0.5567986E-06
   0.6450000          0.5401986E-06
   0.6750000          0.5232987E-06
   0.7050000          0.5062987E-06
   0.7400000          0.4864988E-06
   0.7800000          0.4642988E-06
   0.8200000          0.4425989E-06
   0.8600000          0.4214989E-06
   0.9000000          0.4007990E-06
   0.9400000          0.3805991E-06
   0.9800000          0.3606991E-06
    1.050000          0.3385991E-06
    1.150000          0.3157992E-06
    1.250000          0.2947993E-06
    1.350000          0.2751993E-06
    1.450000          0.2569994E-06
    1.550000          0.2397994E-06
    1.650000          0.2237994E-06
    1.750000          0.2088995E-06
    1.850000          0.1949995E-06
    1.950000          0.1819995E-06
    2.050000          0.1698996E-06
    2.150000          0.1585996E-06
    2.250000          0.1480996E-06
    2.350000          0.1381997E-06
    2.450000          0.1289997E-06
    2.550000          0.1203997E-06
    2.650000          0.1123997E-06
    2.750000          0.1048997E-06
    2.850000          0.9794976E-07
    2.950000          0.9140977E-07
    3.050000          0.8531979E-07
    3.150000          0.7963980E-07
    3.250000          0.7433982E-07
    3.350000          0.6938983E-07
    3.450000          0.6476984E-07
    3.550000          0.6045985E-07
    3.650000          0.5642986E-07
    3.750000          0.5267987E-07
    3.850000          0.4916987E-07
    3.950000          0.4589989E-07
    4.050000          0.4283989E-07
    4.150000          0.3998990E-07
    4.250000          0.3732991E-07
    4.350000          0.3483991E-07
    4.450000          0.3251992E-07
    4.550000          0.3035992E-07
    4.650000          0.2833993E-07
    4.750000          0.2644993E-07
    4.850000          0.2468994E-07
    4.950000          0.2303994E-07
    5.050000          0.2150995E-07
    5.150000          0.2007995E-07
    5.250000          0.1874995E-07
    5.350000          0.1749996E-07
    5.450000          0.1632996E-07
    5.550000          0.1523996E-07
    5.650000          0.1421997E-07
    5.750000          0.1327997E-07
    5.850000          0.1238997E-07
    5.950000          0.1156997E-07
    6.050000          0.1079997E-07
    6.150000          0.1007998E-07
    6.250000          0.9409976E-08
    6.350000          0.8782977E-08
    6.450000          0.8198979E-08
    6.550000          0.7652980E-08
    6.650000          0.7143983E-08
    6.750000          0.6667983E-08
    6.850000          0.6223984E-08
    6.950000          0.5808986E-08
    7.050000          0.5421986E-08
    7.150000          0.5061987E-08
    7.250000          0.4724988E-08
    7.350000          0.4409989E-08
    7.450000          0.4116990E-08
    7.550000          0.3842990E-08
    7.650000          0.3586991E-08
    7.750000          0.3347992E-08
    7.850000          0.3124992E-08
    7.950000          0.2916993E-08
    8.050000          0.2722993E-08
    8.150000          0.2540994E-08
    8.250000          0.2371994E-08
    8.350000          0.2213995E-08
    8.450000          0.2066995E-08
    8.550000          0.1929995E-08
    8.650000          0.1800996E-08
    8.750000          0.1680996E-08
    8.850000          0.1568996E-08
    8.950000          0.1464996E-08
    9.050000          0.1366997E-08
    9.150000          0.1275997E-08
    9.250000          0.1190997E-08
    9.350000          0.1111997E-08
    9.450000          0.1037997E-08
    9.550000          0.9683976E-09
    9.650000          0.9040977E-09
    9.750000          0.8438980E-09
    9.850000          0.7876980E-09
    9.950000          0.7352982E-09
    10.05000          0.6862982E-09
    10.15000          0.6405984E-09
    10.25000          0.5978985E-09
    10.35000          0.5580986E-09
    10.45000          0.5209987E-09
    10.55000          0.4862988E-09
    10.65000          0.4538989E-09
    10.75000          0.4236989E-09
    10.85000          0.3954990E-09
    10.95000          0.3691991E-09
    11.05000          0.3445991E-09
    11.15000          0.3216992E-09
    11.25000          0.3001992E-09
    11.35000          0.2801993E-09
    11.45000          0.2615994E-09
    11.55000          0.2441994E-09
    11.65000          0.2278994E-09
    11.75000          0.2127995E-09
    11.85000          0.1985995E-09
    11.95000          0.1852996E-09
    12.05000          0.1729995E-09
    12.15000          0.1614996E-09
    12.25000          0.1506996E-09
    12.35000          0.1406996E-09
    12.45000          0.1312997E-09
    12.55000          0.1225997E-09
    12.65000          0.1143997E-09
    12.75000          0.1067997E-09
    12.85000          0.9970976E-10
    12.95000          0.9305976E-10
    13.05000          0.8686979E-10
    13.15000          0.8107979E-10
    13.25000          0.7567980E-10
    13.35000          0.7063983E-10
    13.45000          0.6593984E-10
    13.55000          0.6154984E-10
    13.65000          0.5744986E-10
    13.75000          0.5362986E-10
    13.85000          0.5004987E-10
    13.95000          0.4671989E-10
    14.05000          0.4360989E-10
    14.15000          0.4070990E-10
    14.25000          0.3799991E-10
    14.35000          0.3546991E-10
    14.45000          0.3310992E-10
    14.55000          0.3089992E-10
    14.65000          0.2883993E-10
    14.75000          0.2691993E-10
    14.85000          0.2512994E-10
    14.95000          0.2345994E-10
    15.05000          0.2189995E-10
    15.15000          0.2043995E-10
    15.25000          0.1907995E-10
    15.35000          0.1780995E-10
    15.45000          0.1661996E-10
    15.55000          0.1551996E-10
    15.65000          0.1447996E-10
    15.75000          0.1351997E-10
    15.85000          0.1261997E-10
    15.95000          0.1177997E-10
    16.05000          0.1099997E-10
    16.15000          0.1025998E-10
    16.25000          0.9578977E-11
    16.35000          0.8940978E-11
    16.45000          0.8345979E-11
    16.55000          0.7789981E-11
    16.65000          0.7270982E-11
    16.75000          0.6786983E-11
    16.85000          0.6334984E-11
    16.95000          0.5912986E-11
    17.05000          0.5519986E-11
    17.15000          0.5151988E-11
    17.25000          0.4808988E-11
    17.35000          0.4488989E-11
    17.45000          0.4189990E-11
    17.55000          0.3910990E-11
    17.65000          0.3650991E-11
    17.75000          0.3407992E-11
    17.85000          0.3180992E-11
    17.95000          0.2968993E-11
    18.05000          0.1000000E-29
    18.15000          0.1000000E-29
    18.25000          0.1000000E-29
    18.35000          0.1000000E-29
    18.45000          0.1000000E-29
    18.55000          0.1000000E-29
    18.65000          0.1000000E-29
    18.75000          0.1000000E-29
    18.85000          0.1000000E-29
    18.95000          0.1000000E-29
    19.05000          0.1000000E-29
    19.15000          0.1000000E-29
    19.25000          0.1000000E-29
    19.35000          0.1000000E-29
    19.45000          0.1000000E-29
    19.55000          0.1000000E-29
    19.65000          0.1000000E-29
    19.75000          0.1000000E-29
    19.85000          0.1000000E-29
    19.95000          0.1000000E-29
