
   0.1025000E-09      0.2117407E-02
   0.1075000E-09      0.2220494E-02
   0.1125000E-09      0.2323581E-02
   0.1175000E-09      0.2427699E-02
   0.1237500E-09      0.2556558E-02
   0.1312500E-09      0.2711188E-02
   0.1387500E-09      0.2865819E-02
   0.1462500E-09      0.3021480E-02
   0.1550000E-09      0.3201883E-02
   0.1650000E-09      0.3408056E-02
   0.1750000E-09      0.3615261E-02
   0.1850000E-09      0.3821435E-02
   0.1950000E-09      0.4028640E-02
   0.2050000E-09      0.4234815E-02
   0.2150000E-09      0.4440988E-02
   0.2250000E-09      0.4648194E-02
   0.2350000E-09      0.4854367E-02
   0.2475000E-09      0.5113116E-02
   0.2625000E-09      0.5422377E-02
   0.2750000E-09      0.5681125E-02
   0.2900000E-09      0.5990386E-02
   0.3100000E-09      0.6403765E-02
   0.3300000E-09      0.6817144E-02
   0.3500000E-09      0.7230522E-02
   0.3700000E-09      0.7643901E-02
   0.3900000E-09      0.8056249E-02
   0.4125000E-09      0.8521172E-02
   0.4375000E-09      0.9037637E-02
   0.4625000E-09      0.9554104E-02
   0.4875000E-09      0.1007057E-01
   0.5125000E-09      0.1058704E-01
   0.5375000E-09      0.1110247E-01
   0.5625000E-09      0.1161791E-01
   0.5875000E-09      0.1213334E-01
   0.6150000E-09      0.1270032E-01
   0.6450000E-09      0.1332915E-01
   0.6750000E-09      0.1394767E-01
   0.7050000E-09      0.1456619E-01
   0.7400000E-09      0.1528780E-01
   0.7800000E-09      0.1611250E-01
   0.8200000E-09      0.1693719E-01
   0.8600000E-09      0.1776189E-01
   0.9000000E-09      0.1859690E-01
   0.9400000E-09      0.1942159E-01
   0.9800000E-09      0.2024629E-01
   0.1025000E-08      0.2117407E-01
   0.1075000E-08      0.2220494E-01
   0.1125000E-08      0.2323581E-01
   0.1175000E-08      0.2427699E-01
   0.1237500E-08      0.2556558E-01
   0.1312500E-08      0.2711189E-01
   0.1387500E-08      0.2865819E-01
   0.1462500E-08      0.3021480E-01
   0.1550000E-08      0.3201883E-01
   0.1650000E-08      0.3408056E-01
   0.1750000E-08      0.3615261E-01
   0.1850000E-08      0.3821435E-01
   0.1950000E-08      0.4028641E-01
   0.2050000E-08      0.4234814E-01
   0.2150000E-08      0.4440988E-01
   0.2250000E-08      0.4648193E-01
   0.2350000E-08      0.4854367E-01
   0.2475000E-08      0.5113116E-01
   0.2625000E-08      0.5422377E-01
   0.2750000E-08      0.5681125E-01
   0.2900000E-08      0.5990386E-01
   0.3100000E-08      0.6403765E-01
   0.3300000E-08      0.6817143E-01
   0.3500000E-08      0.7230522E-01
   0.3700000E-08      0.7643902E-01
   0.3900000E-08      0.8056249E-01
   0.4125000E-08      0.8521172E-01
   0.4375000E-08      0.9037638E-01
   0.4625000E-08      0.9554104E-01
   0.4875000E-08      0.1007057    
   0.5125000E-08      0.1058704    
   0.5375000E-08      0.1110247    
   0.5625000E-08      0.1161791    
   0.5875000E-08      0.1213334    
   0.6150000E-08      0.1270032    
   0.6450000E-08      0.1332915    
   0.6750000E-08      0.1394767    
   0.7050000E-08      0.1456619    
   0.7400000E-08      0.1528780    
   0.7800000E-08      0.1611250    
   0.8200000E-08      0.1693720    
   0.8600000E-08      0.1776189    
   0.9000000E-08      0.1859690    
   0.9400000E-08      0.1942159    
   0.9800000E-08      0.2024629    
   0.1025000E-07      0.2117407    
   0.1075000E-07      0.2220494    
   0.1125000E-07      0.2323581    
   0.1175000E-07      0.2427699    
   0.1237500E-07      0.2556558    
   0.1312500E-07      0.2711188    
   0.1387500E-07      0.2865819    
   0.1462500E-07      0.3021480    
   0.1550000E-07      0.3201883    
   0.1650000E-07      0.3408056    
   0.1750000E-07      0.3615261    
   0.1850000E-07      0.3821435    
   0.1950000E-07      0.4028640    
   0.2050000E-07      0.4234814    
   0.2150000E-07      0.4440989    
   0.2250000E-07      0.4648193    
   0.2350000E-07      0.4854367    
   0.2475000E-07      0.5113116    
   0.2625000E-07      0.5422376    
   0.2750000E-07      0.5681124    
   0.2900000E-07      0.5990386    
   0.3100000E-07      0.6403766    
   0.3300000E-07      0.6817144    
   0.3500000E-07      0.7230523    
   0.3700000E-07      0.7643902    
   0.3900000E-07      0.8056250    
   0.4125000E-07      0.8521172    
   0.4375000E-07      0.9037638    
   0.4625000E-07      0.9554104    
   0.4875000E-07       1.007057    
   0.5125000E-07       1.058704    
   0.5375000E-07       1.110247    
   0.5625000E-07       1.161790    
   0.5875000E-07       1.213334    
   0.6150000E-07       1.270032    
   0.6450000E-07       1.332915    
   0.6750000E-07       1.394767    
   0.7050000E-07       1.456620    
   0.7400000E-07       1.528780    
   0.7800000E-07       1.611250    
   0.8200000E-07       1.693720    
   0.8600000E-07       1.776189    
   0.9000000E-07       1.859690    
   0.9400000E-07       1.942159    
   0.9800000E-07       2.024629    
   0.1025000E-06       1.909171    
   0.1075000E-06       1.635991    
   0.1125000E-06       1.412292    
   0.1175000E-06       1.226735    
   0.1237500E-06       1.038086    
   0.1312500E-06      0.8577870    
   0.1387500E-06      0.7163516    
   0.1462500E-06      0.6039868    
   0.1550000E-06      0.5007967    
   0.1650000E-06      0.4088431    
   0.1750000E-06      0.3378161    
   0.1850000E-06      0.2821492    
   0.1950000E-06      0.2378218    
   0.2050000E-06      0.2022567    
   0.2150000E-06      0.1732893    
   0.2250000E-06      0.1583417    
   0.2350000E-06      0.1539089    
   0.2475000E-06      0.1488576    
   0.2625000E-06      0.1432909    
   0.2750000E-06      0.1389613    
   0.2900000E-06      0.1343224    
   0.3100000E-06      0.1285495    
   0.3300000E-06      0.1233951    
   0.3500000E-06      0.1187562    
   0.3700000E-06      0.1140142    
   0.3900000E-06      0.1076228    
   0.4125000E-06      0.9963360E-01
   0.4375000E-06      0.9186083E-01
   0.4625000E-06      0.8508801E-01
   0.4875000E-06      0.7912958E-01
   0.5125000E-06      0.7385153E-01
   0.5375000E-06      0.6915076E-01
   0.5625000E-06      0.6495512E-01
   0.5875000E-06      0.6117183E-01
   0.6150000E-06      0.5742977E-01
   0.6450000E-06      0.5378050E-01
   0.6750000E-06      0.5051263E-01
   0.7050000E-06      0.4757466E-01
   0.7400000E-06      0.4464699E-01
   0.7800000E-06      0.4215228E-01
   0.8200000E-06      0.4027610E-01
   0.8600000E-06      0.3857516E-01
   0.9000000E-06      0.3701854E-01
   0.9399999E-06      0.3558564E-01
   0.9800000E-06      0.3426612E-01
   0.1025000E-05      0.3289507E-01
   0.1075000E-05      0.3150339E-01
   0.1125000E-05      0.3023542E-01
   0.1175000E-05      0.2906023E-01
   0.1237500E-05      0.2773040E-01
   0.1312500E-05      0.2628719E-01
   0.1387500E-05      0.2499860E-01
   0.1462500E-05      0.2382341E-01
   0.1550000E-05      0.2260698E-01
   0.1650000E-05      0.2133901E-01
   0.1750000E-05      0.2018443E-01
   0.1850000E-05      0.1915357E-01
   0.1950000E-05      0.1821547E-01
   0.2050000E-05      0.1738047E-01
   0.2150000E-05      0.1661763E-01
   0.2250000E-05      0.1591663E-01
   0.2350000E-05      0.1527749E-01
   0.2475000E-05      0.1454557E-01
   0.2625000E-05      0.1376211E-01
   0.2750000E-05      0.1316421E-01
   0.2900000E-05      0.1252507E-01
   0.3100000E-05      0.1176223E-01
   0.3300000E-05      0.1109216E-01
   0.3500000E-05      0.1046333E-01
   0.3700000E-05      0.9857179E-02
   0.3900000E-05      0.9311849E-02
   0.4125000E-05      0.8764459E-02
   0.4375000E-05      0.8223251E-02
   0.4625000E-05      0.7742865E-02
   0.4875000E-05      0.7314024E-02
   0.5125000E-05      0.6928478E-02
   0.5375000E-05      0.6580044E-02
   0.5625000E-05      0.6264597E-02
   0.5875000E-05      0.5976985E-02
   0.6150000E-05      0.5688341E-02
   0.6450000E-05      0.5402790E-02
   0.6750000E-05      0.5143011E-02
   0.7050000E-05      0.4905911E-02
   0.7400000E-05      0.4651286E-02
   0.7800000E-05      0.4383260E-02
   0.8200001E-05      0.4139975E-02
   0.8600000E-05      0.3921430E-02
   0.8999999E-05      0.3723503E-02
   0.9400001E-05      0.3543100E-02
   0.9800000E-05      0.3379192E-02
   0.1025000E-04      0.3210130E-02
   0.1075000E-04      0.3041067E-02
   0.1125000E-04      0.2886436E-02
   0.1175000E-04      0.2747269E-02
   0.1237500E-04      0.2590577E-02
   0.1312500E-04      0.2422545E-02
   0.1387500E-04      0.2273068E-02
   0.1462500E-04      0.2141117E-02
   0.1550000E-04      0.2004011E-02
   0.1650000E-04      0.1872060E-02
   0.1750000E-04      0.1760726E-02
   0.1850000E-04      0.1661763E-02
   0.1950000E-04      0.1573108E-02
   0.2050000E-04      0.1492700E-02
   0.2150000E-04      0.1420539E-02
   0.2250000E-04      0.1354563E-02
   0.2350000E-04      0.1294773E-02
   0.2475000E-04      0.1227766E-02
   0.2625000E-04      0.1154574E-02
   0.2750000E-04      0.1099939E-02
   0.2900000E-04      0.1041179E-02
   0.3100000E-04      0.9709765E-03
   0.3300000E-04      0.9097428E-03
   0.3500000E-04      0.8551068E-03
   0.3700000E-04      0.8058311E-03
   0.3900000E-04      0.7616068E-03
   0.4125000E-04      0.7172794E-03
   0.4375000E-04      0.6734675E-03
   0.4625000E-04      0.6345005E-03
   0.4875000E-04      0.5996571E-03
   0.5125000E-04      0.5684217E-03
   0.5375000E-04      0.5401759E-03
   0.5625000E-04      0.5144042E-03
   0.5875000E-04      0.4910034E-03
   0.6150000E-04      0.4676027E-03
   0.6450000E-04      0.4443050E-03
   0.6750000E-04      0.4231721E-03
   0.7050000E-04      0.4038949E-03
   0.7400000E-04      0.3832775E-03
   0.7800000E-04      0.3617323E-03
   0.8200000E-04      0.3423520E-03
   0.8600000E-04      0.3247241E-03
   0.9000000E-04      0.3088487E-03
   0.9400000E-04      0.2943134E-03
   0.9800000E-04      0.2811183E-03
   0.1025000E-03      0.2675108E-03
   0.1075000E-03      0.2538002E-03
   0.1125000E-03      0.2414298E-03
   0.1175000E-03      0.2300902E-03
   0.1237500E-03      0.2173074E-03
   0.1312500E-03      0.2035969E-03
   0.1387500E-03      0.1915357E-03
   0.1462500E-03      0.1807115E-03
   0.1550000E-03      0.1694751E-03
   0.1650000E-03      0.1583416E-03
   0.1750000E-03      0.1486515E-03
   0.1850000E-03      0.1400952E-03
   0.1950000E-03      0.1323637E-03
   0.2050000E-03      0.1254569E-03
   0.2150000E-03      0.1191686E-03
   0.2250000E-03      0.1134988E-03
   0.2350000E-03      0.1083445E-03
   0.2475000E-03      0.1024685E-03
   0.2625000E-03      0.9619049E-04
   0.2750000E-03      0.9148972E-04
   0.2900000E-03      0.8643846E-04
   0.3100000E-03      0.8045942E-04
   0.3300000E-03      0.7523290E-04
   0.3500000E-03      0.7067646E-04
   0.3700000E-03      0.6668699E-04
   0.3900000E-03      0.6310987E-04
   0.4125000E-03      0.5951213E-04
   0.4375000E-03      0.5596594E-04
   0.4625000E-03      0.5280117E-04
   0.4875000E-03      0.4996627E-04
   0.5125000E-03      0.4742003E-04
   0.5375000E-03      0.4511088E-04
   0.5625000E-03      0.4301820E-04
   0.5875000E-03      0.4110079E-04
   0.6150000E-03      0.3918337E-04
   0.6450000E-03      0.3727626E-04
   0.6750000E-03      0.3554440E-04
   0.7050000E-03      0.3396717E-04
   0.7400000E-03      0.3229716E-04
   0.7800000E-03      0.3058591E-04
   0.8200000E-03      0.2904992E-04
   0.8600000E-03      0.2765824E-04
   0.9000000E-03      0.2640058E-04
   0.9400000E-03      0.2524601E-04
   0.9800000E-03      0.2418421E-04
   0.1025000E-02      0.2309149E-04
   0.1075000E-02      0.2198846E-04
   0.1125000E-02      0.2097820E-04
   0.1175000E-02      0.2006073E-04
   0.1237500E-02      0.1901955E-04
   0.1312500E-02      0.1790621E-04
   0.1387500E-02      0.1690627E-04
   0.1462500E-02      0.1600942E-04
   0.1550000E-02      0.1508163E-04
   0.1650000E-02      0.1414354E-04
   0.1750000E-02      0.1330853E-04
   0.1850000E-02      0.1256631E-04
   0.1950000E-02      0.1190655E-04
   0.2050000E-02      0.1130864E-04
   0.2150000E-02      0.1076228E-04
   0.2250000E-02      0.1026953E-04
   0.2350000E-02      0.9819038E-05
   0.2475000E-02      0.9309788E-05
   0.2625000E-02      0.8760334E-05
   0.2750000E-02      0.8349017E-05
   0.2900000E-02      0.7906774E-05
   0.3100000E-02      0.7379999E-05
   0.3300000E-02      0.6919201E-05
   0.3500000E-02      0.6515099E-05
   0.3700000E-02      0.6164602E-05
   0.3900000E-02      0.5845033E-05
   0.4125000E-02      0.5526495E-05
   0.4375000E-02      0.5212079E-05
   0.4625000E-02      0.4928590E-05
   0.4875000E-02      0.4676027E-05
   0.5125000E-02      0.4445112E-05
   0.5375000E-02      0.4242030E-05
   0.5625000E-02      0.4046165E-05
   0.5875000E-02      0.3875040E-05
   0.6150000E-02      0.3701854E-05
   0.6450000E-02      0.3529699E-05
   0.6750000E-02      0.3371976E-05
   0.7050000E-02      0.3228685E-05
   0.7400000E-02      0.3071993E-05
   0.7800000E-02      0.2901899E-05
   0.8200000E-02      0.2746237E-05
   0.8600000E-02      0.2607071E-05
   0.9000000E-02      0.2480273E-05
   0.9400001E-02      0.2363785E-05
   0.9800000E-02      0.2258636E-05
   0.1025000E-01      0.2150395E-05
   0.1075000E-01      0.2041123E-05
   0.1125000E-01      0.1942159E-05
   0.1175000E-01      0.1853505E-05
   0.1237500E-01      0.1755572E-05
   0.1312500E-01      0.1649392E-05
   0.1387500E-01      0.1554552E-05
   0.1462500E-01      0.1475175E-05
   0.1550000E-01      0.1395798E-05
   0.1650000E-01      0.1314359E-05
   0.1750000E-01      0.1244260E-05
   0.1850000E-01      0.1187562E-05
   0.1950000E-01      0.1143235E-05
   0.2050000E-01      0.1102000E-05
   0.2150000E-01      0.1064889E-05
   0.2250000E-01      0.1027262E-05
   0.2350000E-01      0.9857181E-06
   0.2475000E-01      0.9343806E-06
   0.2625000E-01      0.8791260E-06
   0.2750000E-01      0.8375820E-06
   0.2900000E-01      0.7978934E-06
   0.3100000E-01      0.7543908E-06
   0.3300000E-01      0.7166608E-06
   0.3500000E-01      0.6831576E-06
   0.3700000E-01      0.6543963E-06
   0.3900000E-01      0.6295523E-06
   0.4125000E-01      0.6040898E-06
   0.4375000E-01      0.5784212E-06
   0.4625000E-01      0.5563606E-06
   0.4875000E-01      0.5372896E-06
   0.5125000E-01      0.5197647E-06
   0.5375000E-01      0.5036832E-06
   0.5625000E-01      0.4883232E-06
   0.5875000E-01      0.4729633E-06
   0.6150000E-01      0.4566755E-06
   0.6450000E-01      0.4402846E-06
   0.6750000E-01      0.4251308E-06
   0.7050000E-01      0.4115233E-06
   0.7400000E-01      0.3984313E-06
   0.7799999E-01      0.3857516E-06
   0.8200000E-01      0.3741027E-06
   0.8600000E-01      0.3632786E-06
   0.9000000E-01      0.3534853E-06
   0.9400000E-01      0.3448260E-06
   0.9800000E-01      0.3367853E-06
   0.1025000          0.3283321E-06
   0.1075000          0.3196728E-06
   0.1125000          0.3113227E-06
   0.1175000          0.3031789E-06
   0.1237500          0.2933856E-06
   0.1312500          0.2826646E-06
   0.1387500          0.2729744E-06
   0.1462500          0.2647274E-06
   0.1550000          0.2564805E-06
   0.1650000          0.2479242E-06
   0.1750000          0.2401927E-06
   0.1850000          0.2340075E-06
   0.1950000          0.2289562E-06
   0.2050000          0.2243173E-06
   0.2150000          0.2199877E-06
   0.2250000          0.2160704E-06
   0.2350000          0.2124623E-06
   0.2475000          0.2083388E-06
   0.2625000          0.2038030E-06
   0.2750000          0.2002981E-06
   0.2900000          0.1971024E-06
   0.3100000          0.1938036E-06
   0.3300000          0.1909171E-06
   0.3500000          0.1882369E-06
   0.3700000          0.1856597E-06
   0.3900000          0.1832887E-06
   0.4125000          0.1808146E-06
   0.4375000          0.1782374E-06
   0.4625000          0.1759695E-06
   0.4875000          0.1739078E-06
   0.5125000          0.1719491E-06
   0.5375000          0.1701967E-06
   0.5625000          0.1684442E-06
   0.5875000          0.1664855E-06
   0.6150000          0.1644238E-06
   0.6450000          0.1622590E-06
   0.6750000          0.1601972E-06
   0.7050000          0.1583417E-06
   0.7400000          0.1564861E-06
   0.7800000          0.1546305E-06
   0.8200000          0.1528780E-06
   0.8600000          0.1512287E-06
   0.9000000          0.1496824E-06
   0.9400000          0.1483422E-06
   0.9800000          0.1470021E-06
    1.050000          0.1448372E-06
    1.150000          0.1419508E-06
    1.250000          0.1392705E-06
    1.350000          0.1367965E-06
    1.450000          0.1339100E-06
    1.550000          0.1306113E-06
    1.650000          0.1273124E-06
    1.750000          0.1241168E-06
    1.850000          0.1183439E-06
    1.950000          0.1108185E-06
    2.050000          0.1041179E-06
    2.150000          0.9808728E-07
    2.250000          0.9259275E-07
    2.350000          0.8744872E-07
    2.450000          0.8270671E-07
    2.550000          0.7839768E-07
    2.650000          0.7447005E-07
    2.750000          0.7087232E-07
    2.850000          0.6627463E-07
    2.950000          0.6029558E-07
    3.050000          0.5447117E-07
    3.150000          0.4936837E-07
    3.250000          0.4488408E-07
    3.350000          0.4091523E-07
    3.450000          0.3741028E-07
    3.550000          0.3417334E-07
    3.650000          0.3094672E-07
    3.750000          0.2787472E-07
    3.850000          0.2517385E-07
    3.950000          0.2280284E-07
    4.050000          0.2069987E-07
    4.150000          0.1883400E-07
    4.250000          0.1718461E-07
    4.350000          0.1570015E-07
    4.450000          0.1440126E-07
    4.550000          0.1349409E-07
    4.650000          0.1291680E-07
    4.750000          0.1237044E-07
    4.850000          0.1185501E-07
    4.950000          0.1138081E-07
    5.050000          0.1092722E-07
    5.150000          0.1050457E-07
    5.250000          0.1010046E-07
    5.350000          0.9721105E-08
    5.450000          0.9363393E-08
    5.550000          0.9025269E-08
    5.650000          0.8645908E-08
    5.750000          0.8147997E-08
    5.850000          0.7607821E-08
    5.950000          0.7113004E-08
    6.050000          0.6656328E-08
    6.150000          0.6236764E-08
    6.250000          0.5849157E-08
    6.350000          0.5491446E-08
    6.450000          0.5161566E-08
    6.550000          0.4855397E-08
    6.650000          0.4570878E-08
    6.750000          0.4308006E-08
    6.850000          0.4063690E-08
    6.950000          0.3835868E-08
    7.050000          0.3624539E-08
    7.150000          0.3377131E-08
    7.250000          0.3089518E-08
    7.350000          0.2816337E-08
    7.450000          0.2569959E-08
    7.550000          0.2348322E-08
    7.650000          0.2147303E-08
    7.750000          0.1966900E-08
    7.850000          0.1802992E-08
    7.950000          0.1655577E-08
    8.050000          0.1520533E-08
    8.150000          0.1398891E-08
    8.250000          0.1287557E-08
    8.350000          0.1186532E-08
    8.450000          0.1094784E-08
    8.550000          0.1011284E-08
    8.650000          0.9346900E-09
    8.750000          0.8646938E-09
    8.850000          0.8006769E-09
    8.950000          0.7419172E-09
    9.050000          0.6882089E-09
    9.150000          0.6389333E-09
    9.250000          0.5936781E-09
    9.350000          0.5520309E-09
    9.450000          0.5136825E-09
    9.550000          0.4784268E-09
    9.650000          0.4458513E-09
    9.750000          0.4158530E-09
    9.850000          0.3881226E-09
    9.950000          0.3625570E-09
    10.05000          0.3388470E-09
    10.15000          0.3168895E-09
    10.25000          0.2965813E-09
    10.35000          0.2777164E-09
    10.45000          0.2601916E-09
    10.55000          0.2440070E-09
    10.65000          0.2289563E-09
    10.75000          0.2149364E-09
    10.85000          0.2018444E-09
    10.95000          0.1896801E-09
    11.05000          0.1784436E-09
    11.15000          0.1678256E-09
    11.25000          0.1580324E-09
    11.35000          0.1487546E-09
    11.45000          0.1399922E-09
    11.55000          0.1317452E-09
    11.65000          0.1240137E-09
    11.75000          0.1167976E-09
    11.85000          0.1100969E-09
    11.95000          0.1038086E-09
    12.05000          0.9792235E-10
    12.15000          0.9241750E-10
    12.25000          0.8726314E-10
    12.35000          0.8243868E-10
    12.45000          0.7791317E-10
    12.55000          0.7367629E-10
    12.65000          0.6968682E-10
    12.75000          0.6595506E-10
    12.85000          0.6245011E-10
    12.95000          0.5915132E-10
    13.05000          0.5604841E-10
    13.15000          0.5313105E-10
    13.25000          0.5038894E-10
    13.35000          0.4780144E-10
    13.45000          0.4536859E-10
    13.55000          0.4308006E-10
    13.65000          0.4091523E-10
    13.75000          0.3888442E-10
    13.85000          0.3695669E-10
    13.95000          0.3514236E-10
    14.05000          0.3343112E-10
    14.15000          0.3181265E-10
    14.25000          0.2620472E-10
    14.35000          0.1852474E-10
    14.45000          0.1312298E-10
    14.55000          0.9321127E-11
    14.65000          0.6635711E-11
    14.75000          0.4734786E-11
    14.85000          0.3386408E-11
    14.95000          0.2427699E-11
    15.05000          0.1744232E-11
    15.15000          0.1255600E-11
    15.25000          0.9059286E-12
    15.35000          0.6551179E-12
    15.45000          0.4747157E-12
    15.55000          0.3446199E-12
    15.65000          0.2508107E-12
    15.75000          0.1828764E-12
    15.85000          0.1336008E-12
    15.95000          0.9776772E-13
    16.05000          0.7170732E-13
    16.15000          0.5268777E-13
    16.25000          0.3879164E-13
    16.35000          0.2861696E-13
    16.45000          0.2114314E-13
    16.55000          0.1565892E-13
    16.65000          0.1160760E-13
    16.75000          0.8627352E-14
    16.85000          0.6421290E-14
    16.95000          0.4788392E-14
    17.05000          0.3576088E-14
    17.15000          0.2676139E-14
    17.25000          0.2005042E-14
    17.35000          0.1505070E-14
    17.45000          0.1131895E-14
    17.55000          0.8525296E-15
    17.65000          0.6431598E-15
    17.75000          0.4859522E-15
    17.85000          0.3678145E-15
    17.95000          0.3074055E-15
    18.05000          0.2852418E-15
    18.15000          0.2647274E-15
    18.25000          0.2456564E-15
    18.35000          0.2279254E-15
    18.45000          0.2114315E-15
    18.55000          0.1961746E-15
    18.65000          0.1820517E-15
    18.75000          0.1688565E-15
    18.85000          0.1566923E-15
    18.95000          0.1453527E-15
    19.05000          0.1348378E-15
    19.15000          0.1251476E-15
    19.25000          0.1160760E-15
    19.35000          0.1077259E-15
    19.45000          0.9992223E-16
    19.55000          0.9269584E-16
    19.65000          0.8599519E-16
    19.75000          0.7977903E-16
    19.85000          0.7400616E-16
    19.95000          0.6865595E-16
