    19.95000          0.8320135E-11
    19.85000          0.8969351E-11
    19.75000          0.9668323E-11
    19.65000          0.1042179E-10
    19.55000          0.1123449E-10
    19.45000          0.1210762E-10
    19.35000          0.1305537E-10
    19.25000          0.1407421E-10
    19.15000          0.1516414E-10
    19.05000          0.1634884E-10
    18.95000          0.1761646E-10
    18.85000          0.1899071E-10
    18.75000          0.2047158E-10
    18.65000          0.2205908E-10
    18.55000          0.2377689E-10
    18.45000          0.2562502E-10
    18.35000          0.2761532E-10
    18.25000          0.2977147E-10
    18.15000          0.3208163E-10
    18.05000          0.3456949E-10
    17.95000          0.3725876E-10
    17.85000          0.3914243E-10
    17.75000          0.4011388E-10
    17.65000          0.4110903E-10
    17.55000          0.4213972E-10
    17.45000          0.4319410E-10
    17.35000          0.4428402E-10
    17.25000          0.4540948E-10
    17.15000          0.4657048E-10
    17.05000          0.4776703E-10
    16.95000          0.4901096E-10
    16.85000          0.5027859E-10
    16.75000          0.5159361E-10
    16.65000          0.5295601E-10
    16.55000          0.5436580E-10
    16.45000          0.5581113E-10
    16.35000          0.5730386E-10
    16.25000          0.5885581E-10
    16.15000          0.6045515E-10
    16.05000          0.6210188E-10
    15.95000          0.6381969E-10
    15.85000          0.6558490E-10
    15.75000          0.6740934E-10
    15.65000          0.6930485E-10
    15.55000          0.7125960E-10
    15.45000          0.7328543E-10
    15.35000          0.7538235E-10
    15.25000          0.7755034E-10
    15.15000          0.7978943E-10
    15.05000          0.8212328E-10
    14.95000          0.8454006E-10
    14.85000          0.8703978E-10
    14.75000          0.8962242E-10
    14.65000          0.9231168E-10
    14.55000          0.9510757E-10
    14.45000          0.9798639E-10
    14.35000          0.1009955E-09
    14.25000          0.1041113E-09
    14.15000          0.1072981E-09
    14.05000          0.1105679E-09
    13.95000          0.1139561E-09
    13.85000          0.1174747E-09
    13.75000          0.1210762E-09
    13.65000          0.1249857E-09
    13.55000          0.1288952E-09
    13.45000          0.1329232E-09
    13.35000          0.1371881E-09
    13.25000          0.1416899E-09
    13.15000          0.1463102E-09
    13.05000          0.1510490E-09
    12.95000          0.1560247E-09
    12.85000          0.1612374E-09
    12.75000          0.1666870E-09
    12.65000          0.1723736E-09
    12.55000          0.1781786E-09
    12.45000          0.1843391E-09
    12.35000          0.1907364E-09
    12.25000          0.1973707E-09
    12.15000          0.2043604E-09
    12.05000          0.2115871E-09
    11.95000          0.2192876E-09
    11.85000          0.2272251E-09
    11.75000          0.2353995E-09
    11.65000          0.2441663E-09
    11.55000          0.2531700E-09
    11.45000          0.2626476E-09
    11.35000          0.2723621E-09
    11.25000          0.2819582E-09
    11.15000          0.2917912E-09
    11.05000          0.3019796E-09
    10.95000          0.3126419E-09
    10.85000          0.3237781E-09
    10.75000          0.3355066E-09
    10.65000          0.3477089E-09
    10.55000          0.3605037E-09
    10.45000          0.3738908E-09
    10.35000          0.3878702E-09
    10.25000          0.4025604E-09
    10.15000          0.4178431E-09
    10.05000          0.4339550E-09
    9.950000          0.4508961E-09
    9.850000          0.4686667E-09
    9.750000          0.4873849E-09
    9.650000          0.5069324E-09
    9.550000          0.5275462E-09
    9.450000          0.5492261E-09
    9.350000          0.5719724E-09
    9.250000          0.5960217E-09
    9.150000          0.6212557E-09
    9.050000          0.6483853E-09
    8.950000          0.6790690E-09
    8.850000          0.7134253E-09
    8.750000          0.7499141E-09
    8.650000          0.7886536E-09
    8.550000          0.8299997E-09
    8.450000          0.8739520E-09
    8.350000          0.9208660E-09
    8.250000          0.9708602E-09
    8.150000          0.1024290E-08
    8.050000          0.1081274E-08
    7.950000          0.1142286E-08
    7.850000          0.1207208E-08
    7.750000          0.1277105E-08
    7.650000          0.1352925E-08
    7.550000          0.1432300E-08
    7.450000          0.1518783E-08
    7.350000          0.1612374E-08
    7.250000          0.1711889E-08
    7.150000          0.1817327E-08
    7.050000          0.1923950E-08
    6.950000          0.2031757E-08
    6.850000          0.2147858E-08
    6.750000          0.2272251E-08
    6.650000          0.2404938E-08
    6.550000          0.2548286E-08
    6.450000          0.2703482E-08
    6.350000          0.2869339E-08
    6.250000          0.3049413E-08
    6.150000          0.3243704E-08
    6.050000          0.3453395E-08
    5.950000          0.3680858E-08
    5.850000          0.3927275E-08
    5.750000          0.4195016E-08
    5.650000          0.4465128E-08
    5.550000          0.4722208E-08
    5.450000          0.4985210E-08
    5.350000          0.5267168E-08
    5.250000          0.5571636E-08
    5.150000          0.5899798E-08
    5.050000          0.6254022E-08
    4.950000          0.6637864E-08
    4.850000          0.7052509E-08
    4.750000          0.7503878E-08
    4.650000          0.7994344E-08
    4.550000          0.8527458E-08
    4.450000          0.9081896E-08
    4.350000          0.9655290E-08
    4.250000          0.1027607E-07
    4.150000          0.1095372E-07
    4.050000          0.1169534E-07
    3.950000          0.1251041E-07
    3.850000          0.1339894E-07
    3.750000          0.1438224E-07
    3.650000          0.1546031E-07
    3.550000          0.1671609E-07
    3.450000          0.1820881E-07
    3.350000          0.1990293E-07
    3.250000          0.2182214E-07
    3.150000          0.2400199E-07
    3.050000          0.2647801E-07
    2.950000          0.2929758E-07
    2.850000          0.3242519E-07
    2.750000          0.3563573E-07
    2.650000          0.3903581E-07
    2.550000          0.4292162E-07
    2.450000          0.4736424E-07
    2.350000          0.5248213E-07
    2.250000          0.5743417E-07
    2.150000          0.6120151E-07
    2.050000          0.6448314E-07
    1.950000          0.6812015E-07
    1.850000          0.7217182E-07
    1.750000          0.7631827E-07
    1.650000          0.8051209E-07
    1.550000          0.8516796E-07
    1.450000          0.9038063E-07
    1.350000          0.9600794E-07
    1.250000          0.1021802E-06
    1.150000          0.1101177E-06
    1.050000          0.1226163E-06
   0.9800000          0.1344632E-06
   0.9400000          0.1424007E-06
   0.9000000          0.1512860E-06
   0.8600000          0.1618298E-06
   0.8200000          0.1740322E-06
   0.7800000          0.1878931E-06
   0.7400000          0.2037681E-06
   0.7050000          0.2175106E-06
   0.6750000          0.2275805E-06
   0.6450000          0.2378874E-06
   0.6150000          0.2492605E-06
   0.5875000          0.2606336E-06
   0.5625000          0.2698743E-06
   0.5375000          0.2762716E-06
   0.5125000          0.2818397E-06
   0.4875000          0.2878817E-06
   0.4625000          0.2943975E-06
   0.4375000          0.3006764E-06
   0.4125000          0.3068369E-06
   0.3900000          0.3127604E-06
   0.3700000          0.3184469E-06
   0.3500000          0.3241334E-06
   0.3300000          0.3298200E-06
   0.3100000          0.3359804E-06
   0.2900000          0.3429701E-06
   0.2750000          0.3497229E-06
   0.2625000          0.3574235E-06
   0.2475000          0.3672565E-06
   0.2350000          0.3761417E-06
   0.2250000          0.3830129E-06
   0.2150000          0.3889364E-06
   0.2050000          0.3945045E-06
   0.1950000          0.4005464E-06
   0.1850000          0.4069438E-06
   0.1750000          0.4177246E-06
   0.1650000          0.4343104E-06
   0.1550000          0.4530286E-06
   0.1462500          0.4710360E-06
   0.1387500          0.4862002E-06
   0.1312500          0.5006535E-06
   0.1237500          0.5162915E-06
   0.1175000          0.5303894E-06
   0.1125000          0.5421179E-06
   0.1075000          0.5537279E-06
   0.1025000          0.5658119E-06
   0.9800000E-01      0.5774219E-06
   0.9400000E-01      0.5884397E-06
   0.9000000E-01      0.6019451E-06
   0.8600000E-01      0.6212558E-06
   0.8200000E-01      0.6448312E-06
   0.7799999E-01      0.6706578E-06
   0.7400000E-01      0.6989720E-06
   0.7050000E-01      0.7276417E-06
   0.6750000E-01      0.7569038E-06
   0.6450000E-01      0.7894829E-06
   0.6150000E-01      0.8249053E-06
   0.5875000E-01      0.8605648E-06
   0.5625000E-01      0.8920778E-06
   0.5375000E-01      0.9199181E-06
   0.5125000E-01      0.9477586E-06
   0.4875000E-01      0.9778499E-06
   0.4625000E-01      0.1010666E-05
   0.4375000E-01      0.1050353E-05
   0.4125000E-01      0.1098334E-05
   0.3900000E-01      0.1145959E-05
   0.3700000E-01      0.1192991E-05
   0.3500000E-01      0.1247487E-05
   0.3300000E-01      0.1311461E-05
   0.3100000E-01      0.1382543E-05
   0.2900000E-01      0.1464287E-05
   0.2750000E-01      0.1530630E-05
   0.2625000E-01      0.1592235E-05
   0.2475000E-01      0.1672794E-05
   0.2350000E-01      0.1746245E-05
   0.2250000E-01      0.1806665E-05
   0.2150000E-01      0.1863530E-05
   0.2050000E-01      0.1920396E-05
   0.1950000E-01      0.1982000E-05
   0.1850000E-01      0.2049528E-05
   0.1750000E-01      0.2139565E-05
   0.1650000E-01      0.2260404E-05
   0.1550000E-01      0.2397829E-05
   0.1462500E-01      0.2531700E-05
   0.1387500E-01      0.2773379E-05
   0.1312500E-01      0.3189208E-05
   0.1237500E-01      0.3708106E-05
   0.1175000E-01      0.4231742E-05
   0.1125000E-01      0.4533841E-05
   0.1075000E-01      0.4536209E-05
   0.1025000E-01      0.4409447E-05
   0.9800000E-02      0.4293347E-05
   0.9400001E-02      0.4186724E-05
   0.9000000E-02      0.4080101E-05
   0.8600000E-02      0.3969924E-05
   0.8200000E-02      0.3858562E-05
   0.7800000E-02      0.3746016E-05
   0.7400000E-02      0.3684412E-05
   0.7050000E-02      0.3770894E-05
   0.6750000E-02      0.3964000E-05
   0.6450000E-02      0.4177246E-05
   0.6150000E-02      0.4413001E-05
   0.5875000E-02      0.4652310E-05
   0.5625000E-02      0.4890435E-05
   0.5375000E-02      0.5153438E-05
   0.5125000E-02      0.5444873E-05
   0.4875000E-02      0.5767111E-05
   0.4625000E-02      0.6128445E-05
   0.4375000E-02      0.6533610E-05
   0.4125000E-02      0.6992089E-05
   0.3900000E-02      0.7457676E-05
   0.3700000E-02      0.7923261E-05
   0.3500000E-02      0.8446898E-05
   0.3300000E-02      0.8982382E-05
   0.3100000E-02      0.9526159E-05
   0.2900000E-02      0.1014339E-04
   0.2750000E-02      0.1065991E-04
   0.2625000E-02      0.1113853E-04
   0.2475000E-02      0.1177235E-04
   0.2350000E-02      0.1235640E-04
   0.2250000E-02      0.1287767E-04
   0.2150000E-02      0.1343448E-04
   0.2050000E-02      0.1405052E-04
   0.1950000E-02      0.1472580E-04
   0.1850000E-02      0.1547216E-04
   0.1750000E-02      0.1631330E-04
   0.1650000E-02      0.1723736E-04
   0.1550000E-02      0.1827989E-04
   0.1462500E-02      0.1929874E-04
   0.1387500E-02      0.2027019E-04
   0.1312500E-02      0.2134826E-04
   0.1237500E-02      0.2255665E-04
   0.1175000E-02      0.2367027E-04
   0.1125000E-02      0.2464172E-04
   0.1075000E-02      0.2570795E-04
   0.1025000E-02      0.2688080E-04
   0.9800000E-03      0.2802996E-04
   0.9400000E-03      0.2914358E-04
   0.9000000E-03      0.3035197E-04
   0.8600000E-03      0.3166698E-04
   0.8200000E-03      0.3310047E-04
   0.7800000E-03      0.3468796E-04
   0.7400000E-03      0.3644132E-04
   0.7050000E-03      0.3814728E-04
   0.6750000E-03      0.3977032E-04
   0.6450000E-03      0.4153553E-04
   0.6150000E-03      0.4346657E-04
   0.5875000E-03      0.4539764E-04
   0.5625000E-03      0.4731685E-04
   0.5375000E-03      0.4942562E-04
   0.5125000E-03      0.5172393E-04
   0.4875000E-03      0.5424733E-04
   0.4625000E-03      0.5704322E-04
   0.4375000E-03      0.6015898E-04
   0.4125000E-03      0.6363014E-04
   0.3900000E-03      0.6712501E-04
   0.3700000E-03      0.7058433E-04
   0.3500000E-03      0.7443459E-04
   0.3300000E-03      0.7884167E-04
   0.3100000E-03      0.8391218E-04
   0.2900000E-03      0.8969350E-04
   0.2750000E-03      0.9450339E-04
   0.2625000E-03      0.9908816E-04
   0.2475000E-03      0.1049880E-03
   0.2350000E-03      0.1104968E-03
   0.2250000E-03      0.1155081E-03
   0.2150000E-03      0.1208392E-03
   0.2050000E-03      0.1266442E-03
   0.1950000E-03      0.1331601E-03
   0.1850000E-03      0.1403867E-03
   0.1750000E-03      0.1483242E-03
   0.1650000E-03      0.1573279E-03
   0.1550000E-03      0.1673979E-03
   0.1462500E-03      0.1771124E-03
   0.1387500E-03      0.1864715E-03
   0.1312500E-03      0.1968968E-03
   0.1237500E-03      0.2086254E-03
   0.1175000E-03      0.2194061E-03
   0.1125000E-03      0.2290022E-03
   0.1075000E-03      0.2393090E-03
   0.1025000E-03      0.2508006E-03
   0.9800000E-04      0.2619368E-03
   0.9400000E-04      0.2729545E-03
   0.9000000E-04      0.2848014E-03
   0.8600000E-04      0.2977147E-03
   0.8200000E-04      0.3119311E-03
   0.7800000E-04      0.3275691E-03
   0.7400000E-04      0.3447472E-03
   0.7050000E-04      0.3608591E-03
   0.6750000E-04      0.3757863E-03
   0.6450000E-04      0.3921351E-03
   0.6150000E-04      0.4099056E-03
   0.5875000E-04      0.4277945E-03
   0.5625000E-04      0.4455650E-03
   0.5375000E-04      0.4648756E-03
   0.5125000E-04      0.4859632E-03
   0.4875000E-04      0.5091833E-03
   0.4625000E-04      0.5347728E-03
   0.4375000E-04      0.5633240E-03
   0.4125000E-04      0.5950739E-03
   0.3900000E-04      0.6270607E-03
   0.3700000E-04      0.6585738E-03
   0.3500000E-04      0.6938778E-03
   0.3300000E-04      0.7343945E-03
   0.3100000E-04      0.7807161E-03
   0.2900000E-04      0.8334352E-03
   0.2750000E-04      0.8777429E-03
   0.2625000E-04      0.9187335E-03
   0.2475000E-04      0.9732296E-03
   0.2350000E-04      0.1023816E-02
   0.2250000E-04      0.1068361E-02
   0.2150000E-04      0.1116815E-02
   0.2050000E-04      0.1170245E-02
   0.1950000E-04      0.1228532E-02
   0.1850000E-04      0.1293690E-02
   0.1750000E-04      0.1365957E-02
   0.1650000E-04      0.1447701E-02
   0.1550000E-04      0.1550770E-02
   0.1462500E-04      0.1664501E-02
   0.1387500E-04      0.1774678E-02
   0.1312500E-04      0.1897887E-02
   0.1237500E-04      0.2038866E-02
   0.1175000E-04      0.2171552E-02
   0.1125000E-04      0.2288837E-02
   0.1075000E-04      0.2419154E-02
   0.1025000E-04      0.2563687E-02
   0.9800000E-05      0.2707036E-02
   0.9400001E-05      0.2848014E-02
   0.8999999E-05      0.3003210E-02
   0.8600000E-05      0.3173807E-02
   0.8200001E-05      0.3363358E-02
   0.7800000E-05      0.3574235E-02
   0.7400000E-05      0.3813543E-02
   0.7050000E-05      0.4055222E-02
   0.6750000E-05      0.4290977E-02
   0.6450000E-05      0.4552796E-02
   0.6150000E-05      0.4843047E-02
   0.5875000E-05      0.5140406E-02
   0.5625000E-05      0.5438950E-02
   0.5375000E-05      0.5769481E-02
   0.5125000E-05      0.6139107E-02
   0.4875000E-05      0.6551381E-02
   0.4625000E-05      0.7014598E-02
   0.4375000E-05      0.7540605E-02
   0.4125000E-05      0.8140062E-02
   0.3900000E-05      0.8754920E-02
   0.3700000E-05      0.9374517E-02
   0.3500000E-05      0.1007586E-01
   0.3300000E-05      0.1086724E-01
   0.3100000E-05      0.1176998E-01
   0.2900000E-05      0.1281843E-01
   0.2750000E-05      0.1370696E-01
   0.2625000E-05      0.1454809E-01
   0.2475000E-05      0.1568540E-01
   0.2350000E-05      0.1675163E-01
   0.2250000E-05      0.1771124E-01
   0.2150000E-05      0.1876562E-01
   0.2050000E-05      0.1993847E-01
   0.1950000E-05      0.2125349E-01
   0.1850000E-05      0.2273436E-01
   0.1750000E-05      0.2440478E-01
   0.1650000E-05      0.2630030E-01
   0.1550000E-05      0.2853938E-01
   0.1462500E-05      0.3081400E-01
   0.1387500E-05      0.3304123E-01
   0.1312500E-05      0.3556464E-01
   0.1237500E-05      0.3845531E-01
   0.1175000E-05      0.4118011E-01
   0.1125000E-05      0.4362059E-01
   0.1075000E-05      0.4633354E-01
   0.1025000E-05      0.4935453E-01
   0.9800000E-06      0.5237551E-01
   0.9399999E-06      0.5534910E-01
   0.9000000E-06      0.5864257E-01
   0.8600000E-06      0.6227958E-01
   0.8200000E-06      0.6634310E-01
   0.7800000E-06      0.7089234E-01
   0.7400000E-06      0.7552452E-01
   0.7050000E-06      0.7945771E-01
   0.6750000E-06      0.8302366E-01
   0.6450000E-06      0.8692131E-01
   0.6150000E-06      0.9118623E-01
   0.5875000E-06      0.9546299E-01
   0.5625000E-06      0.9978713E-01
   0.5375000E-06      0.1044549    
   0.5125000E-06      0.1095846    
   0.4875000E-06      0.1152830    
   0.4625000E-06      0.1215500    
   0.4375000E-06      0.1285398    
   0.4125000E-06      0.1363588    
   0.3900000E-06      0.1442962    
   0.3700000E-06      0.1503382    
   0.3500000E-06      0.1543662    
   0.3300000E-06      0.1581572    
   0.3100000E-06      0.1621852    
   0.2900000E-06      0.1666870    
   0.2750000E-06      0.1703596    
   0.2625000E-06      0.1735583    
   0.2475000E-06      0.1778232    
   0.2350000E-06      0.1816142    
   0.2250000E-06      0.1848129    
   0.2150000E-06      0.1973707    
   0.2050000E-06      0.2216571    
   0.1950000E-06      0.2503268    
   0.1850000E-06      0.2844460    
   0.1750000E-06      0.3256735    
   0.1650000E-06      0.3759047    
   0.1550000E-06      0.4376275    
   0.1462500E-06      0.5037336    
   0.1387500E-06      0.5725646    
   0.1312500E-06      0.6554936    
   0.1237500E-06      0.7564297    
   0.1175000E-06      0.8574847    
   0.1125000E-06      0.9532083    
   0.1075000E-06       1.064688    
   0.1025000E-06       1.195361    
   0.9800000E-07       1.242749    
   0.9400000E-07       1.191807    
   0.9000000E-07       1.141575    
   0.8600000E-07       1.090870    
   0.8200000E-07       1.040047    
   0.7800000E-07      0.9893416    
   0.7400000E-07      0.9386364    
   0.7050000E-07      0.8942103    
   0.6750000E-07      0.8561814    
   0.6450000E-07      0.8181525    
   0.6150000E-07      0.7801238    
   0.5875000E-07      0.7451752    
   0.5625000E-07      0.7134253    
   0.5375000E-07      0.6817939    
   0.5125000E-07      0.6500440    
   0.4875000E-07      0.6182940    
   0.4625000E-07      0.5866626    
   0.4375000E-07      0.5549127    
   0.4125000E-07      0.5231628    
   0.3900000E-07      0.4947300    
   0.3700000E-07      0.4692590    
   0.3500000E-07      0.4439065    
   0.3300000E-07      0.4185539    
   0.3100000E-07      0.3932014    
   0.2900000E-07      0.3678488    
   0.2750000E-07      0.3487752    
   0.2625000E-07      0.3329002    
   0.2475000E-07      0.3139450    
   0.2350000E-07      0.2980701    
   0.2250000E-07      0.2853938    
   0.2150000E-07      0.2727175    
   0.2050000E-07      0.2600413    
   0.1950000E-07      0.2473650    
   0.1850000E-07      0.2346887    
   0.1750000E-07      0.2220124    
   0.1650000E-07      0.2093362    
   0.1550000E-07      0.1966599    
   0.1462500E-07      0.1855237    
   0.1387500E-07      0.1760462    
   0.1312500E-07      0.1664501    
   0.1237500E-07      0.1569725    
   0.1175000E-07      0.1490350    
   0.1125000E-07      0.1426377    
   0.1075000E-07      0.1363588    
   0.1025000E-07      0.1299614    
   0.9800000E-08      0.1242748    
   0.9400000E-08      0.1191806    
   0.9000000E-08      0.1141575    
   0.8600000E-08      0.1090870    
   0.8200000E-08      0.1040047    
   0.7800000E-08      0.9893416E-01
   0.7400000E-08      0.9386364E-01
   0.7050000E-08      0.8942103E-01
   0.6750000E-08      0.8561814E-01
   0.6450000E-08      0.8181527E-01
   0.6150000E-08      0.7801238E-01
   0.5875000E-08      0.7451752E-01
   0.5625000E-08      0.7134253E-01
   0.5375000E-08      0.6817938E-01
   0.5125000E-08      0.6500440E-01
   0.4875000E-08      0.6182940E-01
   0.4625000E-08      0.5866626E-01
   0.4375000E-08      0.5549127E-01
   0.4125000E-08      0.5231628E-01
   0.3900000E-08      0.4947300E-01
   0.3700000E-08      0.4692590E-01
   0.3500000E-08      0.4439064E-01
   0.3300000E-08      0.4185538E-01
   0.3100000E-08      0.3932014E-01
   0.2900000E-08      0.3678488E-01
   0.2750000E-08      0.3487752E-01
   0.2625000E-08      0.3329002E-01
   0.2475000E-08      0.3139450E-01
   0.2350000E-08      0.2980701E-01
   0.2250000E-08      0.2853938E-01
   0.2150000E-08      0.2727175E-01
   0.2050000E-08      0.2600412E-01
   0.1950000E-08      0.2473650E-01
   0.1850000E-08      0.2346887E-01
   0.1750000E-08      0.2220124E-01
   0.1650000E-08      0.2093362E-01
   0.1550000E-08      0.1966599E-01
   0.1462500E-08      0.1855238E-01
   0.1387500E-08      0.1760462E-01
   0.1312500E-08      0.1664501E-01
   0.1237500E-08      0.1569725E-01
   0.1175000E-08      0.1490350E-01
   0.1125000E-08      0.1426377E-01
   0.1075000E-08      0.1363588E-01
   0.1025000E-08      0.1299614E-01
   0.9800000E-09      0.1242748E-01
   0.9400000E-09      0.1191806E-01
   0.9000000E-09      0.1141575E-01
   0.8600000E-09      0.1090870E-01
   0.8200000E-09      0.1040047E-01
   0.7800000E-09      0.9893416E-02
   0.7400000E-09      0.9386364E-02
   0.7050000E-09      0.8942101E-02
   0.6750000E-09      0.8561813E-02
   0.6450000E-09      0.8181526E-02
   0.6150000E-09      0.7801238E-02
   0.5875000E-09      0.7451752E-02
   0.5625000E-09      0.7134254E-02
   0.5375000E-09      0.6817938E-02
   0.5125000E-09      0.6500439E-02
   0.4875000E-09      0.6182940E-02
   0.4625000E-09      0.5866626E-02
   0.4375000E-09      0.5549126E-02
   0.4125000E-09      0.5231627E-02
   0.3900000E-09      0.4947300E-02
   0.3700000E-09      0.4692590E-02
   0.3500000E-09      0.4439064E-02
   0.3300000E-09      0.4185539E-02
   0.3100000E-09      0.3932014E-02
   0.2900000E-09      0.3678488E-02
   0.2750000E-09      0.3487752E-02
   0.2625000E-09      0.3329002E-02
   0.2475000E-09      0.3139450E-02
   0.2350000E-09      0.2980701E-02
   0.2250000E-09      0.2853938E-02
   0.2150000E-09      0.2727176E-02
   0.2050000E-09      0.2600413E-02
   0.1950000E-09      0.2473650E-02
   0.1850000E-09      0.2346887E-02
   0.1750000E-09      0.2220124E-02
   0.1650000E-09      0.2093362E-02
   0.1550000E-09      0.1966599E-02
   0.1462500E-09      0.1855238E-02
   0.1387500E-09      0.1760462E-02
   0.1312500E-09      0.1664501E-02
   0.1237500E-09      0.1569725E-02
   0.1175000E-09      0.1490350E-02
   0.1125000E-09      0.1426377E-02
   0.1075000E-09      0.1363588E-02
   0.1025000E-09      0.1299614E-02
