   0.1025000E-09      0.7895809E-01
   0.1075000E-09      0.8279258E-01
   0.1125000E-09      0.8662707E-01
   0.1175000E-09      0.9046156E-01
   0.1237500E-09      0.9525017E-01
   0.1312500E-09      0.1009929    
   0.1387500E-09      0.1067356    
   0.1462500E-09      0.1124784    
   0.1550000E-09      0.1191572    
   0.1650000E-09      0.1267902    
   0.1750000E-09      0.1344232    
   0.1850000E-09      0.1420562    
   0.1950000E-09      0.1496711    
   0.2050000E-09      0.1572861    
   0.2150000E-09      0.1649011    
   0.2250000E-09      0.1724980    
   0.2350000E-09      0.1800230    
   0.2475000E-09      0.1895642    
   0.2625000E-09      0.2009057    
   0.2750000E-09      0.2104469    
   0.2900000E-09      0.2217883    
   0.3100000E-09      0.2369103    
   0.3300000E-09      0.2520322    
   0.3500000E-09      0.2669741    
   0.3700000E-09      0.2820961    
   0.3900000E-09      0.2970379    
   0.4125000E-09      0.3139601    
   0.4375000E-09      0.3326825    
   0.4625000E-09      0.3512249    
   0.4875000E-09      0.3699473    
   0.5125000E-09      0.3884896    
   0.5375000E-09      0.4070320    
   0.5625000E-09      0.4255743    
   0.5875000E-09      0.4439367    
   0.6150000E-09      0.4642793    
   0.6450000E-09      0.4864221    
   0.6750000E-09      0.5083849    
   0.7050000E-09      0.5303478    
   0.7400000E-09      0.5559111    
   0.7800000E-09      0.5850747    
   0.8200000E-09      0.6140584    
   0.8600000E-09      0.6428621    
   0.9000000E-09      0.6718459    
   0.9400000E-09      0.7004696    
   0.9800000E-09      0.7292733    
   0.1025000E-08      0.7613173    
   0.1075000E-08      0.7969617    
   0.1125000E-08      0.8322464    
   0.1175000E-08      0.8675308    
   0.1237500E-08      0.9114565    
   0.1312500E-08      0.9638432    
   0.1387500E-08       1.015870    
   0.1462500E-08       1.067536    
   0.1550000E-08       1.127484    
   0.1650000E-08       1.195533    
   0.1750000E-08       1.263041    
   0.1850000E-08       1.329830    
   0.1950000E-08       1.396258    
   0.2050000E-08       1.462147    
   0.2150000E-08       1.527315    
   0.2250000E-08       1.592124    
   0.2350000E-08       1.656212    
   0.2475000E-08       1.735602    
   0.2625000E-08       1.830834    
   0.2750000E-08       1.908244    
   0.2900000E-08       2.000056    
   0.3100000E-08       2.120671    
   0.3300000E-08       2.239486    
   0.3500000E-08       2.356501    
   0.3700000E-08       2.471716    
   0.3900000E-08       2.585130    
   0.4125000E-08       2.709346    
   0.4375000E-08       2.846164    
   0.4625000E-08       2.979381    
   0.4875000E-08       3.108997    
   0.5125000E-08       3.236814    
   0.5375000E-08       3.361029    
   0.5625000E-08       3.481644    
   0.5875000E-08       3.600460    
   0.6150000E-08       3.728276    
   0.6450000E-08       3.863294    
   0.6750000E-08       3.996511    
   0.7050000E-08       4.124327    
   0.7400000E-08       4.268345    
   0.7800000E-08       4.428566    
   0.8200000E-08       4.581585    
   0.8600000E-08       4.729204    
   0.9000000E-08       4.871422    
   0.9400000E-08       5.008239    
   0.9800000E-08       5.137856    
   0.1025000E-07       5.278274    
   0.1075000E-07       5.425893    
   0.1125000E-07       5.566311    
   0.1175000E-07       5.699528    
   0.1237500E-07       5.854348    
   0.1312500E-07       6.025370    
   0.1387500E-07       6.181990    
   0.1462500E-07       6.322408    
   0.1550000E-07       6.470026    
   0.1650000E-07       6.617644    
   0.1750000E-07       6.743661    
   0.1850000E-07       6.849875    
   0.1950000E-07       6.936286    
   0.2050000E-07       7.006495    
   0.2150000E-07       7.060502    
   0.2250000E-07       7.100108    
   0.2350000E-07       7.123510    
   0.2475000E-07       7.136112    
   0.2625000E-07       7.130711    
   0.2750000E-07       7.107308    
   0.2900000E-07       7.056901    
   0.3100000E-07       6.968690    
   0.3300000E-07       6.851676    
   0.3500000E-07       6.713057    
   0.3700000E-07       6.554637    
   0.3900000E-07       6.383615    
   0.4125000E-07       6.174789    
   0.4375000E-07       5.933558    
   0.4625000E-07       5.681526    
   0.4875000E-07       5.425893    
   0.5125000E-07       5.195464    
   0.5375000E-07       4.997438    
   0.5625000E-07       4.815615    
   0.5875000E-07       4.648193    
   0.6150000E-07       4.478972    
   0.6450000E-07       4.307950    
   0.6750000E-07       4.151330    
   0.7050000E-07       4.003712    
   0.7400000E-07       3.834490    
   0.7800000E-07       3.654467    
   0.8200000E-07       3.492446    
   0.8600000E-07       3.343027    
   0.9000000E-07       3.208009    
   0.9400000E-07       3.083794    
   0.9800000E-07       2.968579    
   0.1025000E-06       2.781355    
   0.1075000E-06       2.540124    
   0.1125000E-06       2.329498    
   0.1175000E-06       2.144074    
   0.1237500E-06       1.942448    
   0.1312500E-06       1.736862    
   0.1387500E-06       1.562060    
   0.1462500E-06       1.412820    
   0.1550000E-06       1.265202    
   0.1650000E-06       1.122803    
   0.1750000E-06       1.003628    
   0.1850000E-06      0.9026353    
   0.1950000E-06      0.8164042    
   0.2050000E-06      0.7190119    
   0.2150000E-06      0.6165788    
   0.2250000E-06      0.5319680    
   0.2350000E-06      0.4606789    
   0.2475000E-06      0.3875895    
   0.2625000E-06      0.3157604    
   0.2750000E-06      0.2682343    
   0.2900000E-06      0.2248487    
   0.3100000E-06      0.1836234    
   0.3300000E-06      0.1546578    
   0.3500000E-06      0.1316868    
   0.3700000E-06      0.1132705    
   0.3900000E-06      0.9823856E-01
   0.4125000E-06      0.8443079E-01
   0.4375000E-06      0.7195520E-01
   0.4625000E-06      0.6187391E-01
   0.4875000E-06      0.5362885E-01
   0.5125000E-06      0.4799413E-01
   0.5375000E-06      0.4428566E-01
   0.5625000E-06      0.4100924E-01
   0.5875000E-06      0.3809287E-01
   0.6150000E-06      0.3524850E-01
   0.6450000E-06      0.3251215E-01
   0.6750000E-06      0.3008184E-01
   0.7050000E-06      0.2811959E-01
   0.7400000E-06      0.2639137E-01
   0.7800000E-06      0.2469916E-01
   0.8200000E-06      0.2320497E-01
   0.8600000E-06      0.2187279E-01
   0.9000000E-06      0.2064864E-01
   0.9399999E-06      0.1956850E-01
   0.9800000E-06      0.1856037E-01
   0.1025000E-05      0.1761525E-01
   0.1075000E-05      0.1670433E-01
   0.1125000E-05      0.1587983E-01
   0.1175000E-05      0.1512913E-01
   0.1237500E-05      0.1428303E-01
   0.1312500E-05      0.1337751E-01
   0.1387500E-05      0.1257461E-01
   0.1462500E-05      0.1185811E-01
   0.1550000E-05      0.1111822E-01
   0.1650000E-05      0.1036932E-01
   0.1750000E-05      0.9712242E-02
   0.1850000E-05      0.9130766E-02
   0.1950000E-05      0.8612300E-02
   0.2050000E-05      0.8153243E-02
   0.2150000E-05      0.7742788E-02
   0.2250000E-05      0.7371942E-02
   0.2350000E-05      0.7033499E-02
   0.2475000E-05      0.6651849E-02
   0.2625000E-05      0.6244998E-02
   0.2750000E-05      0.5942558E-02
   0.2900000E-05      0.5622118E-02
   0.3100000E-05      0.5233269E-02
   0.3300000E-05      0.4889425E-02
   0.3500000E-05      0.4599588E-02
   0.3700000E-05      0.4363758E-02
   0.3900000E-05      0.4189135E-02
   0.4125000E-05      0.4082921E-02
   0.4375000E-05      0.3998310E-02
   0.4625000E-05      0.3762481E-02
   0.4875000E-05      0.3546453E-02
   0.5125000E-05      0.3353828E-02
   0.5375000E-05      0.3177406E-02
   0.5625000E-05      0.2930774E-02
   0.5875000E-05      0.2653539E-02
   0.6150000E-05      0.2457314E-02
   0.6450000E-05      0.2298894E-02
   0.6750000E-05      0.2165677E-02
   0.7050000E-05      0.2048662E-02
   0.7400000E-05      0.1928046E-02
   0.7800000E-05      0.1807431E-02
   0.8200001E-05      0.1699237E-02
   0.8600000E-05      0.1603285E-02
   0.8999999E-05      0.1517234E-02
   0.9400001E-05      0.1439464E-02
   0.9800000E-05      0.1368895E-02
   0.1025000E-04      0.1302826E-02
   0.1075000E-04      0.1240538E-02
   0.1125000E-04      0.1184371E-02
   0.1175000E-04      0.1132525E-02
   0.1237500E-04      0.1074557E-02
   0.1312500E-04      0.1011729E-02
   0.1387500E-04      0.9559222E-03
   0.1462500E-04      0.9060557E-03
   0.1550000E-04      0.8538490E-03
   0.1650000E-04      0.8011024E-03
   0.1750000E-04      0.7544765E-03
   0.1850000E-04      0.7128910E-03
   0.1950000E-04      0.6756263E-03
   0.2050000E-04      0.6437623E-03
   0.2150000E-04      0.6162188E-03
   0.2250000E-04      0.5910155E-03
   0.2350000E-04      0.5679726E-03
   0.2475000E-04      0.5415092E-03
   0.2625000E-04      0.5130655E-03
   0.2750000E-04      0.4916429E-03
   0.2900000E-04      0.4684198E-03
   0.3100000E-04      0.4394361E-03
   0.3300000E-04      0.4124327E-03
   0.3500000E-04      0.3886697E-03
   0.3700000E-04      0.3674270E-03
   0.3900000E-04      0.3483445E-03
   0.4125000E-04      0.3292621E-03
   0.4375000E-04      0.3103596E-03
   0.4625000E-04      0.2934375E-03
   0.4875000E-04      0.2783156E-03
   0.5125000E-04      0.2651739E-03
   0.5375000E-04      0.2574329E-03
   0.5625000E-04      0.2619335E-03
   0.5875000E-04      0.2514921E-03
   0.6150000E-04      0.2408708E-03
   0.6450000E-04      0.2300694E-03
   0.6750000E-04      0.2183679E-03
   0.7050000E-04      0.1978453E-03
   0.7400000E-04      0.1875840E-03
   0.7800000E-04      0.1771066E-03
   0.8200000E-04      0.1676734E-03
   0.8600000E-04      0.1592843E-03
   0.9000000E-04      0.1497611E-03
   0.9400000E-04      0.1431903E-03
   0.9800000E-04      0.1379336E-03
   0.1025000E-03      0.1321369E-03
   0.1075000E-03      0.1266462E-03
   0.1125000E-03      0.1220916E-03
   0.1175000E-03      0.1176270E-03
   0.1237500E-03      0.1117043E-03
   0.1312500E-03      0.1053315E-03
   0.1387500E-03      0.9962473E-04
   0.1462500E-03      0.9451208E-04
   0.1550000E-03      0.8860732E-04
   0.1650000E-03      0.8192848E-04
   0.1750000E-03      0.7632975E-04
   0.1850000E-03      0.7094706E-04
   0.1950000E-03      0.6583441E-04
   0.2050000E-03      0.6178390E-04
   0.2150000E-03      0.5791340E-04
   0.2250000E-03      0.5422293E-04
   0.2350000E-03      0.5116254E-04
   0.2475000E-03      0.4783211E-04
   0.2625000E-03      0.4372758E-04
   0.2750000E-03      0.3971308E-04
   0.2900000E-03      0.3586058E-04
   0.3100000E-03      0.3312423E-04
   0.3300000E-03      0.3119799E-04
   0.3500000E-03      0.2945176E-04
   0.3700000E-03      0.2799358E-04
   0.3900000E-03      0.2707546E-04
   0.4125000E-03      0.2729148E-04
   0.4375000E-03      0.2716547E-04
   0.4625000E-03      0.2660740E-04
   0.4875000E-03      0.2586930E-04
   0.5125000E-03      0.2495119E-04
   0.5375000E-03      0.2414109E-04
   0.5625000E-03      0.2325897E-04
   0.5875000E-03      0.2248487E-04
   0.6150000E-03      0.2160276E-04
   0.6450000E-03      0.2084666E-04
   0.6750000E-03      0.1996455E-04
   0.7050000E-03      0.1913644E-04
   0.7400000E-03      0.1818233E-04
   0.7800000E-03      0.1717420E-04
   0.8200000E-03      0.1618767E-04
   0.8600000E-03      0.1535056E-04
   0.9000000E-03      0.1455666E-04
   0.9400000E-03      0.1371235E-04
   0.9800000E-03      0.1182211E-04
   0.1025000E-02      0.1100121E-04
   0.1075000E-02      0.1046654E-04
   0.1125000E-02      0.9993077E-05
   0.1175000E-02      0.9602427E-05
   0.1237500E-02      0.9575423E-05
   0.1312500E-02      0.9672636E-05
   0.1387500E-02      0.9170371E-05
   0.1462500E-02      0.8682509E-05
   0.1550000E-02      0.8164044E-05
   0.1650000E-02      0.7632974E-05
   0.1750000E-02      0.7157714E-05
   0.1850000E-02      0.6736460E-05
   0.1950000E-02      0.6351211E-05
   0.2050000E-02      0.6000166E-05
   0.2150000E-02      0.5690527E-05
   0.2250000E-02      0.5449296E-05
   0.2350000E-02      0.5267473E-05
   0.2475000E-02      0.5037044E-05
   0.2625000E-02      0.4776010E-05
   0.2750000E-02      0.4563583E-05
   0.2900000E-02      0.4325953E-05
   0.3100000E-02      0.4054118E-05
   0.3300000E-02      0.3825488E-05
   0.3500000E-02      0.3602260E-05
   0.3700000E-02      0.3409636E-05
   0.3900000E-02      0.3249415E-05
   0.4125000E-02      0.3090995E-05
   0.4375000E-02      0.2912772E-05
   0.4625000E-02      0.2772354E-05
   0.4875000E-02      0.2646338E-05
   0.5125000E-02      0.2525723E-05
   0.5375000E-02      0.2408708E-05
   0.5625000E-02      0.2324097E-05
   0.5875000E-02      0.2217883E-05
   0.6150000E-02      0.2117071E-05
   0.6450000E-02      0.2007256E-05
   0.6750000E-02      0.1917245E-05
   0.7050000E-02      0.1838035E-05
   0.7400000E-02      0.1754324E-05
   0.7800000E-02      0.1661973E-05
   0.8200000E-02      0.1584202E-05
   0.8600000E-02      0.1510393E-05
   0.9000000E-02      0.1440904E-05
   0.9400001E-02      0.1378976E-05
   0.9800000E-02      0.1320649E-05
   0.1025000E-01      0.1277803E-05
   0.1075000E-01      0.1240718E-05
   0.1125000E-01      0.1205074E-05
   0.1175000E-01      0.1173390E-05
   0.1237500E-01      0.1139366E-05
   0.1312500E-01      0.1097420E-05
   0.1387500E-01      0.1060696E-05
   0.1462500E-01      0.1027031E-05
   0.1550000E-01      0.9879662E-06
   0.1650000E-01      0.9492614E-06
   0.1750000E-01      0.9152370E-06
   0.1850000E-01      0.8830128E-06
   0.1950000E-01      0.8547492E-06
   0.2050000E-01      0.8183846E-06
   0.2150000E-01      0.7735588E-06
   0.2250000E-01      0.7328736E-06
   0.2350000E-01      0.6956088E-06
   0.2475000E-01      0.6538435E-06
   0.2625000E-01      0.6095579E-06
   0.2750000E-01      0.5764336E-06
   0.2900000E-01      0.5411491E-06
   0.3100000E-01      0.5074849E-06
   0.3300000E-01      0.4819216E-06
   0.3500000E-01      0.4594187E-06
   0.3700000E-01      0.4388961E-06
   0.3900000E-01      0.4203537E-06
   0.4125000E-01      0.4001911E-06
   0.4375000E-01      0.3812887E-06
   0.4625000E-01      0.3643665E-06
   0.4875000E-01      0.3494246E-06
   0.5125000E-01      0.3355629E-06
   0.5375000E-01      0.3229613E-06
   0.5625000E-01      0.3110798E-06
   0.5875000E-01      0.3002784E-06
   0.6150000E-01      0.2889369E-06
   0.6450000E-01      0.2779555E-06
   0.6750000E-01      0.2680542E-06
   0.7050000E-01      0.2592331E-06
   0.7400000E-01      0.2504120E-06
   0.7799999E-01      0.2414108E-06
   0.8200000E-01      0.2333098E-06
   0.8600000E-01      0.2257488E-06
   0.9000000E-01      0.2187279E-06
   0.9400000E-01      0.2122471E-06
   0.9800000E-01      0.2063064E-06
   0.1025000          0.2003656E-06
   0.1075000          0.1946048E-06
   0.1125000          0.1890241E-06
   0.1175000          0.1838035E-06
   0.1237500          0.1777187E-06
   0.1312500          0.1711479E-06
   0.1387500          0.1649371E-06
   0.1462500          0.1594464E-06
   0.1550000          0.1536316E-06
   0.1650000          0.1476008E-06
   0.1750000          0.1421462E-06
   0.1850000          0.1372315E-06
   0.1950000          0.1326950E-06
   0.2050000          0.1280684E-06
   0.2150000          0.1233878E-06
   0.2250000          0.1190312E-06
   0.2350000          0.1150167E-06
   0.2475000          0.1104261E-06
   0.2625000          0.1054755E-06
   0.2750000          0.1016950E-06
   0.2900000          0.9759047E-07
   0.3100000          0.9285586E-07
   0.3300000          0.8884135E-07
   0.3500000          0.8527689E-07
   0.3700000          0.8210849E-07
   0.3900000          0.7928212E-07
   0.4125000          0.7641977E-07
   0.4375000          0.7350339E-07
   0.4625000          0.7089306E-07
   0.4875000          0.6853475E-07
   0.5125000          0.6648249E-07
   0.5375000          0.6468226E-07
   0.5625000          0.6300805E-07
   0.5875000          0.6142385E-07
   0.6150000          0.5976764E-07
   0.6450000          0.5807542E-07
   0.6750000          0.5650922E-07
   0.7050000          0.5503303E-07
   0.7400000          0.5334082E-07
   0.7800000          0.5152258E-07
   0.8200000          0.4983036E-07
   0.8600000          0.4828216E-07
   0.9000000          0.4682398E-07
   0.9400000          0.4540180E-07
   0.9800000          0.4403362E-07
    1.050000          0.4145930E-07
    1.150000          0.3820088E-07
    1.250000          0.3559055E-07
    1.350000          0.3334026E-07
    1.450000          0.3137801E-07
    1.550000          0.2919973E-07
    1.650000          0.2685943E-07
    1.750000          0.2469915E-07
    1.850000          0.2277291E-07
    1.950000          0.2102669E-07
    2.050000          0.1928046E-07
    2.150000          0.1758645E-07
    2.250000          0.1612106E-07
    2.350000          0.1484110E-07
    2.450000          0.1373215E-07
    2.550000          0.1275283E-07
    2.650000          0.1188332E-07
    2.750000          0.1110022E-07
    2.850000          0.1039633E-07
    2.950000          0.9760846E-08
    3.050000          0.9085761E-08
    3.150000          0.8385471E-08
    3.250000          0.7762592E-08
    3.350000          0.7204521E-08
    3.450000          0.6702257E-08
    3.550000          0.6248599E-08
    3.650000          0.5834545E-08
    3.750000          0.5460097E-08
    3.850000          0.5119854E-08
    3.950000          0.4810214E-08
    4.050000          0.4489774E-08
    4.150000          0.4162132E-08
    4.250000          0.3863294E-08
    4.350000          0.3593259E-08
    4.450000          0.3344827E-08
    4.550000          0.3121599E-08
    4.650000          0.2916372E-08
    4.750000          0.2730949E-08
    4.850000          0.2559927E-08
    4.950000          0.2405107E-08
    5.050000          0.2230485E-08
    5.150000          0.2043261E-08
    5.250000          0.1875840E-08
    5.350000          0.1726600E-08
    5.450000          0.1592664E-08
    5.550000          0.1472228E-08
    5.650000          0.1361514E-08
    5.750000          0.1260521E-08
    5.850000          0.1168349E-08
    5.950000          0.1083198E-08
    6.050000          0.9960672E-09
    6.150000          0.9082162E-09
    6.250000          0.8293661E-09
    6.350000          0.7524961E-09
    6.450000          0.6851675E-09
    6.550000          0.6241397E-09
    6.650000          0.5706729E-09
    6.750000          0.5231468E-09
    6.850000          0.4830017E-09
    6.950000          0.4453769E-09
    7.050000          0.4093723E-09
    7.150000          0.3749879E-09
    7.250000          0.3434839E-09
    7.350000          0.3139601E-09
    7.450000          0.2878568E-09
    7.550000          0.2640937E-09
    7.650000          0.2423109E-09
    7.750000          0.2223284E-09
    7.850000          0.2046861E-09
    7.950000          0.1884841E-09
    8.050000          0.1746763E-09
    8.150000          0.1625248E-09
    8.250000          0.1513993E-09
    8.350000          0.1410660E-09
    8.450000          0.1315968E-09
    8.550000          0.1227757E-09
    8.650000          0.1145126E-09
    8.750000          0.1067717E-09
    8.850000          0.9951671E-10
    8.950000          0.9272985E-10
    9.050000          0.8635704E-10
    9.150000          0.8041627E-10
    9.250000          0.7487157E-10
    9.350000          0.6970490E-10
    9.450000          0.6486229E-10
    9.550000          0.6036172E-10
    9.650000          0.5618517E-10
    9.750000          0.5227868E-10
    9.850000          0.4860621E-10
    9.950000          0.4518578E-10
    10.05000          0.4199936E-10
    10.15000          0.3904699E-10
    10.25000          0.3627464E-10
    10.35000          0.3375431E-10
    10.45000          0.3139601E-10
    10.55000          0.2919973E-10
    10.65000          0.2714747E-10
    10.75000          0.2523922E-10
    10.85000          0.2347500E-10
    10.95000          0.2183679E-10
    11.05000          0.2030659E-10
    11.15000          0.1888441E-10
    11.25000          0.1757024E-10
    11.35000          0.1632449E-10
    11.45000          0.1516694E-10
    11.55000          0.1408860E-10
    11.65000          0.1308767E-10
    11.75000          0.1215695E-10
    11.85000          0.1130184E-10
    11.95000          0.1050614E-10
    12.05000          0.9762648E-11
    12.15000          0.9071359E-11
    12.25000          0.8425077E-11
    12.35000          0.7821999E-11
    12.45000          0.7263928E-11
    12.55000          0.6749063E-11
    12.65000          0.6270201E-11
    12.75000          0.5827345E-11
    12.85000          0.5416892E-11
    12.95000          0.5033443E-11
    13.05000          0.4673397E-11
    13.15000          0.4340354E-11
    13.25000          0.4030715E-11
    13.35000          0.3742678E-11
    13.45000          0.3474444E-11
    13.55000          0.3227813E-11
    13.65000          0.3000983E-11
    13.75000          0.2788556E-11
    13.85000          0.2590531E-11
    13.95000          0.2406908E-11
    14.05000          0.2235886E-11
    14.15000          0.2073865E-11
    14.25000          0.1926246E-11
    14.35000          0.1787988E-11
    14.45000          0.1660172E-11
    14.55000          0.1541717E-11
    14.65000          0.1432083E-11
    14.75000          0.1330010E-11
    14.85000          0.1234958E-11
    14.95000          0.1146386E-11
    15.05000          0.1064116E-11
    15.15000          0.9874261E-12
    15.25000          0.9161371E-12
    15.35000          0.8506088E-12
    15.45000          0.7897608E-12
    15.55000          0.7334138E-12
    15.65000          0.6810270E-12
    15.75000          0.6322408E-12
    15.85000          0.5868750E-12
    15.95000          0.5447496E-12
    16.05000          0.5056846E-12
    16.15000          0.4695000E-12
    16.25000          0.4358357E-12
    16.35000          0.4043316E-12
    16.45000          0.3749879E-12
    16.55000          0.3478044E-12
    16.65000          0.3226012E-12
    16.75000          0.2991982E-12
    16.85000          0.2777755E-12
    16.95000          0.2577929E-12
    17.05000          0.2392506E-12
    17.15000          0.2221484E-12
    17.25000          0.2061263E-12
    17.35000          0.1911844E-12
    17.45000          0.1773947E-12
    17.55000          0.1645230E-12
    17.65000          0.1526055E-12
    17.75000          0.1415341E-12
    17.85000          0.1319569E-12
    17.95000          0.1231357E-12
    18.05000          0.1150347E-12
    18.15000          0.1076357E-12
    18.25000          0.1009209E-12
    18.35000          0.9361196E-13
    18.45000          0.8684310E-13
    18.55000          0.8056030E-13
    18.65000          0.7472754E-13
    18.75000          0.6930885E-13
    18.85000          0.6428621E-13
    18.95000          0.5962362E-13
    19.05000          0.5530307E-13
    19.15000          0.5128855E-13
    19.25000          0.4756208E-13
    19.35000          0.4412364E-13
    19.45000          0.4091922E-13
    19.55000          0.3796685E-13
    19.65000          0.3521250E-13
    19.75000          0.3265618E-13
    19.85000          0.3027987E-13
    19.95000          0.2810159E-13
