 640
 SPECTRUM - hf5
 ACRR New Radiography Tube
 1.000E-10 4.361E+18 1.050E-10 4.573E+18 1.100E-10 4.784E+18 1.150E-10 4.996E+18
 1.200E-10 5.260E+18 1.275E-10 5.578E+18 1.350E-10 5.895E+18 1.425E-10 6.212E+18
 1.500E-10 6.581E+18 1.600E-10 7.003E+18 1.700E-10 7.424E+18 1.800E-10 7.845E+18
 1.900E-10 8.266E+18 2.000E-10 8.686E+18 2.100E-10 9.106E+18 2.200E-10 9.526E+18
 2.300E-10 9.945E+18 2.400E-10 1.047E+19 2.550E-10 1.110E+19 2.700E-10 1.162E+19
 2.800E-10 1.225E+19 3.000E-10 1.308E+19 3.200E-10 1.391E+19 3.400E-10 1.475E+19
 3.600E-10 1.558E+19 3.800E-10 1.640E+19 4.000E-10 1.734E+19 4.250E-10 1.837E+19
 4.500E-10 1.940E+19 4.750E-10 2.043E+19 5.000E-10 2.145E+19 5.250E-10 2.248E+19
 5.500E-10 2.350E+19 5.750E-10 2.452E+19 6.000E-10 2.564E+19 6.300E-10 2.686E+19
 6.600E-10 2.807E+19 6.900E-10 2.929E+19 7.200E-10 3.070E+19 7.600E-10 3.231E+19
 8.000E-10 3.391E+19 8.400E-10 3.551E+19 8.800E-10 3.710E+19 9.200E-10 3.869E+19
 9.600E-10 4.027E+19 1.000E-09 4.204E+19 1.050E-09 4.401E+19 1.100E-09 4.596E+19
 1.150E-09 4.791E+19 1.200E-09 5.033E+19 1.275E-09 5.323E+19 1.350E-09 5.610E+19
 1.425E-09 5.896E+19 1.500E-09 6.227E+19 1.600E-09 6.602E+19 1.700E-09 6.975E+19
 1.800E-09 7.344E+19 1.900E-09 7.710E+19 2.000E-09 8.074E+19 2.100E-09 8.434E+19
 2.200E-09 8.792E+19 2.300E-09 9.146E+19 2.400E-09 9.585E+19 2.550E-09 1.011E+20
 2.700E-09 1.054E+20 2.800E-09 1.104E+20 3.000E-09 1.171E+20 3.200E-09 1.237E+20
 3.400E-09 1.302E+20 3.600E-09 1.365E+20 3.800E-09 1.427E+20 4.000E-09 1.496E+20
 4.250E-09 1.571E+20 4.500E-09 1.645E+20 4.750E-09 1.717E+20 5.000E-09 1.787E+20
 5.250E-09 1.856E+20 5.500E-09 1.923E+20 5.750E-09 1.989E+20 6.000E-09 2.059E+20
 6.300E-09 2.134E+20 6.600E-09 2.207E+20 6.900E-09 2.278E+20 7.200E-09 2.358E+20
 7.600E-09 2.446E+20 8.000E-09 2.531E+20 8.400E-09 2.613E+20 8.800E-09 2.691E+20
 9.200E-09 2.766E+20 9.600E-09 2.839E+20 1.000E-08 2.916E+20 1.050E-08 2.999E+20
 1.100E-08 3.076E+20 1.150E-08 3.150E+20 1.200E-08 3.235E+20 1.275E-08 3.331E+20
 1.350E-08 3.418E+20 1.425E-08 3.497E+20 1.500E-08 3.578E+20 1.600E-08 3.661E+20
 1.700E-08 3.732E+20 1.800E-08 3.791E+20 1.900E-08 3.840E+20 2.000E-08 3.880E+20
 2.100E-08 3.911E+20 2.200E-08 3.933E+20 2.300E-08 3.947E+20 2.400E-08 3.955E+20
 2.550E-08 3.952E+20 2.700E-08 3.941E+20 2.800E-08 3.914E+20 3.000E-08 3.865E+20
 3.200E-08 3.801E+20 3.400E-08 3.724E+20 3.600E-08 3.637E+20 3.800E-08 3.541E+20
 4.000E-08 3.426E+20 4.250E-08 3.291E+20 4.500E-08 3.152E+20 4.750E-08 3.009E+20
 5.000E-08 2.878E+20 5.250E-08 2.764E+20 5.500E-08 2.659E+20 5.750E-08 2.562E+20
 6.000E-08 2.465E+20 6.300E-08 2.367E+20 6.600E-08 2.277E+20 6.900E-08 2.191E+20
 7.200E-08 2.093E+20 7.600E-08 1.990E+20 8.000E-08 1.896E+20 8.400E-08 1.811E+20
 8.800E-08 1.734E+20 9.200E-08 1.662E+20 9.600E-08 1.597E+20 1.000E-07 1.495E+20
 1.050E-07 1.367E+20 1.100E-07 1.255E+20 1.150E-07 1.156E+20 1.200E-07 1.049E+20
 1.275E-07 9.383E+19 1.350E-07 8.448E+19 1.425E-07 7.649E+19 1.500E-07 6.857E+19
 1.600E-07 6.093E+19 1.700E-07 5.452E+19 1.800E-07 4.909E+19 1.900E-07 4.444E+19
 2.000E-07 3.925E+19 2.100E-07 3.383E+19 2.200E-07 2.934E+19 2.300E-07 2.557E+19
 2.400E-07 2.171E+19 2.550E-07 1.791E+19 2.700E-07 1.533E+19 2.800E-07 1.291E+19
 3.000E-07 1.054E+19 3.200E-07 8.846E+18 3.400E-07 7.498E+18 3.600E-07 6.415E+18
 3.800E-07 5.535E+18 4.000E-07 4.737E+18 4.250E-07 4.022E+18 4.500E-07 3.447E+18
 4.750E-07 2.978E+18 5.000E-07 2.659E+18 5.250E-07 2.448E+18 5.500E-07 2.263E+18
 5.750E-07 2.100E+18 6.000E-07 1.941E+18 6.300E-07 1.788E+18 6.600E-07 1.654E+18
 6.900E-07 1.545E+18 7.200E-07 1.449E+18 7.600E-07 1.356E+18 8.000E-07 1.273E+18
 8.400E-07 1.199E+18 8.800E-07 1.132E+18 9.200E-07 1.072E+18 9.600E-07 1.017E+18
 1.000E-06 9.646E+17 1.050E-06 9.146E+17 1.100E-06 8.693E+17 1.150E-06 8.280E+17
 1.200E-06 7.817E+17 1.275E-06 7.320E+17 1.350E-06 6.879E+17 1.425E-06 6.487E+17
 1.500E-06 6.081E+17 1.600E-06 5.672E+17 1.700E-06 5.312E+17 1.800E-06 4.993E+17
 1.900E-06 4.709E+17 2.000E-06 4.457E+17 2.100E-06 4.233E+17 2.200E-06 4.029E+17
 2.300E-06 3.845E+17 2.400E-06 3.636E+17 2.550E-06 3.412E+17 2.700E-06 3.247E+17
 2.800E-06 3.070E+17 3.000E-06 2.866E+17 3.200E-06 2.693E+17 3.400E-06 2.546E+17
 3.600E-06 2.425E+17 3.800E-06 2.333E+17 4.000E-06 2.272E+17 4.250E-06 2.220E+17
 4.500E-06 2.100E+17 4.750E-06 1.989E+17 5.000E-06 1.898E+17 5.250E-06 1.822E+17
 5.500E-06 1.710E+17 5.750E-06 1.580E+17 6.000E-06 1.489E+17 6.300E-06 1.414E+17
 6.600E-06 1.351E+17 6.900E-06 1.291E+17 7.200E-06 1.221E+17 7.600E-06 1.148E+17
 8.000E-06 1.083E+17 8.400E-06 1.025E+17 8.800E-06 9.724E+16 9.200E-06 9.250E+16
 9.600E-06 8.819E+16 1.000E-05 8.401E+16 1.050E-05 7.997E+16 1.100E-05 7.630E+16
 1.150E-05 7.296E+16 1.200E-05 6.918E+16 1.275E-05 6.511E+16 1.350E-05 6.148E+16
 1.425E-05 5.824E+16 1.500E-05 5.487E+16 1.600E-05 5.146E+16 1.700E-05 4.844E+16
 1.800E-05 4.575E+16 1.900E-05 4.334E+16 2.000E-05 4.115E+16 2.100E-05 3.915E+16
 2.200E-05 3.733E+16 2.300E-05 3.567E+16 2.400E-05 3.380E+16 2.550E-05 3.178E+16
 2.700E-05 3.027E+16 2.800E-05 2.864E+16 3.000E-05 2.669E+16 3.200E-05 2.496E+16
 3.400E-05 2.344E+16 3.600E-05 2.209E+16 3.800E-05 2.088E+16 4.000E-05 1.968E+16
 4.250E-05 1.848E+16 4.500E-05 1.742E+16 4.750E-05 1.648E+16 5.000E-05 1.564E+16
 5.250E-05 1.511E+16 5.500E-05 1.507E+16 5.750E-05 1.441E+16 6.000E-05 1.375E+16
 6.300E-05 1.308E+16 6.600E-05 1.239E+16 6.900E-05 1.136E+16 7.200E-05 1.084E+16
 7.600E-05 1.031E+16 8.000E-05 9.834E+15 8.400E-05 9.400E+15 8.800E-05 8.898E+15
 9.200E-05 8.528E+15 9.600E-05 8.218E+15 1.000E-04 7.817E+15 1.050E-04 7.383E+15
 1.100E-04 6.970E+15 1.150E-04 6.605E+15 1.200E-04 6.233E+15 1.275E-04 5.839E+15
 1.350E-04 5.492E+15 1.425E-04 5.184E+15 1.500E-04 4.903E+15 1.600E-04 4.674E+15
 1.700E-04 4.460E+15 1.800E-04 4.247E+15 1.900E-04 4.038E+15 2.000E-04 3.883E+15
 2.100E-04 3.760E+15 2.200E-04 3.668E+15 2.300E-04 3.576E+15 2.400E-04 3.434E+15
 2.550E-04 3.337E+15 2.700E-04 3.298E+15 2.800E-04 3.238E+15 3.000E-04 3.052E+15
 3.200E-04 2.859E+15 3.400E-04 2.689E+15 3.600E-04 2.531E+15 3.800E-04 2.366E+15
 4.000E-04 2.120E+15 4.250E-04 1.913E+15 4.500E-04 1.747E+15 4.750E-04 1.622E+15
 5.000E-04 1.516E+15 5.250E-04 1.452E+15 5.500E-04 1.382E+15 5.750E-04 1.328E+15
 6.000E-04 1.271E+15 6.300E-04 1.223E+15 6.600E-04 1.163E+15 6.900E-04 1.111E+15
 7.200E-04 1.060E+15 7.600E-04 1.007E+15 8.000E-04 9.550E+14 8.400E-04 9.128E+14
 8.800E-04 8.707E+14 9.200E-04 8.399E+14 9.600E-04 8.816E+14 1.000E-03 8.594E+14
 1.050E-03 8.165E+14 1.100E-03 7.772E+14 1.150E-03 7.393E+14 1.200E-03 6.714E+14
 1.275E-03 5.926E+14 1.350E-03 5.553E+14 1.425E-03 5.235E+14 1.500E-03 4.924E+14
 1.600E-03 4.604E+14 1.700E-03 4.330E+14 1.800E-03 4.085E+14 1.900E-03 3.867E+14
 2.000E-03 3.675E+14 2.100E-03 3.508E+14 2.200E-03 3.320E+14 2.300E-03 3.126E+14
 2.400E-03 2.935E+14 2.550E-03 2.744E+14 2.700E-03 2.615E+14 2.800E-03 2.480E+14
 3.000E-03 2.329E+14 3.200E-03 2.204E+14 3.400E-03 2.115E+14 3.600E-03 2.027E+14
 3.800E-03 1.943E+14 4.000E-03 1.848E+14 4.250E-03 1.758E+14 4.500E-03 1.667E+14
 4.750E-03 1.587E+14 5.000E-03 1.517E+14 5.250E-03 1.450E+14 5.500E-03 1.376E+14
 5.750E-03 1.321E+14 6.000E-03 1.260E+14 6.300E-03 1.208E+14 6.600E-03 1.155E+14
 6.900E-03 1.104E+14 7.200E-03 1.051E+14 7.600E-03 1.003E+14 8.000E-03 9.505E+13
 8.400E-03 9.091E+13 8.800E-03 8.732E+13 9.200E-03 8.403E+13 9.600E-03 8.077E+13
 1.000E-02 7.749E+13 1.050E-02 7.381E+13 1.100E-02 7.064E+13 1.150E-02 6.765E+13
 1.200E-02 6.430E+13 1.275E-02 6.065E+13 1.350E-02 5.733E+13 1.425E-02 5.438E+13
 1.500E-02 5.133E+13 1.600E-02 4.823E+13 1.700E-02 4.547E+13 1.800E-02 4.305E+13
 1.900E-02 4.080E+13 2.000E-02 3.891E+13 2.100E-02 3.721E+13 2.200E-02 3.568E+13
 2.300E-02 3.431E+13 2.400E-02 3.272E+13 2.550E-02 3.095E+13 2.700E-02 2.965E+13
 2.800E-02 2.823E+13 3.000E-02 2.649E+13 3.200E-02 2.526E+13 3.400E-02 2.413E+13
 3.600E-02 2.312E+13 3.800E-02 2.220E+13 4.000E-02 2.141E+13 4.250E-02 2.046E+13
 4.500E-02 1.959E+13 4.750E-02 1.876E+13 5.000E-02 1.803E+13 5.250E-02 1.734E+13
 5.500E-02 1.672E+13 5.750E-02 1.615E+13 6.000E-02 1.561E+13 6.300E-02 1.502E+13
 6.600E-02 1.448E+13 6.900E-02 1.400E+13 7.200E-02 1.352E+13 7.600E-02 1.303E+13
 8.000E-02 1.258E+13 8.400E-02 1.217E+13 8.800E-02 1.179E+13 9.200E-02 1.144E+13
 9.600E-02 1.112E+13 1.000E-01 1.079E+13 1.050E-01 1.043E+13 1.100E-01 1.013E+13
 1.150E-01 9.853E+12 1.200E-01 9.533E+12 1.275E-01 9.173E+12 1.350E-01 8.874E+12
 1.425E-01 8.580E+12 1.500E-01 8.267E+12 1.600E-01 7.941E+12 1.700E-01 7.647E+12
 1.800E-01 7.376E+12 1.900E-01 7.130E+12 2.000E-01 6.879E+12 2.100E-01 6.621E+12
 2.200E-01 6.391E+12 2.300E-01 6.180E+12 2.400E-01 5.935E+12 2.550E-01 5.666E+12
 2.700E-01 5.468E+12 2.800E-01 5.253E+12 3.000E-01 5.003E+12 3.200E-01 4.791E+12
 3.400E-01 4.607E+12 3.600E-01 4.449E+12 3.800E-01 4.309E+12 4.000E-01 4.167E+12
 4.250E-01 4.025E+12 4.500E-01 3.899E+12 4.750E-01 3.787E+12 5.000E-01 3.690E+12
 5.250E-01 3.605E+12 5.500E-01 3.526E+12 5.750E-01 3.450E+12 6.000E-01 3.368E+12
 6.300E-01 3.282E+12 6.600E-01 3.200E+12 6.900E-01 3.120E+12 7.200E-01 3.027E+12
 7.600E-01 2.925E+12 8.000E-01 2.832E+12 8.400E-01 2.748E+12 8.800E-01 2.670E+12
 9.200E-01 2.597E+12 9.600E-01 2.528E+12 1.000E+00 2.398E+12 1.100E+00 2.244E+12
 1.200E+00 2.136E+12 1.300E+00 2.051E+12 1.400E+00 1.967E+12 1.500E+00 1.849E+12
 1.600E+00 1.699E+12 1.700E+00 1.552E+12 1.800E+00 1.413E+12 1.900E+00 1.287E+12
 2.000E+00 1.164E+12 2.100E+00 1.048E+12 2.200E+00 9.481E+11 2.300E+00 8.620E+11
 2.400E+00 7.892E+11 2.500E+00 7.259E+11 2.600E+00 6.704E+11 2.700E+00 6.213E+11
 2.800E+00 5.770E+11 2.900E+00 5.378E+11 3.000E+00 4.953E+11 3.100E+00 4.493E+11
 3.200E+00 4.092E+11 3.300E+00 3.743E+11 3.400E+00 3.437E+11 3.500E+00 3.168E+11
 3.600E+00 2.933E+11 3.700E+00 2.722E+11 3.800E+00 2.530E+11 3.900E+00 2.355E+11
 4.000E+00 2.178E+11 4.100E+00 2.005E+11 4.200E+00 1.853E+11 4.300E+00 1.718E+11
 4.400E+00 1.599E+11 4.500E+00 1.492E+11 4.600E+00 1.397E+11 4.700E+00 1.311E+11
 4.800E+00 1.234E+11 4.900E+00 1.165E+11 5.000E+00 1.094E+11 5.100E+00 1.022E+11
 5.200E+00 9.576E+10 5.300E+00 9.005E+10 5.400E+00 8.486E+10 5.500E+00 8.011E+10
 5.600E+00 7.555E+10 5.700E+00 7.118E+10 5.800E+00 6.699E+10 5.900E+00 6.293E+10
 6.000E+00 5.821E+10 6.100E+00 5.307E+10 6.200E+00 4.795E+10 6.300E+00 4.279E+10
 6.400E+00 3.813E+10 6.500E+00 3.416E+10 6.600E+00 3.079E+10 6.700E+00 2.805E+10
 6.800E+00 2.581E+10 6.900E+00 2.380E+10 7.000E+00 2.188E+10 7.100E+00 2.009E+10
 7.200E+00 1.841E+10 7.300E+00 1.681E+10 7.400E+00 1.538E+10 7.500E+00 1.407E+10
 7.600E+00 1.285E+10 7.700E+00 1.174E+10 7.800E+00 1.078E+10 7.900E+00 9.923E+09
 8.000E+00 9.177E+09 8.100E+00 8.526E+09 8.200E+00 7.937E+09 8.300E+00 7.402E+09
 8.400E+00 6.912E+09 8.500E+00 6.452E+09 8.600E+00 6.018E+09 8.700E+00 5.611E+09
 8.800E+00 5.234E+09 8.900E+00 4.884E+09 9.000E+00 4.558E+09 9.100E+00 4.253E+09
 9.200E+00 3.967E+09 9.300E+00 3.699E+09 9.400E+00 3.449E+09 9.500E+00 3.215E+09
 9.600E+00 2.996E+09 9.700E+00 2.791E+09 9.800E+00 2.597E+09 9.900E+00 2.416E+09
 1.000E+01 2.246E+09 1.010E+01 2.089E+09 1.020E+01 1.945E+09 1.030E+01 1.811E+09
 1.040E+01 1.688E+09 1.050E+01 1.573E+09 1.060E+01 1.466E+09 1.070E+01 1.366E+09
 1.080E+01 1.272E+09 1.090E+01 1.185E+09 1.100E+01 1.103E+09 1.110E+01 1.027E+09
 1.120E+01 9.549E+08 1.130E+01 8.876E+08 1.140E+01 8.247E+08 1.150E+01 7.668E+08
 1.160E+01 7.141E+08 1.170E+01 6.663E+08 1.180E+01 6.221E+08 1.190E+01 5.808E+08
 1.200E+01 5.411E+08 1.210E+01 5.031E+08 1.220E+01 4.666E+08 1.230E+01 4.325E+08
 1.240E+01 4.013E+08 1.250E+01 3.728E+08 1.260E+01 3.465E+08 1.270E+01 3.225E+08
 1.280E+01 3.003E+08 1.290E+01 2.795E+08 1.300E+01 2.598E+08 1.310E+01 2.413E+08
 1.320E+01 2.241E+08 1.330E+01 2.079E+08 1.340E+01 1.930E+08 1.350E+01 1.794E+08
 1.360E+01 1.669E+08 1.370E+01 1.553E+08 1.380E+01 1.445E+08 1.390E+01 1.343E+08
 1.400E+01 1.247E+08 1.410E+01 1.157E+08 1.420E+01 1.074E+08 1.430E+01 9.974E+07
 1.440E+01 9.269E+07 1.450E+01 8.618E+07 1.460E+01 8.016E+07 1.470E+01 7.454E+07
 1.480E+01 6.928E+07 1.490E+01 6.434E+07 1.500E+01 5.971E+07 1.510E+01 5.539E+07
 1.520E+01 5.137E+07 1.530E+01 4.766E+07 1.540E+01 4.424E+07 1.550E+01 4.108E+07
 1.560E+01 3.814E+07 1.570E+01 3.541E+07 1.580E+01 3.286E+07 1.590E+01 3.050E+07
 1.600E+01 2.830E+07 1.610E+01 2.626E+07 1.620E+01 2.437E+07 1.630E+01 2.263E+07
 1.640E+01 2.101E+07 1.650E+01 1.951E+07 1.660E+01 1.811E+07 1.670E+01 1.682E+07
 1.680E+01 1.561E+07 1.690E+01 1.449E+07 1.700E+01 1.345E+07 1.710E+01 1.248E+07
 1.720E+01 1.158E+07 1.730E+01 1.075E+07 1.740E+01 9.979E+06 1.750E+01 9.258E+06
 1.760E+01 8.587E+06 1.770E+01 7.962E+06 1.780E+01 7.381E+06 1.790E+01 6.843E+06
 1.800E+01 6.345E+06 1.810E+01 5.883E+06 1.820E+01 5.455E+06 1.830E+01 5.059E+06
 1.840E+01 4.692E+06 1.850E+01 4.352E+06 1.860E+01 4.038E+06 1.870E+01 3.746E+06
 1.880E+01 3.476E+06 1.890E+01 3.226E+06 1.900E+01 2.994E+06 1.910E+01 2.780E+06
 1.920E+01 2.581E+06 1.930E+01 2.398E+06 1.940E+01 2.227E+06 1.950E+01 2.069E+06
 1.960E+01 1.922E+06 1.970E+01 1.786E+06 1.980E+01 1.660E+06 1.990E+01 1.543E+06
 2.000E+01 0.000E+00

