1.995000e+01 8.044469e-13 1.995000e+01 5.577031e-13 1.995000e+01 2.887382e-13 1.995000e+01 1.464683e-13 
1.985000e+01 1.667341e-12 1.985000e+01 6.209316e-13 1.985000e+01 3.112970e-13 1.985000e+01 1.579085e-13 
1.975000e+01 1.789439e-12 1.975000e+01 6.841577e-13 1.975000e+01 3.355350e-13 1.975000e+01 1.702045e-13 
1.965000e+01 1.921545e-12 1.965000e+01 7.473839e-13 1.965000e+01 3.617441e-13 1.965000e+01 1.834705e-13 
1.955000e+01 2.062659e-12 1.955000e+01 8.106125e-13 1.955000e+01 3.899244e-13 1.955000e+01 1.977921e-13 
1.945000e+01 2.213780e-12 1.945000e+01 8.738399e-13 1.945000e+01 4.202948e-13 1.945000e+01 2.131978e-13 
1.935000e+01 2.375911e-12 1.935000e+01 9.370686e-13 1.935000e+01 4.530014e-13 1.935000e+01 2.298017e-13 
1.925000e+01 2.551052e-12 1.925000e+01 1.000295e-12 1.925000e+01 4.883363e-13 1.925000e+01 2.477180e-13 
1.915000e+01 2.738202e-12 1.915000e+01 1.063521e-12 1.915000e+01 5.263723e-13 1.915000e+01 2.670322e-13 
1.905000e+01 2.939364e-12 1.905000e+01 1.126749e-12 1.905000e+01 5.673286e-13 1.905000e+01 2.878584e-13 
1.895000e+01 3.154537e-12 1.895000e+01 1.227434e-12 1.895000e+01 6.114971e-13 1.895000e+01 3.101111e-13 
1.885000e+01 3.385723e-12 1.885000e+01 1.365579e-12 1.885000e+01 6.590970e-13 1.885000e+01 3.343608e-13 
1.875000e+01 3.633922e-12 1.875000e+01 1.503718e-12 1.875000e+01 7.104201e-13 1.875000e+01 3.603223e-13 
1.865000e+01 3.900137e-12 1.865000e+01 1.641857e-12 1.865000e+01 7.658315e-13 1.865000e+01 3.885661e-13 
1.855000e+01 4.186367e-12 1.855000e+01 1.780002e-12 1.855000e+01 8.249663e-13 1.855000e+01 4.188069e-13 
1.845000e+01 4.493614e-12 1.845000e+01 1.918144e-12 1.845000e+01 8.892115e-13 1.845000e+01 4.513300e-13 
1.835000e+01 4.822879e-12 1.835000e+01 2.056288e-12 1.835000e+01 9.585671e-13 1.835000e+01 4.864209e-13 
1.825000e+01 5.175161e-12 1.825000e+01 2.194428e-12 1.825000e+01 1.033033e-12 1.825000e+01 5.243645e-13 
1.815000e+01 5.554467e-12 1.815000e+01 2.332567e-12 1.815000e+01 1.113340e-12 1.815000e+01 5.651611e-13 
1.805000e+01 5.961794e-12 1.805000e+01 2.470712e-12 1.805000e+01 1.200216e-12 1.805000e+01 6.090959e-13 
1.795000e+01 6.398145e-12 1.795000e+01 2.690011e-12 1.795000e+01 1.293664e-12 1.795000e+01 6.564541e-13 
1.785000e+01 6.865521e-12 1.785000e+01 2.990475e-12 1.785000e+01 1.393682e-12 1.785000e+01 7.075212e-13 
1.775000e+01 7.367925e-12 1.775000e+01 3.290927e-12 1.775000e+01 1.502461e-12 1.775000e+01 7.625824e-13 
1.765000e+01 7.907359e-12 1.765000e+01 3.591378e-12 1.765000e+01 1.619270e-12 1.765000e+01 8.219229e-13 
1.755000e+01 8.485824e-12 1.755000e+01 3.891842e-12 1.755000e+01 1.744840e-12 1.755000e+01 8.855427e-13 
1.745000e+01 9.106323e-12 1.745000e+01 4.192299e-12 1.745000e+01 1.879901e-12 1.745000e+01 9.545830e-13 
1.735000e+01 9.771859e-12 1.735000e+01 4.492763e-12 1.735000e+01 2.025913e-12 1.735000e+01 1.028473e-12 
1.725000e+01 1.048843e-11 1.725000e+01 4.793214e-12 1.725000e+01 2.183605e-12 1.725000e+01 1.108355e-12 
1.715000e+01 1.124905e-11 1.715000e+01 5.093666e-12 1.715000e+01 2.352979e-12 1.715000e+01 1.194513e-12 
1.705000e+01 1.206971e-11 1.705000e+01 5.394130e-12 1.705000e+01 2.535494e-12 1.705000e+01 1.287232e-12 
1.695000e+01 1.296042e-11 1.695000e+01 5.869642e-12 1.695000e+01 2.731880e-12 1.695000e+01 1.387084e-12 
1.685000e+01 1.390118e-11 1.685000e+01 6.520221e-12 1.685000e+01 2.943597e-12 1.685000e+01 1.494924e-12 
1.675000e+01 1.491199e-11 1.675000e+01 7.170775e-12 1.675000e+01 3.171375e-12 1.675000e+01 1.610752e-12 
1.665000e+01 1.600287e-11 1.665000e+01 7.821329e-12 1.665000e+01 3.417405e-12 1.665000e+01 1.735709e-12 
1.655000e+01 1.717381e-11 1.655000e+01 8.471914e-12 1.655000e+01 3.682416e-12 1.655000e+01 1.870366e-12 
1.645000e+01 1.842482e-11 1.645000e+01 9.122468e-12 1.645000e+01 3.967139e-12 1.645000e+01 2.015295e-12 
1.635000e+01 1.976590e-11 1.635000e+01 9.773055e-12 1.635000e+01 4.274494e-12 1.635000e+01 2.171634e-12 
1.625000e+01 2.120706e-11 1.625000e+01 1.042361e-11 1.625000e+01 4.605940e-12 1.625000e+01 2.339955e-12 
1.615000e+01 2.275830e-11 1.615000e+01 1.107416e-11 1.615000e+01 4.962209e-12 1.615000e+01 2.521115e-12 
1.605000e+01 2.440963e-11 1.605000e+01 1.172475e-11 1.605000e+01 5.346220e-12 1.605000e+01 2.716539e-12 
1.595000e+01 2.619106e-11 1.595000e+01 1.275098e-11 1.595000e+01 5.759433e-12 1.595000e+01 2.927084e-12 
1.585000e+01 2.809259e-11 1.585000e+01 1.415290e-11 1.585000e+01 6.205499e-12 1.585000e+01 3.152463e-12 
1.575000e+01 3.014424e-11 1.575000e+01 1.555482e-11 1.575000e+01 6.685148e-12 1.575000e+01 3.397814e-12 
1.565000e+01 3.233600e-11 1.565000e+01 1.695674e-11 1.565000e+01 7.202030e-12 1.565000e+01 3.660281e-12 
1.555000e+01 3.468789e-11 1.555000e+01 1.835866e-11 1.555000e+01 7.760524e-12 1.555000e+01 3.945572e-12 
1.545000e+01 3.720992e-11 1.545000e+01 1.976058e-11 1.545000e+01 8.359172e-12 1.545000e+01 4.250833e-12 
1.535000e+01 3.991210e-11 1.535000e+01 2.116250e-11 1.535000e+01 9.001624e-12 1.535000e+01 4.578918e-12 
1.525000e+01 4.281443e-11 1.525000e+01 2.256442e-11 1.525000e+01 9.695180e-12 1.525000e+01 4.932678e-12 
1.515000e+01 4.592693e-11 1.515000e+01 2.396634e-11 1.515000e+01 1.044714e-11 1.515000e+01 5.314968e-12 
1.505000e+01 4.925961e-11 1.505000e+01 2.536826e-11 1.505000e+01 1.125020e-11 1.505000e+01 5.725787e-12 
1.495000e+01 5.283249e-11 1.495000e+01 2.757089e-11 1.495000e+01 1.211897e-11 1.495000e+01 6.167987e-12 
1.485000e+01 5.666557e-11 1.485000e+01 3.057424e-11 1.485000e+01 1.305345e-11 1.485000e+01 6.647276e-12 
1.475000e+01 6.077888e-11 1.475000e+01 3.357759e-11 1.475000e+01 1.406093e-11 1.475000e+01 7.160800e-12 
1.465000e+01 6.519242e-11 1.465000e+01 3.658093e-11 1.465000e+01 1.514872e-11 1.465000e+01 7.714264e-12 
1.455000e+01 6.991623e-11 1.455000e+01 3.958427e-11 1.455000e+01 1.631681e-11 1.455000e+01 8.307670e-12 
1.445000e+01 7.498029e-11 1.445000e+01 4.258762e-11 1.445000e+01 1.757251e-11 1.445000e+01 8.949573e-12 
1.435000e+01 8.041467e-11 1.435000e+01 4.559097e-11 1.435000e+01 1.892312e-11 1.435000e+01 9.642830e-12 
1.425000e+01 8.623935e-11 1.425000e+01 4.859431e-11 1.425000e+01 2.038324e-11 1.425000e+01 1.039029e-11 
1.415000e+01 9.248437e-11 1.415000e+01 5.159766e-11 1.415000e+01 2.195286e-11 1.415000e+01 1.119481e-11 
1.405000e+01 9.917976e-11 1.405000e+01 5.460100e-11 1.405000e+01 2.363930e-11 1.405000e+01 1.206210e-11 
1.395000e+01 1.063856e-10 1.395000e+01 5.930000e-11 1.395000e+01 2.546445e-11 1.395000e+01 1.299500e-11 
1.385000e+01 1.140917e-10 1.385000e+01 6.569466e-11 1.385000e+01 2.742100e-11 1.385000e+01 1.400207e-11 
1.375000e+01 1.222984e-10 1.375000e+01 7.208931e-11 1.375000e+01 2.953088e-11 1.375000e+01 1.508618e-11 
1.365000e+01 1.311054e-10 1.365000e+01 7.848396e-11 1.365000e+01 3.180136e-11 1.365000e+01 1.625587e-11 
1.355000e+01 1.406131e-10 1.355000e+01 8.487863e-11 1.355000e+01 3.424705e-11 1.355000e+01 1.751686e-11 
1.345000e+01 1.507212e-10 1.345000e+01 9.127329e-11 1.345000e+01 3.688256e-11 1.345000e+01 1.888055e-11 
1.335000e+01 1.616300e-10 1.335000e+01 9.766795e-11 1.335000e+01 3.972249e-11 1.335000e+01 2.035264e-11 
1.325000e+01 1.733394e-10 1.325000e+01 1.040626e-10 1.325000e+01 4.278144e-11 1.325000e+01 2.194742e-11 
1.315000e+01 1.857494e-10 1.315000e+01 1.104573e-10 1.315000e+01 4.608130e-11 1.315000e+01 2.367058e-11 
1.305000e+01 1.991602e-10 1.305000e+01 1.168519e-10 1.305000e+01 4.964399e-11 1.305000e+01 2.553924e-11 
1.295000e+01 2.135718e-10 1.295000e+01 1.268248e-10 1.295000e+01 5.347680e-11 1.295000e+01 2.757050e-11 
1.285000e+01 2.288841e-10 1.285000e+01 1.403759e-10 1.285000e+01 5.760893e-11 1.285000e+01 2.978436e-11 
1.275000e+01 2.453973e-10 1.275000e+01 1.539270e-10 1.275000e+01 6.206959e-11 1.275000e+01 3.218080e-11 
1.265000e+01 2.630115e-10 1.265000e+01 1.674781e-10 1.265000e+01 6.689528e-11 1.265000e+01 3.483401e-11 
1.255000e+01 2.819267e-10 1.255000e+01 1.810292e-10 1.255000e+01 7.212980e-11 1.255000e+01 3.774397e-11 
1.245000e+01 3.022430e-10 1.245000e+01 1.945803e-10 1.245000e+01 7.782425e-11 1.245000e+01 4.096776e-11 
1.235000e+01 3.239605e-10 1.235000e+01 2.081314e-10 1.235000e+01 8.402976e-11 1.235000e+01 4.456242e-11 
1.225000e+01 3.472793e-10 1.225000e+01 2.216825e-10 1.225000e+01 9.074630e-11 1.225000e+01 4.849944e-11 
1.215000e+01 3.721994e-10 1.215000e+01 2.352336e-10 1.215000e+01 9.804688e-11 1.215000e+01 5.272174e-11 
1.205000e+01 3.988207e-10 1.205000e+01 2.487847e-10 1.205000e+01 1.057125e-10 1.205000e+01 5.711522e-11 
1.195000e+01 4.274437e-10 1.195000e+01 2.698127e-10 1.195000e+01 1.138162e-10 1.195000e+01 6.162281e-11 
1.185000e+01 4.580684e-10 1.185000e+01 2.983176e-10 1.185000e+01 1.222848e-10 1.185000e+01 6.618747e-11 
1.175000e+01 4.908948e-10 1.175000e+01 3.268224e-10 1.175000e+01 1.314106e-10 1.175000e+01 7.103741e-11 
1.165000e+01 5.260231e-10 1.165000e+01 3.553274e-10 1.165000e+01 1.411933e-10 1.165000e+01 7.625824e-11 
1.155000e+01 5.637534e-10 1.155000e+01 3.838322e-10 1.155000e+01 1.518522e-10 1.155000e+01 8.196405e-11 
1.145000e+01 6.039858e-10 1.145000e+01 4.123371e-10 1.145000e+01 1.633871e-10 1.145000e+01 8.815487e-11 
1.135000e+01 6.472204e-10 1.135000e+01 4.408419e-10 1.135000e+01 1.757981e-10 1.135000e+01 9.485919e-11 
1.125000e+01 6.934576e-10 1.125000e+01 4.693468e-10 1.125000e+01 1.891582e-10 1.125000e+01 1.020200e-10 
1.115000e+01 7.428975e-10 1.115000e+01 4.978517e-10 1.115000e+01 2.034674e-10 1.115000e+01 1.096943e-10 
1.105000e+01 7.959401e-10 1.105000e+01 5.263566e-10 1.105000e+01 2.187256e-10 1.105000e+01 1.178822e-10 
1.095000e+01 8.526857e-10 1.095000e+01 5.704596e-10 1.095000e+01 2.351519e-10 1.095000e+01 1.266691e-10 
1.085000e+01 9.134346e-10 1.085000e+01 6.301606e-10 1.085000e+01 2.526733e-10 1.085000e+01 1.360837e-10 
1.075000e+01 9.784870e-10 1.075000e+01 6.898616e-10 1.075000e+01 2.715818e-10 1.075000e+01 1.461830e-10 
1.065000e+01 1.047843e-09 1.065000e+01 7.495627e-10 1.065000e+01 2.917315e-10 1.065000e+01 1.570241e-10 
1.055000e+01 1.122903e-09 1.055000e+01 8.092637e-10 1.055000e+01 3.134872e-10 1.055000e+01 1.686354e-10 
1.045000e+01 1.202967e-09 1.045000e+01 8.689648e-10 1.045000e+01 3.367761e-10 1.045000e+01 1.811026e-10 
1.035000e+01 1.288036e-09 1.035000e+01 9.286657e-10 1.035000e+01 3.618171e-10 1.035000e+01 1.945113e-10 
1.025000e+01 1.379109e-09 1.025000e+01 9.883668e-10 1.025000e+01 3.888293e-10 1.025000e+01 2.089470e-10 
1.015000e+01 1.477188e-09 1.015000e+01 1.048068e-09 1.015000e+01 4.179587e-10 1.015000e+01 2.245239e-10 
1.005000e+01 1.581272e-09 1.005000e+01 1.107769e-09 1.005000e+01 4.494241e-10 1.005000e+01 2.412990e-10 
9.950000e+00 1.693362e-09 9.950000e+00 1.181395e-09 9.950000e+00 4.832989e-10 9.950000e+00 2.594150e-10 
9.850000e+00 1.813458e-09 9.850000e+00 1.272283e-09 9.850000e+00 5.196558e-10 9.850000e+00 2.788147e-10 
9.750000e+00 1.941561e-09 9.750000e+00 1.370102e-09 9.750000e+00 5.584948e-10 9.750000e+00 2.995554e-10 
9.650000e+00 2.078672e-09 9.650000e+00 1.475373e-09 9.650000e+00 6.001813e-10 9.650000e+00 3.218081e-10 
9.550000e+00 2.225790e-09 9.550000e+00 1.588659e-09 9.550000e+00 6.446419e-10 9.550000e+00 3.454871e-10 
9.450000e+00 2.382916e-09 9.450000e+00 1.710563e-09 9.450000e+00 6.922417e-10 9.450000e+00 3.708781e-10 
9.350000e+00 2.551052e-09 9.350000e+00 1.841730e-09 9.350000e+00 7.431997e-10 9.350000e+00 3.979807e-10 
9.250000e+00 2.730196e-09 9.250000e+00 1.982857e-09 9.250000e+00 7.979541e-10 9.250000e+00 4.270804e-10 
9.150000e+00 2.922350e-09 9.150000e+00 2.134687e-09 9.150000e+00 8.563589e-10 9.150000e+00 4.581771e-10 
9.050000e+00 3.127515e-09 9.050000e+00 2.298017e-09 9.050000e+00 9.184138e-10 9.050000e+00 4.915561e-10 
8.950000e+00 3.347692e-09 8.950000e+00 2.473701e-09 8.950000e+00 9.855792e-10 8.950000e+00 5.272174e-10 
8.850000e+00 3.581880e-09 8.850000e+00 2.662657e-09 8.850000e+00 1.057855e-09 8.850000e+00 5.657317e-10 
8.750000e+00 3.833083e-09 8.750000e+00 2.865862e-09 8.750000e+00 1.135241e-09 8.750000e+00 6.073842e-10 
8.650000e+00 4.102299e-09 8.650000e+00 3.084359e-09 8.650000e+00 1.219198e-09 8.650000e+00 6.518895e-10 
8.550000e+00 4.388530e-09 8.550000e+00 3.319270e-09 8.550000e+00 1.308265e-09 8.550000e+00 6.998184e-10 
8.450000e+00 4.695776e-09 8.450000e+00 3.571789e-09 8.450000e+00 1.403173e-09 8.450000e+00 7.511708e-10 
8.350000e+00 5.023039e-09 8.350000e+00 3.843189e-09 8.350000e+00 1.505381e-09 8.350000e+00 8.056612e-10 
8.250000e+00 5.373321e-09 8.250000e+00 4.134833e-09 8.250000e+00 1.614890e-09 8.250000e+00 8.647164e-10 
8.150000e+00 5.747623e-09 8.149995e+00 4.448184e-09 8.150000e+00 1.733889e-09 8.150000e+00 9.289068e-10 
8.050000e+00 6.146943e-09 8.049990e+00 4.784772e-09 8.050000e+00 1.863110e-09 8.050000e+00 9.985177e-10 
7.950000e+00 6.574286e-09 7.949990e+00 5.146207e-09 7.950000e+00 2.032484e-09 7.950000e+00 1.066132e-09 
7.850000e+00 7.030654e-09 7.849990e+00 5.534259e-09 7.850000e+00 2.250771e-09 7.850000e+00 1.131463e-09 
7.750000e+00 7.518046e-09 7.749995e+00 5.950748e-09 7.750000e+00 2.496801e-09 7.750000e+00 1.202786e-09 
7.650000e+00 8.038464e-09 7.650000e+00 6.397659e-09 7.650000e+00 2.777143e-09 7.650000e+00 1.281526e-09 
7.550000e+00 8.593911e-09 7.550000e+00 6.877087e-09 7.550000e+00 3.091798e-09 7.550000e+00 1.366258e-09 
7.450000e+00 9.187389e-09 7.450000e+00 7.391221e-09 7.450000e+00 3.443687e-09 7.450000e+00 1.455554e-09 
7.350000e+00 9.820898e-09 7.350000e+00 7.942393e-09 7.350000e+00 3.840109e-09 7.350000e+00 1.551697e-09 
7.250000e+00 1.049844e-08 7.250000e+00 8.533078e-09 7.250000e+00 4.289824e-09 7.250000e+00 1.655542e-09 
7.150000e+00 1.121902e-08 7.150000e+00 9.165879e-09 7.150000e+00 4.790645e-09 7.150000e+00 1.763668e-09 
7.050000e+00 1.198964e-08 7.050000e+00 9.843549e-09 7.050000e+00 5.349870e-09 7.050000e+00 1.876928e-09 
6.950000e+00 1.281030e-08 6.950000e+00 1.056901e-08 6.950000e+00 5.857991e-09 6.950000e+00 1.999888e-09 
6.850000e+00 1.368100e-08 6.850000e+00 1.134534e-08 6.850000e+00 6.289456e-09 6.850000e+00 2.131693e-09 
6.750000e+00 1.462176e-08 6.750000e+00 1.217580e-08 6.750000e+00 6.761803e-09 6.750000e+00 2.274909e-09 
6.650000e+00 1.561255e-08 6.650000e+00 1.306380e-08 6.650000e+00 7.300586e-09 6.650000e+00 2.439237e-09 
6.550000e+00 1.668342e-08 6.550000e+00 1.401296e-08 6.550000e+00 7.913837e-09 6.550000e+00 2.629525e-09 
6.450000e+00 1.781433e-08 6.450000e+00 1.502712e-08 6.450000e+00 8.600091e-09 6.450000e+00 2.843208e-09 
6.350000e+00 1.902530e-08 6.350000e+00 1.611030e-08 6.350000e+00 9.359352e-09 6.350000e+00 3.081141e-09 
6.250000e+00 2.030633e-08 6.250000e+00 1.726680e-08 6.250000e+00 1.019892e-08 6.250000e+00 3.340755e-09 
6.150000e+00 2.167743e-08 6.150000e+00 1.850115e-08 6.150000e+00 1.108959e-08 6.150000e+00 3.600370e-09 
6.050000e+00 2.313861e-08 6.050000e+00 1.981812e-08 6.050000e+00 1.203867e-08 6.050000e+00 3.868544e-09 
5.950000e+00 2.465983e-08 5.950000e+00 2.122279e-08 5.950000e+00 1.279793e-08 5.950000e+00 4.162393e-09 
5.850000e+00 2.624110e-08 5.850000e+00 2.272054e-08 5.850000e+00 1.330897e-08 5.850000e+00 4.481919e-09 
5.750000e+00 2.791245e-08 5.750000e+00 2.431708e-08 5.750000e+00 1.384921e-08 5.750000e+00 4.829973e-09 
5.650000e+00 2.969388e-08 5.650000e+00 2.601849e-08 5.650000e+00 1.442596e-08 5.650000e+00 5.215116e-09 
5.550000e+00 3.157539e-08 5.550000e+00 2.783123e-08 5.550000e+00 1.503191e-08 5.550000e+00 5.643053e-09 
5.450000e+00 3.357700e-08 5.450000e+00 2.976224e-08 5.450000e+00 1.568896e-08 5.450000e+00 6.110929e-09 
5.350000e+00 3.569871e-08 5.350000e+00 3.181876e-08 5.350000e+00 1.638252e-08 5.350000e+00 6.624453e-09 
5.250000e+00 3.794051e-08 5.250000e+00 3.400865e-08 5.250000e+00 1.712718e-08 5.250000e+00 7.195035e-09 
5.150000e+00 4.032243e-08 5.150000e+00 3.634021e-08 5.150000e+00 1.792294e-08 5.150000e+00 7.819821e-09 
5.050000e+00 4.284446e-08 5.050000e+00 3.882226e-08 5.050000e+00 1.876981e-08 5.050000e+00 8.510225e-09 
4.950000e+00 4.551661e-08 4.950000e+00 4.146429e-08 4.950000e+00 1.974809e-08 4.950000e+00 9.229158e-09 
4.850000e+00 4.834888e-08 4.850000e+00 4.427635e-08 4.850000e+00 2.087968e-08 4.850000e+00 9.973767e-09 
4.750000e+00 5.134129e-08 4.750000e+00 4.726911e-08 4.750000e+00 2.210618e-08 4.750000e+00 1.079826e-08 
4.650000e+00 5.450383e-08 4.650000e+00 5.045382e-08 4.650000e+00 2.342758e-08 4.650000e+00 1.170548e-08 
4.550000e+00 5.785653e-08 4.550000e+00 5.384241e-08 4.550000e+00 2.485850e-08 4.550000e+00 1.270971e-08 
4.450000e+00 6.138936e-08 4.450000e+00 5.744759e-08 4.450000e+00 2.642082e-08 4.450000e+00 1.383375e-08 
4.350000e+00 6.513238e-08 4.350000e+00 6.128256e-08 4.350000e+00 2.811456e-08 4.350000e+00 1.509188e-08 
4.250000e+00 6.907555e-08 4.250000e+00 6.536124e-08 4.250000e+00 2.995431e-08 4.250000e+00 1.650693e-08 
4.150000e+00 7.324891e-08 4.150000e+00 6.969808e-08 4.150000e+00 3.196926e-08 4.150000e+00 1.812453e-08 
4.050000e+00 7.764244e-08 4.050000e+00 7.430790e-08 4.050000e+00 3.417405e-08 4.050000e+00 1.998462e-08 
3.950000e+00 8.227617e-08 3.950000e+00 7.920608e-08 3.950000e+00 3.647373e-08 3.950000e+00 2.166213e-08 
3.850000e+00 8.716010e-08 3.850000e+00 8.440808e-08 3.850000e+00 3.888293e-08 3.850000e+00 2.305435e-08 
3.750000e+00 9.230423e-08 3.750000e+00 8.992955e-08 3.750000e+00 4.153304e-08 3.750000e+00 2.457210e-08 
3.650000e+00 9.770859e-08 3.650000e+00 9.578600e-08 3.650000e+00 4.445327e-08 3.650000e+00 2.622964e-08 
3.550000e+00 1.033831e-07 3.550000e+00 1.019923e-07 3.550000e+00 4.768013e-08 3.550000e+00 2.803267e-08 
3.450000e+00 1.093880e-07 3.450000e+00 1.085626e-07 3.450000e+00 5.122821e-08 3.450000e+00 3.006965e-08 
3.350000e+00 1.156930e-07 3.350000e+00 1.155097e-07 3.350000e+00 5.517054e-08 3.350000e+00 3.232345e-08 
3.250000e+00 1.221983e-07 3.250000e+00 1.228444e-07 3.250000e+00 5.955819e-08 3.250000e+00 3.489107e-08 
3.150000e+00 1.291038e-07 3.150000e+00 1.305751e-07 3.150000e+00 6.447878e-08 3.150000e+00 3.780103e-08 
3.050000e+00 1.363096e-07 3.050000e+00 1.387069e-07 3.050000e+00 7.002723e-08 3.050000e+00 4.111041e-08 
2.950000e+00 1.438157e-07 2.950000e+00 1.472407e-07 2.950000e+00 7.497702e-08 2.950000e+00 4.396332e-08 
2.850000e+00 1.517220e-07 2.850000e+00 1.561724e-07 2.850000e+00 7.913836e-08 2.850000e+00 4.624564e-08 
2.750000e+00 1.599286e-07 2.750000e+00 1.654919e-07 2.750000e+00 8.366472e-08 2.750000e+00 4.878472e-08 
2.650000e+00 1.684355e-07 2.650000e+00 1.751808e-07 2.650000e+00 8.870213e-08 2.650000e+00 5.152352e-08 
2.550000e+00 1.773426e-07 2.550000e+00 1.852135e-07 2.550000e+00 9.425057e-08 2.550000e+00 5.454760e-08 
2.450000e+00 1.864499e-07 2.450000e+00 1.955551e-07 2.450000e+00 1.003101e-07 2.450000e+00 5.788550e-08 
2.350000e+00 1.959576e-07 2.350000e+00 2.061591e-07 2.350000e+00 1.070266e-07 2.350000e+00 6.159429e-08 
2.250000e+00 2.057655e-07 2.250000e+00 2.169696e-07 2.250000e+00 1.144732e-07 2.250000e+00 6.578806e-08 
2.150000e+00 2.157735e-07 2.150000e+00 2.279212e-07 2.150000e+00 1.227959e-07 2.150000e+00 7.040977e-08 
2.050000e+00 2.260818e-07 2.050000e+00 2.389376e-07 2.050000e+00 1.321406e-07 2.050000e+00 7.563060e-08 
1.950000e+00 2.365903e-07 1.950000e+00 2.499350e-07 1.950000e+00 1.411203e-07 1.950000e+00 8.079436e-08 
1.850000e+00 2.472989e-07 1.850000e+00 2.608260e-07 1.850000e+00 1.495890e-07 1.850000e+00 8.561577e-08 
1.750000e+00 2.581076e-07 1.750000e+00 2.715229e-07 1.750000e+00 1.590068e-07 1.750000e+00 9.100776e-08 
1.650000e+00 2.689162e-07 1.650000e+00 2.819392e-07 1.650000e+00 1.693006e-07 1.650000e+00 9.717005e-08 
1.550000e+00 2.796249e-07 1.550000e+00 2.919944e-07 1.550000e+00 1.805435e-07 1.550000e+00 1.042453e-07 
1.450000e+00 2.898331e-07 1.450000e+00 3.016180e-07 1.450000e+00 1.943416e-07 1.450000e+00 1.110637e-07 
1.350000e+00 2.993407e-07 1.350000e+00 3.107332e-07 1.350000e+00 2.115710e-07 1.350000e+00 1.178822e-07 
1.250000e+00 3.083479e-07 1.250000e+00 3.192526e-07 1.250000e+00 2.317206e-07 1.250000e+00 1.254709e-07 
1.150000e+00 3.165546e-07 1.150000e+00 3.270443e-07 1.150000e+00 2.564696e-07 1.150000e+00 1.339440e-07 
1.050000e+00 3.236603e-07 1.050000e+00 3.337852e-07 1.050000e+00 2.872781e-07 1.050000e+00 1.435013e-07 
9.800000e-01 3.281639e-07 9.800000e-01 3.378669e-07 9.800000e-01 3.109320e-07 9.800000e-01 1.513753e-07 
9.400000e-01 3.302656e-07 9.400000e-01 3.397355e-07 9.400000e-01 3.235620e-07 9.400000e-01 1.565391e-07 
9.000000e-01 3.320670e-07 9.000000e-01 3.413376e-07 9.000000e-01 3.375061e-07 9.000000e-01 1.616173e-07 
8.600000e-01 3.335682e-07 8.600000e-01 3.426514e-07 8.600000e-01 3.524723e-07 8.600000e-01 1.679222e-07 
8.200000e-01 3.346692e-07 8.200000e-01 3.436311e-07 8.200000e-01 3.695557e-07 8.200000e-01 1.749688e-07 
7.800000e-01 3.364706e-07 7.800000e-01 3.442291e-07 7.800000e-01 3.878071e-07 7.800000e-01 1.824720e-07 
7.400000e-01 3.390727e-07 7.400000e-01 3.443783e-07 7.400000e-01 4.086869e-07 7.400000e-01 1.906313e-07 
7.050000e-01 3.408741e-07 7.050000e-01 3.440799e-07 7.050000e-01 4.283984e-07 7.050000e-01 1.989618e-07 
6.750000e-01 3.420751e-07 6.750000e-01 3.434661e-07 6.750000e-01 4.474530e-07 6.750000e-01 2.058944e-07 
6.450000e-01 3.429758e-07 6.450000e-01 3.424804e-07 6.450000e-01 4.676756e-07 6.450000e-01 2.127699e-07 
6.150000e-01 3.434762e-07 6.150000e-01 3.411157e-07 6.150000e-01 4.901614e-07 6.150000e-01 2.192745e-07 
5.875000e-01 3.435763e-07 5.875000e-01 3.394814e-07 5.875000e-01 5.132312e-07 5.875000e-01 2.261786e-07 
5.625000e-01 3.433762e-07 5.625000e-01 3.375843e-07 5.625000e-01 5.352790e-07 5.625000e-01 2.331396e-07 
5.375000e-01 3.427757e-07 5.375000e-01 3.351834e-07 5.375000e-01 5.598820e-07 5.375000e-01 2.406428e-07 
5.125000e-01 3.417749e-07 5.125000e-01 3.322621e-07 5.125000e-01 5.872592e-07 5.125000e-01 2.489733e-07 
4.875000e-01 3.404738e-07 4.875000e-01 3.288730e-07 4.875000e-01 6.113512e-07 4.875000e-01 2.591867e-07 
4.625000e-01 3.386724e-07 4.625000e-01 3.249934e-07 4.625000e-01 6.320118e-07 4.625000e-01 2.699992e-07 
4.375000e-01 3.363705e-07 4.375000e-01 3.204959e-07 4.375000e-01 6.547166e-07 4.375000e-01 2.815821e-07 
4.125000e-01 3.334682e-07 4.125000e-01 3.152965e-07 4.125000e-01 6.797577e-07 4.125000e-01 2.947054e-07 
3.900000e-01 3.304658e-07 3.900000e-01 3.100745e-07 3.900000e-01 7.045066e-07 3.900000e-01 3.075435e-07 
3.700000e-01 3.273633e-07 3.700000e-01 3.050033e-07 3.700000e-01 7.287446e-07 3.700000e-01 3.203816e-07 
3.500000e-01 3.237604e-07 3.500000e-01 2.995219e-07 3.500000e-01 7.556107e-07 3.500000e-01 3.343608e-07 
3.300000e-01 3.196571e-07 3.300000e-01 2.935950e-07 3.300000e-01 7.848131e-07 3.300000e-01 3.500519e-07 
3.100000e-01 3.150534e-07 3.100000e-01 2.871833e-07 3.100000e-01 8.169357e-07 3.100000e-01 3.677399e-07 
2.900000e-01 3.098492e-07 2.900000e-01 2.802596e-07 2.900000e-01 8.439479e-07 2.900000e-01 3.865691e-07 
2.750000e-01 3.055457e-07 2.750000e-01 2.746916e-07 2.750000e-01 8.592791e-07 2.750000e-01 4.008336e-07 
2.625000e-01 3.016426e-07 2.625000e-01 2.698239e-07 2.625000e-01 8.731503e-07 2.625000e-01 4.139570e-07 
2.475000e-01 2.947370e-07 2.475000e-01 2.636641e-07 2.475000e-01 8.906716e-07 2.475000e-01 4.313597e-07 
2.350000e-01 2.866305e-07 2.350000e-01 2.582487e-07 2.350000e-01 9.060028e-07 2.350000e-01 4.470507e-07 
2.250000e-01 2.791245e-07 2.250000e-01 2.537278e-07 2.250000e-01 9.191439e-07 2.250000e-01 4.601741e-07 
2.150000e-01 2.716184e-07 2.150000e-01 2.490258e-07 2.150000e-01 9.337451e-07 2.150000e-01 4.738680e-07 
2.050000e-01 2.639123e-07 2.050000e-01 2.441326e-07 2.050000e-01 9.490763e-07 2.050000e-01 4.895590e-07 
1.950000e-01 2.562061e-07 1.950000e-01 2.390369e-07 1.950000e-01 9.607572e-07 1.950000e-01 5.075324e-07 
1.850000e-01 2.482997e-07 1.850000e-01 2.337262e-07 1.850000e-01 9.687878e-07 1.850000e-01 5.283586e-07 
1.750000e-01 2.401931e-07 1.750000e-01 2.281858e-07 1.750000e-01 9.768185e-07 1.750000e-01 5.526083e-07 
1.650000e-01 2.319866e-07 1.650000e-01 2.223992e-07 1.650000e-01 9.855793e-07 1.650000e-01 5.799962e-07 
1.550000e-01 2.235798e-07 1.550000e-01 2.163474e-07 1.550000e-01 9.950700e-07 1.550000e-01 6.119488e-07 
1.462500e-01 2.161739e-07 1.462500e-01 2.108197e-07 1.462500e-01 9.972601e-07 1.462500e-01 6.421895e-07 
1.387500e-01 2.095685e-07 1.387500e-01 2.059129e-07 1.387500e-01 9.906896e-07 1.387500e-01 6.681511e-07 
1.312500e-01 2.029632e-07 1.312500e-01 2.008021e-07 1.312500e-01 9.833891e-07 1.312500e-01 6.912596e-07 
1.237500e-01 1.961577e-07 1.237500e-01 1.954663e-07 1.237500e-01 9.753584e-07 1.237500e-01 7.215004e-07 
1.175000e-01 1.904532e-07 1.175000e-01 1.908820e-07 1.175000e-01 9.687878e-07 1.175000e-01 7.480326e-07 
1.125000e-01 1.857494e-07 1.125000e-01 1.870943e-07 1.125000e-01 9.636775e-07 1.125000e-01 7.711411e-07 
1.075000e-01 1.809455e-07 1.075000e-01 1.831938e-07 1.075000e-01 9.549168e-07 1.075000e-01 7.959613e-07 
1.025000e-01 1.761417e-07 1.025000e-01 1.791804e-07 1.025000e-01 9.454259e-07 1.025000e-01 8.287698e-07 
9.800000e-02 1.717381e-07 9.800000e-02 1.755090e-07 9.800000e-02 9.293648e-07 9.800000e-02 8.558725e-07 
9.400000e-02 1.677349e-07 9.400000e-02 1.721159e-07 9.400000e-02 9.074630e-07 9.400000e-02 8.829751e-07 
9.000000e-02 1.637317e-07 9.000000e-02 1.686336e-07 9.000000e-02 8.855612e-07 9.000000e-02 9.123600e-07 
8.600000e-02 1.596284e-07 8.600000e-02 1.650568e-07 8.600000e-02 8.702299e-07 8.600000e-02 9.440273e-07 
8.200000e-02 1.554250e-07 8.200000e-02 1.613792e-07 8.200000e-02 8.519785e-07 8.200000e-02 9.799741e-07 
7.799999e-02 1.511215e-07 7.799999e-02 1.575940e-07 7.799999e-02 8.337271e-07 7.799999e-02 1.017632e-06 
7.400000e-02 1.468181e-07 7.400000e-02 1.536934e-07 7.400000e-02 8.125553e-07 7.400000e-02 1.059570e-06 
7.050000e-02 1.429149e-07 7.050000e-02 1.501778e-07 7.050000e-02 7.921137e-07 7.050000e-02 1.098655e-06 
6.750000e-02 1.396123e-07 6.750000e-02 1.470844e-07 6.750000e-02 7.694819e-07 6.750000e-02 1.131178e-06 
6.450000e-02 1.361095e-07 6.450000e-02 1.439115e-07 6.450000e-02 7.490402e-07 6.450000e-02 1.163131e-06 
6.150000e-02 1.326066e-07 6.150000e-02 1.406538e-07 6.150000e-02 7.253133e-07 6.150000e-02 1.193371e-06 
5.875000e-02 1.294041e-07 5.875000e-02 1.375883e-07 5.875000e-02 7.105661e-07 5.875000e-02 1.220759e-06 
5.625000e-02 1.264016e-07 5.625000e-02 1.347308e-07 5.625000e-02 6.947968e-07 5.625000e-02 1.252141e-06 
5.375000e-02 1.232991e-07 5.375000e-02 1.318014e-07 5.375000e-02 6.743552e-07 5.375000e-02 1.290370e-06 
5.125000e-02 1.201967e-07 5.125000e-02 1.287958e-07 5.125000e-02 6.580748e-07 5.125000e-02 1.331738e-06 
4.875000e-02 1.169941e-07 4.875000e-02 1.257082e-07 4.875000e-02 6.362461e-07 4.875000e-02 1.385372e-06 
4.625000e-02 1.136914e-07 4.625000e-02 1.225327e-07 4.625000e-02 6.044156e-07 4.625000e-02 1.450989e-06 
4.375000e-02 1.103888e-07 4.375000e-02 1.192621e-07 4.375000e-02 5.722200e-07 4.375000e-02 1.513182e-06 
4.125000e-02 1.069860e-07 4.125000e-02 1.158887e-07 4.125000e-02 5.451349e-07 4.125000e-02 1.576802e-06 
3.900000e-02 1.038835e-07 3.900000e-02 1.127587e-07 3.900000e-02 5.177577e-07 3.900000e-02 1.618740e-06 
3.700000e-02 1.009812e-07 3.700000e-02 1.098926e-07 3.700000e-02 4.958558e-07 3.700000e-02 1.679222e-06 
3.500000e-02 9.807888e-08 3.500000e-02 1.069425e-07 3.500000e-02 4.746111e-07 3.500000e-02 1.744268e-06 
3.300000e-02 9.508647e-08 3.300000e-02 1.039012e-07 3.300000e-02 4.524904e-07 3.300000e-02 1.818729e-06 
3.100000e-02 9.201399e-08 3.100000e-02 1.007605e-07 3.100000e-02 4.302236e-07 3.100000e-02 1.898896e-06 
2.900000e-02 8.885145e-08 2.900000e-02 9.751101e-08 2.900000e-02 4.075187e-07 2.900000e-02 2.018718e-06 
2.750000e-02 8.642951e-08 2.750000e-02 9.499160e-08 2.750000e-02 3.930636e-07 2.750000e-02 2.097173e-06 
2.625000e-02 8.434783e-08 2.625000e-02 9.284076e-08 2.625000e-02 3.770023e-07 2.625000e-02 2.172490e-06 
2.475000e-02 8.180578e-08 2.475000e-02 9.018634e-08 2.475000e-02 3.612330e-07 2.475000e-02 2.268632e-06 
2.350000e-02 7.963404e-08 2.350000e-02 8.790826e-08 2.350000e-02 3.442957e-07 2.350000e-02 2.360782e-06 
2.250000e-02 7.786262e-08 2.250000e-02 8.604088e-08 2.250000e-02 3.316657e-07 2.250000e-02 2.435813e-06 
2.150000e-02 7.605116e-08 2.150000e-02 8.412980e-08 2.150000e-02 3.185246e-07 2.150000e-02 2.515694e-06 
2.050000e-02 7.419966e-08 2.050000e-02 8.217204e-08 2.050000e-02 3.098369e-07 2.050000e-02 2.598429e-06 
1.950000e-02 7.230815e-08 1.950000e-02 8.016413e-08 1.950000e-02 2.964768e-07 1.950000e-02 2.686298e-06 
1.850000e-02 7.036658e-08 1.850000e-02 7.810224e-08 1.850000e-02 2.851609e-07 1.850000e-02 2.783868e-06 
1.750000e-02 6.838499e-08 1.750000e-02 7.598193e-08 1.750000e-02 2.739910e-07 1.750000e-02 2.901408e-06 
1.650000e-02 6.634336e-08 1.650000e-02 7.379820e-08 1.650000e-02 2.589518e-07 1.650000e-02 3.026936e-06 
1.550000e-02 6.425166e-08 1.550000e-02 7.154524e-08 1.550000e-02 2.436206e-07 1.550000e-02 3.169581e-06 
1.462500e-02 6.236015e-08 1.462500e-02 6.951237e-08 1.462500e-02 2.322317e-07 1.462500e-02 3.320785e-06 
1.387500e-02 6.070882e-08 1.387500e-02 6.772473e-08 1.387500e-02 2.216458e-07 1.387500e-02 3.440607e-06 
1.312500e-02 5.900745e-08 1.312500e-02 6.588194e-08 1.312500e-02 2.108409e-07 1.312500e-02 3.571841e-06 
1.237500e-02 5.725604e-08 1.237500e-02 6.397753e-08 1.237500e-02 2.007661e-07 1.237500e-02 3.723045e-06 
1.175000e-02 5.576485e-08 1.175000e-02 6.235248e-08 1.175000e-02 1.944146e-07 1.175000e-02 3.851426e-06 
1.125000e-02 5.454386e-08 1.125000e-02 6.101910e-08 1.125000e-02 1.868220e-07 1.125000e-02 3.959836e-06 
1.075000e-02 5.329285e-08 1.075000e-02 5.965409e-08 1.075000e-02 1.810545e-07 1.075000e-02 4.113893e-06 
1.025000e-02 5.202184e-08 1.025000e-02 5.825745e-08 1.025000e-02 1.722208e-07 1.025000e-02 4.265098e-06 
9.800000e-03 5.084089e-08 9.800000e-03 5.698368e-08 9.800000e-03 1.655043e-07 9.800000e-03 4.396332e-06 
9.400001e-03 4.978003e-08 9.400001e-03 5.581458e-08 9.400001e-03 1.590068e-07 9.400001e-03 4.530418e-06 
9.000000e-03 4.868915e-08 9.000000e-03 5.461995e-08 9.000000e-03 1.546994e-07 9.000000e-03 4.678769e-06 
8.600000e-03 4.757826e-08 8.600000e-03 5.339805e-08 8.600000e-03 1.471068e-07 8.600000e-03 4.824268e-06 
8.200000e-03 4.644735e-08 8.200000e-03 5.214699e-08 8.200000e-03 1.411933e-07 8.200000e-03 4.989736e-06 
7.800000e-03 4.528641e-08 7.800000e-03 5.086460e-08 7.800000e-03 1.357909e-07 7.800000e-03 5.166617e-06 
7.400000e-03 4.409546e-08 7.400000e-03 4.954847e-08 7.400000e-03 1.295124e-07 7.400000e-03 5.372026e-06 
7.050000e-03 4.302460e-08 7.050000e-03 4.836670e-08 7.050000e-03 1.237449e-07 7.050000e-03 5.543201e-06 
6.750000e-03 4.208384e-08 6.750000e-03 4.733016e-08 6.750000e-03 1.214818e-07 6.750000e-03 5.728639e-06 
6.450000e-03 4.113308e-08 6.450000e-03 4.627005e-08 6.450000e-03 1.171014e-07 6.450000e-03 6.028195e-06 
6.150000e-03 4.015229e-08 6.150000e-03 4.518474e-08 6.150000e-03 1.137431e-07 6.150000e-03 6.324897e-06 
5.875000e-03 3.924155e-08 5.875000e-03 4.416624e-08 5.875000e-03 1.090708e-07 5.875000e-03 6.658688e-06 
5.625000e-03 3.838087e-08 5.625000e-03 4.321913e-08 5.625000e-03 1.070266e-07 5.625000e-03 6.949684e-06 
5.375000e-03 3.751017e-08 5.375000e-03 4.225054e-08 5.375000e-03 1.035953e-07 5.375000e-03 7.237828e-06 
5.125000e-03 3.661945e-08 5.125000e-03 4.125896e-08 5.125000e-03 1.022082e-07 5.125000e-03 7.511707e-06 
4.875000e-03 3.570872e-08 4.875000e-03 4.024265e-08 4.875000e-03 9.921497e-08 4.875000e-03 7.856908e-06 
4.625000e-03 3.477797e-08 4.625000e-03 3.919976e-08 4.625000e-03 9.731681e-08 4.625000e-03 8.082288e-06 
4.375000e-03 3.381719e-08 4.375000e-03 3.812803e-08 4.375000e-03 9.315550e-08 4.375000e-03 8.376138e-06 
4.125000e-03 3.282640e-08 4.125000e-03 3.702501e-08 4.125000e-03 9.001623e-08 4.125000e-03 8.669988e-06 
3.900000e-03 3.191567e-08 3.900000e-03 3.600370e-08 3.900000e-03 8.563588e-08 3.900000e-03 8.972396e-06 
3.700000e-03 3.107499e-08 3.700000e-03 3.507022e-08 3.700000e-03 8.169356e-08 3.700000e-03 9.097924e-06 
3.500000e-03 3.022431e-08 3.500000e-03 3.411099e-08 3.500000e-03 7.731322e-08 3.500000e-03 9.246276e-06 
3.300000e-03 2.934360e-08 3.300000e-03 3.312378e-08 3.300000e-03 7.424696e-08 3.300000e-03 9.406038e-06 
3.100000e-03 2.843287e-08 3.100000e-03 3.210603e-08 3.100000e-03 7.069888e-08 3.100000e-03 9.759799e-06 
2.900000e-03 2.749211e-08 2.900000e-03 3.105470e-08 2.900000e-03 6.558847e-08 2.900000e-03 1.037317e-05 
2.750000e-03 2.677153e-08 2.750000e-03 3.024084e-08 2.750000e-03 6.514314e-08 2.750000e-03 1.071838e-05 
2.625000e-03 2.615103e-08 2.625000e-03 2.954674e-08 2.625000e-03 6.466129e-08 2.625000e-03 1.108640e-05 
2.475000e-03 2.539042e-08 2.475000e-03 2.869111e-08 2.475000e-03 6.260984e-08 2.475000e-03 1.167695e-05 
2.350000e-03 2.473990e-08 2.350000e-03 2.795761e-08 2.350000e-03 6.231781e-08 2.350000e-03 1.225895e-05 
2.250000e-03 2.420947e-08 2.250000e-03 2.735687e-08 2.250000e-03 6.304787e-08 2.250000e-03 1.274109e-05 
2.150000e-03 2.365902e-08 2.150000e-03 2.674257e-08 2.150000e-03 6.244191e-08 2.150000e-03 1.343149e-05 
2.050000e-03 2.309858e-08 2.050000e-03 2.611375e-08 2.050000e-03 6.224480e-08 2.050000e-03 1.402775e-05 
1.950000e-03 2.252812e-08 1.950000e-03 2.546933e-08 1.950000e-03 6.316468e-08 1.950000e-03 1.473527e-05 
1.850000e-03 2.193764e-08 1.850000e-03 2.480809e-08 1.850000e-03 6.507743e-08 1.850000e-03 1.553694e-05 
1.750000e-03 2.133716e-08 1.750000e-03 2.412866e-08 1.750000e-03 6.874963e-08 1.750000e-03 1.589355e-05 
1.650000e-03 2.071666e-08 1.650000e-03 2.342944e-08 1.650000e-03 7.149465e-08 1.650000e-03 1.665813e-05 
1.550000e-03 2.007615e-08 1.550000e-03 2.270860e-08 1.550000e-03 7.431997e-08 1.550000e-03 1.769088e-05 
1.462500e-03 1.950569e-08 1.462500e-03 2.205864e-08 1.462500e-03 7.694819e-08 1.462500e-03 1.867229e-05 
1.387500e-03 1.899528e-08 1.387500e-03 2.148741e-08 1.387500e-03 7.979541e-08 1.387500e-03 1.961660e-05 
1.312500e-03 1.847486e-08 1.312500e-03 2.089893e-08 1.312500e-03 8.286167e-08 1.312500e-03 2.060656e-05 
1.237500e-03 1.793443e-08 1.237500e-03 2.029114e-08 1.237500e-03 8.621993e-08 1.237500e-03 2.077488e-05 
1.175000e-03 1.747405e-08 1.175000e-03 1.977273e-08 1.175000e-03 8.899416e-08 1.175000e-03 2.135116e-05 
1.125000e-03 1.710376e-08 1.125000e-03 1.934756e-08 1.125000e-03 9.162237e-08 1.125000e-03 2.217565e-05 
1.075000e-03 1.671344e-08 1.075000e-03 1.891247e-08 1.075000e-03 9.388554e-08 1.075000e-03 2.332823e-05 
1.025000e-03 1.632313e-08 1.025000e-03 1.846747e-08 1.025000e-03 9.695179e-08 1.025000e-03 2.437240e-05 
9.800000e-04 1.596284e-08 9.800000e-04 1.806168e-08 9.800000e-04 1.003831e-07 9.800000e-04 2.571041e-05 
9.400000e-04 1.563257e-08 9.400000e-04 1.768942e-08 9.400000e-04 1.041064e-07 9.400000e-04 2.830941e-05 
9.000000e-04 1.529230e-08 9.000000e-04 1.730913e-08 9.000000e-04 1.084137e-07 9.000000e-04 2.989848e-05 
8.600000e-04 1.495203e-08 8.600000e-04 1.692029e-08 8.600000e-04 1.138161e-07 8.600000e-04 3.081141e-05 
8.200000e-04 1.459173e-08 8.200000e-04 1.652228e-08 8.200000e-04 1.188536e-07 8.200000e-04 3.215227e-05 
7.800000e-04 1.423145e-08 7.800000e-04 1.611442e-08 7.800000e-04 1.246210e-07 7.800000e-04 3.369285e-05 
7.400000e-04 1.386115e-08 7.400000e-04 1.569596e-08 7.400000e-04 1.308265e-07 7.400000e-04 3.537606e-05 
7.050000e-04 1.353088e-08 7.050000e-04 1.532032e-08 7.050000e-04 1.352069e-07 7.050000e-04 3.748721e-05 
6.750000e-04 1.324065e-08 6.750000e-04 1.499092e-08 6.750000e-04 1.389302e-07 6.750000e-04 3.897072e-05 
6.450000e-04 1.294041e-08 6.450000e-04 1.465411e-08 6.450000e-04 1.352799e-07 6.450000e-04 4.225157e-05 
6.150000e-04 1.264017e-08 6.150000e-04 1.430936e-08 6.150000e-04 1.384191e-07 6.150000e-04 4.390625e-05 
5.875000e-04 1.234993e-08 5.875000e-04 1.398589e-08 5.875000e-04 1.426535e-07 5.875000e-04 4.553241e-05 
5.625000e-04 1.208972e-08 5.625000e-04 1.368517e-08 5.625000e-04 1.462308e-07 5.625000e-04 4.715857e-05 
5.375000e-04 1.180950e-08 5.375000e-04 1.337767e-08 5.375000e-04 1.506111e-07 5.375000e-04 4.892737e-05 
5.125000e-04 1.153928e-08 5.125000e-04 1.306293e-08 5.125000e-04 1.641172e-07 5.125000e-04 4.787180e-05 
4.875000e-04 1.124905e-08 4.875000e-04 1.274041e-08 4.875000e-04 1.721478e-07 4.875000e-04 4.827121e-05 
4.625000e-04 1.095881e-08 4.625000e-04 1.240950e-08 4.625000e-04 1.793754e-07 4.625000e-04 4.992590e-05 
4.375000e-04 1.065857e-08 4.375000e-04 1.206950e-08 4.375000e-04 1.874791e-07 4.375000e-04 5.169470e-05 
4.125000e-04 1.034832e-08 4.125000e-04 1.171966e-08 4.125000e-04 1.963128e-07 4.125000e-04 5.317821e-05 
3.900000e-04 1.005809e-08 3.900000e-04 1.139577e-08 3.900000e-04 2.050735e-07 3.900000e-04 5.449055e-05 
3.700000e-04 9.799882e-09 3.700000e-04 1.109978e-08 3.700000e-04 2.134692e-07 3.700000e-04 5.685846e-05 
3.500000e-04 9.531665e-09 3.500000e-04 1.079567e-08 3.500000e-04 2.232520e-07 3.500000e-04 5.979696e-05 
3.300000e-04 9.254443e-09 3.300000e-04 1.048275e-08 3.300000e-04 2.331077e-07 3.300000e-04 6.316338e-05 
3.100000e-04 8.970214e-09 3.100000e-04 1.016017e-08 3.100000e-04 2.444966e-07 3.100000e-04 6.690070e-05 
2.900000e-04 8.674975e-09 2.900000e-04 9.827010e-09 2.900000e-04 2.560316e-07 2.900000e-04 7.135123e-05 
2.750000e-04 8.447794e-09 2.750000e-04 9.569132e-09 2.750000e-04 2.650113e-07 2.750000e-04 7.603000e-05 
2.625000e-04 8.253637e-09 2.625000e-04 9.349223e-09 2.625000e-04 2.731149e-07 2.625000e-04 8.076583e-05 
2.475000e-04 8.014446e-09 2.475000e-04 9.078163e-09 2.475000e-04 2.862560e-07 2.475000e-04 8.592959e-05 
2.350000e-04 7.809280e-09 2.350000e-04 8.845817e-09 2.350000e-04 2.981560e-07 2.350000e-04 9.057984e-05 
2.250000e-04 7.641145e-09 2.250000e-04 8.655539e-09 2.250000e-04 3.129761e-07 2.250000e-04 9.448832e-05 
2.150000e-04 7.469006e-09 2.150000e-04 8.460979e-09 2.150000e-04 3.279423e-07 2.150000e-04 9.888179e-05 
2.050000e-04 7.293866e-09 2.050000e-04 8.261837e-09 2.050000e-04 3.429086e-07 2.050000e-04 1.036747e-04 
1.950000e-04 7.113721e-09 1.950000e-04 8.057767e-09 1.950000e-04 3.625471e-07 1.950000e-04 1.087814e-04 
1.850000e-04 6.928571e-09 1.850000e-04 7.848387e-09 1.850000e-04 3.740091e-07 1.850000e-04 1.150578e-04 
1.750000e-04 6.738418e-09 1.750000e-04 7.633258e-09 1.750000e-04 3.983200e-07 1.750000e-04 1.214483e-04 
1.650000e-04 6.543262e-09 1.650000e-04 7.411882e-09 1.650000e-04 4.317567e-07 1.650000e-04 1.279529e-04 
1.550000e-04 6.342101e-09 1.550000e-04 7.183678e-09 1.550000e-04 4.673106e-07 1.550000e-04 1.351993e-04 
1.462500e-04 6.159954e-09 1.462500e-04 6.977928e-09 1.462500e-04 4.938847e-07 1.462500e-04 1.422175e-04 
1.387500e-04 5.999825e-09 1.387500e-04 6.797108e-09 1.387500e-04 5.139613e-07 1.387500e-04 1.488647e-04 
1.312500e-04 5.835692e-09 1.312500e-04 6.610835e-09 1.312500e-04 5.355711e-07 1.312500e-04 1.562252e-04 
1.237500e-04 5.666557e-09 1.237500e-04 6.418467e-09 1.237500e-04 5.590790e-07 1.237500e-04 1.644416e-04 
1.175000e-04 5.521440e-09 1.175000e-04 6.254394e-09 1.175000e-04 5.798856e-07 1.175000e-04 1.720589e-04 
1.125000e-04 5.402344e-09 1.125000e-04 6.119837e-09 1.125000e-04 5.957279e-07 1.125000e-04 1.786491e-04 
1.075000e-04 5.281247e-09 1.075000e-04 5.982143e-09 1.075000e-04 6.104751e-07 1.075000e-04 1.857814e-04 
1.025000e-04 5.157147e-09 1.025000e-04 5.841315e-09 1.025000e-04 6.285075e-07 1.025000e-04 1.936554e-04 
9.800000e-05 5.042055e-09 9.800000e-05 5.712903e-09 9.800000e-05 6.442038e-07 9.800000e-05 2.034694e-04 
9.400000e-05 4.937971e-09 9.400000e-05 5.595105e-09 9.400000e-05 6.706319e-07 9.400000e-05 2.147384e-04 
9.000000e-05 4.831886e-09 9.000000e-05 5.474772e-09 9.000000e-05 6.872772e-07 9.000000e-05 2.278618e-04 
8.600000e-05 4.723800e-09 8.600000e-05 5.351733e-09 8.600000e-05 6.779325e-07 8.600000e-05 2.443801e-04 
8.200000e-05 4.612709e-09 8.200000e-05 5.225797e-09 8.200000e-05 6.928987e-07 8.200000e-05 2.607843e-04 
7.800000e-05 4.498618e-09 7.800000e-05 5.096752e-09 7.800000e-05 7.156035e-07 7.800000e-05 2.792426e-04 
7.400000e-05 4.381524e-09 7.400000e-05 4.964350e-09 7.400000e-05 7.424697e-07 7.400000e-05 3.001259e-04 
7.050000e-05 4.276439e-09 7.050000e-05 4.845503e-09 7.050000e-05 7.592610e-07 7.050000e-05 3.200963e-04 
6.750000e-05 4.184365e-09 6.750000e-05 4.741286e-09 6.750000e-05 7.358992e-07 6.750000e-05 3.466284e-04 
6.450000e-05 4.090289e-09 6.450000e-05 4.634727e-09 6.450000e-05 7.505003e-07 6.450000e-05 3.657428e-04 
6.150000e-05 3.994212e-09 6.150000e-05 4.525661e-09 6.150000e-05 7.680218e-07 6.150000e-05 3.851426e-04 
5.875000e-05 3.904139e-09 5.875000e-05 4.423329e-09 5.875000e-05 7.870033e-07 5.875000e-05 4.048277e-04 
5.625000e-05 3.820072e-09 5.625000e-05 4.328193e-09 5.625000e-05 8.052547e-07 5.625000e-05 4.242274e-04 
5.375000e-05 3.734003e-09 5.375000e-05 4.230917e-09 5.375000e-05 8.534386e-07 5.375000e-05 4.339273e-04 
5.125000e-05 3.645932e-09 5.125000e-05 4.131351e-09 5.125000e-05 9.264444e-07 5.125000e-05 4.533271e-04 
4.875000e-05 3.555860e-09 4.875000e-05 4.029326e-09 4.875000e-05 9.622173e-07 4.875000e-05 4.775768e-04 
4.625000e-05 3.463786e-09 4.625000e-05 3.924648e-09 4.625000e-05 9.884996e-07 4.625000e-05 5.035383e-04 
4.375000e-05 3.368709e-09 4.375000e-05 3.817100e-09 4.375000e-05 1.022082e-06 4.375000e-05 5.323527e-04 
4.125000e-05 3.271631e-09 4.125000e-05 3.706434e-09 4.125000e-05 1.062235e-06 4.125000e-05 5.648758e-04 
3.900000e-05 3.180558e-09 3.900000e-05 3.603983e-09 3.900000e-05 1.084867e-06 3.900000e-05 5.976844e-04 
3.700000e-05 3.098492e-09 3.700000e-05 3.510359e-09 3.700000e-05 1.112610e-06 3.700000e-05 6.302074e-04 
3.500000e-05 3.013424e-09 3.500000e-05 3.414169e-09 3.500000e-05 1.149842e-06 3.500000e-05 6.667246e-04 
3.300000e-05 2.926353e-09 3.300000e-05 3.315188e-09 3.300000e-05 1.188536e-06 3.300000e-05 7.072359e-04 
3.100000e-05 2.836281e-09 3.100000e-05 3.213159e-09 3.100000e-05 1.222118e-06 3.100000e-05 7.531677e-04 
2.900000e-05 2.743206e-09 2.900000e-05 3.107782e-09 2.900000e-05 1.265922e-06 2.900000e-05 8.133641e-04 
2.750000e-05 2.671148e-09 2.750000e-05 3.026218e-09 2.750000e-05 1.302425e-06 2.750000e-05 8.704223e-04 
2.625000e-05 2.609098e-09 2.625000e-05 2.956664e-09 2.625000e-05 1.324326e-06 2.625000e-05 9.243422e-04 
2.475000e-05 2.534038e-09 2.475000e-05 2.870932e-09 2.475000e-05 1.327977e-06 2.475000e-05 9.970914e-04 
2.350000e-05 2.468985e-09 2.350000e-05 2.797445e-09 2.350000e-05 1.363020e-06 2.350000e-05 1.065276e-03 
2.250000e-05 2.415943e-09 2.250000e-05 2.737264e-09 2.250000e-05 1.404633e-06 2.250000e-05 1.126613e-03 
2.150000e-05 2.361900e-09 2.150000e-05 2.675729e-09 2.150000e-05 1.423615e-06 2.150000e-05 1.194513e-03 
2.050000e-05 2.305854e-09 2.050000e-05 2.612745e-09 2.050000e-05 1.462307e-06 2.050000e-05 1.269829e-03 
1.950000e-05 2.248808e-09 1.950000e-05 2.548204e-09 1.950000e-05 1.509761e-06 1.950000e-05 1.349996e-03 
1.850000e-05 2.190762e-09 1.850000e-05 2.481984e-09 1.850000e-05 1.557945e-06 1.850000e-05 1.435583e-03 
1.750000e-05 2.130713e-09 1.750000e-05 2.413947e-09 1.750000e-05 1.595908e-06 1.750000e-05 1.531727e-03 
1.650000e-05 2.068663e-09 1.650000e-05 2.343933e-09 1.650000e-05 1.619270e-06 1.650000e-05 1.640707e-03 
1.550000e-05 2.005613e-09 1.550000e-05 2.271760e-09 1.550000e-05 1.671835e-06 1.550000e-05 1.764809e-03 
1.462500e-05 1.947566e-09 1.462500e-05 2.206689e-09 1.462500e-05 1.747761e-06 1.462500e-05 1.888340e-03 
1.387500e-05 1.897526e-09 1.387500e-05 2.149503e-09 1.387500e-05 1.794484e-06 1.387500e-05 2.007877e-03 
1.312500e-05 1.845484e-09 1.312500e-05 2.090593e-09 1.312500e-05 1.834637e-06 1.312500e-05 2.142534e-03 
1.237500e-05 1.791441e-09 1.237500e-05 2.029756e-09 1.237500e-05 1.909104e-06 1.237500e-05 2.294594e-03 
1.175000e-05 1.745404e-09 1.175000e-05 1.977867e-09 1.175000e-05 1.912754e-06 1.175000e-05 2.436954e-03 
1.125000e-05 1.708374e-09 1.125000e-05 1.935312e-09 1.125000e-05 1.952907e-06 1.125000e-05 2.564194e-03 
1.075000e-05 1.670343e-09 1.075000e-05 1.891767e-09 1.075000e-05 1.993790e-06 1.075000e-05 2.703986e-03 
1.025000e-05 1.630311e-09 1.025000e-05 1.847230e-09 1.025000e-05 2.068986e-06 1.025000e-05 2.858614e-03 
9.800000e-06 1.594282e-09 9.800000e-06 1.000000e-33 9.800000e-06 2.145643e-06 9.800000e-06 3.004112e-03 
9.400001e-06 1.561256e-09 9.400001e-06 1.000000e-33 9.400001e-06 2.252961e-06 9.400001e-06 3.138199e-03 
8.999999e-06 1.528229e-09 8.999999e-06 1.000000e-33 8.999999e-06 2.301145e-06 8.999999e-06 3.283697e-03 
8.600000e-06 1.493201e-09 8.600000e-06 1.000000e-33 8.600000e-06 2.301875e-06 8.600000e-06 3.443460e-03 
8.200001e-06 1.458173e-09 8.200001e-06 1.000000e-33 8.200001e-06 2.355169e-06 8.200001e-06 3.620340e-03 
7.800000e-06 1.422144e-09 7.800000e-06 1.000000e-33 7.800000e-06 2.412844e-06 7.800000e-06 3.814338e-03 
7.400000e-06 1.385114e-09 7.400000e-06 1.000000e-33 7.400000e-06 2.474899e-06 7.400000e-06 4.034012e-03 
7.050000e-06 1.352087e-09 7.050000e-06 1.000000e-33 7.050000e-06 2.539144e-06 7.050000e-06 4.247980e-03 
6.750000e-06 1.323064e-09 6.750000e-06 1.000000e-33 6.750000e-06 2.639892e-06 6.750000e-06 4.459096e-03 
6.450000e-06 1.293040e-09 6.450000e-06 1.000000e-33 6.450000e-06 2.717279e-06 6.450000e-06 4.701593e-03 
6.150000e-06 1.263016e-09 6.150000e-06 1.000000e-33 6.150000e-06 2.801965e-06 6.150000e-06 4.978325e-03 
5.875000e-06 1.234993e-09 5.875000e-06 1.000000e-33 5.875000e-06 2.886652e-06 5.875000e-06 5.283586e-03 
5.625000e-06 1.207972e-09 5.625000e-06 1.000000e-33 5.625000e-06 2.972799e-06 5.625000e-06 5.651611e-03 
5.375000e-06 1.180950e-09 5.375000e-06 1.000000e-33 5.375000e-06 3.085958e-06 5.375000e-06 6.011078e-03 
5.125000e-06 1.152927e-09 5.125000e-06 1.000000e-33 5.125000e-06 3.216639e-06 5.125000e-06 6.330603e-03 
4.875000e-06 1.124905e-09 4.875000e-06 1.000000e-33 4.875000e-06 3.334178e-06 4.875000e-06 6.658689e-03 
4.625000e-06 1.094881e-09 4.625000e-06 1.000000e-33 4.625000e-06 3.434197e-06 4.625000e-06 7.003889e-03 
4.375000e-06 1.064856e-09 4.375000e-06 1.000000e-33 4.375000e-06 3.544435e-06 4.375000e-06 7.380473e-03 
4.125000e-06 1.034832e-09 4.125000e-06 1.000000e-33 4.125000e-06 3.679496e-06 4.125000e-06 7.665764e-03 
3.900000e-06 1.005809e-09 3.900000e-06 1.000000e-33 3.900000e-06 3.829158e-06 3.900000e-06 7.965321e-03 
3.700000e-06 9.796879e-10 3.700000e-06 1.000000e-33 3.700000e-06 3.979550e-06 3.700000e-06 8.316226e-03 
3.500000e-06 9.528662e-10 3.500000e-06 1.000000e-33 3.500000e-06 4.143083e-06 3.500000e-06 8.735606e-03 
3.300000e-06 9.252440e-10 3.300000e-06 1.000000e-33 3.300000e-06 4.315377e-06 3.300000e-06 9.223452e-03 
3.100000e-06 8.967212e-10 3.100000e-06 1.000000e-33 3.100000e-06 4.497161e-06 3.100000e-06 9.779769e-03 
2.900000e-06 8.672975e-10 2.900000e-06 1.000000e-33 2.900000e-06 4.719099e-06 2.900000e-06 1.044735e-02 
2.750000e-06 8.445792e-10 2.750000e-06 1.000000e-33 2.750000e-06 4.922056e-06 2.750000e-06 1.103505e-02 
2.625000e-06 8.251635e-10 2.625000e-06 1.000000e-33 2.625000e-06 5.107491e-06 2.625000e-06 1.158281e-02 
2.475000e-06 8.012444e-10 2.475000e-06 1.000000e-33 2.475000e-06 5.341840e-06 2.475000e-06 1.231886e-02 
2.350000e-06 7.807279e-10 2.350000e-06 1.000000e-33 2.350000e-06 5.549176e-06 2.350000e-06 1.300070e-02 
2.250000e-06 7.640144e-10 2.250000e-06 1.000000e-33 2.250000e-06 5.735341e-06 2.250000e-06 1.360552e-02 
2.150000e-06 7.468005e-10 2.150000e-06 1.000000e-33 2.150000e-06 5.934647e-06 2.150000e-06 1.426739e-02 
2.050000e-06 7.291864e-10 2.050000e-06 1.000000e-33 2.050000e-06 6.144905e-06 2.050000e-06 1.499774e-02 
1.950000e-06 7.112720e-10 1.950000e-06 1.000000e-33 1.950000e-06 6.407725e-06 1.950000e-06 1.575946e-02 
1.850000e-06 6.927571e-10 1.850000e-06 1.000000e-33 1.850000e-06 6.731141e-06 1.850000e-06 1.655828e-02 
1.750000e-06 6.737418e-10 1.750000e-06 1.000000e-33 1.750000e-06 7.089600e-06 1.750000e-06 1.744553e-02 
1.650000e-06 6.542261e-10 1.650000e-06 1.000000e-33 1.650000e-06 7.483101e-06 1.650000e-06 1.843549e-02 
1.550000e-06 6.341099e-10 1.550000e-06 1.000000e-33 1.550000e-06 7.928436e-06 1.550000e-06 1.955098e-02 
1.462500e-06 6.158953e-10 1.462500e-06 1.000000e-33 1.462500e-06 8.373774e-06 1.462500e-06 2.064079e-02 
1.387500e-06 5.999826e-10 1.387500e-06 1.000000e-33 1.387500e-06 8.811809e-06 1.387500e-06 2.168781e-02 
1.312500e-06 5.834692e-10 1.312500e-06 1.000000e-33 1.312500e-06 9.286347e-06 1.312500e-06 2.285180e-02 
1.237500e-06 5.665556e-10 1.237500e-06 1.000000e-33 1.237500e-06 9.819290e-06 1.237500e-06 2.414986e-02 
1.175000e-06 5.520440e-10 1.175000e-06 1.000000e-33 1.175000e-06 1.030843e-05 1.175000e-06 2.535379e-02 
1.125000e-06 5.402344e-10 1.125000e-06 1.000000e-33 1.125000e-06 1.073916e-05 1.125000e-06 2.640937e-02 
1.075000e-06 5.280246e-10 1.075000e-06 1.000000e-33 1.075000e-06 1.121370e-05 1.075000e-06 2.756195e-02 
1.025000e-06 5.156147e-10 1.025000e-06 1.000000e-33 1.025000e-06 1.173934e-05 1.025000e-06 2.881437e-02 
9.800000e-07 5.042055e-10 9.800000e-07 1.000000e-33 9.800000e-07 1.230879e-05 9.800000e-07 3.006965e-02 
9.399999e-07 4.937971e-10 9.399999e-07 1.000000e-33 9.399999e-07 1.292204e-05 9.399999e-07 3.129640e-02 
9.000000e-07 4.831886e-10 9.000000e-07 1.000000e-33 9.000000e-07 1.358639e-05 9.000000e-07 3.260874e-02 
8.600000e-07 4.722798e-10 8.600000e-07 1.000000e-33 8.600000e-07 1.431645e-05 8.600000e-07 3.406373e-02 
8.200000e-07 4.611709e-10 8.200000e-07 1.000000e-33 8.200000e-07 1.511952e-05 8.200000e-07 3.563282e-02 
7.800000e-07 4.498618e-10 7.800000e-07 1.000000e-33 7.800000e-07 1.600289e-05 7.800000e-07 3.737310e-02 
7.400000e-07 4.381523e-10 7.400000e-07 1.000000e-33 7.400000e-07 1.699577e-05 7.400000e-07 3.928455e-02 
7.050000e-07 4.276439e-10 7.050000e-07 1.000000e-33 7.050000e-07 1.810545e-05 7.050000e-07 4.113893e-02 
6.750000e-07 4.184365e-10 6.750000e-07 1.000000e-33 6.750000e-07 1.935386e-05 6.750000e-07 4.282215e-02 
6.450000e-07 4.090289e-10 6.450000e-07 1.000000e-33 6.450000e-07 2.074097e-05 6.450000e-07 4.467654e-02 
6.150000e-07 3.994212e-10 6.150000e-07 1.000000e-33 6.150000e-07 2.230329e-05 6.150000e-07 4.667358e-02 
5.875000e-07 3.904140e-10 5.875000e-07 1.000000e-33 5.875000e-07 2.390942e-05 5.875000e-07 4.869914e-02 
5.625000e-07 3.820072e-10 5.625000e-07 1.000000e-33 5.625000e-07 2.553745e-05 5.625000e-07 5.069618e-02 
5.375000e-07 3.734003e-10 5.375000e-07 1.000000e-33 5.375000e-07 2.734800e-05 5.375000e-07 5.286438e-02 
5.125000e-07 3.645932e-10 5.125000e-07 1.000000e-33 5.125000e-07 2.938486e-05 5.125000e-07 5.523231e-02 
4.875000e-07 3.555860e-10 4.875000e-07 1.000000e-33 4.875000e-07 3.229050e-05 4.875000e-07 5.797109e-02 
4.625000e-07 3.463785e-10 4.625000e-07 1.000000e-33 4.625000e-07 3.634232e-05 4.625000e-07 6.110929e-02 
4.375000e-07 3.368709e-10 4.375000e-07 1.000000e-33 4.375000e-07 4.117531e-05 4.375000e-07 6.461836e-02 
4.125000e-07 3.270630e-10 4.125000e-07 1.000000e-33 4.125000e-07 4.698658e-05 4.125000e-07 6.858391e-02 
3.900000e-07 3.180558e-10 3.900000e-07 1.000000e-33 3.900000e-07 5.325048e-05 3.900000e-07 7.257799e-02 
3.700000e-07 3.098492e-10 3.700000e-07 1.000000e-33 3.700000e-07 5.993052e-05 3.700000e-07 7.654352e-02 
3.500000e-07 3.013423e-10 3.500000e-07 1.000000e-33 3.500000e-07 6.800496e-05 3.500000e-07 8.105112e-02 
3.300000e-07 2.925353e-10 3.300000e-07 1.000000e-33 3.300000e-07 7.789726e-05 3.300000e-07 8.612930e-02 
3.100000e-07 2.835280e-10 3.100000e-07 1.000000e-33 3.100000e-07 8.994323e-05 3.100000e-07 9.189218e-02 
2.900000e-07 2.742205e-10 2.900000e-07 1.000000e-33 2.900000e-07 1.054205e-04 2.900000e-07 9.839681e-02 
2.750000e-07 2.671148e-10 2.750000e-07 1.000000e-33 2.750000e-07 1.197296e-04 2.750000e-07 1.039029e-01 
2.625000e-07 2.609098e-10 2.625000e-07 1.000000e-33 2.625000e-07 1.338928e-04 2.625000e-07 1.090382e-01 
2.475000e-07 2.534038e-10 2.475000e-07 1.000000e-33 2.475000e-07 1.538234e-04 2.475000e-07 1.155998e-01 
2.350000e-07 2.468986e-10 2.350000e-07 1.000000e-33 2.350000e-07 1.736810e-04 2.350000e-07 1.214768e-01 
2.250000e-07 2.415943e-10 2.250000e-07 1.000000e-33 2.250000e-07 1.925165e-04 2.250000e-07 1.266121e-01 
2.150000e-07 2.361899e-10 2.150000e-07 1.000000e-33 2.150000e-07 2.143452e-04 2.150000e-07 1.322038e-01 
2.050000e-07 2.305854e-10 2.050000e-07 1.000000e-33 2.050000e-07 2.399703e-04 2.050000e-07 1.382805e-01 
1.950000e-07 2.248808e-10 1.950000e-07 1.000000e-33 1.950000e-07 2.640622e-04 1.950000e-07 1.452130e-01 
1.850000e-07 2.190762e-10 1.850000e-07 1.000000e-33 1.850000e-07 2.855260e-04 1.850000e-07 1.532012e-01 
1.750000e-07 2.130714e-10 1.750000e-07 1.000000e-33 1.750000e-07 3.100559e-04 1.750000e-07 1.621308e-01 
1.650000e-07 2.068664e-10 1.650000e-07 1.000000e-33 1.650000e-07 3.383092e-04 1.650000e-07 1.720874e-01 
1.550000e-07 2.005613e-10 1.550000e-07 1.000000e-33 1.550000e-07 3.712349e-04 1.550000e-07 1.833850e-01 
1.462500e-07 1.947566e-10 1.462500e-07 1.000000e-33 1.462500e-07 4.021893e-04 1.462500e-07 1.945113e-01 
1.387500e-07 1.897526e-10 1.387500e-07 1.000000e-33 1.387500e-07 4.297855e-04 1.387500e-07 2.052097e-01 
1.312500e-07 1.845484e-10 1.312500e-07 1.000000e-33 1.312500e-07 4.609590e-04 1.312500e-07 2.171348e-01 
1.237500e-07 1.791441e-10 1.237500e-07 1.000000e-33 1.237500e-07 4.964399e-04 1.237500e-07 2.305150e-01 
1.175000e-07 1.745404e-10 1.175000e-07 1.000000e-33 1.175000e-07 5.298766e-04 1.175000e-07 2.429536e-01 
1.125000e-07 1.708374e-10 1.125000e-07 1.000000e-33 1.125000e-07 5.596630e-04 1.125000e-07 2.539373e-01 
1.075000e-07 1.670343e-10 1.075000e-07 1.000000e-33 1.075000e-07 5.927346e-04 1.075000e-07 2.659196e-01 
1.025000e-07 1.630311e-10 1.025000e-07 1.000000e-33 1.025000e-07 6.293835e-04 1.025000e-07 2.791285e-01 
9.800000e-08 1.594282e-10 9.800000e-08 1.000000e-33 9.800000e-08 6.617983e-04 9.800000e-08 2.924231e-01 
9.400000e-08 1.561256e-10 9.400000e-08 1.000000e-33 9.400000e-08 6.885184e-04 9.400000e-08 3.055464e-01 
9.000000e-08 1.528229e-10 9.000000e-08 1.000000e-33 9.000000e-08 7.176477e-04 9.000000e-08 3.200963e-01 
8.600000e-08 1.493201e-10 8.600000e-08 1.000000e-33 8.600000e-08 7.490402e-04 8.600000e-08 3.357873e-01 
8.200000e-08 1.458173e-10 8.200000e-08 1.000000e-33 8.200000e-08 7.840829e-04 8.200000e-08 3.531900e-01 
7.800000e-08 1.422144e-10 7.800000e-08 1.000000e-33 7.800000e-08 8.220461e-04 7.800000e-08 3.725898e-01 
7.400000e-08 1.385114e-10 7.400000e-08 1.000000e-33 7.400000e-08 8.643895e-04 7.400000e-08 3.939866e-01 
7.050000e-08 1.352087e-10 7.050000e-08 1.000000e-33 7.050000e-08 9.001623e-04 7.050000e-08 4.142422e-01 
6.750000e-08 1.323064e-10 6.750000e-08 1.000000e-33 6.750000e-08 9.271745e-04 6.750000e-08 4.322156e-01 
6.450000e-08 1.293040e-10 6.450000e-08 1.000000e-33 6.450000e-08 9.563769e-04 6.450000e-08 4.510448e-01 
6.150000e-08 1.263016e-10 6.150000e-08 1.000000e-33 6.150000e-08 9.877695e-04 6.150000e-08 4.715857e-01 
5.875000e-08 1.234993e-10 5.875000e-08 1.000000e-33 5.875000e-08 1.018432e-03 5.875000e-08 4.921267e-01 
5.625000e-08 1.207972e-10 5.625000e-08 1.000000e-33 5.625000e-08 1.049094e-03 5.625000e-08 5.123823e-01 
5.375000e-08 1.180950e-10 5.375000e-08 1.000000e-33 5.375000e-08 1.081947e-03 5.375000e-08 5.346351e-01 
5.125000e-08 1.152927e-10 5.125000e-08 1.000000e-33 5.125000e-08 1.117720e-03 5.125000e-08 5.588847e-01 
4.875000e-08 1.124905e-10 4.875000e-08 1.000000e-33 4.875000e-08 1.163714e-03 4.875000e-08 5.857021e-01 
4.625000e-08 1.094881e-10 4.625000e-08 1.000000e-33 4.625000e-08 1.219198e-03 4.625000e-08 6.133752e-01 
4.375000e-08 1.064856e-10 4.375000e-08 1.000000e-33 4.375000e-08 1.273222e-03 4.375000e-08 6.404779e-01 
4.125000e-08 1.034832e-10 4.125000e-08 1.000000e-33 4.125000e-08 1.325057e-03 4.125000e-08 6.667247e-01 
3.900000e-08 1.005809e-10 3.900000e-08 1.000000e-33 3.900000e-08 1.369590e-03 3.900000e-08 6.889774e-01 
3.700000e-08 9.796878e-11 3.700000e-08 1.000000e-33 3.700000e-08 1.406093e-03 3.700000e-08 7.075213e-01 
3.500000e-08 9.528663e-11 3.500000e-08 1.000000e-33 3.500000e-08 1.439676e-03 3.500000e-08 7.246386e-01 
3.300000e-08 9.252441e-11 3.300000e-08 1.000000e-33 3.300000e-08 1.469608e-03 3.300000e-08 7.394738e-01 
3.100000e-08 8.967211e-11 3.100000e-08 1.000000e-33 3.100000e-08 1.493700e-03 3.100000e-08 7.517413e-01 
2.900000e-08 8.672974e-11 2.900000e-08 1.000000e-33 2.900000e-08 1.512681e-03 2.900000e-08 7.611559e-01 
2.750000e-08 8.445793e-11 2.750000e-08 1.000000e-33 2.750000e-08 1.522902e-03 2.750000e-08 7.662911e-01 
2.625000e-08 8.251635e-11 2.625000e-08 1.000000e-33 2.625000e-08 1.527283e-03 2.625000e-08 7.685735e-01 
2.475000e-08 8.012443e-11 2.475000e-08 1.000000e-33 2.475000e-08 1.528013e-03 2.475000e-08 7.688587e-01 
2.350000e-08 7.807278e-11 2.350000e-08 1.000000e-33 2.350000e-08 1.524363e-03 2.350000e-08 7.674323e-01 
2.250000e-08 7.640145e-11 2.250000e-08 1.000000e-33 2.250000e-08 1.518522e-03 2.250000e-08 7.642941e-01 
2.150000e-08 7.468007e-11 2.150000e-08 1.000000e-33 2.150000e-08 1.509761e-03 2.150000e-08 7.600148e-01 
2.050000e-08 7.291864e-11 2.050000e-08 1.000000e-33 2.050000e-08 1.497350e-03 2.050000e-08 7.537383e-01 
1.950000e-08 7.111719e-11 1.950000e-08 1.000000e-33 1.950000e-08 1.482019e-03 1.950000e-08 7.460355e-01 
1.850000e-08 6.927570e-11 1.850000e-08 1.000000e-33 1.850000e-08 1.462308e-03 1.850000e-08 7.363356e-01 
1.750000e-08 6.737418e-11 1.750000e-08 1.000000e-33 1.750000e-08 1.438946e-03 1.750000e-08 7.246386e-01 
1.650000e-08 6.542261e-11 1.650000e-08 1.000000e-33 1.650000e-08 1.411933e-03 1.650000e-08 7.109447e-01 
1.550000e-08 6.341100e-11 1.550000e-08 1.000000e-33 1.550000e-08 1.379811e-03 1.550000e-08 6.946831e-01 
1.462500e-08 6.158953e-11 1.462500e-08 1.000000e-33 1.462500e-08 1.347688e-03 1.462500e-08 6.787068e-01 
1.387500e-08 5.999825e-11 1.387500e-08 1.000000e-33 1.387500e-08 1.317026e-03 1.387500e-08 6.633011e-01 
1.312500e-08 5.834692e-11 1.312500e-08 1.000000e-33 1.312500e-08 1.283443e-03 1.312500e-08 6.464690e-01 
1.237500e-08 5.665556e-11 1.237500e-08 1.000000e-33 1.237500e-08 1.246210e-03 1.237500e-08 6.279250e-01 
1.175000e-08 5.520439e-11 1.175000e-08 1.000000e-33 1.175000e-08 1.213357e-03 1.175000e-08 6.110929e-01 
1.125000e-08 5.402344e-11 1.125000e-08 1.000000e-33 1.125000e-08 1.184885e-03 1.125000e-08 5.968285e-01 
1.075000e-08 5.280246e-11 1.075000e-08 1.000000e-33 1.075000e-08 1.154953e-03 1.075000e-08 5.817080e-01 
1.025000e-08 5.156147e-11 1.025000e-08 1.000000e-33 1.025000e-08 1.123560e-03 1.025000e-08 5.657318e-01 
9.800000e-09 5.042055e-11 9.800000e-09 1.000000e-33 9.800000e-09 1.092898e-03 9.800000e-09 5.506113e-01 
9.400000e-09 4.937971e-11 9.400000e-09 1.000000e-33 9.400000e-09 1.065156e-03 9.400000e-09 5.366320e-01 
9.000000e-09 4.831886e-11 9.000000e-09 1.000000e-33 9.000000e-09 1.035953e-03 9.000000e-09 5.220822e-01 
8.600000e-09 4.722798e-11 8.600000e-09 1.000000e-33 8.600000e-09 1.006021e-03 8.600000e-09 5.066765e-01 
8.200000e-09 4.611709e-11 8.200000e-09 1.000000e-33 8.200000e-09 9.746284e-04 8.200000e-09 4.909855e-01 
7.800000e-09 4.498618e-11 7.800000e-09 1.000000e-33 7.800000e-09 9.417757e-04 7.800000e-09 4.744386e-01 
7.400000e-09 4.381524e-11 7.400000e-09 1.000000e-33 7.400000e-09 9.074630e-04 7.400000e-09 4.573212e-01 
7.050000e-09 4.276439e-11 7.050000e-09 1.000000e-33 7.050000e-09 8.768004e-04 7.050000e-09 4.416301e-01 
6.750000e-09 4.184365e-11 6.750000e-09 1.000000e-33 6.750000e-09 8.497883e-04 6.750000e-09 4.279363e-01 
6.450000e-09 4.090290e-11 6.450000e-09 1.000000e-33 6.450000e-09 8.213160e-04 6.450000e-09 4.139569e-01 
6.150000e-09 3.994212e-11 6.150000e-09 1.000000e-33 6.150000e-09 7.928438e-04 6.150000e-09 3.994071e-01 
5.875000e-09 3.904140e-11 5.875000e-09 1.000000e-33 5.875000e-09 7.658316e-04 5.875000e-09 3.857132e-01 
5.625000e-09 3.820072e-11 5.625000e-09 1.000000e-33 5.625000e-09 7.402796e-04 5.625000e-09 3.728751e-01 
5.375000e-09 3.734003e-11 5.375000e-09 1.000000e-33 5.375000e-09 7.144355e-04 5.375000e-09 3.597517e-01 
5.125000e-09 3.645932e-11 5.125000e-09 1.000000e-33 5.125000e-09 6.879343e-04 5.125000e-09 3.466283e-01 
4.875000e-09 3.555859e-11 4.875000e-09 1.000000e-33 4.875000e-09 6.609221e-04 4.875000e-09 3.329344e-01 
4.625000e-09 3.463785e-11 4.625000e-09 1.000000e-33 4.625000e-09 6.332529e-04 4.625000e-09 3.189551e-01 
4.375000e-09 3.368709e-11 4.375000e-09 1.000000e-33 4.375000e-09 6.049997e-04 4.375000e-09 3.046906e-01 
4.125000e-09 3.270630e-11 4.125000e-09 1.000000e-33 4.125000e-09 5.760893e-04 4.125000e-09 2.901407e-01 
3.900000e-09 3.180558e-11 3.900000e-09 1.000000e-33 3.900000e-09 5.495151e-04 3.900000e-09 2.768463e-01 
3.700000e-09 3.098492e-11 3.700000e-09 1.000000e-33 3.700000e-09 5.254962e-04 3.700000e-09 2.647213e-01 
3.500000e-09 3.013424e-11 3.500000e-09 1.000000e-33 3.500000e-09 5.010393e-04 3.500000e-09 2.523968e-01 
3.300000e-09 2.925352e-11 3.300000e-09 1.000000e-33 3.300000e-09 4.761443e-04 3.300000e-09 2.398725e-01 
3.100000e-09 2.835280e-11 3.100000e-09 1.000000e-33 3.100000e-09 4.508842e-04 3.100000e-09 2.271200e-01 
2.900000e-09 2.742205e-11 2.900000e-09 1.000000e-33 2.900000e-09 4.251132e-04 2.900000e-09 2.141678e-01 
2.750000e-09 2.671148e-11 2.750000e-09 1.000000e-33 2.750000e-09 4.055476e-04 2.750000e-09 2.042968e-01 
2.625000e-09 2.609098e-11 2.625000e-09 1.000000e-33 2.625000e-09 3.890483e-04 2.625000e-09 1.959663e-01 
2.475000e-09 2.534038e-11 2.475000e-09 1.000000e-33 2.475000e-09 3.689717e-04 2.475000e-09 1.858670e-01 
2.350000e-09 2.468985e-11 2.350000e-09 1.000000e-33 2.350000e-09 3.521073e-04 2.350000e-09 1.773653e-01 
2.250000e-09 2.415943e-11 2.250000e-09 1.000000e-33 2.250000e-09 3.384552e-04 2.250000e-09 1.704898e-01 
2.150000e-09 2.361900e-11 2.150000e-09 1.000000e-33 2.150000e-09 3.246571e-04 2.150000e-09 1.635572e-01 
2.050000e-09 2.305854e-11 2.050000e-09 1.000000e-33 2.050000e-09 3.107860e-04 2.050000e-09 1.565676e-01 
1.950000e-09 2.248808e-11 1.950000e-09 1.000000e-33 1.950000e-09 2.968419e-04 1.950000e-09 1.495209e-01 
1.850000e-09 2.190762e-11 1.850000e-09 1.000000e-33 1.850000e-09 2.827517e-04 1.850000e-09 1.424172e-01 
1.750000e-09 2.130713e-11 1.750000e-09 1.000000e-33 1.750000e-09 2.685156e-04 1.750000e-09 1.352564e-01 
1.650000e-09 2.068664e-11 1.650000e-09 1.000000e-33 1.650000e-09 2.541334e-04 1.650000e-09 1.280385e-01 
1.550000e-09 2.005613e-11 1.550000e-09 1.000000e-33 1.550000e-09 2.396783e-04 1.550000e-09 1.207636e-01 
1.462500e-09 1.947566e-11 1.462500e-09 1.000000e-33 1.462500e-09 2.269752e-04 1.462500e-09 1.143446e-01 
1.387500e-09 1.897526e-11 1.387500e-09 1.000000e-33 1.387500e-09 2.159514e-04 1.387500e-09 1.087814e-01 
1.312500e-09 1.845484e-11 1.312500e-09 1.000000e-33 1.312500e-09 2.049275e-04 1.312500e-09 1.032182e-01 
1.237500e-09 1.791441e-11 1.237500e-09 1.000000e-33 1.237500e-09 1.937576e-04 1.237500e-09 9.759799e-02 
1.175000e-09 1.745404e-11 1.175000e-09 1.000000e-33 1.175000e-09 1.844128e-04 1.175000e-09 9.291922e-02 
1.125000e-09 1.708374e-11 1.125000e-09 1.000000e-33 1.125000e-09 1.769662e-04 1.125000e-09 8.912485e-02 
1.075000e-09 1.670343e-11 1.075000e-09 1.000000e-33 1.075000e-09 1.693736e-04 1.075000e-09 8.533048e-02 
1.025000e-09 1.630311e-11 1.025000e-09 1.000000e-33 1.025000e-09 1.618540e-04 1.025000e-09 8.153611e-02 
9.800000e-10 1.594282e-11 9.800000e-10 1.000000e-33 9.800000e-10 1.549915e-04 9.800000e-10 7.808410e-02 
9.400000e-10 1.561256e-11 9.400000e-10 1.000000e-33 9.400000e-10 1.489320e-04 9.400000e-10 7.503148e-02 
9.000000e-10 1.528229e-11 9.000000e-10 1.000000e-33 9.000000e-10 1.427995e-04 9.000000e-10 7.195035e-02 
8.600000e-10 1.493201e-11 8.600000e-10 1.000000e-33 8.600000e-10 1.366670e-04 8.600000e-10 6.886920e-02 
8.200000e-10 1.458173e-11 8.200000e-10 1.000000e-33 8.200000e-10 1.305345e-04 8.200000e-10 6.575954e-02 
7.800000e-10 1.422144e-11 7.800000e-10 1.000000e-33 7.800000e-10 1.243290e-04 7.800000e-10 6.264986e-02 
7.400000e-10 1.385114e-11 7.400000e-10 1.000000e-33 7.400000e-10 1.181965e-04 7.400000e-10 5.954019e-02 
7.050000e-10 1.352087e-11 7.050000e-10 1.000000e-33 7.050000e-10 1.127211e-04 7.050000e-10 5.680140e-02 
6.750000e-10 1.323064e-11 6.750000e-10 1.000000e-33 6.750000e-10 1.080487e-04 6.750000e-10 5.443348e-02 
6.450000e-10 1.293040e-11 6.450000e-10 1.000000e-33 6.450000e-10 1.033763e-04 6.450000e-10 5.209411e-02 
6.150000e-10 1.263016e-11 6.150000e-10 1.000000e-33 6.150000e-10 9.870394e-05 6.150000e-10 4.972619e-02 
5.875000e-10 1.234993e-11 5.875000e-10 1.000000e-33 5.875000e-10 9.439659e-05 5.875000e-10 4.755798e-02 
5.625000e-10 1.207971e-11 5.625000e-10 1.000000e-33 5.625000e-10 9.045427e-05 5.625000e-10 4.556094e-02 
5.375000e-10 1.180950e-11 5.375000e-10 1.000000e-33 5.375000e-10 8.651196e-05 5.375000e-10 4.359244e-02 
5.125000e-10 1.152927e-11 5.125000e-10 1.000000e-33 5.125000e-10 8.256964e-05 5.125000e-10 4.159540e-02 
4.875000e-10 1.124905e-11 4.875000e-10 1.000000e-33 4.875000e-10 7.862732e-05 4.875000e-10 3.959837e-02 
4.625000e-10 1.094880e-11 4.625000e-10 1.000000e-33 4.625000e-10 7.468501e-05 4.625000e-10 3.762986e-02 
4.375000e-10 1.064856e-11 4.375000e-10 1.000000e-33 4.375000e-10 7.070618e-05 4.375000e-10 3.563282e-02 
4.125000e-10 1.034832e-11 4.125000e-10 1.000000e-33 4.125000e-10 6.673467e-05 4.125000e-10 3.360726e-02 
3.900000e-10 1.005809e-11 3.900000e-10 1.000000e-33 3.900000e-10 6.315007e-05 3.900000e-10 3.180993e-02 
3.700000e-10 9.796879e-12 3.700000e-10 1.000000e-33 3.700000e-10 5.995973e-05 3.700000e-10 3.021230e-02 
3.500000e-10 9.528663e-12 3.500000e-10 1.000000e-33 3.500000e-10 5.676207e-05 3.500000e-10 2.858614e-02 
3.300000e-10 9.252441e-12 3.300000e-10 1.000000e-33 3.300000e-10 5.355711e-05 3.300000e-10 2.697995e-02 
3.100000e-10 8.967212e-12 3.100000e-10 1.000000e-33 3.100000e-10 5.035215e-05 3.100000e-10 2.536521e-02 
2.900000e-10 8.672976e-12 2.900000e-10 1.000000e-33 2.900000e-10 4.713989e-05 2.900000e-10 2.374761e-02 
2.750000e-10 8.445792e-12 2.750000e-10 1.000000e-33 2.750000e-10 4.473069e-05 2.750000e-10 2.253227e-02 
2.625000e-10 8.251635e-12 2.625000e-10 1.000000e-33 2.625000e-10 4.271573e-05 2.625000e-10 2.151949e-02 
2.475000e-10 8.012444e-12 2.475000e-10 1.000000e-33 2.475000e-10 4.029924e-05 2.475000e-10 2.030130e-02 
2.350000e-10 7.807278e-12 2.350000e-10 1.000000e-33 2.350000e-10 3.828427e-05 2.350000e-10 1.928566e-02 
2.250000e-10 7.640145e-12 2.250000e-10 1.000000e-33 2.250000e-10 3.667085e-05 2.250000e-10 1.847258e-02 
2.150000e-10 7.468006e-12 2.150000e-10 1.000000e-33 2.150000e-10 3.505742e-05 2.150000e-10 1.765950e-02 
2.050000e-10 7.291865e-12 2.050000e-10 1.000000e-33 2.050000e-10 3.343669e-05 2.050000e-10 1.684357e-02 
1.950000e-10 7.112720e-12 1.950000e-10 1.000000e-33 1.950000e-10 3.181596e-05 1.950000e-10 1.602764e-02 
1.850000e-10 6.927571e-12 1.850000e-10 1.000000e-33 1.850000e-10 3.020253e-05 1.850000e-10 1.521171e-02 
1.750000e-10 6.737418e-12 1.750000e-10 1.000000e-33 1.750000e-10 2.858180e-05 1.750000e-10 1.439578e-02 
1.650000e-10 6.542262e-12 1.650000e-10 1.000000e-33 1.650000e-10 2.695377e-05 1.650000e-10 1.357984e-02 
1.550000e-10 6.341100e-12 1.550000e-10 1.000000e-33 1.550000e-10 2.533304e-05 1.550000e-10 1.276106e-02 
1.462500e-10 6.158953e-12 1.462500e-10 1.000000e-33 1.462500e-10 2.390942e-05 1.462500e-10 1.204498e-02 
1.387500e-10 5.999824e-12 1.387500e-10 1.000000e-33 1.387500e-10 2.269022e-05 1.387500e-10 1.143160e-02 
1.312500e-10 5.834692e-12 1.312500e-10 1.000000e-33 1.312500e-10 2.147103e-05 1.312500e-10 1.081537e-02 
1.237500e-10 5.665556e-12 1.237500e-10 1.000000e-33 1.237500e-10 2.025183e-05 1.237500e-10 1.020200e-02 
1.175000e-10 5.520440e-12 1.175000e-10 1.000000e-33 1.175000e-10 1.922975e-05 1.175000e-10 9.688475e-03 
1.125000e-10 5.402345e-12 1.125000e-10 1.000000e-33 1.125000e-10 1.841938e-05 1.125000e-10 9.277657e-03 
1.075000e-10 5.280247e-12 1.075000e-10 1.000000e-33 1.075000e-10 1.760171e-05 1.075000e-10 8.866839e-03 
1.025000e-10 5.156146e-12 1.025000e-10 1.000000e-33 1.025000e-10 1.678405e-05 1.025000e-10 8.456020e-03 
