
   0.1025000E-09      0.3805156E-08
   0.1075000E-09      0.3990546E-08
   0.1125000E-09      0.4175937E-08
   0.1175000E-09      0.4361818E-08
   0.1237500E-09      0.4593677E-08
   0.1312500E-09      0.4872008E-08
   0.1387500E-09      0.5150828E-08
   0.1462500E-09      0.5429648E-08
   0.1550000E-09      0.5752492E-08
   0.1650000E-09      0.6124251E-08
   0.1750000E-09      0.6496012E-08
   0.1850000E-09      0.6867770E-08
   0.1950000E-09      0.7239530E-08
   0.2050000E-09      0.7611290E-08
   0.2150000E-09      0.7983050E-08
   0.2250000E-09      0.8349918E-08
   0.2350000E-09      0.8721678E-08
   0.2475000E-09      0.9186378E-08
   0.2625000E-09      0.9744016E-08
   0.2750000E-09      0.1020872E-07
   0.2900000E-09      0.1076636E-07
   0.3100000E-09      0.1150988E-07
   0.3300000E-09      0.1224850E-07
   0.3500000E-09      0.1299202E-07
   0.3700000E-09      0.1373554E-07
   0.3900000E-09      0.1447906E-07
   0.4125000E-09      0.1531063E-07
   0.4375000E-09      0.1624003E-07
   0.4625000E-09      0.1716943E-07
   0.4875000E-09      0.1809883E-07
   0.5125000E-09      0.1902333E-07
   0.5375000E-09      0.1995273E-07
   0.5625000E-09      0.2088213E-07
   0.5875000E-09      0.2180664E-07
   0.6150000E-09      0.2282898E-07
   0.6450000E-09      0.2394426E-07
   0.6750000E-09      0.2505464E-07
   0.7050000E-09      0.2616992E-07
   0.7400000E-09      0.2747108E-07
   0.7800000E-09      0.2895323E-07
   0.8200000E-09      0.3044027E-07
   0.8600000E-09      0.3192241E-07
   0.9000000E-09      0.3340945E-07
   0.9400000E-09      0.3489649E-07
   0.9800000E-09      0.3637864E-07
   0.1025000E-08      0.3805156E-07
   0.1075000E-08      0.3990547E-07
   0.1125000E-08      0.4175937E-07
   0.1175000E-08      0.4361817E-07
   0.1237500E-08      0.4593678E-07
   0.1312500E-08      0.4872008E-07
   0.1387500E-08      0.5150828E-07
   0.1462500E-08      0.5429647E-07
   0.1550000E-08      0.5752491E-07
   0.1650000E-08      0.6124252E-07
   0.1750000E-08      0.6496010E-07
   0.1850000E-08      0.6867771E-07
   0.1950000E-08      0.7239530E-07
   0.2050000E-08      0.7611290E-07
   0.2150000E-08      0.7983049E-07
   0.2250000E-08      0.8349918E-07
   0.2350000E-08      0.8721677E-07
   0.2475000E-08      0.9186378E-07
   0.2625000E-08      0.9744016E-07
   0.2750000E-08      0.1020872E-06
   0.2900000E-08      0.1076636E-06
   0.3100000E-08      0.1150988E-06
   0.3300000E-08      0.1224850E-06
   0.3500000E-08      0.1299202E-06
   0.3700000E-08      0.1373554E-06
   0.3900000E-08      0.1447906E-06
   0.4125000E-08      0.1531063E-06
   0.4375000E-08      0.1624003E-06
   0.4625000E-08      0.1716943E-06
   0.4875000E-08      0.1809883E-06
   0.5125000E-08      0.1902333E-06
   0.5375000E-08      0.1995273E-06
   0.5625000E-08      0.2088213E-06
   0.5875000E-08      0.2180664E-06
   0.6150000E-08      0.2282898E-06
   0.6450000E-08      0.2394426E-06
   0.6750000E-08      0.2505465E-06
   0.7050000E-08      0.2616993E-06
   0.7400000E-08      0.2747109E-06
   0.7800000E-08      0.2895323E-06
   0.8200000E-08      0.3044027E-06
   0.8600000E-08      0.3192242E-06
   0.9000000E-08      0.3340945E-06
   0.9400000E-08      0.3489649E-06
   0.9800000E-08      0.3637864E-06
   0.1025000E-07      0.3805156E-06
   0.1075000E-07      0.3990547E-06
   0.1125000E-07      0.4176426E-06
   0.1175000E-07      0.4361817E-06
   0.1237500E-07      0.4593678E-06
   0.1312500E-07      0.4872009E-06
   0.1387500E-07      0.5150828E-06
   0.1462500E-07      0.5429648E-06
   0.1550000E-07      0.5752492E-06
   0.1650000E-07      0.6124251E-06
   0.1750000E-07      0.6496011E-06
   0.1850000E-07      0.6867771E-06
   0.1950000E-07      0.7239530E-06
   0.2050000E-07      0.7611289E-06
   0.2150000E-07      0.7983051E-06
   0.2250000E-07      0.8354809E-06
   0.2350000E-07      0.8721678E-06
   0.2475000E-07      0.9186377E-06
   0.2625000E-07      0.9744017E-06
   0.2750000E-07      0.1020872E-05
   0.2900000E-07      0.1076635E-05
   0.3100000E-07      0.1150987E-05
   0.3300000E-07      0.1224850E-05
   0.3500000E-07      0.1299202E-05
   0.3700000E-07      0.1373554E-05
   0.3900000E-07      0.1447906E-05
   0.4125000E-07      0.1531063E-05
   0.4375000E-07      0.1624003E-05
   0.4625000E-07      0.1716943E-05
   0.4875000E-07      0.1809883E-05
   0.5125000E-07      0.1902333E-05
   0.5375000E-07      0.1995274E-05
   0.5625000E-07      0.2088213E-05
   0.5875000E-07      0.2180664E-05
   0.6150000E-07      0.2282898E-05
   0.6450000E-07      0.2394426E-05
   0.6750000E-07      0.2505465E-05
   0.7050000E-07      0.2616993E-05
   0.7400000E-07      0.2747108E-05
   0.7800000E-07      0.2895323E-05
   0.8200000E-07      0.3044027E-05
   0.8600000E-07      0.3192242E-05
   0.9000000E-07      0.3340946E-05
   0.9400000E-07      0.3489650E-05
   0.9800000E-07      0.3637864E-05
   0.1025000E-06      0.3805156E-05
   0.1075000E-06      0.3990547E-05
   0.1125000E-06      0.4176427E-05
   0.1175000E-06      0.4361817E-05
   0.1237500E-06      0.4593678E-05
   0.1312500E-06      0.4872009E-05
   0.1387500E-06      0.5150828E-05
   0.1462500E-06      0.5429648E-05
   0.1550000E-06      0.5752493E-05
   0.1650000E-06      0.6124251E-05
   0.1750000E-06      0.6496011E-05
   0.1850000E-06      0.6867770E-05
   0.1950000E-06      0.7239530E-05
   0.2050000E-06      0.7611291E-05
   0.2150000E-06      0.7983050E-05
   0.2250000E-06      0.8354808E-05
   0.2350000E-06      0.8721678E-05
   0.2475000E-06      0.9186379E-05
   0.2625000E-06      0.9744017E-05
   0.2750000E-06      0.1020872E-04
   0.2900000E-06      0.1076636E-04
   0.3100000E-06      0.1150988E-04
   0.3300000E-06      0.1224850E-04
   0.3500000E-06      0.1299202E-04
   0.3700000E-06      0.1373554E-04
   0.3900000E-06      0.1447906E-04
   0.4125000E-06      0.1531063E-04
   0.4375000E-06      0.1624003E-04
   0.4625000E-06      0.1716943E-04
   0.4875000E-06      0.1809883E-04
   0.5125000E-06      0.1902333E-04
   0.5375000E-06      0.1995273E-04
   0.5625000E-06      0.2088213E-04
   0.5875000E-06      0.2180664E-04
   0.6150000E-06      0.2282898E-04
   0.6450000E-06      0.2394426E-04
   0.6750000E-06      0.2505954E-04
   0.7050000E-06      0.2616992E-04
   0.7400000E-06      0.2747108E-04
   0.7800000E-06      0.2895323E-04
   0.8200000E-06      0.3044027E-04
   0.8600000E-06      0.3192242E-04
   0.9000000E-06      0.3340945E-04
   0.9399999E-06      0.3489650E-04
   0.9800000E-06      0.3637864E-04
   0.1025000E-05      0.3805156E-04
   0.1075000E-05      0.3990547E-04
   0.1125000E-05      0.4176426E-04
   0.1175000E-05      0.4361817E-04
   0.1237500E-05      0.4593678E-04
   0.1312500E-05      0.4872009E-04
   0.1387500E-05      0.5150829E-04
   0.1462500E-05      0.5429648E-04
   0.1550000E-05      0.5752492E-04
   0.1650000E-05      0.6124251E-04
   0.1750000E-05      0.6496012E-04
   0.1850000E-05      0.6867771E-04
   0.1950000E-05      0.7239531E-04
   0.2050000E-05      0.7611289E-04
   0.2150000E-05      0.7983050E-04
   0.2250000E-05      0.8354810E-04
   0.2350000E-05      0.8721677E-04
   0.2475000E-05      0.9186377E-04
   0.2625000E-05      0.9744017E-04
   0.2750000E-05      0.1020872E-03
   0.2900000E-05      0.1076636E-03
   0.3100000E-05      0.1121638E-03
   0.3300000E-05      0.1136802E-03
   0.3500000E-05      0.1150988E-03
   0.3700000E-05      0.1165173E-03
   0.3900000E-05      0.1178380E-03
   0.4125000E-05      0.1192566E-03
   0.4375000E-05      0.1207730E-03
   0.4625000E-05      0.1222405E-03
   0.4875000E-05      0.1236590E-03
   0.5125000E-05      0.1249797E-03
   0.5375000E-05      0.1262515E-03
   0.5625000E-05      0.1275234E-03
   0.5875000E-05      0.1286973E-03
   0.6150000E-05      0.1299691E-03
   0.6450000E-05      0.1313388E-03
   0.6750000E-05      0.1326106E-03
   0.7050000E-05      0.1338824E-03
   0.7400000E-05      0.1344205E-03
   0.7800000E-05      0.1319258E-03
   0.8200001E-05      0.1272788E-03
   0.8600000E-05      0.1230231E-03
   0.8999999E-05      0.1190609E-03
   0.9400001E-05      0.1154412E-03
   0.9800000E-05      0.1120660E-03
   0.1025000E-04      0.1084951E-03
   0.1075000E-04      0.1048754E-03
   0.1125000E-04      0.1015002E-03
   0.1175000E-04      0.9841848E-04
   0.1237500E-04      0.9484763E-04
   0.1312500E-04      0.9093437E-04
   0.1387500E-04      0.8736351E-04
   0.1462500E-04      0.8413508E-04
   0.1550000E-04      0.8071098E-04
   0.1650000E-04      0.7718904E-04
   0.1750000E-04      0.7400952E-04
   0.1850000E-04      0.7112349E-04
   0.1950000E-04      0.6848205E-04
   0.2050000E-04      0.6608518E-04
   0.2150000E-04      0.6388396E-04
   0.2250000E-04      0.6182950E-04
   0.2350000E-04      0.5992179E-04
   0.2475000E-04      0.5767166E-04
   0.2625000E-04      0.5503022E-04
   0.2750000E-04      0.5292684E-04
   0.2900000E-04      0.5062780E-04
   0.3100000E-04      0.4786406E-04
   0.3300000E-04      0.4541338E-04
   0.3500000E-04      0.4322195E-04
   0.3700000E-04      0.4125065E-04
   0.3900000E-04      0.3946033E-04
   0.4125000E-04      0.3765045E-04
   0.4375000E-04      0.3583078E-04
   0.4625000E-04      0.3419700E-04
   0.4875000E-04      0.3271485E-04
   0.5125000E-04      0.3136967E-04
   0.5375000E-04      0.3013699E-04
   0.5625000E-04      0.2900704E-04
   0.5875000E-04      0.2797002E-04
   0.6150000E-04      0.2709443E-04
   0.6450000E-04      0.2636559E-04
   0.6750000E-04      0.2569055E-04
   0.7050000E-04      0.2505954E-04
   0.7400000E-04      0.2437472E-04
   0.7800000E-04      0.2365566E-04
   0.8200000E-04      0.2298551E-04
   0.8600000E-04      0.2236917E-04
   0.9000000E-04      0.2176751E-04
   0.9400000E-04      0.2114628E-04
   0.9800000E-04      0.2053972E-04
   0.1025000E-03      0.1990871E-04
   0.1075000E-03      0.1925813E-04
   0.1125000E-03      0.1865647E-04
   0.1175000E-03      0.1809883E-04
   0.1237500E-03      0.1745803E-04
   0.1312500E-03      0.1675364E-04
   0.1387500E-03      0.1611774E-04
   0.1462500E-03      0.1553564E-04
   0.1550000E-03      0.1502203E-04
   0.1650000E-03      0.1457689E-04
   0.1750000E-03      0.1416600E-04
   0.1850000E-03      0.1378935E-04
   0.1950000E-03      0.1344205E-04
   0.2050000E-03      0.1311920E-04
   0.2150000E-03      0.1282082E-04
   0.2250000E-03      0.1254200E-04
   0.2350000E-03      0.1227785E-04
   0.2475000E-03      0.1192077E-04
   0.2625000E-03      0.1138759E-04
   0.2750000E-03      0.1090332E-04
   0.2900000E-03      0.1037992E-04
   0.3100000E-03      0.9753800E-05
   0.3300000E-03      0.9201052E-05
   0.3500000E-03      0.8746136E-05
   0.3700000E-03      0.8408617E-05
   0.3900000E-03      0.8129797E-05
   0.4125000E-03      0.7846085E-05
   0.4375000E-03      0.7557483E-05
   0.4625000E-03      0.7156374E-05
   0.4875000E-03      0.6667216E-05
   0.5125000E-03      0.6231866E-05
   0.5375000E-03      0.5845432E-05
   0.5625000E-03      0.5703576E-05
   0.5875000E-03      0.5781841E-05
   0.6150000E-03      0.5864998E-05
   0.6450000E-03      0.5953047E-05
   0.6750000E-03      0.6036203E-05
   0.7050000E-03      0.5982396E-05
   0.7400000E-03      0.5674227E-05
   0.7800000E-03      0.5287792E-05
   0.8200000E-03      0.4950274E-05
   0.8600000E-03      0.4644061E-05
   0.9000000E-03      0.4432745E-05
   0.9400000E-03      0.4358393E-05
   0.9800000E-03      0.4347632E-05
   0.1025000E-02      0.4336381E-05
   0.1075000E-02      0.4324152E-05
   0.1125000E-02      0.4312412E-05
   0.1175000E-02      0.4301162E-05
   0.1237500E-02      0.4287954E-05
   0.1312500E-02      0.4273280E-05
   0.1387500E-02      0.4259094E-05
   0.1462500E-02      0.4245887E-05
   0.1550000E-02      0.4169578E-05
   0.1650000E-02      0.4038973E-05
   0.1750000E-02      0.3919619E-05
   0.1850000E-02      0.3810048E-05
   0.1950000E-02      0.3708792E-05
   0.2050000E-02      0.3615852E-05
   0.2150000E-02      0.3528782E-05
   0.2250000E-02      0.3448071E-05
   0.2350000E-02      0.3372252E-05
   0.2475000E-02      0.3271485E-05
   0.2625000E-02      0.3126205E-05
   0.2750000E-02      0.2995600E-05
   0.2900000E-02      0.2854723E-05
   0.3100000E-02      0.2685963E-05
   0.3300000E-02      0.2537260E-05
   0.3500000E-02      0.2506443E-05
   0.3700000E-02      0.2689388E-05
   0.3900000E-02      0.2990220E-05
   0.4125000E-02      0.3348772E-05
   0.4375000E-02      0.3770426E-05
   0.4625000E-02      0.3660365E-05
   0.4875000E-02      0.3092453E-05
   0.5125000E-02      0.2634602E-05
   0.5375000E-02      0.2261864E-05
   0.5625000E-02      0.1854885E-05
   0.5875000E-02      0.1451330E-05
   0.6150000E-02      0.1122127E-05
   0.6450000E-02      0.8574931E-06
   0.6750000E-02      0.6632975E-06
   0.7050000E-02      0.5600853E-06
   0.7400000E-02      0.5351383E-06
   0.7800000E-02      0.5317141E-06
   0.8200000E-02      0.5282901E-06
   0.8600000E-02      0.5253551E-06
   0.9000000E-02      0.5424756E-06
   0.9400001E-02      0.6031312E-06
   0.9800000E-02      0.6911795E-06
   0.1025000E-01      0.8017291E-06
   0.1075000E-01      0.9372257E-06
   0.1125000E-01      0.1088375E-05
   0.1175000E-01      0.1255667E-05
   0.1237500E-01      0.1480680E-05
   0.1312500E-01      0.1756075E-05
   0.1387500E-01      0.2040765E-05
   0.1462500E-01      0.2352848E-05
   0.1550000E-01      0.2754446E-05
   0.1650000E-01      0.3261702E-05
   0.1750000E-01      0.3824233E-05
   0.1850000E-01      0.4707163E-05
   0.1950000E-01      0.6393288E-05
   0.2050000E-01      0.8990714E-05
   0.2150000E-01      0.1244417E-04
   0.2250000E-01      0.1697376E-04
   0.2350000E-01      0.2283876E-04
   0.2475000E-01      0.9298883E-05
   0.2625000E-01      0.7356928E-06
   0.2750000E-01      0.8785268E-07
   0.2900000E-01      0.3832549E-07
   0.3100000E-01      0.4127511E-07
   0.3300000E-01      0.5224202E-07
   0.3500000E-01      0.8017292E-07
   0.3700000E-01      0.1202838E-06
   0.3900000E-01      0.1486550E-06
   0.4125000E-01      0.1626449E-06
   0.4375000E-01      0.1787381E-06
   0.4625000E-01      0.1818198E-06
   0.4875000E-01      0.1722323E-06
   0.5125000E-01      0.1635742E-06
   0.5375000E-01      0.1557478E-06
   0.5625000E-01      0.1600523E-06
   0.5875000E-01      0.1765369E-06
   0.6150000E-01      0.1957119E-06
   0.6450000E-01      0.2179196E-06
   0.6750000E-01      0.2414481E-06
   0.7050000E-01      0.2673245E-06
   0.7400000E-01      0.3014677E-06
   0.7799999E-01      0.3441223E-06
   0.8200000E-01      0.3902499E-06
   0.8600000E-01      0.4398504E-06
   0.9000000E-01      0.5004081E-06
   0.9400000E-01      0.5816082E-06
   0.9800000E-01      0.6809072E-06
   0.1025000          0.8075990E-06
   0.1075000          0.9670644E-06
   0.1125000          0.1148542E-05
   0.1175000          0.1353988E-05
   0.1237500          0.1602969E-05
   0.1312500          0.1799121E-05
   0.1387500          0.1906247E-05
   0.1462500          0.2013372E-05
   0.1550000          0.2138596E-05
   0.1650000          0.2282409E-05
   0.1750000          0.2368989E-05
   0.1850000          0.2342575E-05
   0.1950000          0.2265777E-05
   0.2050000          0.2195339E-05
   0.2150000          0.2130281E-05
   0.2250000          0.2129792E-05
   0.2350000          0.2253059E-05
   0.2475000          0.2492746E-05
   0.2625000          0.2795046E-05
   0.2750000          0.3057234E-05
   0.2900000          0.3376654E-05
   0.3100000          0.3820809E-05
   0.3300000          0.3286649E-05
   0.3500000          0.1995762E-05
   0.3700000          0.1142183E-05
   0.3900000          0.6955819E-06
   0.4125000          0.4242463E-06
   0.4375000          0.3753795E-06
   0.4625000          0.5033431E-06
   0.4875000          0.5361166E-06
   0.5125000          0.4625962E-06
   0.5375000          0.4509054E-06
   0.5625000          0.4930707E-06
   0.5875000          0.4979623E-06
   0.6150000          0.4636723E-06
   0.6450000          0.3934782E-06
   0.6750000          0.2588621E-06
   0.7050000          0.1432253E-06
   0.7400000          0.8296111E-07
   0.7800000          0.6994951E-07
   0.8200000          0.8330352E-07
   0.8600000          0.9396715E-07
   0.9000000          0.9944571E-07
   0.9400000          0.9866305E-07
   0.9800000          0.8139580E-07
    1.050000          0.4731620E-07
    1.150000          0.2543130E-07
    1.250000          0.1680745E-07
    1.350000          0.1315344E-07
    1.450000          0.1211154E-07
    1.550000          0.1041905E-07
    1.650000          0.8384159E-08
    1.750000          0.6207408E-08
    1.850000          0.4213113E-08
    1.950000          0.3045494E-08
    2.050000          0.2344532E-08
    2.150000          0.1762924E-08
    2.250000          0.1246862E-08
    2.350000          0.8614064E-09
    2.450000          0.6520469E-09
    2.550000          0.5850324E-09
    2.650000          0.5698685E-09
    2.750000          0.5551937E-09
    2.850000          0.4920924E-09
    2.950000          0.3961686E-09
    3.050000          0.3213276E-09
    3.150000          0.2623841E-09
    3.250000          0.2128813E-09
    3.350000          0.1693952E-09
    3.450000          0.1338824E-09
    3.550000          0.1065385E-09
    3.650000          0.8535798E-10
    3.750000          0.7273771E-10
    3.850000          0.6990060E-10
    3.950000          0.7122133E-10
    4.050000          0.7249314E-10
    4.150000          0.7376495E-10
    4.250000          0.7454759E-10
    4.350000          0.7430302E-10
    4.450000          0.7361819E-10
    4.550000          0.7298229E-10
    4.650000          0.7229747E-10
    4.750000          0.6999844E-10
    4.850000          0.6471552E-10
    4.950000          0.5850324E-10
    5.050000          0.5302467E-10
    5.150000          0.4812331E-10
    5.250000          0.4376492E-10
    5.350000          0.3987612E-10
    5.450000          0.3639332E-10
    5.550000          0.7391169E-11
    5.650000          0.7293338E-13
    5.750000          0.7811844E-15
    5.850000          0.9049413E-17
    5.950000          0.1131421E-18
    6.050000          0.1523236E-20
    6.150000          0.2201209E-22
    6.250000          0.3407960E-24
    6.350000          0.5639986E-26
    6.450000          0.9954354E-28
    6.550000          0.7611290E-29
    6.650000          0.7356928E-29
    6.750000          0.7249314E-29
    6.850000          0.7141699E-29
    6.950000          0.7038976E-29
    7.050000          0.7219965E-29
    7.150000          0.6667217E-29
    7.250000          0.6745482E-29
    7.350000          0.6784614E-29
    7.450000          0.6329697E-29
    7.550000          0.1347629E-27
    7.650000          0.1217513E-25
    7.750000          0.1037014E-23
    7.850000          0.8349917E-22
    7.950000          0.6363938E-20
    8.050000          0.4594656E-18
    8.150000          0.3148707E-16
    8.250000          0.2049570E-14
    8.350000          0.1268874E-12
    8.450000          0.7479219E-11
    8.550000          0.6691675E-11
    8.650000          0.7171048E-13
    8.750000          0.8105339E-15
    8.850000          0.9636403E-17
    8.950000          0.1204795E-18
    9.050000          0.1581935E-20
    9.150000          0.2179197E-22
    9.250000          0.3144793E-24
    9.350000          0.4752165E-26
    9.450000          0.7508568E-28
    9.550000          0.5410081E-29
    9.650000          0.5224202E-29
    9.750000          0.4891575E-29
    9.850000          0.5043213E-29
    9.950000          0.4984515E-29
    10.05000          0.4974731E-29
    10.15000          0.5008972E-29
    10.25000          0.4760969E-29
    10.35000          0.4726239E-29
    10.45000          0.4680748E-29
    10.55000          0.4769775E-29
    10.65000          0.4601504E-29
    10.75000          0.4662160E-29
    10.85000          0.4508564E-29
    10.95000          0.4466986E-29
    11.05000          0.4714010E-29
    11.15000          0.4387254E-29
    11.25000          0.4348121E-29
    11.35000          0.4242952E-29
    11.45000          0.4272301E-29
    11.55000          0.4235126E-29
    11.65000          0.4198928E-29
    11.75000          0.4163219E-29
    11.85000          0.4127999E-29
    11.95000          0.3966578E-29
    12.05000          0.4024299E-29
    12.15000          0.4028701E-29
    12.25000          0.3992993E-29
    12.35000          0.3952392E-29
    12.45000          0.3880487E-29
    12.55000          0.3897607E-29
    12.65000          0.3638353E-29
    12.75000          0.3836462E-29
    12.85000          0.3806623E-29
    12.95000          0.3746457E-29
    13.05000          0.3729337E-29
    13.15000          0.3656452E-29
    13.25000          0.3764556E-29
    13.35000          0.3727869E-29
    13.45000          0.3636885E-29
    13.55000          0.3609982E-29
    13.65000          0.3508726E-29
    13.75000          0.3665746E-29
    13.85000          0.3511172E-29
    13.95000          0.3506280E-29
    14.05000          0.3619276E-29
    14.15000          0.3597264E-29
    14.25000          0.3461278E-29
    14.35000          0.3421656E-29
    14.45000          0.3428505E-29
    14.55000          0.3251430E-29
    14.65000          0.3019080E-29
    14.75000          0.2802872E-29
    14.85000          0.2602318E-29
    14.95000          0.2416438E-29
    15.05000          0.2243276E-29
    15.15000          0.2082833E-29
    15.25000          0.1933639E-29
    15.35000          0.1795208E-29
    15.45000          0.1666560E-29
    15.55000          0.1546716E-29
    15.65000          0.1436166E-29
    15.75000          0.1332954E-29
    15.85000          0.1237568E-29
    15.95000          0.1148542E-29
    16.05000          0.1066363E-29
    16.15000          0.9895656E-30
    16.25000          0.9186377E-30
    16.35000          0.8526015E-30
    16.45000          0.7914568E-30
    16.55000          0.7347145E-30
    16.65000          0.6818855E-30
    16.75000          0.6324806E-30
    16.85000          0.5869889E-30
    16.95000          0.5449214E-30
    17.05000          0.5057888E-30
    17.15000          0.4693955E-30
    17.25000          0.4355947E-30
    17.35000          0.4042397E-30
    17.45000          0.3751349E-30
    17.55000          0.3481334E-30
    17.65000          0.3230396E-30
    17.75000          0.2997557E-30
    17.85000          0.2781838E-30
    17.95000          0.2581284E-30
    18.05000          0.2394915E-30
    18.15000          0.2222242E-30
    18.25000          0.2062288E-30
    18.35000          0.1913584E-30
    18.45000          0.1775153E-30
    18.55000          0.1646993E-30
    18.65000          0.1528128E-30
    18.75000          0.1418067E-30
    18.85000          0.1315834E-30
    18.95000          0.1220448E-30
    19.05000          0.1132400E-30
    19.15000          0.1050710E-30
    19.25000          0.9748907E-31
    19.35000          0.9044522E-31
    19.45000          0.8389051E-31
    19.55000          0.7782496E-31
    19.65000          0.7219963E-31
    19.75000          0.6696566E-31
    19.85000          0.6212300E-31
    19.95000          0.5762275E-31
