
   0.1025000E-09      0.1182309E-27
   0.1075000E-09      0.1239400E-27
   0.1125000E-09      0.1297530E-27
   0.1175000E-09      0.1355659E-27
   0.1237500E-09      0.1427283E-27
   0.1312500E-09      0.1513439E-27
   0.1387500E-09      0.1600633E-27
   0.1462500E-09      0.1686789E-27
   0.1550000E-09      0.1787477E-27
   0.1650000E-09      0.1902698E-27
   0.1750000E-09      0.2017918E-27
   0.1850000E-09      0.2134177E-27
   0.1950000E-09      0.2249398E-27
   0.2050000E-09      0.2364619E-27
   0.2150000E-09      0.2479839E-27
   0.2250000E-09      0.2595060E-27
   0.2350000E-09      0.2710281E-27
   0.2475000E-09      0.2854565E-27
   0.2625000E-09      0.3027916E-27
   0.2750000E-09      0.3172201E-27
   0.2900000E-09      0.3344513E-27
   0.3100000E-09      0.3574954E-27
   0.3300000E-09      0.3806434E-27
   0.3500000E-09      0.4036875E-27
   0.3700000E-09      0.4267316E-27
   0.3900000E-09      0.4497757E-27
   0.4125000E-09      0.4757264E-27
   0.4375000E-09      0.5045833E-27
   0.4625000E-09      0.5334405E-27
   0.4875000E-09      0.5622976E-27
   0.5125000E-09      0.5910508E-27
   0.5375000E-09      0.6199078E-27
   0.5625000E-09      0.6487649E-27
   0.5875000E-09      0.6776219E-27
   0.6150000E-09      0.7092817E-27
   0.6450000E-09      0.7439517E-27
   0.6750000E-09      0.7785179E-27
   0.7050000E-09      0.8130841E-27
   0.7400000E-09      0.8534632E-27
   0.7800000E-09      0.8996552E-27
   0.8200000E-09      0.9457435E-27
   0.8600000E-09      0.9919356E-27
   0.9000000E-09      0.1038024E-26
   0.9400000E-09      0.1083697E-26
   0.9800000E-09      0.1130408E-26
   0.1025000E-08      0.1182309E-26
   0.1075000E-08      0.1239401E-26
   0.1125000E-08      0.1297530E-26
   0.1175000E-08      0.1355659E-26
   0.1237500E-08      0.1427283E-26
   0.1312500E-08      0.1513439E-26
   0.1387500E-08      0.1600633E-26
   0.1462500E-08      0.1686789E-26
   0.1550000E-08      0.1787477E-26
   0.1650000E-08      0.1902698E-26
   0.1750000E-08      0.2017918E-26
   0.1850000E-08      0.2134177E-26
   0.1950000E-08      0.2249398E-26
   0.2050000E-08      0.2364619E-26
   0.2150000E-08      0.2479839E-26
   0.2250000E-08      0.2595060E-26
   0.2350000E-08      0.2710281E-26
   0.2475000E-08      0.2854566E-26
   0.2625000E-08      0.3027916E-26
   0.2750000E-08      0.3172201E-26
   0.2900000E-08      0.3344513E-26
   0.3100000E-08      0.3574954E-26
   0.3300000E-08      0.3806434E-26
   0.3500000E-08      0.4036875E-26
   0.3700000E-08      0.4267316E-26
   0.3900000E-08      0.4497757E-26
   0.4125000E-08      0.4757264E-26
   0.4375000E-08      0.5045834E-26
   0.4625000E-08      0.5334405E-26
   0.4875000E-08      0.5622975E-26
   0.5125000E-08      0.5910508E-26
   0.5375000E-08      0.6199079E-26
   0.5625000E-08      0.6487649E-26
   0.5875000E-08      0.6776219E-26
   0.6150000E-08      0.7092817E-26
   0.6450000E-08      0.7439517E-26
   0.6750000E-08      0.7785178E-26
   0.7050000E-08      0.8130841E-26
   0.7400000E-08      0.8534633E-26
   0.7800000E-08      0.8996553E-26
   0.8200000E-08      0.9457435E-26
   0.8600000E-08      0.9919357E-26
   0.9000000E-08      0.1038024E-25
   0.9400000E-08      0.1083697E-25
   0.9800000E-08      0.1130408E-25
   0.1025000E-07      0.1182309E-25
   0.1075000E-07      0.1239400E-25
   0.1125000E-07      0.1297530E-25
   0.1175000E-07      0.1355659E-25
   0.1237500E-07      0.1427283E-25
   0.1312500E-07      0.1513439E-25
   0.1387500E-07      0.1600633E-25
   0.1462500E-07      0.1686789E-25
   0.1550000E-07      0.1787477E-25
   0.1650000E-07      0.1902698E-25
   0.1750000E-07      0.2017918E-25
   0.1850000E-07      0.2134177E-25
   0.1950000E-07      0.2249398E-25
   0.2050000E-07      0.2364619E-25
   0.2150000E-07      0.2479839E-25
   0.2250000E-07      0.2595060E-25
   0.2350000E-07      0.2710280E-25
   0.2475000E-07      0.2854566E-25
   0.2625000E-07      0.3027916E-25
   0.2750000E-07      0.3172201E-25
   0.2900000E-07      0.3344513E-25
   0.3100000E-07      0.3574954E-25
   0.3300000E-07      0.3806434E-25
   0.3500000E-07      0.4036875E-25
   0.3700000E-07      0.4267316E-25
   0.3900000E-07      0.4497758E-25
   0.4125000E-07      0.4757263E-25
   0.4375000E-07      0.5045834E-25
   0.4625000E-07      0.5334405E-25
   0.4875000E-07      0.5622975E-25
   0.5125000E-07      0.5910508E-25
   0.5375000E-07      0.6199079E-25
   0.5625000E-07      0.6487649E-25
   0.5875000E-07      0.6776221E-25
   0.6150000E-07      0.7092817E-25
   0.6450000E-07      0.7439517E-25
   0.6750000E-07      0.7785178E-25
   0.7050000E-07      0.8130842E-25
   0.7400000E-07      0.8534632E-25
   0.7800000E-07      0.8996552E-25
   0.8200000E-07      0.9457435E-25
   0.8600000E-07      0.9919356E-25
   0.9000000E-07      0.1038024E-24
   0.9400000E-07      0.1083697E-24
   0.9800000E-07      0.1130408E-24
   0.1025000E-06      0.1182309E-24
   0.1075000E-06      0.1239401E-24
   0.1125000E-06      0.1297530E-24
   0.1175000E-06      0.1355659E-24
   0.1237500E-06      0.1427283E-24
   0.1312500E-06      0.1513439E-24
   0.1387500E-06      0.1600633E-24
   0.1462500E-06      0.1686789E-24
   0.1550000E-06      0.1787477E-24
   0.1650000E-06      0.1902698E-24
   0.1750000E-06      0.2017919E-24
   0.1850000E-06      0.2134177E-24
   0.1950000E-06      0.2249398E-24
   0.2050000E-06      0.2364618E-24
   0.2150000E-06      0.2479839E-24
   0.2250000E-06      0.2595060E-24
   0.2350000E-06      0.2710280E-24
   0.2475000E-06      0.2854565E-24
   0.2625000E-06      0.3027916E-24
   0.2750000E-06      0.3172201E-24
   0.2900000E-06      0.3344513E-24
   0.3100000E-06      0.3574954E-24
   0.3300000E-06      0.3806433E-24
   0.3500000E-06      0.4036875E-24
   0.3700000E-06      0.4267316E-24
   0.3900000E-06      0.4497758E-24
   0.4125000E-06      0.4757264E-24
   0.4375000E-06      0.5045834E-24
   0.4625000E-06      0.5334405E-24
   0.4875000E-06      0.5622975E-24
   0.5125000E-06      0.5910507E-24
   0.5375000E-06      0.6199079E-24
   0.5625000E-06      0.6487649E-24
   0.5875000E-06      0.6776221E-24
   0.6150000E-06      0.7092817E-24
   0.6450000E-06      0.7439516E-24
   0.6750000E-06      0.7785180E-24
   0.7050000E-06      0.8130841E-24
   0.7400000E-06      0.8534633E-24
   0.7800000E-06      0.8996552E-24
   0.8200000E-06      0.9457435E-24
   0.8600000E-06      0.9919356E-24
   0.9000000E-06      0.1038024E-23
   0.9399999E-06      0.1083697E-23
   0.9800000E-06      0.1130408E-23
   0.1025000E-05      0.1182309E-23
   0.1075000E-05      0.1239401E-23
   0.1125000E-05      0.1297530E-23
   0.1175000E-05      0.1355659E-23
   0.1237500E-05      0.1427283E-23
   0.1312500E-05      0.1513439E-23
   0.1387500E-05      0.1600633E-23
   0.1462500E-05      0.1686789E-23
   0.1550000E-05      0.1787477E-23
   0.1650000E-05      0.1902698E-23
   0.1750000E-05      0.2017918E-23
   0.1850000E-05      0.2134177E-23
   0.1950000E-05      0.2249398E-23
   0.2050000E-05      0.2364619E-23
   0.2150000E-05      0.2479839E-23
   0.2250000E-05      0.2595060E-23
   0.2350000E-05      0.2710280E-23
   0.2475000E-05      0.2854566E-23
   0.2625000E-05      0.3027916E-23
   0.2750000E-05      0.3172200E-23
   0.2900000E-05      0.3344513E-23
   0.3100000E-05      0.3349703E-23
   0.3300000E-05      0.3146250E-23
   0.3500000E-05      0.2966672E-23
   0.3700000E-05      0.2805779E-23
   0.3900000E-05      0.2662531E-23
   0.4125000E-05      0.2517208E-23
   0.4375000E-05      0.2372922E-23
   0.4625000E-05      0.2245246E-23
   0.4875000E-05      0.2130025E-23
   0.5125000E-05      0.2026223E-23
   0.5375000E-05      0.1931762E-23
   0.5625000E-05      0.1845606E-23
   0.5875000E-05      0.1766717E-23
   0.6150000E-05      0.1687827E-23
   0.6450000E-05      0.1609975E-23
   0.6750000E-05      0.1538351E-23
   0.7050000E-05      0.1472956E-23
   0.7400000E-05      0.1403408E-23
   0.7800000E-05      0.1330747E-23
   0.8200001E-05      0.1266389E-23
   0.8600000E-05      0.1207222E-23
   0.8999999E-05      0.1153244E-23
   0.9400001E-05      0.1104457E-23
   0.9800000E-05      0.1059822E-23
   0.1025000E-04      0.1012904E-23
   0.1075000E-04      0.9657775E-24
   0.1125000E-04      0.9228032E-24
   0.1175000E-04      0.8835660E-24
   0.1237500E-04      0.8390346E-24
   0.1312500E-04      0.7910780E-24
   0.1387500E-04      0.7483114E-24
   0.1462500E-04      0.7099045E-24
   0.1550000E-04      0.6699407E-24
   0.1650000E-04      0.6292501E-24
   0.1750000E-04      0.5933345E-24
   0.1850000E-04      0.5612595E-24
   0.1950000E-04      0.5324024E-24
   0.2050000E-04      0.5064518E-24
   0.2150000E-04      0.4828887E-24
   0.2250000E-04      0.4614016E-24
   0.2350000E-04      0.4417830E-24
   0.2475000E-04      0.4195692E-24
   0.2625000E-04      0.3955909E-24
   0.2750000E-04      0.3775293E-24
   0.2900000E-04      0.3581182E-24
   0.3100000E-04      0.3349703E-24
   0.3300000E-04      0.3146250E-24
   0.3500000E-04      0.2966672E-24
   0.3700000E-04      0.2805779E-24
   0.3900000E-04      0.2662531E-24
   0.4125000E-04      0.2517208E-24
   0.4375000E-04      0.2372922E-24
   0.4625000E-04      0.2245246E-24
   0.4875000E-04      0.2130025E-24
   0.5125000E-04      0.2026223E-24
   0.5375000E-04      0.1931763E-24
   0.5625000E-04      0.1845606E-24
   0.5875000E-04      0.1766716E-24
   0.6150000E-04      0.1687827E-24
   0.6450000E-04      0.1609975E-24
   0.6750000E-04      0.1538351E-24
   0.7050000E-04      0.1472956E-24
   0.7400000E-04      0.1403408E-24
   0.7800000E-04      0.1330747E-24
   0.8200000E-04      0.1266389E-24
   0.8600000E-04      0.1207222E-24
   0.9000000E-04      0.1153245E-24
   0.9400000E-04      0.1104458E-24
   0.9800000E-04      0.1059822E-24
   0.1025000E-03      0.1012904E-24
   0.1075000E-03      0.9657775E-25
   0.1125000E-03      0.9228031E-25
   0.1175000E-03      0.8835659E-25
   0.1237500E-03      0.8390348E-25
   0.1312500E-03      0.7910780E-25
   0.1387500E-03      0.7483114E-25
   0.1462500E-03      0.7099046E-25
   0.1550000E-03      0.6699406E-25
   0.1650000E-03      0.6292501E-25
   0.1750000E-03      0.5933345E-25
   0.1850000E-03      0.5612594E-25
   0.1950000E-03      0.5324025E-25
   0.2050000E-03      0.5064519E-25
   0.2150000E-03      0.4828888E-25
   0.2250000E-03      0.4614016E-25
   0.2350000E-03      0.4417829E-25
   0.2475000E-03      0.4195692E-25
   0.2625000E-03      0.3955909E-25
   0.2750000E-03      0.3775293E-25
   0.2900000E-03      0.3581183E-25
   0.3100000E-03      0.3349703E-25
   0.3300000E-03      0.3146250E-25
   0.3500000E-03      0.2966672E-25
   0.3700000E-03      0.2805779E-25
   0.3900000E-03      0.2662531E-25
   0.4125000E-03      0.2517208E-25
   0.4375000E-03      0.2372923E-25
   0.4625000E-03      0.2245245E-25
   0.4875000E-03      0.2130025E-25
   0.5125000E-03      0.2026223E-25
   0.5375000E-03      0.1931762E-25
   0.5625000E-03      0.8126688E-23
   0.5875000E-03      0.2068782E-19
   0.6150000E-03      0.1383686E-15
   0.6450000E-03      0.7306650E-12
   0.6750000E-03      0.2635543E-08
   0.7050000E-03      0.8594839E-07
   0.7400000E-03      0.1701321E-06
   0.7800000E-03      0.9948421E-07
   0.8200000E-03      0.5977979E-07
   0.8600000E-03      0.3680833E-07
   0.9000000E-03      0.2630353E-07
   0.9400000E-03      0.2499561E-07
   0.9800000E-03      0.2711318E-07
   0.1025000E-02      0.2960444E-07
   0.1075000E-02      0.3250053E-07
   0.1125000E-02      0.3552118E-07
   0.1175000E-02      0.3867677E-07
   0.1237500E-02      0.4280810E-07
   0.1312500E-02      0.4802936E-07
   0.1387500E-02      0.5354127E-07
   0.1462500E-02      0.5935421E-07
   0.1550000E-02      0.5495299E-07
   0.1650000E-02      0.4289115E-07
   0.1750000E-02      0.3397452E-07
   0.1850000E-02      0.2725851E-07
   0.1950000E-02      0.2213067E-07
   0.2050000E-02      0.1815504E-07
   0.2150000E-02      0.1503058E-07
   0.2250000E-02      0.1256009E-07
   0.2350000E-02      0.1056708E-07
   0.2475000E-02      0.8873029E-08
   0.2625000E-02      0.7871336E-08
   0.2750000E-02      0.7512179E-08
   0.2900000E-02      0.7126034E-08
   0.3100000E-02      0.6666188E-08
   0.3300000E-02      0.6261360E-08
   0.3500000E-02      0.7138490E-08
   0.3700000E-02      0.1174005E-07
   0.3900000E-02      0.2214105E-07
   0.4125000E-02      0.4385651E-07
   0.4375000E-02      0.8907283E-07
   0.4625000E-02      0.1362925E-06
   0.4875000E-02      0.1655648E-06
   0.5125000E-02      0.1991968E-06
   0.5375000E-02      0.2377075E-06
   0.5625000E-02      0.2362542E-06
   0.5875000E-02      0.1976397E-06
   0.6150000E-02      0.1639040E-06
   0.6450000E-02      0.1348393E-06
   0.6750000E-02      0.1118990E-06
   0.7050000E-02      0.9896520E-07
   0.7400000E-02      0.9568505E-07
   0.7800000E-02      0.9516603E-07
   0.8200000E-02      0.9467815E-07
   0.8600000E-02      0.9421105E-07
   0.9000000E-02      0.9562275E-07
   0.9400001E-02      0.1008129E-06
   0.9800000E-02      0.1080583E-06
   0.1025000E-01      0.1164663E-06
   0.1075000E-01      0.1260161E-06
   0.1125000E-01      0.1358773E-06
   0.1175000E-01      0.1461538E-06
   0.1237500E-01      0.1559112E-06
   0.1312500E-01      0.1585063E-06
   0.1387500E-01      0.1546655E-06
   0.1462500E-01      0.1511363E-06
   0.1550000E-01      0.1473994E-06
   0.1650000E-01      0.1433511E-06
   0.1750000E-01      0.1397180E-06
   0.1850000E-01      0.1495792E-06
   0.1950000E-01      0.1913078E-06
   0.2050000E-01      0.2628277E-06
   0.2150000E-01      0.3556270E-06
   0.2250000E-01      0.4747921E-06
   0.2350000E-01      0.6258246E-06
   0.2475000E-01      0.5142371E-06
   0.2625000E-01      0.2632428E-06
   0.2750000E-01      0.1535237E-06
   0.2900000E-01      0.1115876E-06
   0.3100000E-01      0.9054683E-07
   0.3300000E-01      0.9441865E-07
   0.3500000E-01      0.1340089E-06
   0.3700000E-01      0.1901660E-06
   0.3900000E-01      0.2193345E-06
   0.4125000E-01      0.2195421E-06
   0.4375000E-01      0.2197497E-06
   0.4625000E-01      0.2108226E-06
   0.4875000E-01      0.1944219E-06
   0.5125000E-01      0.1799933E-06
   0.5375000E-01      0.1672257E-06
   0.5625000E-01      0.1672257E-06
   0.5875000E-01      0.1790591E-06
   0.6150000E-01      0.1923458E-06
   0.6450000E-01      0.2072934E-06
   0.6750000E-01      0.2226561E-06
   0.7050000E-01      0.2288843E-06
   0.7400000E-01      0.2192306E-06
   0.7799999E-01      0.2045945E-06
   0.8200000E-01      0.1916192E-06
   0.8600000E-01      0.1799933E-06
   0.9000000E-01      0.1759451E-06
   0.9400000E-01      0.1849758E-06
   0.9800000E-01      0.2010652E-06
   0.1025000          0.2199573E-06
   0.1075000          0.2419634E-06
   0.1125000          0.2650075E-06
   0.1175000          0.2890897E-06
   0.1237500          0.3171163E-06
   0.1312500          0.3417175E-06
   0.1387500          0.3589487E-06
   0.1462500          0.3761799E-06
   0.1550000          0.3961099E-06
   0.1650000          0.4188426E-06
   0.1750000          0.4342054E-06
   0.1850000          0.4353472E-06
   0.1950000          0.4296381E-06
   0.2050000          0.4244480E-06
   0.2150000          0.4194655E-06
   0.2250000          0.4197769E-06
   0.2350000          0.4301571E-06
   0.2475000          0.4492568E-06
   0.2625000          0.4718856E-06
   0.2750000          0.4954488E-06
   0.2900000          0.5429903E-06
   0.3100000          0.6162747E-06
   0.3300000          0.6617402E-06
   0.3500000          0.6661000E-06
   0.3700000          0.6454433E-06
   0.3900000          0.5742348E-06
   0.4125000          0.4709515E-06
   0.4375000          0.4441704E-06
   0.4625000          0.4885979E-06
   0.4875000          0.5027150E-06
   0.5125000          0.4862104E-06
   0.5375000          0.4975249E-06
   0.5625000          0.5362431E-06
   0.5875000          0.5689409E-06
   0.6150000          0.5974866E-06
   0.6450000          0.6096314E-06
   0.6750000          0.5681105E-06
   0.7050000          0.5000161E-06
   0.7400000          0.4432362E-06
   0.7800000          0.4214377E-06
   0.8200000          0.4277696E-06
   0.8600000          0.4307800E-06
   0.9000000          0.4297419E-06
   0.9400000          0.4259012E-06
   0.9800000          0.4155209E-06
    1.050000          0.3908160E-06
    1.150000          0.3581182E-06
    1.250000          0.3285346E-06
    1.350000          0.3071513E-06
    1.450000          0.2920999E-06
    1.550000          0.2805778E-06
    1.650000          0.2720660E-06
    1.750000          0.2567033E-06
    1.850000          0.2361504E-06
    1.950000          0.2126911E-06
    2.050000          0.1877785E-06
    2.150000          0.1688865E-06
    2.250000          0.1567416E-06
    2.350000          0.1479184E-06
    2.450000          0.1389914E-06
    2.550000          0.1294416E-06
    2.650000          0.1200994E-06
    2.750000          0.1117952E-06
    2.850000          0.1030654E-06
    2.950000          0.9420067E-07
    3.050000          0.8635320E-07
    3.150000          0.7937768E-07
    3.250000          0.7327411E-07
    3.350000          0.6800094E-07
    3.450000          0.6332984E-07
    3.550000          0.5910508E-07
    3.650000          0.5527477E-07
    3.750000          0.5120571E-07
    3.850000          0.4650347E-07
    3.950000          0.4187388E-07
    4.050000          0.3780483E-07
    4.150000          0.3421327E-07
    4.250000          0.3136908E-07
    4.350000          0.2946950E-07
    4.450000          0.2802665E-07
    4.550000          0.2667721E-07
    4.650000          0.2543158E-07
    4.750000          0.2405101E-07
    4.850000          0.2237980E-07
    4.950000          0.2067743E-07
    5.050000          0.1913078E-07
    5.150000          0.1772945E-07
    5.250000          0.1646306E-07
    5.350000          0.1530047E-07
    5.450000          0.1424169E-07
    5.550000          0.1316214E-07
    5.650000          0.1207222E-07
    5.750000          0.1109648E-07
    5.850000          0.1021312E-07
    5.950000          0.9412800E-08
    6.050000          0.8687222E-08
    6.150000          0.8028077E-08
    6.250000          0.7428099E-08
    6.350000          0.6881060E-08
    6.450000          0.6382809E-08
    6.550000          0.5993550E-08
    6.650000          0.5696675E-08
    6.750000          0.5418485E-08
    6.850000          0.5157941E-08
    6.950000          0.4912967E-08
    7.050000          0.4683564E-08
    7.150000          0.4467655E-08
    7.250000          0.4264202E-08
    7.350000          0.4073206E-08
    7.450000          0.3892590E-08
    7.550000          0.3667338E-08
    7.650000          0.3405757E-08
    7.750000          0.3164935E-08
    7.850000          0.2944874E-08
    7.950000          0.2741421E-08
    8.050000          0.2555615E-08
    8.150000          0.2383303E-08
    8.250000          0.2225523E-08
    8.350000          0.2079162E-08
    8.450000          0.1944219E-08
    8.550000          0.1754260E-08
    8.650000          0.1524857E-08
    8.750000          0.1328671E-08
    8.850000          0.1158435E-08
    8.950000          0.1012385E-08
    9.050000          0.8857458E-09
    9.150000          0.7761305E-09
    9.250000          0.6810474E-09
    9.350000          0.5984208E-09
    9.450000          0.5265895E-09
    9.550000          0.4858990E-09
    9.650000          0.4704324E-09
    9.750000          0.4555887E-09
    9.850000          0.4413678E-09
    9.950000          0.4277697E-09
    10.05000          0.4145868E-09
    10.15000          0.4020267E-09
    10.25000          0.3899856E-09
    10.35000          0.3783597E-09
    10.45000          0.3672529E-09
    10.55000          0.3418213E-09
    10.65000          0.3048676E-09
    10.75000          0.2721698E-09
    10.85000          0.2432090E-09
    10.95000          0.2176736E-09
    11.05000          0.1949409E-09
    11.15000          0.1746994E-09
    11.25000          0.1568454E-09
    11.35000          0.1408598E-09
    11.45000          0.1266389E-09
    11.55000          0.2464269E-10
    11.65000          0.2004424E-12
    11.75000          0.1698207E-14
    11.85000          0.1498907E-16
    11.95000          0.1377458E-18
    12.05000          0.1316214E-20
    12.15000          0.1306872E-22
    12.25000          0.1347355E-24
    12.35000          0.1442853E-26
    12.45000          0.1602709E-28
    12.55000          0.8270975E-30
    12.65000          0.7720821E-30
    12.75000          0.8141221E-30
    12.85000          0.8077901E-30
    12.95000          0.7950225E-30
    13.05000          0.7913894E-30
    13.15000          0.7759229E-30
    13.25000          0.7988632E-30
    13.35000          0.7910780E-30
    13.45000          0.7717707E-30
    13.55000          0.7660616E-30
    13.65000          0.7445745E-30
    13.75000          0.7778950E-30
    13.85000          0.7450935E-30
    13.95000          0.7440555E-30
    14.05000          0.7680338E-30
    14.15000          0.7633628E-30
    14.25000          0.7345057E-30
    14.35000          0.7260977E-30
    14.45000          0.7275509E-30
    14.55000          0.6899745E-30
    14.65000          0.6406683E-30
    14.75000          0.5947876E-30
    14.85000          0.5522287E-30
    14.95000          0.5127838E-30
    15.05000          0.4760378E-30
    15.15000          0.4419906E-30
    15.25000          0.4103308E-30
    15.35000          0.3809547E-30
    15.45000          0.3536548E-30
    15.55000          0.3282231E-30
    15.65000          0.3047638E-30
    15.75000          0.2828615E-30
    15.85000          0.2626201E-30
    15.95000          0.2437280E-30
    16.05000          0.2262892E-30
    16.15000          0.2099922E-30
    16.25000          0.1949409E-30
    16.35000          0.1809276E-30
    16.45000          0.1679523E-30
    16.55000          0.1559112E-30
    16.65000          0.1447005E-30
    16.75000          0.1342165E-30
    16.85000          0.1245629E-30
    16.95000          0.1156359E-30
    17.05000          0.1073317E-30
    17.15000          0.9960877E-31
    17.25000          0.9243603E-31
    17.35000          0.8578229E-31
    17.45000          0.7960605E-31
    17.55000          0.7387616E-31
    17.65000          0.6855109E-31
    17.75000          0.6361010E-31
    17.85000          0.5903242E-31
    17.95000          0.5477651E-31
    18.05000          0.5082165E-31
    18.15000          0.4715742E-31
    18.25000          0.4376309E-31
    18.35000          0.4060749E-31
    18.45000          0.3766989E-31
    18.55000          0.3495026E-31
    18.65000          0.3242787E-31
    18.75000          0.3009231E-31
    18.85000          0.2792285E-31
    18.95000          0.2589870E-31
    19.05000          0.2403025E-31
    19.15000          0.2229675E-31
    19.25000          0.2068781E-31
    19.35000          0.1919306E-31
    19.45000          0.1780211E-31
    19.55000          0.1651496E-31
    19.65000          0.1532123E-31
    19.75000          0.1421055E-31
    19.85000          0.1318290E-31
    19.95000          0.1222792E-31
