1.995000e+01 1.222792e-32 1.995000e+01 1.308802e-32 1.995000e+01 1.648077e-32 1.995000e+01 2.305574e-32 1.995000e+01 5.762275e-32 
1.985000e+01 1.318290e-32 1.985000e+01 1.411018e-32 1.985000e+01 1.776789e-32 1.985000e+01 2.485635e-32 1.985000e+01 6.212300e-32 
1.975000e+01 1.421055e-32 1.975000e+01 1.521011e-32 1.975000e+01 1.915295e-32 1.975000e+01 2.679398e-32 1.975000e+01 6.696566e-32 
1.965000e+01 1.532123e-32 1.965000e+01 1.639891e-32 1.965000e+01 2.064993e-32 1.965000e+01 2.888817e-32 1.965000e+01 7.219963e-32 
1.955000e+01 1.651496e-32 1.955000e+01 1.767661e-32 1.955000e+01 2.225883e-32 1.955000e+01 3.113895e-32 1.955000e+01 7.782496e-32 
1.945000e+01 1.780211e-32 1.945000e+01 1.905429e-32 1.945000e+01 2.399365e-32 1.945000e+01 3.356587e-32 1.945000e+01 8.389051e-32 
1.935000e+01 1.919306e-32 1.935000e+01 2.054308e-32 1.935000e+01 2.586837e-32 1.935000e+01 3.618850e-32 1.935000e+01 9.044522e-32 
1.925000e+01 2.068781e-32 1.925000e+01 2.214298e-32 1.925000e+01 2.788300e-32 1.925000e+01 3.900686e-32 1.925000e+01 9.748907e-32 
1.915000e+01 2.229675e-32 1.915000e+01 2.386509e-32 1.915000e+01 3.005152e-32 1.915000e+01 4.204052e-32 1.915000e+01 1.050710e-31 
1.905000e+01 2.403025e-32 1.905000e+01 2.572052e-32 1.905000e+01 3.238793e-32 1.905000e+01 4.530903e-32 1.905000e+01 1.132400e-31 
1.895000e+01 2.589870e-32 1.895000e+01 2.772039e-32 1.895000e+01 3.490621e-32 1.895000e+01 4.883198e-32 1.895000e+01 1.220448e-31 
1.885000e+01 2.792285e-32 1.885000e+01 2.988691e-32 1.885000e+01 3.763436e-32 1.885000e+01 5.264851e-32 1.885000e+01 1.315834e-31 
1.875000e+01 3.009231e-32 1.875000e+01 3.220898e-32 1.875000e+01 4.055836e-32 1.875000e+01 5.673904e-32 1.875000e+01 1.418067e-31 
1.865000e+01 3.242787e-32 1.865000e+01 3.470882e-32 1.865000e+01 4.370622e-32 1.865000e+01 6.114272e-32 1.865000e+01 1.528128e-31 
1.855000e+01 3.495026e-32 1.855000e+01 3.740864e-32 1.855000e+01 4.710590e-32 1.855000e+01 6.589871e-32 1.855000e+01 1.646993e-31 
1.845000e+01 3.766989e-32 1.845000e+01 4.031956e-32 1.845000e+01 5.077141e-32 1.845000e+01 7.102655e-32 1.845000e+01 1.775153e-31 
1.835000e+01 4.060749e-32 1.835000e+01 4.346379e-32 1.835000e+01 5.473070e-32 1.835000e+01 7.656541e-32 1.835000e+01 1.913584e-31 
1.825000e+01 4.376309e-32 1.825000e+01 4.684135e-32 1.825000e+01 5.898381e-32 1.825000e+01 8.251528e-32 1.825000e+01 2.062288e-31 
1.815000e+01 4.715742e-32 1.815000e+01 5.047443e-32 1.815000e+01 6.355869e-32 1.815000e+01 8.891529e-32 1.815000e+01 2.222242e-31 
1.805000e+01 5.082165e-32 1.805000e+01 5.439639e-32 1.805000e+01 6.849732e-32 1.805000e+01 9.582418e-32 1.805000e+01 2.394915e-31 
1.795000e+01 5.477651e-32 1.795000e+01 5.862945e-32 1.795000e+01 7.382769e-32 1.795000e+01 1.032811e-31 1.795000e+01 2.581284e-31 
1.785000e+01 5.903242e-32 1.785000e+01 6.318471e-32 1.785000e+01 7.956378e-32 1.785000e+01 1.113056e-31 1.785000e+01 2.781838e-31 
1.775000e+01 6.361010e-32 1.775000e+01 6.808438e-32 1.775000e+01 8.573358e-32 1.775000e+01 1.199368e-31 1.775000e+01 2.997557e-31 
1.765000e+01 6.855109e-32 1.765000e+01 7.337292e-32 1.765000e+01 9.239304e-32 1.765000e+01 1.292531e-31 1.765000e+01 3.230396e-31 
1.755000e+01 7.387616e-32 1.755000e+01 7.907255e-32 1.755000e+01 9.957015e-32 1.755000e+01 1.392935e-31 1.755000e+01 3.481334e-31 
1.745000e+01 7.960605e-32 1.745000e+01 8.520548e-32 1.745000e+01 1.072929e-31 1.745000e+01 1.500972e-31 1.745000e+01 3.751349e-31 
1.735000e+01 8.578229e-32 1.735000e+01 9.181615e-32 1.735000e+01 1.156172e-31 1.735000e+01 1.617425e-31 1.735000e+01 4.042397e-31 
1.725000e+01 9.243603e-32 1.725000e+01 9.893789e-32 1.725000e+01 1.245851e-31 1.725000e+01 1.742881e-31 1.725000e+01 4.355947e-31 
1.715000e+01 9.960877e-32 1.715000e+01 1.066152e-31 1.715000e+01 1.342525e-31 1.715000e+01 1.878123e-31 1.715000e+01 4.693955e-31 
1.705000e+01 1.073317e-31 1.705000e+01 1.148813e-31 1.705000e+01 1.446614e-31 1.705000e+01 2.023738e-31 1.705000e+01 5.057888e-31 
1.695000e+01 1.156359e-31 1.695000e+01 1.237696e-31 1.695000e+01 1.558538e-31 1.695000e+01 2.180314e-31 1.695000e+01 5.449214e-31 
1.685000e+01 1.245629e-31 1.685000e+01 1.333245e-31 1.685000e+01 1.678856e-31 1.685000e+01 2.348632e-31 1.685000e+01 5.869889e-31 
1.675000e+01 1.342165e-31 1.675000e+01 1.436572e-31 1.675000e+01 1.808967e-31 1.675000e+01 2.530651e-31 1.675000e+01 6.324806e-31 
1.665000e+01 1.447005e-31 1.665000e+01 1.548786e-31 1.665000e+01 1.950271e-31 1.665000e+01 2.728328e-31 1.665000e+01 6.818855e-31 
1.655000e+01 1.559112e-31 1.655000e+01 1.668779e-31 1.655000e+01 2.101368e-31 1.655000e+01 2.939704e-31 1.655000e+01 7.347145e-31 
1.645000e+01 1.679523e-31 1.645000e+01 1.797659e-31 1.645000e+01 2.263657e-31 1.645000e+01 3.166739e-31 1.645000e+01 7.914568e-31 
1.635000e+01 1.809276e-31 1.635000e+01 1.936538e-31 1.635000e+01 2.438538e-31 1.635000e+01 3.411388e-31 1.635000e+01 8.526015e-31 
1.625000e+01 1.949409e-31 1.625000e+01 2.086529e-31 1.625000e+01 2.627409e-31 1.625000e+01 3.675609e-31 1.625000e+01 9.186377e-31 
1.615000e+01 2.099922e-31 1.615000e+01 2.247629e-31 1.615000e+01 2.830271e-31 1.615000e+01 3.959403e-31 1.615000e+01 9.895656e-31 
1.605000e+01 2.262892e-31 1.605000e+01 2.422062e-31 1.605000e+01 3.049922e-31 1.605000e+01 4.266682e-31 1.605000e+01 1.066363e-30 
1.595000e+01 2.437280e-31 1.595000e+01 2.608716e-31 1.595000e+01 3.284962e-31 1.595000e+01 4.595490e-31 1.595000e+01 1.148542e-30 
1.585000e+01 2.626201e-31 1.585000e+01 2.810925e-31 1.585000e+01 3.539588e-31 1.585000e+01 4.951699e-31 1.585000e+01 1.237568e-30 
1.575000e+01 2.828615e-31 1.575000e+01 3.027577e-31 1.575000e+01 3.812402e-31 1.575000e+01 5.333352e-31 1.575000e+01 1.332954e-30 
1.565000e+01 3.047638e-31 1.565000e+01 3.262006e-31 1.565000e+01 4.107601e-31 1.565000e+01 5.746320e-31 1.565000e+01 1.436166e-30 
1.555000e+01 3.282231e-31 1.555000e+01 3.513101e-31 1.555000e+01 4.423785e-31 1.555000e+01 6.188646e-31 1.555000e+01 1.546716e-30 
1.545000e+01 3.536548e-31 1.545000e+01 3.785306e-31 1.545000e+01 4.766552e-31 1.545000e+01 6.668159e-31 1.545000e+01 1.666560e-30 
1.535000e+01 3.809547e-31 1.535000e+01 4.077508e-31 1.535000e+01 5.134501e-31 1.535000e+01 7.182900e-31 1.535000e+01 1.795208e-30 
1.525000e+01 4.103308e-31 1.525000e+01 4.391931e-31 1.525000e+01 5.530431e-31 1.525000e+01 7.736785e-31 1.525000e+01 1.933639e-30 
1.515000e+01 4.419906e-31 1.515000e+01 4.730798e-31 1.515000e+01 5.957141e-31 1.515000e+01 8.333729e-31 1.515000e+01 2.082833e-30 
1.505000e+01 4.760378e-31 1.505000e+01 5.095218e-31 1.505000e+01 6.416029e-31 1.505000e+01 8.975689e-31 1.505000e+01 2.243276e-30 
1.495000e+01 5.127838e-31 1.495000e+01 5.488526e-31 1.495000e+01 6.911291e-31 1.495000e+01 9.668536e-31 1.495000e+01 2.416438e-30 
1.485000e+01 5.522287e-31 1.485000e+01 5.910720e-31 1.485000e+01 7.442929e-31 1.485000e+01 1.041227e-30 1.485000e+01 2.602318e-30 
1.475000e+01 5.947876e-31 1.475000e+01 6.366245e-31 1.475000e+01 8.016537e-31 1.475000e+01 1.121472e-30 1.475000e+01 2.802872e-30 
1.465000e+01 6.406683e-31 1.465000e+01 6.857324e-31 1.465000e+01 8.634916e-31 1.465000e+01 1.207980e-30 1.465000e+01 3.019080e-30 
1.455000e+01 6.899745e-31 1.455000e+01 7.385067e-31 1.455000e+01 9.299463e-31 1.455000e+01 1.300946e-30 1.455000e+01 3.251430e-30 
1.445000e+01 7.275509e-31 1.445000e+01 7.787263e-31 1.445000e+01 9.805918e-31 1.445000e+01 1.371797e-30 1.445000e+01 3.428505e-30 
1.435000e+01 7.260977e-31 1.435000e+01 7.771708e-31 1.435000e+01 9.786331e-31 1.435000e+01 1.369057e-30 1.435000e+01 3.421656e-30 
1.425000e+01 7.345057e-31 1.425000e+01 7.861702e-31 1.425000e+01 9.899654e-31 1.425000e+01 1.384910e-30 1.425000e+01 3.461278e-30 
1.415000e+01 7.633628e-31 1.415000e+01 8.170571e-31 1.415000e+01 1.028859e-30 1.415000e+01 1.439320e-30 1.415000e+01 3.597264e-30 
1.405000e+01 7.680338e-31 1.405000e+01 8.220567e-31 1.405000e+01 1.035155e-30 1.405000e+01 1.448127e-30 1.405000e+01 3.619276e-30 
1.395000e+01 7.440555e-31 1.395000e+01 7.963917e-31 1.395000e+01 1.002837e-30 1.395000e+01 1.402916e-30 1.395000e+01 3.506280e-30 
1.385000e+01 7.450935e-31 1.385000e+01 7.975027e-31 1.385000e+01 1.004236e-30 1.385000e+01 1.404873e-30 1.385000e+01 3.511172e-30 
1.375000e+01 7.778950e-31 1.375000e+01 8.326115e-31 1.375000e+01 1.048446e-30 1.375000e+01 1.466721e-30 1.375000e+01 3.665746e-30 
1.365000e+01 7.445745e-31 1.365000e+01 7.969473e-31 1.365000e+01 1.003536e-30 1.365000e+01 1.403895e-30 1.365000e+01 3.508726e-30 
1.355000e+01 7.660616e-31 1.355000e+01 8.199457e-31 1.355000e+01 1.032496e-30 1.355000e+01 1.444409e-30 1.355000e+01 3.609982e-30 
1.345000e+01 7.717707e-31 1.345000e+01 8.260565e-31 1.345000e+01 1.040191e-30 1.345000e+01 1.455173e-30 1.345000e+01 3.636885e-30 
1.335000e+01 7.910780e-31 1.335000e+01 8.467217e-31 1.335000e+01 1.066213e-30 1.335000e+01 1.491577e-30 1.335000e+01 3.727869e-30 
1.325000e+01 7.988632e-31 1.325000e+01 8.550545e-31 1.325000e+01 1.076706e-30 1.325000e+01 1.506256e-30 1.325000e+01 3.764556e-30 
1.315000e+01 7.759229e-31 1.315000e+01 8.305007e-31 1.315000e+01 1.045787e-30 1.315000e+01 1.463002e-30 1.315000e+01 3.656452e-30 
1.305000e+01 7.913894e-31 1.305000e+01 8.470550e-31 1.305000e+01 1.066633e-30 1.305000e+01 1.492164e-30 1.305000e+01 3.729337e-30 
1.295000e+01 7.950225e-31 1.295000e+01 8.509437e-31 1.295000e+01 1.071530e-30 1.295000e+01 1.499014e-30 1.295000e+01 3.746457e-30 
1.285000e+01 8.077901e-31 1.285000e+01 8.646094e-31 1.285000e+01 1.088738e-30 1.285000e+01 1.523088e-30 1.285000e+01 3.806623e-30 
1.275000e+01 8.141221e-31 1.275000e+01 8.713867e-31 1.275000e+01 1.097272e-30 1.275000e+01 1.535027e-30 1.275000e+01 3.836462e-30 
1.265000e+01 7.720821e-31 1.265000e+01 8.263897e-31 1.265000e+01 1.040611e-30 1.265000e+01 1.455760e-30 1.265000e+01 3.638353e-30 
1.255000e+01 8.270975e-31 1.255000e+01 8.852747e-31 1.255000e+01 1.114760e-30 1.255000e+01 1.559492e-30 1.255000e+01 3.897607e-30 
1.245000e+01 1.602709e-29 1.245000e+01 8.813862e-31 1.245000e+01 1.937679e-29 1.245000e+01 1.552642e-30 1.245000e+01 3.880487e-30 
1.235000e+01 1.442853e-27 1.235000e+01 8.977184e-31 1.235000e+01 1.517966e-27 1.235000e+01 1.581412e-30 1.235000e+01 3.952392e-30 
1.225000e+01 1.347355e-25 1.225000e+01 9.069400e-31 1.225000e+01 1.231301e-25 1.225000e+01 1.597657e-30 1.225000e+01 3.992993e-30 
1.215000e+01 1.306872e-23 1.215000e+01 9.150505e-31 1.215000e+01 1.035994e-23 1.215000e+01 1.611944e-30 1.215000e+01 4.028701e-30 
1.205000e+01 1.316214e-21 1.205000e+01 9.140506e-31 1.205000e+01 9.043439e-22 1.205000e+01 1.610183e-30 1.205000e+01 4.024299e-30 
1.195000e+01 1.377458e-19 1.195000e+01 9.009404e-31 1.195000e+01 8.194217e-20 1.195000e+01 1.587088e-30 1.195000e+01 3.966578e-30 
1.185000e+01 1.498907e-17 1.185000e+01 9.376046e-31 1.185000e+01 7.712945e-18 1.185000e+01 1.651676e-30 1.185000e+01 4.127999e-30 
1.175000e+01 1.698207e-15 1.175000e+01 9.456041e-31 1.175000e+01 7.546457e-16 1.175000e+01 1.665767e-30 1.175000e+01 4.163219e-30 
1.165000e+01 2.004424e-13 1.165000e+01 9.537147e-31 1.165000e+01 7.677968e-14 1.165000e+01 1.680055e-30 1.165000e+01 4.198928e-30 
1.155000e+01 2.464269e-11 1.155000e+01 9.619364e-31 1.155000e+01 8.132659e-12 1.155000e+01 1.694538e-30 1.155000e+01 4.235126e-30 
1.145000e+01 1.266389e-10 1.145000e+01 1.960981e-29 1.145000e+01 3.971893e-11 1.145000e+01 2.691141e-29 1.145000e+01 4.272301e-30 
1.135000e+01 1.408598e-10 1.135000e+01 1.887653e-27 1.135000e+01 4.240510e-11 1.135000e+01 1.878906e-27 1.135000e+01 4.242952e-30 
1.125000e+01 1.568454e-10 1.125000e+01 1.893208e-25 1.125000e+01 4.530113e-11 1.125000e+01 1.362402e-25 1.125000e+01 4.348121e-30 
1.115000e+01 1.746994e-10 1.115000e+01 1.977647e-23 1.115000e+01 4.843500e-11 1.115000e+01 1.026548e-23 1.115000e+01 4.387254e-30 
1.105000e+01 1.949409e-10 1.105000e+01 2.155413e-21 1.105000e+01 5.179271e-11 1.105000e+01 8.044065e-22 1.105000e+01 4.714010e-30 
1.095000e+01 2.176736e-10 1.095000e+01 2.452060e-19 1.095000e+01 5.543022e-11 1.095000e+01 6.558554e-20 1.095000e+01 4.466986e-30 
1.085000e+01 2.432090e-10 1.085000e+01 2.914252e-17 1.085000e+01 5.936154e-11 1.085000e+01 5.568215e-18 1.085000e+01 4.508564e-30 
1.075000e+01 2.721698e-10 1.075000e+01 3.619761e-15 1.075000e+01 6.361466e-11 1.075000e+01 4.928213e-16 1.075000e+01 4.662160e-30 
1.065000e+01 3.048676e-10 1.065000e+01 4.705244e-13 1.065000e+01 6.821751e-11 1.065000e+01 4.548518e-14 1.065000e+01 4.601504e-30 
1.055000e+01 3.418213e-10 1.055000e+01 6.404020e-11 1.055000e+01 7.318413e-11 1.055000e+01 4.382157e-12 1.055000e+01 4.769775e-30 
1.045000e+01 3.672529e-10 1.045000e+01 3.190900e-10 1.045000e+01 7.559049e-11 1.045000e+01 2.041353e-11 1.045000e+01 4.680748e-30 
1.035000e+01 3.783597e-10 1.035000e+01 3.203121e-10 1.035000e+01 7.514280e-11 1.035000e+01 2.064839e-11 1.035000e+01 4.726239e-30 
1.025000e+01 3.899856e-10 1.025000e+01 3.214231e-10 1.025000e+01 7.469510e-11 1.025000e+01 2.086368e-11 1.025000e+01 4.760969e-30 
1.015000e+01 4.020267e-10 1.015000e+01 3.226453e-10 1.015000e+01 7.424740e-11 1.015000e+01 2.107898e-11 1.015000e+01 5.008972e-30 
1.005000e+01 4.145868e-10 1.005000e+01 3.238675e-10 1.005000e+01 7.379971e-11 1.005000e+01 2.131384e-11 1.005000e+01 4.974731e-30 
9.950000e+00 4.277697e-10 9.950000e+00 3.252007e-10 9.950000e+00 7.333802e-11 9.950000e+00 2.154870e-11 9.950000e+00 4.984515e-30 
9.850000e+00 4.413678e-10 9.850000e+00 3.264228e-10 9.850000e+00 7.289033e-11 9.850000e+00 2.178356e-11 9.850000e+00 5.043213e-30 
9.750000e+00 4.555887e-10 9.750000e+00 3.276450e-10 9.750000e+00 7.242865e-11 9.750000e+00 2.203800e-11 9.750000e+00 4.891575e-30 
9.650000e+00 4.704324e-10 9.650000e+00 3.289782e-10 9.650000e+00 7.196695e-11 9.650000e+00 2.227286e-11 9.650000e+00 5.224202e-30 
9.550000e+00 4.858990e-10 9.550000e+00 3.303114e-10 9.550000e+00 7.150527e-11 9.550000e+00 2.252730e-11 9.550000e+00 5.410081e-30 
9.450000e+00 5.265895e-10 9.450000e+00 3.398664e-10 9.450000e+00 7.554852e-11 9.450000e+00 2.354504e-11 9.450000e+00 7.508568e-29 
9.350000e+00 5.984208e-10 9.350000e+00 3.583096e-10 9.350000e+00 8.486616e-11 9.350000e+00 2.544351e-11 9.350000e+00 4.752165e-27 
9.250000e+00 6.810474e-10 9.250000e+00 3.778639e-10 9.250000e+00 9.545695e-11 9.250000e+00 2.749857e-11 9.250000e+00 3.144793e-25 
9.150000e+00 7.761305e-10 9.150000e+00 3.988625e-10 9.150000e+00 1.074888e-10 9.150000e+00 2.972977e-11 9.150000e+00 2.179197e-23 
9.050000e+00 8.857458e-10 9.050000e+00 4.213055e-10 9.050000e+00 1.211994e-10 9.050000e+00 3.219583e-11 9.050000e+00 1.581935e-21 
8.950000e+00 1.012385e-09 8.950000e+00 4.451928e-10 8.950000e+00 1.368547e-10 8.950000e+00 3.489676e-11 8.950000e+00 1.204795e-19 
8.850000e+00 1.158435e-09 8.850000e+00 4.707466e-10 8.850000e+00 1.547346e-10 8.850000e+00 3.785212e-11 8.850000e+00 9.636403e-18 
8.750000e+00 1.328671e-09 8.750000e+00 4.980781e-10 8.750000e+00 1.751606e-10 8.750000e+00 4.108149e-11 8.750000e+00 8.105339e-16 
8.650000e+00 1.524857e-09 8.650000e+00 5.272984e-10 8.650000e+00 1.986646e-10 8.650000e+00 4.464358e-11 8.650000e+00 7.171048e-14 
8.550000e+00 1.754260e-09 8.550000e+00 5.587408e-10 8.550000e+00 2.255263e-10 8.550000e+00 4.857754e-11 8.550000e+00 6.691675e-12 
8.450000e+00 1.944219e-09 8.450000e+00 6.050710e-10 8.450000e+00 2.474914e-10 8.450000e+00 5.352924e-11 8.450000e+00 7.479219e-12 
8.350000e+00 2.079162e-09 8.350000e+00 6.698446e-10 8.350000e+00 2.626011e-10 8.350000e+00 5.979226e-11 8.350000e+00 1.268874e-13 
8.250000e+00 2.225523e-09 8.250000e+00 7.423954e-10 8.250000e+00 2.788300e-10 8.250000e+00 6.685773e-11 8.250000e+00 2.049570e-15 
8.150000e+00 2.383303e-09 8.150000e+00 8.238344e-10 8.150000e+00 2.961782e-10 8.150000e+00 7.488222e-11 8.150000e+00 3.148707e-17 
8.050000e+00 2.555615e-09 8.050000e+00 9.154950e-10 8.050000e+00 3.149254e-10 8.050000e+00 8.396361e-11 8.050000e+00 4.594656e-19 
7.950000e+00 2.741421e-09 7.950000e+00 1.018599e-09 7.950000e+00 3.352116e-10 7.950000e+00 9.429758e-11 7.950000e+00 6.363938e-21 
7.850000e+00 2.944874e-09 7.850000e+00 1.134369e-09 7.850000e+00 3.568968e-10 7.850000e+00 1.060407e-10 7.850000e+00 8.349917e-23 
7.750000e+00 3.164935e-09 7.750000e+00 1.265472e-09 7.750000e+00 3.804008e-10 7.750000e+00 1.194279e-10 7.750000e+00 1.037014e-24 
7.650000e+00 3.405757e-09 7.650000e+00 1.414351e-09 7.650000e+00 4.058635e-10 7.650000e+00 1.347332e-10 7.650000e+00 1.217513e-26 
7.550000e+00 3.667338e-09 7.550000e+00 1.582118e-09 7.550000e+00 4.332848e-10 7.550000e+00 1.522305e-10 7.550000e+00 1.347629e-28 
7.450000e+00 3.892590e-09 7.450000e+00 1.757661e-09 7.450000e+00 4.616854e-10 7.450000e+00 1.650893e-10 7.450000e+00 6.329697e-30 
7.350000e+00 4.073206e-09 7.350000e+00 1.936539e-09 7.350000e+00 4.912053e-10 7.350000e+00 1.719003e-10 7.350000e+00 6.784614e-30 
7.250000e+00 4.264202e-09 7.250000e+00 2.136525e-09 7.250000e+00 5.231035e-10 7.250000e+00 1.791028e-10 7.250000e+00 6.745482e-30 
7.150000e+00 4.467655e-09 7.150000e+00 2.360955e-09 7.150000e+00 5.575201e-10 7.150000e+00 1.867163e-10 7.150000e+00 6.667217e-30 
7.050000e+00 4.683564e-09 7.050000e+00 2.613160e-09 7.050000e+00 5.947348e-10 7.050000e+00 1.947603e-10 7.050000e+00 7.219965e-30 
6.950000e+00 4.912967e-09 6.950000e+00 2.895364e-09 6.950000e+00 6.350273e-10 6.950000e+00 2.033524e-10 6.950000e+00 7.038976e-30 
6.850000e+00 5.157941e-09 6.850000e+00 3.214232e-09 6.850000e+00 6.786775e-10 6.850000e+00 2.123555e-10 6.850000e+00 7.141699e-30 
6.750000e+00 5.418485e-09 6.750000e+00 3.571986e-09 6.750000e+00 7.261053e-10 6.750000e+00 2.219457e-10 6.750000e+00 7.249314e-30 
6.650000e+00 5.696675e-09 6.650000e+00 3.977515e-09 6.650000e+00 7.775901e-10 6.650000e+00 2.321231e-10 6.650000e+00 7.356928e-30 
6.550000e+00 5.993550e-09 6.550000e+00 4.435262e-09 6.550000e+00 8.335520e-10 6.550000e+00 2.428877e-10 6.550000e+00 7.611290e-30 
6.450000e+00 6.382809e-09 6.450000e+00 4.778573e-09 6.450000e+00 8.904932e-10 6.450000e+00 2.589367e-10 6.450000e+00 9.954354e-29 
6.350000e+00 6.881060e-09 6.350000e+00 4.977448e-09 6.350000e+00 9.482739e-10 6.350000e+00 2.814444e-10 6.350000e+00 5.639986e-27 
6.250000e+00 7.428099e-09 6.250000e+00 5.187434e-09 6.250000e+00 1.010671e-09 6.250000e+00 3.063008e-10 6.250000e+00 3.407960e-25 
6.150000e+00 8.028077e-09 6.150000e+00 5.409643e-09 6.150000e+00 1.078385e-09 6.150000e+00 3.337015e-10 6.150000e+00 2.201209e-23 
6.050000e+00 8.687222e-09 6.050000e+00 5.645183e-09 6.050000e+00 1.151835e-09 6.050000e+00 3.642337e-10 6.050000e+00 1.523236e-21 
5.950000e+00 9.412800e-09 5.950000e+00 5.895165e-09 5.950000e+00 1.231581e-09 5.950000e+00 3.980931e-10 5.950000e+00 1.131421e-19 
5.850000e+00 1.021312e-08 5.850000e+00 6.160703e-09 5.850000e+00 1.318461e-09 5.850000e+00 4.356713e-10 5.850000e+00 9.049413e-18 
5.750000e+00 1.109648e-08 5.750000e+00 6.442907e-09 5.750000e+00 1.413037e-09 5.750000e+00 4.775552e-10 5.750000e+00 7.811844e-16 
5.650000e+00 1.207222e-08 5.650000e+00 6.743998e-09 5.650000e+00 1.516567e-09 5.650000e+00 5.243321e-10 5.650000e+00 7.293338e-14 
5.550000e+00 1.316214e-08 5.550000e+00 7.063977e-09 5.550000e+00 1.628490e-09 5.550000e+00 5.767849e-10 5.550000e+00 7.391169e-12 
5.450000e+00 1.424169e-08 5.450000e+00 7.493949e-09 5.450000e+00 1.766996e-09 5.450000e+00 6.327606e-10 5.450000e+00 3.639332e-11 
5.350000e+00 1.530047e-08 5.350000e+00 8.050579e-09 5.350000e+00 1.936280e-09 5.350000e+00 6.924551e-10 5.350000e+00 3.987612e-11 
5.250000e+00 1.646306e-08 5.250000e+00 8.659426e-09 5.250000e+00 2.125152e-09 5.250000e+00 7.591953e-10 5.250000e+00 4.376492e-11 
5.150000e+00 1.772945e-08 5.150000e+00 9.328271e-09 5.150000e+00 2.335009e-09 5.150000e+00 8.339601e-10 5.150000e+00 4.812331e-11 
5.050000e+00 1.913078e-08 5.050000e+00 1.006267e-08 5.050000e+00 2.572847e-09 5.050000e+00 9.175323e-10 5.050000e+00 5.302467e-11 
4.950000e+00 2.067743e-08 4.950000e+00 1.087261e-08 4.950000e+00 2.838666e-09 4.950000e+00 1.011478e-09 4.950000e+00 5.850324e-11 
4.850000e+00 2.237980e-08 4.850000e+00 1.176589e-08 4.850000e+00 3.138062e-09 4.850000e+00 1.117362e-09 4.850000e+00 6.471552e-11 
4.750000e+00 2.405101e-08 4.750000e+00 1.263250e-08 4.750000e+00 3.459842e-09 4.750000e+00 1.196628e-09 4.750000e+00 6.999844e-11 
4.650000e+00 2.543158e-08 4.650000e+00 1.331023e-08 4.650000e+00 3.787219e-09 4.650000e+00 1.202108e-09 4.650000e+00 7.229747e-11 
4.550000e+00 2.667721e-08 4.550000e+00 1.392130e-08 4.550000e+00 4.132783e-09 4.550000e+00 1.168445e-09 4.550000e+00 7.298229e-11 
4.450000e+00 2.802665e-08 4.450000e+00 1.456570e-08 4.450000e+00 4.517522e-09 4.450000e+00 1.134781e-09 4.450000e+00 7.361819e-11 
4.350000e+00 2.946950e-08 4.350000e+00 1.525454e-08 4.350000e+00 4.949827e-09 4.350000e+00 1.101508e-09 4.350000e+00 7.430302e-11 
4.250000e+00 3.136908e-08 4.250000e+00 1.619893e-08 4.250000e+00 5.428301e-09 4.250000e+00 1.116970e-09 4.250000e+00 7.454759e-11 
4.150000e+00 3.421327e-08 4.150000e+00 1.766550e-08 4.150000e+00 5.951545e-09 4.150000e+00 1.240273e-09 4.150000e+00 7.376495e-11 
4.050000e+00 3.780483e-08 4.050000e+00 1.955426e-08 4.050000e+00 6.534947e-09 4.050000e+00 1.443626e-09 4.050000e+00 7.249314e-11 
3.950000e+00 4.187388e-08 3.950000e+00 2.169856e-08 3.950000e+00 7.191100e-09 3.950000e+00 1.686709e-09 3.950000e+00 7.122133e-11 
3.850000e+00 4.650347e-08 3.850000e+00 2.413173e-08 3.850000e+00 7.931195e-09 3.850000e+00 1.978722e-09 3.850000e+00 6.990060e-11 
3.750000e+00 5.120571e-08 3.750000e+00 2.684267e-08 3.750000e+00 8.731451e-09 3.750000e+00 2.272302e-09 3.750000e+00 7.273771e-11 
3.650000e+00 5.527477e-08 3.650000e+00 2.976470e-08 3.650000e+00 9.547095e-09 3.650000e+00 2.487593e-09 3.650000e+00 8.535798e-11 
3.550000e+00 5.910508e-08 3.550000e+00 3.300893e-08 3.550000e+00 1.041590e-08 3.550000e+00 2.661783e-09 3.550000e+00 1.065385e-10 
3.450000e+00 6.332984e-08 3.450000e+00 3.670868e-08 3.450000e+00 1.139244e-08 3.450000e+00 2.853588e-09 3.450000e+00 1.338824e-10 
3.350000e+00 6.800094e-08 3.350000e+00 4.095284e-08 3.350000e+00 1.249349e-08 3.350000e+00 3.064965e-09 3.350000e+00 1.693952e-10 
3.250000e+00 7.327411e-08 3.250000e+00 4.527478e-08 3.250000e+00 1.376382e-08 3.250000e+00 3.362459e-09 3.250000e+00 2.128813e-10 
3.150000e+00 7.937768e-08 3.150000e+00 4.900787e-08 3.150000e+00 1.526360e-08 3.150000e+00 3.838057e-09 3.150000e+00 2.623841e-10 
3.050000e+00 8.635320e-08 3.050000e+00 5.251874e-08 3.050000e+00 1.701241e-08 3.050000e+00 4.481973e-09 3.050000e+00 3.213276e-10 
2.950000e+00 9.420067e-08 2.950000e+00 5.641849e-08 2.950000e+00 1.904102e-08 2.950000e+00 5.258979e-09 2.950000e+00 3.961686e-10 
2.850000e+00 1.030654e-07 2.850000e+00 6.076264e-08 2.850000e+00 2.139143e-08 2.850000e+00 6.204303e-09 2.850000e+00 4.920924e-10 
2.750000e+00 1.117952e-07 2.750000e+00 6.620672e-08 2.750000e+00 2.362990e-08 2.750000e+00 7.147671e-09 2.750000e+00 5.551937e-10 
2.650000e+00 1.200994e-07 2.650000e+00 7.301739e-08 2.650000e+00 2.565851e-08 2.650000e+00 8.040151e-09 2.650000e+00 5.698685e-10 
2.550000e+00 1.294416e-07 2.550000e+00 8.082799e-08 2.550000e+00 2.795295e-08 2.550000e+00 9.083334e-09 2.550000e+00 5.850324e-10 
2.450000e+00 1.389914e-07 2.450000e+00 8.938297e-08 2.450000e+00 3.091893e-08 2.450000e+00 1.026352e-08 2.450000e+00 6.520469e-10 
2.350000e+00 1.479184e-07 2.350000e+00 9.824905e-08 2.350000e+00 3.514405e-08 2.350000e+00 1.153961e-08 2.350000e+00 8.614064e-10 
2.250000e+00 1.567416e-07 2.250000e+00 1.078595e-07 2.250000e+00 4.064231e-08 2.250000e+00 1.297619e-08 2.250000e+00 1.246862e-09 
2.150000e+00 1.688865e-07 2.150000e+00 1.208809e-07 2.150000e+00 4.762355e-08 2.150000e+00 1.520348e-08 2.150000e+00 1.762924e-09 
2.050000e+00 1.877785e-07 2.050000e+00 1.405463e-07 2.050000e+00 5.701115e-08 2.050000e+00 1.927836e-08 2.050000e+00 2.344532e-09 
1.950000e+00 2.126911e-07 1.950000e+00 1.674334e-07 1.950000e+00 6.933674e-08 1.950000e+00 2.561966e-08 1.950000e+00 3.045494e-09 
1.850000e+00 2.361504e-07 1.850000e+00 1.912096e-07 1.850000e+00 8.478222e-08 1.850000e+00 3.368330e-08 1.850000e+00 4.213113e-09 
1.750000e+00 2.567033e-07 1.750000e+00 2.090973e-07 1.750000e+00 1.043829e-07 1.750000e+00 4.389985e-08 1.750000e+00 6.207408e-09 
1.650000e+00 2.720660e-07 1.650000e+00 2.242074e-07 1.650000e+00 1.174919e-07 1.650000e+00 5.172863e-08 1.650000e+00 8.384159e-09 
1.550000e+00 2.805778e-07 1.550000e+00 2.354289e-07 1.550000e+00 1.205559e-07 1.550000e+00 5.507542e-08 1.550000e+00 1.041905e-08 
1.450000e+00 2.920999e-07 1.450000e+00 2.484280e-07 1.450000e+00 1.287123e-07 1.450000e+00 5.900938e-08 1.450000e+00 1.211154e-08 
1.350000e+00 3.071513e-07 1.350000e+00 2.635381e-07 1.350000e+00 1.434023e-07 1.350000e+00 6.366750e-08 1.350000e+00 1.315344e-08 
1.250000e+00 3.285346e-07 1.250000e+00 2.897586e-07 1.250000e+00 1.674659e-07 1.250000e+00 7.617397e-08 1.250000e+00 1.680745e-08 
1.150000e+00 3.581182e-07 1.150000e+00 3.314225e-07 1.150000e+00 2.057998e-07 1.150000e+00 1.016566e-07 1.150000e+00 2.543130e-08 
1.050000e+00 3.908160e-07 1.050000e+00 3.930851e-07 1.050000e+00 2.739333e-07 1.050000e+00 1.572214e-07 1.050000e+00 4.731620e-08 
9.800000e-01 4.155209e-07 9.800000e-01 4.536367e-07 9.800000e-01 3.520002e-07 9.800000e-01 2.325146e-07 9.800000e-01 8.139580e-08 
9.400000e-01 4.259012e-07 9.400000e-01 4.747464e-07 9.400000e-01 3.827792e-07 9.400000e-01 2.650040e-07 9.400000e-01 9.866305e-08 
9.000000e-01 4.297419e-07 9.000000e-01 4.703022e-07 9.000000e-01 3.801210e-07 9.000000e-01 2.622639e-07 9.000000e-01 9.944571e-08 
8.600000e-01 4.307800e-07 8.600000e-01 4.580808e-07 8.600000e-01 3.662704e-07 8.600000e-01 2.477807e-07 8.600000e-01 9.396715e-08 
8.200000e-01 4.277696e-07 8.200000e-01 4.416374e-07 8.200000e-01 3.441654e-07 8.200000e-01 2.270344e-07 8.200000e-01 8.330352e-08 
7.800000e-01 4.214377e-07 7.800000e-01 4.220832e-07 7.800000e-01 3.166043e-07 7.800000e-01 2.023738e-07 7.800000e-01 6.994951e-08 
7.400000e-01 4.432362e-07 7.400000e-01 4.575253e-07 7.400000e-01 3.585756e-07 7.400000e-01 2.350589e-07 7.400000e-01 8.296111e-08 
7.050000e-01 5.000161e-07 7.050000e-01 5.689623e-07 7.050000e-01 5.082737e-07 7.050000e-01 3.626679e-07 7.050000e-01 1.432253e-07 
6.750000e-01 5.681105e-07 6.750000e-01 7.183969e-07 6.750000e-01 7.392563e-07 6.750000e-01 5.785464e-07 6.750000e-01 2.588621e-07 
6.450000e-01 6.096314e-07 6.450000e-01 8.130573e-07 6.450000e-01 9.387604e-07 6.450000e-01 7.954034e-07 6.450000e-01 3.934782e-07 
6.150000e-01 5.974866e-07 6.150000e-01 7.760597e-07 6.150000e-01 9.689797e-07 6.150000e-01 8.746698e-07 6.150000e-01 4.636723e-07 
5.875000e-01 5.689409e-07 5.875000e-01 7.012869e-07 5.875000e-01 9.317651e-07 5.875000e-01 8.885659e-07 5.875000e-01 4.979623e-07 
5.625000e-01 5.362431e-07 5.625000e-01 6.618451e-07 5.625000e-01 8.960894e-07 5.625000e-01 8.627308e-07 5.625000e-01 4.930707e-07 
5.375000e-01 4.975249e-07 5.375000e-01 6.481793e-07 5.375000e-01 8.583150e-07 5.375000e-01 7.991221e-07 5.375000e-01 4.509054e-07 
5.125000e-01 4.862104e-07 5.125000e-01 6.596230e-07 5.125000e-01 8.546776e-07 5.125000e-01 7.867918e-07 5.125000e-01 4.625962e-07 
4.875000e-01 5.027150e-07 4.875000e-01 6.991759e-07 4.875000e-01 8.871355e-07 4.875000e-01 8.273057e-07 4.875000e-01 5.361166e-07 
4.625000e-01 4.885979e-07 4.625000e-01 6.445129e-07 4.625000e-01 7.831863e-07 4.625000e-01 7.329689e-07 4.625000e-01 5.033431e-07 
4.375000e-01 4.441704e-07 4.375000e-01 5.094107e-07 4.375000e-01 5.772467e-07 4.375000e-01 5.368581e-07 4.375000e-01 3.753795e-07 
4.125000e-01 4.709515e-07 4.125000e-01 5.376311e-07 4.125000e-01 6.256537e-07 4.125000e-01 6.006627e-07 4.125000e-01 4.242463e-07 
3.900000e-01 5.742348e-07 3.900000e-01 7.422842e-07 3.900000e-01 9.661817e-07 3.900000e-01 9.852512e-07 3.900000e-01 6.955819e-07 
3.700000e-01 6.454433e-07 3.700000e-01 9.390490e-07 3.700000e-01 1.374983e-06 3.700000e-01 1.509779e-06 3.700000e-01 1.142183e-06 
3.500000e-01 6.661000e-07 3.500000e-01 1.100483e-06 3.500000e-01 1.855136e-06 3.500000e-01 2.248815e-06 3.500000e-01 1.995762e-06 
3.300000e-01 6.617402e-07 3.300000e-01 1.215475e-06 3.300000e-01 2.339206e-06 3.300000e-01 3.129553e-06 3.300000e-01 3.286649e-06 
3.100000e-01 6.162747e-07 3.100000e-01 1.125481e-06 3.100000e-01 2.302831e-06 3.100000e-01 3.272428e-06 3.100000e-01 3.820809e-06 
2.900000e-01 5.429903e-07 2.900000e-01 8.969407e-07 2.900000e-01 1.846742e-06 2.900000e-01 2.712670e-06 2.900000e-01 3.376654e-06 
2.750000e-01 4.954488e-07 2.750000e-01 7.646161e-07 2.750000e-01 1.569730e-06 2.750000e-01 2.348632e-06 2.750000e-01 3.057234e-06 
2.625000e-01 4.718856e-07 2.625000e-01 7.162859e-07 2.625000e-01 1.431225e-06 2.625000e-01 2.111812e-06 2.625000e-01 2.795046e-06 
2.475000e-01 4.492568e-07 2.475000e-01 6.788439e-07 2.475000e-01 1.297616e-06 2.475000e-01 1.860117e-06 2.475000e-01 2.492746e-06 
2.350000e-01 4.301571e-07 2.350000e-01 6.474016e-07 2.350000e-01 1.190169e-06 2.350000e-01 1.662832e-06 2.350000e-01 2.253059e-06 
2.250000e-01 4.197769e-07 2.250000e-01 6.290695e-07 2.250000e-01 1.128751e-06 2.250000e-01 1.554990e-06 2.250000e-01 2.129792e-06 
2.150000e-01 4.194655e-07 2.150000e-01 6.242920e-07 2.150000e-01 1.111962e-06 2.150000e-01 1.532678e-06 2.150000e-01 2.130281e-06 
2.050000e-01 4.244480e-07 2.050000e-01 6.264030e-07 2.050000e-01 1.117279e-06 2.050000e-01 1.552837e-06 2.050000e-01 2.195339e-06 
1.950000e-01 4.296381e-07 1.950000e-01 6.286251e-07 1.950000e-01 1.122875e-06 1.950000e-01 1.574171e-06 1.950000e-01 2.265777e-06 
1.850000e-01 4.353472e-07 1.850000e-01 6.310694e-07 1.850000e-01 1.128891e-06 1.850000e-01 1.597266e-06 1.850000e-01 2.342575e-06 
1.750000e-01 4.342054e-07 1.750000e-01 6.234031e-07 1.750000e-01 1.116859e-06 1.750000e-01 1.589437e-06 1.750000e-01 2.368989e-06 
1.650000e-01 4.188426e-07 1.650000e-01 5.952939e-07 1.650000e-01 1.068172e-06 1.650000e-01 1.517804e-06 1.650000e-01 2.282409e-06 
1.550000e-01 3.961099e-07 1.550000e-01 5.570742e-07 1.550000e-01 1.001158e-06 1.550000e-01 1.414464e-06 1.550000e-01 2.138596e-06 
1.462500e-01 3.761799e-07 1.462500e-01 5.238543e-07 1.462500e-01 9.428176e-07 1.462500e-01 1.324824e-06 1.462500e-01 2.013372e-06 
1.387500e-01 3.589487e-07 1.387500e-01 4.954117e-07 1.387500e-01 8.927317e-07 1.387500e-01 1.248690e-06 1.387500e-01 1.906247e-06 
1.312500e-01 3.417175e-07 1.312500e-01 4.670802e-07 1.312500e-01 8.429257e-07 1.312500e-01 1.172946e-06 1.312500e-01 1.799121e-06 
1.237500e-01 3.171163e-07 1.237500e-01 4.250830e-07 1.237500e-01 7.554852e-07 1.237500e-01 1.047294e-06 1.237500e-01 1.602969e-06 
1.175000e-01 2.890897e-07 1.175000e-01 3.764195e-07 1.175000e-01 6.463596e-07 1.175000e-01 8.948288e-07 1.175000e-01 1.353988e-06 
1.125000e-01 2.650075e-07 1.125000e-01 3.353111e-07 1.125000e-01 5.554215e-07 1.125000e-01 7.687856e-07 1.125000e-01 1.148542e-06 
1.075000e-01 2.419634e-07 1.075000e-01 2.970914e-07 1.075000e-01 4.739970e-07 1.075000e-01 6.558555e-07 1.075000e-01 9.670644e-07 
1.025000e-01 2.199573e-07 1.025000e-01 2.617604e-07 1.025000e-01 4.015264e-07 1.025000e-01 5.554515e-07 1.025000e-01 8.075990e-07 
9.800000e-02 2.010652e-07 9.800000e-02 2.323180e-07 9.800000e-02 3.433260e-07 9.800000e-02 4.746194e-07 9.800000e-02 6.809072e-07 
9.400000e-02 1.849758e-07 9.400000e-02 2.079862e-07 9.400000e-02 2.968777e-07 9.400000e-02 4.104235e-07 9.400000e-02 5.816082e-07 
9.000000e-02 1.759451e-07 9.000000e-02 1.912096e-07 9.000000e-02 2.613419e-07 9.000000e-02 3.581664e-07 9.000000e-02 5.004081e-07 
8.600000e-02 1.799933e-07 8.600000e-02 1.872098e-07 8.600000e-02 2.406360e-07 8.600000e-02 3.213712e-07 8.600000e-02 4.398504e-07 
8.200000e-02 1.916192e-07 8.200000e-02 1.894319e-07 8.200000e-02 2.266456e-07 8.200000e-02 2.918175e-07 8.200000e-02 3.902499e-07 
7.799999e-02 2.045945e-07 7.799999e-02 1.917651e-07 7.799999e-02 2.126551e-07 7.799999e-02 2.636340e-07 7.799999e-02 3.441223e-07 
7.400000e-02 2.192306e-07 7.400000e-02 1.942094e-07 7.400000e-02 1.989444e-07 7.400000e-02 2.370161e-07 7.400000e-02 3.014677e-07 
7.050000e-02 2.288843e-07 7.050000e-02 1.940983e-07 7.050000e-02 1.866328e-07 7.050000e-02 2.143127e-07 7.050000e-02 2.673245e-07 
6.750000e-02 2.226561e-07 6.750000e-02 1.864321e-07 6.750000e-02 1.747409e-07 6.750000e-02 1.944080e-07 6.750000e-02 2.414481e-07 
6.450000e-02 2.072934e-07 6.450000e-02 1.740996e-07 6.450000e-02 1.621495e-07 6.450000e-02 1.747774e-07 6.450000e-02 2.179196e-07 
6.150000e-02 1.923458e-07 6.150000e-02 1.621004e-07 6.150000e-02 1.498379e-07 6.150000e-02 1.563210e-07 6.150000e-02 1.957119e-07 
5.875000e-02 1.790591e-07 5.875000e-02 1.514344e-07 5.875000e-02 1.389673e-07 5.875000e-02 1.404091e-07 5.875000e-02 1.765369e-07 
5.625000e-02 1.672257e-07 5.625000e-02 1.418795e-07 5.625000e-02 1.293559e-07 5.625000e-02 1.268066e-07 5.625000e-02 1.600523e-07 
5.375000e-02 1.672257e-07 5.375000e-02 1.464348e-07 5.375000e-02 1.334970e-07 5.375000e-02 1.271784e-07 5.375000e-02 1.557478e-07 
5.125000e-02 1.799933e-07 5.125000e-02 1.673223e-07 5.125000e-02 1.536153e-07 5.125000e-02 1.425424e-07 5.125000e-02 1.635742e-07 
4.875000e-02 1.944219e-07 4.875000e-02 1.924317e-07 4.875000e-02 1.779587e-07 4.875000e-02 1.606660e-07 4.875000e-02 1.722323e-07 
4.625000e-02 2.108226e-07 4.625000e-02 2.229852e-07 4.625000e-02 2.076185e-07 4.625000e-02 1.822539e-07 4.625000e-02 1.818198e-07 
4.375000e-02 2.197497e-07 4.375000e-02 2.270961e-07 4.375000e-02 2.231479e-07 4.375000e-02 1.998294e-07 4.375000e-02 1.787381e-07 
4.125000e-02 2.195421e-07 4.125000e-02 2.013200e-07 4.125000e-02 2.196503e-07 4.125000e-02 2.113769e-07 4.125000e-02 1.626449e-07 
3.900000e-02 2.193345e-07 3.900000e-02 1.795437e-07 3.900000e-02 2.164325e-07 3.900000e-02 2.231201e-07 3.900000e-02 1.486550e-07 
3.700000e-02 1.901660e-07 3.700000e-02 1.509900e-07 3.700000e-02 1.995040e-07 3.700000e-02 2.021781e-07 3.700000e-02 1.202838e-07 
3.500000e-02 1.340089e-07 3.500000e-02 1.147702e-07 3.500000e-02 1.669063e-07 3.500000e-02 1.478660e-07 3.500000e-02 8.017292e-08 
3.300000e-02 9.441865e-08 3.300000e-02 8.772753e-08 3.300000e-02 1.343784e-07 3.300000e-02 1.046511e-07 3.300000e-02 5.224202e-08 
3.100000e-02 9.054683e-08 3.100000e-02 8.043912e-08 3.100000e-02 1.051104e-07 3.100000e-02 8.656666e-08 3.100000e-02 4.127511e-08 
2.900000e-02 1.115876e-07 2.900000e-02 8.564989e-08 2.900000e-02 7.988557e-08 2.900000e-02 8.151711e-08 2.900000e-02 3.832549e-08 
2.750000e-02 1.535237e-07 2.750000e-02 1.311024e-07 2.750000e-02 1.246271e-07 2.750000e-02 1.503712e-07 2.750000e-02 8.785268e-08 
2.625000e-02 2.632428e-07 2.625000e-02 3.524211e-07 2.625000e-02 5.419907e-07 2.625000e-02 7.407977e-07 2.625000e-02 7.356928e-07 
2.475000e-02 5.142371e-07 2.475000e-02 1.185477e-06 2.475000e-02 3.219206e-06 2.475000e-02 5.086746e-06 2.475000e-02 9.298883e-06 
2.350000e-02 6.258246e-07 2.350000e-02 1.760995e-06 2.350000e-02 5.839620e-06 2.350000e-02 9.973858e-06 2.350000e-02 2.283876e-05 
2.250000e-02 4.747921e-07 2.250000e-02 1.234363e-06 2.250000e-02 3.907538e-06 2.250000e-02 7.059597e-06 2.250000e-02 1.697376e-05 
2.150000e-02 3.556270e-07 2.150000e-02 8.511659e-07 2.150000e-02 2.567250e-06 2.150000e-02 4.920385e-06 2.150000e-02 1.244417e-05 
2.050000e-02 2.628277e-07 2.050000e-02 5.766285e-07 2.050000e-02 1.653673e-06 2.050000e-02 3.370287e-06 2.050000e-02 8.990714e-06 
1.950000e-02 1.913078e-07 1.950000e-02 3.831969e-07 1.950000e-02 1.042290e-06 1.950000e-02 2.264473e-06 1.950000e-02 6.393288e-06 
1.850000e-02 1.495792e-07 1.850000e-02 2.765372e-07 1.850000e-02 7.038603e-07 1.850000e-02 1.602550e-06 1.850000e-02 4.707163e-06 
1.750000e-02 1.397180e-07 1.750000e-02 2.463171e-07 1.750000e-02 5.724899e-07 1.750000e-02 1.303099e-06 1.750000e-02 3.824233e-06 
1.650000e-02 1.433511e-07 1.650000e-02 2.452060e-07 1.650000e-02 5.126107e-07 1.650000e-02 1.137325e-06 1.650000e-02 3.261702e-06 
1.550000e-02 1.473994e-07 1.550000e-02 2.439839e-07 1.550000e-02 4.559493e-07 1.550000e-02 9.842726e-07 1.550000e-02 2.754446e-06 
1.462500e-02 1.511363e-07 1.462500e-02 2.429839e-07 1.462500e-02 4.088014e-07 1.462500e-02 8.601864e-07 1.462500e-02 2.352848e-06 
1.387500e-02 1.546655e-07 1.387500e-02 2.419840e-07 1.387500e-02 3.703276e-07 1.387500e-02 7.617397e-07 1.387500e-02 2.040765e-06 
1.312500e-02 1.585063e-07 1.312500e-02 2.408729e-07 1.312500e-02 3.336726e-07 1.312500e-02 6.697517e-07 1.312500e-02 1.756075e-06 
1.237500e-02 1.559112e-07 1.237500e-02 2.218742e-07 1.237500e-02 2.919811e-07 1.237500e-02 5.889195e-07 1.237500e-02 1.480680e-06 
1.175000e-02 1.461538e-07 1.175000e-02 1.877654e-07 1.175000e-02 2.522481e-07 1.175000e-02 5.302037e-07 1.175000e-02 1.255667e-06 
1.125000e-02 1.358773e-07 1.125000e-02 1.579895e-07 1.125000e-02 2.209095e-07 1.125000e-02 4.871454e-07 1.125000e-02 1.088375e-06 
1.075000e-02 1.260161e-07 1.075000e-02 1.318802e-07 1.075000e-02 1.922290e-07 1.075000e-02 4.458487e-07 1.075000e-02 9.372257e-07 
1.025000e-02 1.164663e-07 1.025000e-02 1.090817e-07 1.025000e-02 1.663466e-07 1.025000e-02 4.063133e-07 1.025000e-02 8.017291e-07 
9.800000e-03 1.080583e-07 9.800000e-03 9.120508e-08 9.800000e-03 1.449412e-07 9.800000e-03 3.722582e-07 9.800000e-03 6.911795e-07 
9.400001e-03 1.008129e-07 9.400001e-03 7.727266e-08 9.400001e-03 1.276770e-07 9.400001e-03 3.432917e-07 9.400001e-03 6.031312e-07 
9.000000e-03 9.562275e-08 9.000000e-03 6.790662e-08 9.000000e-03 1.122595e-07 9.000000e-03 3.100194e-07 9.000000e-03 5.424756e-07 
8.600000e-03 9.421105e-08 8.600000e-03 6.501791e-08 8.600000e-03 9.891259e-08 8.600000e-03 2.691141e-07 8.600000e-03 5.253551e-07 
8.200000e-03 9.467815e-08 8.200000e-03 6.510680e-08 8.200000e-03 8.699273e-08 8.200000e-03 2.276216e-07 8.200000e-03 5.282901e-07 
7.800000e-03 9.516603e-08 7.800000e-03 6.519569e-08 7.800000e-03 7.602420e-08 7.800000e-03 1.910417e-07 7.800000e-03 5.317141e-07 
7.400000e-03 9.568505e-08 7.400000e-03 6.529567e-08 7.400000e-03 6.597904e-08 7.400000e-03 1.588458e-07 7.400000e-03 5.351383e-07 
7.050000e-03 9.896520e-08 7.050000e-03 6.985093e-08 7.050000e-03 6.372657e-08 7.050000e-03 1.444605e-07 7.050000e-03 5.600853e-07 
6.750000e-03 1.118990e-07 6.750000e-03 9.200502e-08 6.750000e-03 8.496411e-08 6.750000e-03 1.703150e-07 6.750000e-03 6.632975e-07 
6.450000e-03 1.348393e-07 6.450000e-03 1.397685e-07 6.450000e-03 1.389813e-07 6.450000e-03 2.360375e-07 6.450000e-03 8.574931e-07 
6.150000e-03 1.639040e-07 6.150000e-03 2.165412e-07 6.150000e-03 2.328014e-07 6.150000e-03 3.325272e-07 6.150000e-03 1.122127e-06 
5.875000e-03 1.976397e-07 5.875000e-03 3.287560e-07 5.875000e-03 3.804008e-07 5.875000e-03 4.609191e-07 5.875000e-03 1.451330e-06 
5.625000e-03 2.362542e-07 5.625000e-03 4.903009e-07 5.625000e-03 6.090050e-07 5.625000e-03 6.300206e-07 5.625000e-03 1.854885e-06 
5.375000e-03 2.377075e-07 5.375000e-03 5.710733e-07 5.375000e-03 7.827666e-07 5.375000e-03 7.881618e-07 5.375000e-03 2.261864e-06 
5.125000e-03 1.991968e-07 5.125000e-03 5.191879e-07 5.125000e-03 8.138254e-07 5.125000e-03 9.050063e-07 5.125000e-03 2.634602e-06 
4.875000e-03 1.655648e-07 4.875000e-03 4.696356e-07 4.875000e-03 8.476824e-07 4.875000e-03 1.046316e-06 4.875000e-03 3.092453e-06 
4.625000e-03 1.362925e-07 4.625000e-03 4.226387e-07 4.625000e-03 8.848970e-07 4.625000e-03 1.218940e-06 4.625000e-03 3.660365e-06 
4.375000e-03 8.907283e-08 4.375000e-03 3.927518e-07 4.375000e-03 8.595742e-07 4.375000e-03 1.277069e-06 4.375000e-03 3.770426e-06 
4.125000e-03 4.385651e-08 4.125000e-03 3.779750e-07 4.125000e-03 7.718540e-07 4.125000e-03 1.195845e-06 4.125000e-03 3.348772e-06 
3.900000e-03 2.214105e-08 3.900000e-03 3.644203e-07 3.900000e-03 6.967252e-07 3.900000e-03 1.123233e-06 3.900000e-03 2.990220e-06 
3.700000e-03 1.174005e-08 3.700000e-03 3.521989e-07 3.700000e-03 6.327888e-07 3.700000e-03 1.059037e-06 3.700000e-03 2.689388e-06 
3.500000e-03 7.138490e-09 3.500000e-03 3.352000e-07 3.500000e-03 6.036886e-07 3.500000e-03 1.020481e-06 3.500000e-03 2.506443e-06 
3.300000e-03 6.261360e-09 3.300000e-03 3.097573e-07 3.300000e-03 6.434215e-07 3.300000e-03 1.033007e-06 3.300000e-03 2.537260e-06 
3.100000e-03 6.666188e-09 3.100000e-03 2.808703e-07 3.100000e-03 7.291831e-07 3.100000e-03 1.074303e-06 3.100000e-03 2.685963e-06 
2.900000e-03 7.126034e-09 2.900000e-03 2.529833e-07 2.900000e-03 8.331323e-07 2.900000e-03 1.120102e-06 2.900000e-03 2.854723e-06 
2.750000e-03 7.512179e-09 2.750000e-03 2.327624e-07 2.750000e-03 9.256092e-07 2.750000e-03 1.157876e-06 2.750000e-03 2.995600e-06 
2.625000e-03 7.871336e-09 2.625000e-03 2.164301e-07 2.625000e-03 1.016128e-06 2.625000e-03 1.192322e-06 2.625000e-03 3.126205e-06 
2.475000e-03 8.873029e-09 2.475000e-03 2.035421e-07 2.475000e-03 1.074188e-06 2.475000e-03 1.232445e-06 2.475000e-03 3.271485e-06 
2.350000e-03 1.056708e-08 2.350000e-03 2.002090e-07 2.350000e-03 1.049285e-06 2.350000e-03 1.263173e-06 2.350000e-03 3.372252e-06 
2.250000e-03 1.256009e-08 2.250000e-03 1.999868e-07 2.250000e-03 1.002697e-06 2.250000e-03 1.287637e-06 2.250000e-03 3.448071e-06 
2.150000e-03 1.503058e-08 2.150000e-03 1.998757e-07 2.150000e-03 9.562484e-07 2.150000e-03 1.313668e-06 2.150000e-03 3.528782e-06 
2.050000e-03 1.815504e-08 2.050000e-03 1.996534e-07 2.050000e-03 9.098001e-07 2.050000e-03 1.341656e-06 2.050000e-03 3.615852e-06 
1.950000e-03 2.213067e-08 1.950000e-03 1.995423e-07 1.950000e-03 8.634917e-07 1.950000e-03 1.371601e-06 1.950000e-03 3.708792e-06 
1.850000e-03 2.725851e-08 1.850000e-03 1.993202e-07 1.850000e-03 8.173230e-07 1.850000e-03 1.403699e-06 1.850000e-03 3.810048e-06 
1.750000e-03 3.397452e-08 1.750000e-03 1.990979e-07 1.750000e-03 7.712944e-07 1.750000e-03 1.438537e-06 1.750000e-03 3.919619e-06 
1.650000e-03 4.289115e-08 1.650000e-03 1.988757e-07 1.650000e-03 7.252659e-07 1.650000e-03 1.476507e-06 1.650000e-03 4.038973e-06 
1.550000e-03 5.495299e-08 1.550000e-03 1.986535e-07 1.550000e-03 6.795170e-07 1.550000e-03 1.517804e-06 1.550000e-03 4.169578e-06 
1.462500e-03 5.935421e-08 1.462500e-03 4.483037e-08 1.462500e-03 6.846935e-07 1.462500e-03 1.521914e-06 1.462500e-03 4.245887e-06 
1.387500e-03 5.354127e-08 1.387500e-03 5.031890e-10 1.387500e-03 7.461115e-07 1.387500e-03 1.485901e-06 1.387500e-03 4.259094e-06 
1.312500e-03 4.802936e-08 1.312500e-03 4.429707e-12 1.312500e-03 8.169033e-07 1.312500e-03 1.448715e-06 1.312500e-03 4.273280e-06 
1.237500e-03 4.280810e-08 1.237500e-03 2.973136e-14 1.237500e-03 8.993071e-07 1.237500e-03 1.410354e-06 1.237500e-03 4.287954e-06 
1.175000e-03 3.867677e-08 1.175000e-03 2.163190e-16 1.175000e-03 9.783533e-07 1.175000e-03 1.377473e-06 1.175000e-03 4.301162e-06 
1.125000e-03 3.552118e-08 1.125000e-03 5.225210e-18 1.125000e-03 1.050264e-06 1.125000e-03 1.350464e-06 1.125000e-03 4.312412e-06 
1.075000e-03 3.250053e-08 1.075000e-03 1.069040e-19 1.075000e-03 1.131129e-06 1.075000e-03 1.322867e-06 1.075000e-03 4.324152e-06 
1.025000e-03 2.960444e-08 1.025000e-03 1.824324e-21 1.025000e-03 1.222627e-06 1.025000e-03 1.294488e-06 1.025000e-03 4.336381e-06 
9.800000e-04 2.711318e-08 9.800000e-04 3.134237e-23 9.800000e-04 1.315384e-06 9.800000e-04 1.268261e-06 9.800000e-04 4.347632e-06 
9.400000e-04 2.499561e-08 9.400000e-04 8.816083e-25 9.400000e-04 1.407441e-06 9.400000e-04 1.244384e-06 9.400000e-04 4.358393e-06 
9.000000e-04 2.630353e-08 9.000000e-04 3.755307e-26 9.000000e-04 1.455008e-06 9.000000e-04 1.261215e-06 9.000000e-04 4.432745e-06 
8.600000e-04 3.680833e-08 8.600000e-04 1.292137e-26 8.600000e-04 1.394570e-06 8.600000e-04 1.368861e-06 8.600000e-04 4.644061e-06 
8.200000e-04 5.977979e-08 8.200000e-04 1.355466e-26 8.200000e-04 1.282086e-06 8.200000e-04 1.543247e-06 8.200000e-04 4.950274e-06 
7.800000e-04 9.948421e-08 7.800000e-04 1.424350e-26 7.800000e-04 1.173660e-06 7.800000e-04 1.750122e-06 7.800000e-04 5.287792e-06 
7.400000e-04 1.701321e-07 7.400000e-04 1.502123e-26 7.400000e-04 1.069431e-06 7.400000e-04 1.998295e-06 7.400000e-04 5.674227e-06 
7.050000e-04 8.594839e-08 7.050000e-04 1.576562e-26 7.050000e-04 9.840895e-07 7.050000e-04 2.209671e-06 7.050000e-04 5.982396e-06 
6.750000e-04 2.635543e-09 6.750000e-04 1.646558e-26 6.750000e-04 9.208525e-07 6.750000e-04 2.266430e-06 6.750000e-04 6.036203e-06 
6.450000e-04 7.306650e-13 6.450000e-04 1.723219e-26 6.450000e-04 8.634916e-07 6.450000e-04 2.231200e-06 6.450000e-04 5.953047e-06 
6.150000e-04 1.383686e-16 6.150000e-04 1.806547e-26 6.150000e-04 8.072500e-07 6.150000e-04 2.194014e-06 6.150000e-04 5.864998e-06 
5.875000e-04 2.068782e-20 5.875000e-04 1.890986e-26 5.875000e-04 7.567444e-07 5.875000e-04 2.158784e-06 5.875000e-04 5.781841e-06 
5.625000e-04 8.126688e-24 5.625000e-04 1.975425e-26 5.625000e-04 7.116950e-07 5.625000e-04 2.127469e-06 5.625000e-04 5.703576e-06 
5.375000e-04 1.931762e-26 5.375000e-04 4.514146e-23 5.375000e-04 7.517077e-07 5.375000e-04 2.154870e-06 5.375000e-04 5.845432e-06 
5.125000e-04 2.026223e-26 5.125000e-04 1.604338e-18 5.125000e-04 8.967889e-07 5.125000e-04 2.250772e-06 5.125000e-04 6.231866e-06 
4.875000e-04 2.130025e-26 4.875000e-04 9.752688e-14 4.875000e-04 1.079365e-06 4.875000e-04 2.356461e-06 4.875000e-04 6.667216e-06 
4.625000e-04 2.245245e-26 4.625000e-04 1.076040e-08 4.625000e-04 1.311886e-06 4.625000e-04 2.473892e-06 4.625000e-04 7.156374e-06 
4.375000e-04 2.372923e-26 4.375000e-04 2.790927e-07 4.375000e-04 1.445215e-06 4.375000e-04 2.655911e-06 4.375000e-04 7.557483e-06 
4.125000e-04 2.517208e-26 4.125000e-04 1.196587e-06 4.125000e-04 1.438220e-06 4.125000e-04 2.924047e-06 4.125000e-04 7.846085e-06 
3.900000e-04 2.662531e-26 3.900000e-04 4.619694e-06 3.900000e-04 1.431225e-06 3.900000e-04 3.203926e-06 3.900000e-04 8.129797e-06 
3.700000e-04 2.805779e-26 3.700000e-04 1.696555e-05 3.700000e-04 1.425628e-06 3.700000e-04 3.489676e-06 3.700000e-04 8.408617e-06 
3.500000e-04 2.966672e-26 3.500000e-04 8.658316e-06 3.500000e-04 1.417234e-06 3.500000e-04 3.693224e-06 3.500000e-04 8.746136e-06 
3.300000e-04 3.146250e-26 3.300000e-04 1.084039e-07 3.300000e-04 1.404643e-06 3.300000e-04 3.661909e-06 3.300000e-04 9.201052e-06 
3.100000e-04 3.349703e-26 3.100000e-04 1.583229e-11 3.100000e-04 1.388973e-06 3.100000e-04 3.503377e-06 3.100000e-04 9.753800e-06 
2.900000e-04 3.581183e-26 2.900000e-04 1.307691e-15 2.900000e-04 1.372885e-06 2.900000e-04 3.340929e-06 2.900000e-04 1.037992e-05 
2.750000e-04 3.775293e-26 2.750000e-04 1.122148e-19 2.750000e-04 1.360153e-06 2.750000e-04 3.217626e-06 2.750000e-04 1.090332e-05 
2.625000e-04 3.955909e-26 2.625000e-04 3.760862e-22 2.625000e-04 1.348961e-06 2.625000e-04 3.111938e-06 2.625000e-04 1.138759e-05 
2.475000e-04 4.195692e-26 2.475000e-04 2.630937e-25 2.475000e-04 1.367008e-06 2.475000e-04 3.074751e-06 2.475000e-04 1.192077e-05 
2.350000e-04 4.417829e-26 2.350000e-04 4.728576e-26 2.350000e-04 1.422830e-06 2.350000e-04 3.151081e-06 2.350000e-04 1.227785e-05 
2.250000e-04 4.614016e-26 2.250000e-04 4.938562e-26 2.250000e-04 1.485788e-06 2.250000e-04 3.258727e-06 2.250000e-04 1.254200e-05 
2.150000e-04 4.828888e-26 2.150000e-04 5.168547e-26 2.150000e-04 1.552942e-06 2.150000e-04 3.372244e-06 2.150000e-04 1.282082e-05 
2.050000e-04 5.064519e-26 2.050000e-04 5.420753e-26 2.050000e-04 1.628490e-06 2.050000e-04 3.497505e-06 2.050000e-04 1.311920e-05 
1.950000e-04 5.324025e-26 1.950000e-04 5.698512e-26 1.950000e-04 1.711034e-06 1.950000e-04 3.632551e-06 1.950000e-04 1.344205e-05 
1.850000e-04 5.612594e-26 1.850000e-04 6.007380e-26 1.850000e-04 1.803371e-06 1.850000e-04 3.781298e-06 1.850000e-04 1.378935e-05 
1.750000e-04 5.933345e-26 1.750000e-04 6.350691e-26 1.750000e-04 1.905501e-06 1.750000e-04 3.945702e-06 1.750000e-04 1.416600e-05 
1.650000e-04 6.292501e-26 1.650000e-04 6.735110e-26 1.650000e-04 2.020223e-06 1.650000e-04 4.125764e-06 1.650000e-04 1.457689e-05 
1.550000e-04 6.699406e-26 1.550000e-04 7.170637e-26 1.550000e-04 2.148936e-06 1.550000e-04 4.327355e-06 1.550000e-04 1.502203e-05 
1.462500e-04 7.099046e-26 1.462500e-04 7.598387e-26 1.462500e-04 1.982449e-06 1.462500e-04 4.566133e-06 1.462500e-04 1.553564e-05 
1.387500e-04 7.483114e-26 1.387500e-04 8.009471e-26 1.387500e-04 1.559937e-06 1.387500e-04 4.844054e-06 1.387500e-04 1.611774e-05 
1.312500e-04 7.910780e-26 1.312500e-04 8.467217e-26 1.312500e-04 1.212274e-06 1.312500e-04 5.155248e-06 1.312500e-04 1.675364e-05 
1.237500e-04 8.390348e-26 1.237500e-04 8.980518e-26 1.237500e-04 9.279876e-07 1.237500e-04 5.507542e-06 1.237500e-04 1.745803e-05 
1.175000e-04 8.835659e-26 1.175000e-04 9.457152e-26 1.175000e-04 7.322610e-07 1.175000e-04 5.836351e-06 1.175000e-04 1.809883e-05 
1.125000e-04 9.228031e-26 1.125000e-04 9.877124e-26 1.125000e-04 6.010305e-07 1.125000e-04 6.127972e-06 1.125000e-04 1.865647e-05 
1.075000e-04 9.657775e-26 1.075000e-04 1.033709e-25 1.075000e-04 4.888269e-07 1.075000e-04 6.450909e-06 1.075000e-04 1.925813e-05 
1.025000e-04 1.012904e-25 1.025000e-04 1.084151e-25 1.025000e-04 3.936917e-07 1.025000e-04 6.805161e-06 1.025000e-04 1.990871e-05 
9.800000e-05 1.059822e-25 9.800000e-05 1.134370e-25 9.800000e-05 3.209413e-07 9.800000e-05 7.155500e-06 9.800000e-05 2.053972e-05 
9.400000e-05 1.104458e-25 9.400000e-05 1.182144e-25 9.400000e-05 2.655391e-07 9.400000e-05 7.498008e-06 9.400000e-05 2.114628e-05 
9.000000e-05 1.153245e-25 9.000000e-05 1.234363e-25 9.000000e-05 2.480510e-07 9.000000e-05 7.830731e-06 9.000000e-05 2.176751e-05 
8.600000e-05 1.207222e-25 8.600000e-05 1.292137e-25 8.600000e-05 3.038730e-07 8.600000e-05 8.106696e-06 8.600000e-05 2.236917e-05 
8.200000e-05 1.266389e-25 8.200000e-05 1.355466e-25 8.200000e-05 4.290876e-07 8.200000e-05 8.357216e-06 8.200000e-05 2.298551e-05 
7.800000e-05 1.330747e-25 7.800000e-05 1.424350e-25 7.800000e-05 6.164200e-07 7.800000e-05 8.629266e-06 7.800000e-05 2.365566e-05 
7.400000e-05 1.403408e-25 7.400000e-05 1.502123e-25 7.400000e-05 9.023851e-07 7.400000e-05 8.926759e-06 7.400000e-05 2.437472e-05 
7.050000e-05 1.472956e-25 7.050000e-05 1.576562e-25 7.050000e-05 1.277470e-06 7.050000e-05 9.208596e-06 7.050000e-05 2.505954e-05 
6.750000e-05 1.538351e-25 6.750000e-05 1.646558e-25 6.750000e-05 1.750207e-06 6.750000e-05 9.468901e-06 6.750000e-05 2.569055e-05 
6.450000e-05 1.609975e-25 6.450000e-05 1.723219e-25 6.450000e-05 2.431543e-06 6.450000e-05 9.748780e-06 6.450000e-05 2.636559e-05 
6.150000e-05 1.687827e-25 6.150000e-05 1.806547e-25 6.150000e-05 3.433260e-06 6.150000e-05 1.005019e-05 6.150000e-05 2.709443e-05 
5.875000e-05 1.766716e-25 5.875000e-05 1.890986e-25 5.875000e-05 4.164962e-06 5.875000e-05 1.038095e-05 5.875000e-05 2.797002e-05 
5.625000e-05 1.845606e-25 5.625000e-05 1.975425e-25 5.625000e-05 4.345438e-06 5.625000e-05 1.074499e-05 5.625000e-05 2.900704e-05 
5.375000e-05 1.931763e-25 5.375000e-05 2.067641e-25 5.375000e-05 4.542705e-06 5.375000e-05 1.113643e-05 5.375000e-05 3.013699e-05 
5.125000e-05 2.026223e-25 5.125000e-05 2.168745e-25 5.125000e-05 4.758157e-06 5.125000e-05 1.156114e-05 5.125000e-05 3.136967e-05 
4.875000e-05 2.130025e-25 4.875000e-05 2.279849e-25 4.875000e-05 4.995995e-06 4.875000e-05 1.202695e-05 4.875000e-05 3.271485e-05 
4.625000e-05 2.245246e-25 4.625000e-05 2.403174e-25 4.625000e-05 5.259017e-06 4.625000e-05 1.253582e-05 4.625000e-05 3.419700e-05 
4.375000e-05 2.372922e-25 4.375000e-05 2.539832e-25 4.375000e-05 5.551417e-06 4.375000e-05 1.309754e-05 4.375000e-05 3.583078e-05 
4.125000e-05 2.517208e-25 4.125000e-05 2.694266e-25 4.125000e-05 5.878794e-06 4.125000e-05 1.371993e-05 4.125000e-05 3.765045e-05 
3.900000e-05 2.662531e-25 3.900000e-05 2.849812e-25 3.900000e-05 6.207570e-06 3.900000e-05 1.434036e-05 3.900000e-05 3.946033e-05 
3.700000e-05 2.805779e-25 3.700000e-05 3.003135e-25 3.700000e-05 6.534947e-06 3.700000e-05 1.494709e-05 3.700000e-05 4.125065e-05 
3.500000e-05 2.966672e-25 3.500000e-05 3.175346e-25 3.500000e-05 6.897300e-06 3.500000e-05 1.561645e-05 3.500000e-05 4.322195e-05 
3.300000e-05 3.146250e-25 3.300000e-05 3.367555e-25 3.300000e-05 7.305821e-06 3.300000e-05 1.635822e-05 3.300000e-05 4.541338e-05 
3.100000e-05 3.349703e-25 3.100000e-05 3.585319e-25 3.100000e-05 7.764709e-06 3.100000e-05 1.718416e-05 3.100000e-05 4.786406e-05 
2.900000e-05 3.581182e-25 2.900000e-05 3.833080e-25 2.900000e-05 8.285155e-06 2.900000e-05 1.811382e-05 2.900000e-05 5.062780e-05 
2.750000e-05 3.775293e-25 2.750000e-05 4.040844e-25 2.750000e-05 8.723055e-06 2.750000e-05 1.888301e-05 2.750000e-05 5.292684e-05 
2.625000e-05 3.955909e-25 2.625000e-05 4.234165e-25 2.625000e-05 9.127381e-06 2.625000e-05 1.959151e-05 2.625000e-05 5.503022e-05 
2.475000e-05 4.195692e-25 2.475000e-05 4.490814e-25 2.475000e-05 9.236505e-06 2.475000e-05 1.061582e-05 2.475000e-05 5.767166e-05 
2.350000e-05 4.417830e-25 2.350000e-05 4.728576e-25 2.350000e-05 8.846172e-06 2.350000e-05 2.389733e-06 2.350000e-05 5.992179e-05 
2.250000e-05 4.614016e-25 2.250000e-05 4.938562e-25 2.250000e-05 8.370495e-06 2.250000e-05 5.008458e-07 2.250000e-05 6.182950e-05 
2.150000e-05 4.828887e-25 2.150000e-05 5.168547e-25 2.150000e-05 7.900416e-06 2.150000e-05 9.782053e-08 2.150000e-05 6.388396e-05 
2.050000e-05 5.064518e-25 2.050000e-05 5.420752e-25 2.050000e-05 7.435934e-06 2.050000e-05 1.769303e-08 2.050000e-05 6.608518e-05 
1.950000e-05 5.324024e-25 1.950000e-05 5.698512e-25 1.950000e-05 6.977046e-06 1.950000e-05 2.941662e-09 1.950000e-05 6.848205e-05 
1.850000e-05 5.612595e-25 1.850000e-05 6.007380e-25 1.850000e-05 6.526553e-06 1.850000e-05 4.454572e-10 1.850000e-05 7.112349e-05 
1.750000e-05 5.933345e-25 1.750000e-05 6.350691e-25 1.750000e-05 6.080257e-06 1.750000e-05 6.082957e-11 1.750000e-05 7.400952e-05 
1.650000e-05 6.292501e-25 1.650000e-05 6.735110e-25 1.650000e-05 5.642356e-06 1.650000e-05 7.404063e-12 1.650000e-05 7.718904e-05 
1.550000e-05 6.699407e-25 1.550000e-05 7.170637e-25 1.550000e-05 5.211449e-06 1.550000e-05 7.918805e-13 1.550000e-05 8.071098e-05 
1.462500e-05 7.099045e-25 1.462500e-05 7.598386e-25 1.462500e-05 4.840701e-06 1.462500e-05 9.003090e-14 1.462500e-05 8.413508e-05 
1.387500e-05 7.483114e-25 1.387500e-05 8.009470e-25 1.387500e-05 4.527315e-06 1.387500e-05 1.363185e-14 1.387500e-05 8.736351e-05 
1.312500e-05 7.910780e-25 1.312500e-05 8.467217e-25 1.312500e-05 4.218125e-06 1.312500e-05 1.861878e-15 1.312500e-05 9.093437e-05 
1.237500e-05 8.390346e-25 1.237500e-05 8.980516e-25 1.237500e-05 3.914532e-06 1.237500e-05 2.266430e-16 1.237500e-05 9.484763e-05 
1.175000e-05 8.835660e-25 1.175000e-05 9.457151e-25 1.175000e-05 3.664103e-06 1.175000e-05 3.176525e-17 1.175000e-05 9.841848e-05 
1.125000e-05 9.228032e-25 1.125000e-05 9.877124e-25 1.125000e-05 3.466838e-06 1.125000e-05 6.656415e-18 1.125000e-05 1.015002e-04 
1.075000e-05 9.657775e-25 1.075000e-05 1.033709e-24 1.075000e-05 3.272370e-06 1.075000e-05 1.300164e-18 1.075000e-05 1.048754e-04 
1.025000e-05 1.012904e-24 1.025000e-05 1.084150e-24 1.025000e-05 3.080701e-06 1.025000e-05 2.350589e-19 1.025000e-05 1.084951e-04 
9.800000e-06 1.059822e-24 9.800000e-06 1.134369e-24 9.800000e-06 2.910017e-06 9.800000e-06 4.480016e-20 9.800000e-06 1.120660e-04 
9.400001e-06 1.104457e-24 9.400001e-06 1.182144e-24 9.400001e-06 2.758920e-06 9.400001e-06 1.001104e-20 9.400001e-06 1.154412e-04 
8.999999e-06 1.153244e-24 8.999999e-06 1.234363e-24 8.999999e-06 2.610621e-06 8.999999e-06 2.098112e-21 8.999999e-06 1.190609e-04 
8.600000e-06 1.207222e-24 8.600000e-06 1.292137e-24 8.600000e-06 2.463721e-06 8.600000e-06 4.098363e-22 8.600000e-06 1.230231e-04 
8.200001e-06 1.266389e-24 8.200001e-06 1.355466e-24 8.200001e-06 2.319619e-06 8.200001e-06 7.411892e-23 8.200001e-06 1.272788e-04 
7.800000e-06 1.330747e-24 7.800000e-06 1.424350e-24 7.800000e-06 2.176916e-06 7.800000e-06 1.231858e-23 7.800000e-06 1.319258e-04 
7.400000e-06 1.403408e-24 7.400000e-06 1.502123e-24 7.400000e-06 2.141940e-06 7.400000e-06 3.417260e-24 7.400000e-06 1.344205e-04 
7.050000e-06 1.472956e-24 7.050000e-06 1.576562e-24 7.050000e-06 2.238475e-06 7.050000e-06 2.777258e-24 7.050000e-06 1.338824e-04 
6.750000e-06 1.538351e-24 6.750000e-06 1.646558e-24 6.750000e-06 2.362990e-06 6.750000e-06 2.900560e-24 6.750000e-06 1.326106e-04 
6.450000e-06 1.609975e-24 6.450000e-06 1.723219e-24 6.450000e-06 2.501495e-06 6.450000e-06 3.035607e-24 6.450000e-06 1.313388e-04 
6.150000e-06 1.687827e-24 6.150000e-06 1.806547e-24 6.150000e-06 2.655391e-06 6.150000e-06 3.182397e-24 6.150000e-06 1.299691e-04 
5.875000e-06 1.766717e-24 5.875000e-06 1.890986e-24 5.875000e-06 2.812084e-06 5.875000e-06 3.331143e-24 5.875000e-06 1.286973e-04 
5.625000e-06 1.845606e-24 5.625000e-06 1.975425e-24 5.625000e-06 2.970176e-06 5.625000e-06 3.479890e-24 5.625000e-06 1.275234e-04 
5.375000e-06 1.931762e-24 5.375000e-06 2.067641e-24 5.375000e-06 3.145057e-06 5.375000e-06 3.642337e-24 5.375000e-06 1.262515e-04 
5.125000e-06 2.026223e-24 5.125000e-06 2.168745e-24 5.125000e-06 3.338125e-06 5.125000e-06 3.820442e-24 5.125000e-06 1.249797e-04 
4.875000e-06 2.130025e-24 4.875000e-06 2.279849e-24 4.875000e-06 3.553579e-06 4.875000e-06 4.016161e-24 4.875000e-06 1.236590e-04 
4.625000e-06 2.245246e-24 4.625000e-06 2.403174e-24 4.625000e-06 3.797013e-06 4.625000e-06 4.233409e-24 4.625000e-06 1.222405e-04 
4.375000e-06 2.372922e-24 4.375000e-06 2.539832e-24 4.375000e-06 4.069826e-06 4.375000e-06 4.474144e-24 4.375000e-06 1.207730e-04 
4.125000e-06 2.517208e-24 4.125000e-06 2.694266e-24 4.125000e-06 4.381815e-06 4.125000e-06 4.746194e-24 4.125000e-06 1.192566e-04 
3.900000e-06 2.662531e-24 3.900000e-06 2.849811e-24 3.900000e-06 4.700797e-06 3.900000e-06 5.020202e-24 3.900000e-06 1.178380e-04 
3.700000e-06 2.805779e-24 3.700000e-06 3.003135e-24 3.700000e-06 5.021178e-06 3.700000e-06 5.290295e-24 3.700000e-06 1.165173e-04 
3.500000e-06 2.966672e-24 3.500000e-06 3.175345e-24 3.500000e-06 5.383532e-06 3.500000e-06 5.593659e-24 3.500000e-06 1.150988e-04 
3.300000e-06 3.146250e-24 3.300000e-06 3.367555e-24 3.300000e-06 5.796250e-06 3.300000e-06 5.932253e-24 3.300000e-06 1.136802e-04 
3.100000e-06 3.349703e-24 3.100000e-06 3.585318e-24 3.100000e-06 6.269128e-06 3.100000e-06 6.315863e-24 3.100000e-06 1.121638e-04 
2.900000e-06 3.344513e-24 2.900000e-06 3.579763e-24 2.900000e-06 6.311099e-06 2.900000e-06 6.306077e-24 2.900000e-06 1.076636e-04 
2.750000e-06 3.172200e-24 2.750000e-06 3.395330e-24 2.750000e-06 5.985122e-06 2.750000e-06 5.981182e-24 2.750000e-06 1.020872e-04 
2.625000e-06 3.027916e-24 2.625000e-06 3.240897e-24 2.625000e-06 5.712307e-06 2.625000e-06 5.709133e-24 2.625000e-06 9.744017e-05 
2.475000e-06 2.854566e-24 2.475000e-06 3.055354e-24 2.475000e-06 5.386330e-06 2.475000e-06 5.382282e-24 2.475000e-06 9.186377e-05 
2.350000e-06 2.710280e-24 2.350000e-06 2.900919e-24 2.350000e-06 5.114915e-06 2.350000e-06 5.110232e-24 2.350000e-06 8.721677e-05 
2.250000e-06 2.595060e-24 2.250000e-06 2.777594e-24 2.250000e-06 4.896663e-06 2.250000e-06 4.892984e-24 2.250000e-06 8.354810e-05 
2.150000e-06 2.479839e-24 2.150000e-06 2.654269e-24 2.150000e-06 4.678412e-06 2.150000e-06 4.675735e-24 2.150000e-06 7.983050e-05 
2.050000e-06 2.364619e-24 2.050000e-06 2.530944e-24 2.050000e-06 4.461560e-06 2.050000e-06 4.458487e-24 2.050000e-06 7.611289e-05 
1.950000e-06 2.249398e-24 1.950000e-06 2.407618e-24 1.950000e-06 4.243308e-06 1.950000e-06 4.241239e-24 1.950000e-06 7.239531e-05 
1.850000e-06 2.134177e-24 1.850000e-06 2.284293e-24 1.850000e-06 4.026456e-06 1.850000e-06 4.023989e-24 1.850000e-06 6.867771e-05 
1.750000e-06 2.017918e-24 1.750000e-06 2.159857e-24 1.750000e-06 3.808205e-06 1.750000e-06 3.804784e-24 1.750000e-06 6.496012e-05 
1.650000e-06 1.902698e-24 1.650000e-06 2.036532e-24 1.650000e-06 3.591353e-06 1.650000e-06 3.587535e-24 1.650000e-06 6.124251e-05 
1.550000e-06 1.787477e-24 1.550000e-06 1.913207e-24 1.550000e-06 3.373101e-06 1.550000e-06 3.370287e-24 1.550000e-06 5.752492e-05 
1.462500e-06 1.686789e-24 1.462500e-06 1.805436e-24 1.462500e-06 3.182831e-06 1.462500e-06 3.180439e-24 1.462500e-06 5.429648e-05 
1.387500e-06 1.600633e-24 1.387500e-06 1.713220e-24 1.387500e-06 3.019143e-06 1.387500e-06 3.017992e-24 1.387500e-06 5.150829e-05 
1.312500e-06 1.513439e-24 1.312500e-06 1.619893e-24 1.312500e-06 2.856853e-06 1.312500e-06 2.853588e-24 1.312500e-06 4.872009e-05 
1.237500e-06 1.427283e-24 1.237500e-06 1.527677e-24 1.237500e-06 2.693165e-06 1.237500e-06 2.691141e-24 1.237500e-06 4.593678e-05 
1.175000e-06 1.355659e-24 1.175000e-06 1.451015e-24 1.175000e-06 2.557457e-06 1.175000e-06 2.556095e-24 1.175000e-06 4.361817e-05 
1.125000e-06 1.297530e-24 1.125000e-06 1.388797e-24 1.125000e-06 2.448332e-06 1.125000e-06 2.446492e-24 1.125000e-06 4.176426e-05 
1.075000e-06 1.239401e-24 1.075000e-06 1.326579e-24 1.075000e-06 2.339206e-06 1.075000e-06 2.336889e-24 1.075000e-06 3.990547e-05 
1.025000e-06 1.182309e-24 1.025000e-06 1.265472e-24 1.025000e-06 2.230080e-06 1.025000e-06 2.229243e-24 1.025000e-06 3.805156e-05 
9.800000e-07 1.130408e-24 9.800000e-07 1.209920e-24 9.800000e-07 2.132147e-06 9.800000e-07 2.131384e-24 9.800000e-07 3.637864e-05 
9.399999e-07 1.083697e-24 9.399999e-07 1.159923e-24 9.399999e-07 2.045406e-06 9.399999e-07 2.043310e-24 9.399999e-07 3.489650e-05 
9.000000e-07 1.038024e-24 9.000000e-07 1.111038e-24 9.000000e-07 1.958665e-06 9.000000e-07 1.957193e-24 9.000000e-07 3.340945e-05 
8.600000e-07 9.919356e-25 8.600000e-07 1.061707e-24 8.600000e-07 1.871924e-06 8.600000e-07 1.870294e-24 8.600000e-07 3.192242e-05 
8.200000e-07 9.457435e-25 8.200000e-07 1.012266e-24 8.200000e-07 1.785184e-06 8.200000e-07 1.783199e-24 8.200000e-07 3.044027e-05 
7.800000e-07 8.996552e-25 7.800000e-07 9.629364e-25 7.800000e-07 1.697044e-06 7.800000e-07 1.696300e-24 7.800000e-07 2.895323e-05 
7.400000e-07 8.534633e-25 7.400000e-07 9.134951e-25 7.400000e-07 1.610303e-06 7.400000e-07 1.609204e-24 7.400000e-07 2.747108e-05 
7.050000e-07 8.130841e-25 7.050000e-07 8.702757e-25 7.050000e-07 1.534754e-06 7.050000e-07 1.533070e-24 7.050000e-07 2.616992e-05 
6.750000e-07 7.785180e-25 6.750000e-07 8.332782e-25 6.750000e-07 1.468999e-06 6.750000e-07 1.467895e-24 6.750000e-07 2.505954e-05 
6.450000e-07 7.439516e-25 6.450000e-07 7.962805e-25 6.450000e-07 1.403244e-06 6.450000e-07 1.402721e-24 6.450000e-07 2.394426e-05 
6.150000e-07 7.092817e-25 6.150000e-07 7.591719e-25 6.150000e-07 1.338468e-06 6.150000e-07 1.337350e-24 6.150000e-07 2.282898e-05 
5.875000e-07 6.776221e-25 5.875000e-07 7.252854e-25 5.875000e-07 1.278589e-06 5.875000e-07 1.277656e-24 5.875000e-07 2.180664e-05 
5.625000e-07 6.487649e-25 5.625000e-07 6.943984e-25 5.625000e-07 1.224166e-06 5.625000e-07 1.223246e-24 5.625000e-07 2.088213e-05 
5.375000e-07 6.199079e-25 5.375000e-07 6.635117e-25 5.375000e-07 1.169743e-06 5.375000e-07 1.168836e-24 5.375000e-07 1.995273e-05 
5.125000e-07 5.910507e-25 5.125000e-07 6.326248e-25 5.125000e-07 1.115320e-06 5.125000e-07 1.114426e-24 5.125000e-07 1.902333e-05 
4.875000e-07 5.622975e-25 4.875000e-07 6.018491e-25 4.875000e-07 1.060897e-06 4.875000e-07 1.060212e-24 4.875000e-07 1.809883e-05 
4.625000e-07 5.334405e-25 4.625000e-07 5.709623e-25 4.625000e-07 1.006474e-06 4.625000e-07 1.005802e-24 4.625000e-07 1.716943e-05 
4.375000e-07 5.045834e-25 4.375000e-07 5.400754e-25 4.375000e-07 9.521912e-07 4.375000e-07 9.513918e-25 4.375000e-07 1.624003e-05 
4.125000e-07 4.757264e-25 4.125000e-07 5.091886e-25 4.125000e-07 8.977682e-07 4.125000e-07 8.969817e-25 4.125000e-07 1.531063e-05 
3.900000e-07 4.497758e-25 3.900000e-07 4.814126e-25 3.900000e-07 8.488016e-07 3.900000e-07 8.480519e-25 3.900000e-07 1.447906e-05 
3.700000e-07 4.267316e-25 3.700000e-07 4.567476e-25 3.700000e-07 8.052912e-07 3.700000e-07 8.046022e-25 3.700000e-07 1.373554e-05 
3.500000e-07 4.036875e-25 3.500000e-07 4.320825e-25 3.500000e-07 7.616410e-07 3.500000e-07 7.611526e-25 3.500000e-07 1.299202e-05 
3.300000e-07 3.806433e-25 3.300000e-07 4.074174e-25 3.300000e-07 7.181307e-07 3.300000e-07 7.177028e-25 3.300000e-07 1.224850e-05 
3.100000e-07 3.574954e-25 3.100000e-07 3.826413e-25 3.100000e-07 6.746203e-07 3.100000e-07 6.740574e-25 3.100000e-07 1.150988e-05 
2.900000e-07 3.344513e-25 2.900000e-07 3.579763e-25 2.900000e-07 6.311099e-07 2.900000e-07 6.306078e-25 2.900000e-07 1.076636e-05 
2.750000e-07 3.172201e-25 2.750000e-07 3.395331e-25 2.750000e-07 5.985121e-07 2.750000e-07 5.981183e-25 2.750000e-07 1.020872e-05 
2.625000e-07 3.027916e-25 2.625000e-07 3.240896e-25 2.625000e-07 5.712308e-07 2.625000e-07 5.709133e-25 2.625000e-07 9.744017e-06 
2.475000e-07 2.854565e-25 2.475000e-07 3.055353e-25 2.475000e-07 5.386329e-07 2.475000e-07 5.382282e-25 2.475000e-07 9.186379e-06 
2.350000e-07 2.710280e-25 2.350000e-07 2.900919e-25 2.350000e-07 5.114915e-07 2.350000e-07 5.110233e-25 2.350000e-07 8.721678e-06 
2.250000e-07 2.595060e-25 2.250000e-07 2.777594e-25 2.250000e-07 4.896663e-07 2.250000e-07 4.892984e-25 2.250000e-07 8.354808e-06 
2.150000e-07 2.479839e-25 2.150000e-07 2.654269e-25 2.150000e-07 4.678412e-07 2.150000e-07 4.675735e-25 2.150000e-07 7.983050e-06 
2.050000e-07 2.364618e-25 2.050000e-07 2.530944e-25 2.050000e-07 4.461560e-07 2.050000e-07 4.458487e-25 2.050000e-07 7.611291e-06 
1.950000e-07 2.249398e-25 1.950000e-07 2.407619e-25 1.950000e-07 4.243309e-07 1.950000e-07 4.241238e-25 1.950000e-07 7.239530e-06 
1.850000e-07 2.134177e-25 1.850000e-07 2.284293e-25 1.850000e-07 4.026456e-07 1.850000e-07 4.023990e-25 1.850000e-07 6.867770e-06 
1.750000e-07 2.017919e-25 1.750000e-07 2.159857e-25 1.750000e-07 3.808205e-07 1.750000e-07 3.804784e-25 1.750000e-07 6.496011e-06 
1.650000e-07 1.902698e-25 1.650000e-07 2.036532e-25 1.650000e-07 3.591353e-07 1.650000e-07 3.587536e-25 1.650000e-07 6.124251e-06 
1.550000e-07 1.787477e-25 1.550000e-07 1.913207e-25 1.550000e-07 3.373101e-07 1.550000e-07 3.370287e-25 1.550000e-07 5.752493e-06 
1.462500e-07 1.686789e-25 1.462500e-07 1.805436e-25 1.462500e-07 3.182831e-07 1.462500e-07 3.180439e-25 1.462500e-07 5.429648e-06 
1.387500e-07 1.600633e-25 1.387500e-07 1.713220e-25 1.387500e-07 3.019142e-07 1.387500e-07 3.017992e-25 1.387500e-07 5.150828e-06 
1.312500e-07 1.513439e-25 1.312500e-07 1.619893e-25 1.312500e-07 2.856853e-07 1.312500e-07 2.853588e-25 1.312500e-07 4.872009e-06 
1.237500e-07 1.427283e-25 1.237500e-07 1.527677e-25 1.237500e-07 2.693165e-07 1.237500e-07 2.691141e-25 1.237500e-07 4.593678e-06 
1.175000e-07 1.355659e-25 1.175000e-07 1.451015e-25 1.175000e-07 2.557457e-07 1.175000e-07 2.556095e-25 1.175000e-07 4.361817e-06 
1.125000e-07 1.297530e-25 1.125000e-07 1.388797e-25 1.125000e-07 2.448332e-07 1.125000e-07 2.446492e-25 1.125000e-07 4.176427e-06 
1.075000e-07 1.239401e-25 1.075000e-07 1.326579e-25 1.075000e-07 2.339206e-07 1.075000e-07 2.336889e-25 1.075000e-07 3.990547e-06 
1.025000e-07 1.182309e-25 1.025000e-07 1.265472e-25 1.025000e-07 2.230080e-07 1.025000e-07 2.229244e-25 1.025000e-07 3.805156e-06 
9.800000e-08 1.130408e-25 9.800000e-08 1.209920e-25 9.800000e-08 2.132147e-07 9.800000e-08 2.131384e-25 9.800000e-08 3.637864e-06 
9.400000e-08 1.083697e-25 9.400000e-08 1.159923e-25 9.400000e-08 2.045406e-07 9.400000e-08 2.043310e-25 9.400000e-08 3.489650e-06 
9.000000e-08 1.038024e-25 9.000000e-08 1.111038e-25 9.000000e-08 1.958665e-07 9.000000e-08 1.957193e-25 9.000000e-08 3.340946e-06 
8.600000e-08 9.919356e-26 8.600000e-08 1.061708e-25 8.600000e-08 1.871925e-07 8.600000e-08 1.870294e-25 8.600000e-08 3.192242e-06 
8.200000e-08 9.457435e-26 8.200000e-08 1.012266e-25 8.200000e-08 1.785183e-07 8.200000e-08 1.783199e-25 8.200000e-08 3.044027e-06 
7.800000e-08 8.996552e-26 7.800000e-08 9.629362e-26 7.800000e-08 1.697044e-07 7.800000e-08 1.696299e-25 7.800000e-08 2.895323e-06 
7.400000e-08 8.534632e-26 7.400000e-08 9.134951e-26 7.400000e-08 1.610303e-07 7.400000e-08 1.609205e-25 7.400000e-08 2.747108e-06 
7.050000e-08 8.130842e-26 7.050000e-08 8.702758e-26 7.050000e-08 1.534754e-07 7.050000e-08 1.533070e-25 7.050000e-08 2.616993e-06 
6.750000e-08 7.785178e-26 6.750000e-08 8.332781e-26 6.750000e-08 1.468999e-07 6.750000e-08 1.467895e-25 6.750000e-08 2.505465e-06 
6.450000e-08 7.439517e-26 6.450000e-08 7.962806e-26 6.450000e-08 1.403244e-07 6.450000e-08 1.402720e-25 6.450000e-08 2.394426e-06 
6.150000e-08 7.092817e-26 6.150000e-08 7.591719e-26 6.150000e-08 1.338468e-07 6.150000e-08 1.337350e-25 6.150000e-08 2.282898e-06 
5.875000e-08 6.776221e-26 5.875000e-08 7.252854e-26 5.875000e-08 1.278589e-07 5.875000e-08 1.277656e-25 5.875000e-08 2.180664e-06 
5.625000e-08 6.487649e-26 5.625000e-08 6.943986e-26 5.625000e-08 1.224166e-07 5.625000e-08 1.223246e-25 5.625000e-08 2.088213e-06 
5.375000e-08 6.199079e-26 5.375000e-08 6.635116e-26 5.375000e-08 1.169743e-07 5.375000e-08 1.168836e-25 5.375000e-08 1.995274e-06 
5.125000e-08 5.910508e-26 5.125000e-08 6.326248e-26 5.125000e-08 1.115320e-07 5.125000e-08 1.114426e-25 5.125000e-08 1.902333e-06 
4.875000e-08 5.622975e-26 4.875000e-08 6.018490e-26 4.875000e-08 1.060897e-07 4.875000e-08 1.060212e-25 4.875000e-08 1.809883e-06 
4.625000e-08 5.334405e-26 4.625000e-08 5.709622e-26 4.625000e-08 1.006474e-07 4.625000e-08 1.005802e-25 4.625000e-08 1.716943e-06 
4.375000e-08 5.045834e-26 4.375000e-08 5.400754e-26 4.375000e-08 9.521913e-08 4.375000e-08 9.513918e-26 4.375000e-08 1.624003e-06 
4.125000e-08 4.757263e-26 4.125000e-08 5.091885e-26 4.125000e-08 8.977682e-08 4.125000e-08 8.969817e-26 4.125000e-08 1.531063e-06 
3.900000e-08 4.497758e-26 3.900000e-08 4.814126e-26 3.900000e-08 8.488016e-08 3.900000e-08 8.480520e-26 3.900000e-08 1.447906e-06 
3.700000e-08 4.267316e-26 3.700000e-08 4.567475e-26 3.700000e-08 8.052913e-08 3.700000e-08 8.046023e-26 3.700000e-08 1.373554e-06 
3.500000e-08 4.036875e-26 3.500000e-08 4.320825e-26 3.500000e-08 7.616410e-08 3.500000e-08 7.611525e-26 3.500000e-08 1.299202e-06 
3.300000e-08 3.806434e-26 3.300000e-08 4.074175e-26 3.300000e-08 7.181306e-08 3.300000e-08 7.177029e-26 3.300000e-08 1.224850e-06 
3.100000e-08 3.574954e-26 3.100000e-08 3.826414e-26 3.100000e-08 6.746203e-08 3.100000e-08 6.740575e-26 3.100000e-08 1.150987e-06 
2.900000e-08 3.344513e-26 2.900000e-08 3.579763e-26 2.900000e-08 6.311100e-08 2.900000e-08 6.306077e-26 2.900000e-08 1.076635e-06 
2.750000e-08 3.172201e-26 2.750000e-08 3.395331e-26 2.750000e-08 5.985122e-08 2.750000e-08 5.981183e-26 2.750000e-08 1.020872e-06 
2.625000e-08 3.027916e-26 2.625000e-08 3.240897e-26 2.625000e-08 5.712308e-08 2.625000e-08 5.709134e-26 2.625000e-08 9.744017e-07 
2.475000e-08 2.854566e-26 2.475000e-08 3.055354e-26 2.475000e-08 5.386330e-08 2.475000e-08 5.382282e-26 2.475000e-08 9.186377e-07 
2.350000e-08 2.710280e-26 2.350000e-08 2.900919e-26 2.350000e-08 5.114914e-08 2.350000e-08 5.110232e-26 2.350000e-08 8.721678e-07 
2.250000e-08 2.595060e-26 2.250000e-08 2.777594e-26 2.250000e-08 4.896663e-08 2.250000e-08 4.892983e-26 2.250000e-08 8.354809e-07 
2.150000e-08 2.479839e-26 2.150000e-08 2.654269e-26 2.150000e-08 4.678412e-08 2.150000e-08 4.675735e-26 2.150000e-08 7.983051e-07 
2.050000e-08 2.364619e-26 2.050000e-08 2.530944e-26 2.050000e-08 4.461560e-08 2.050000e-08 4.458487e-26 2.050000e-08 7.611289e-07 
1.950000e-08 2.249398e-26 1.950000e-08 2.407618e-26 1.950000e-08 4.243308e-08 1.950000e-08 4.241238e-26 1.950000e-08 7.239530e-07 
1.850000e-08 2.134177e-26 1.850000e-08 2.284293e-26 1.850000e-08 4.026456e-08 1.850000e-08 4.023989e-26 1.850000e-08 6.867771e-07 
1.750000e-08 2.017918e-26 1.750000e-08 2.159857e-26 1.750000e-08 3.808205e-08 1.750000e-08 3.804784e-26 1.750000e-08 6.496011e-07 
1.650000e-08 1.902698e-26 1.650000e-08 2.036532e-26 1.650000e-08 3.591353e-08 1.650000e-08 3.587535e-26 1.650000e-08 6.124251e-07 
1.550000e-08 1.787477e-26 1.550000e-08 1.913207e-26 1.550000e-08 3.373101e-08 1.550000e-08 3.370287e-26 1.550000e-08 5.752492e-07 
1.462500e-08 1.686789e-26 1.462500e-08 1.805436e-26 1.462500e-08 3.182831e-08 1.462500e-08 3.180439e-26 1.462500e-08 5.429648e-07 
1.387500e-08 1.600633e-26 1.387500e-08 1.713220e-26 1.387500e-08 3.019143e-08 1.387500e-08 3.017992e-26 1.387500e-08 5.150828e-07 
1.312500e-08 1.513439e-26 1.312500e-08 1.619893e-26 1.312500e-08 2.856853e-08 1.312500e-08 2.853588e-26 1.312500e-08 4.872009e-07 
1.237500e-08 1.427283e-26 1.237500e-08 1.527677e-26 1.237500e-08 2.693165e-08 1.237500e-08 2.691141e-26 1.237500e-08 4.593678e-07 
1.175000e-08 1.355659e-26 1.175000e-08 1.451015e-26 1.175000e-08 2.557457e-08 1.175000e-08 2.556095e-26 1.175000e-08 4.361817e-07 
1.125000e-08 1.297530e-26 1.125000e-08 1.388797e-26 1.125000e-08 2.448332e-08 1.125000e-08 2.446492e-26 1.125000e-08 4.176426e-07 
1.075000e-08 1.239400e-26 1.075000e-08 1.326579e-26 1.075000e-08 2.339206e-08 1.075000e-08 2.336889e-26 1.075000e-08 3.990547e-07 
1.025000e-08 1.182309e-26 1.025000e-08 1.265472e-26 1.025000e-08 2.230080e-08 1.025000e-08 2.229243e-26 1.025000e-08 3.805156e-07 
9.800000e-09 1.130408e-26 9.800000e-09 1.209920e-26 9.800000e-09 2.132147e-08 9.800000e-09 2.131384e-26 9.800000e-09 3.637864e-07 
9.400000e-09 1.083697e-26 9.400000e-09 1.159923e-26 9.400000e-09 2.045406e-08 9.400000e-09 2.043310e-26 9.400000e-09 3.489649e-07 
9.000000e-09 1.038024e-26 9.000000e-09 1.111038e-26 9.000000e-09 1.958665e-08 9.000000e-09 1.957193e-26 9.000000e-09 3.340945e-07 
8.600000e-09 9.919357e-27 8.600000e-09 1.061708e-26 8.600000e-09 1.871924e-08 8.600000e-09 1.870294e-26 8.600000e-09 3.192242e-07 
8.200000e-09 9.457435e-27 8.200000e-09 1.012266e-26 8.200000e-09 1.785184e-08 8.200000e-09 1.783199e-26 8.200000e-09 3.044027e-07 
7.800000e-09 8.996553e-27 7.800000e-09 9.629363e-27 7.800000e-09 1.697044e-08 7.800000e-09 1.696300e-26 7.800000e-09 2.895323e-07 
7.400000e-09 8.534633e-27 7.400000e-09 9.134951e-27 7.400000e-09 1.610303e-08 7.400000e-09 1.609205e-26 7.400000e-09 2.747109e-07 
7.050000e-09 8.130841e-27 7.050000e-09 8.702757e-27 7.050000e-09 1.534754e-08 7.050000e-09 1.533070e-26 7.050000e-09 2.616993e-07 
6.750000e-09 7.785178e-27 6.750000e-09 8.332782e-27 6.750000e-09 1.468999e-08 6.750000e-09 1.467895e-26 6.750000e-09 2.505465e-07 
6.450000e-09 7.439517e-27 6.450000e-09 7.962807e-27 6.450000e-09 1.403244e-08 6.450000e-09 1.402720e-26 6.450000e-09 2.394426e-07 
6.150000e-09 7.092817e-27 6.150000e-09 7.591720e-27 6.150000e-09 1.338468e-08 6.150000e-09 1.337350e-26 6.150000e-09 2.282898e-07 
5.875000e-09 6.776219e-27 5.875000e-09 7.252853e-27 5.875000e-09 1.278589e-08 5.875000e-09 1.277656e-26 5.875000e-09 2.180664e-07 
5.625000e-09 6.487649e-27 5.625000e-09 6.943985e-27 5.625000e-09 1.224166e-08 5.625000e-09 1.223246e-26 5.625000e-09 2.088213e-07 
5.375000e-09 6.199079e-27 5.375000e-09 6.635116e-27 5.375000e-09 1.169743e-08 5.375000e-09 1.168836e-26 5.375000e-09 1.995273e-07 
5.125000e-09 5.910508e-27 5.125000e-09 6.326247e-27 5.125000e-09 1.115320e-08 5.125000e-09 1.114426e-26 5.125000e-09 1.902333e-07 
4.875000e-09 5.622975e-27 4.875000e-09 6.018491e-27 4.875000e-09 1.060897e-08 4.875000e-09 1.060212e-26 4.875000e-09 1.809883e-07 
4.625000e-09 5.334405e-27 4.625000e-09 5.709622e-27 4.625000e-09 1.006474e-08 4.625000e-09 1.005802e-26 4.625000e-09 1.716943e-07 
4.375000e-09 5.045834e-27 4.375000e-09 5.400754e-27 4.375000e-09 9.521912e-09 4.375000e-09 9.513918e-27 4.375000e-09 1.624003e-07 
4.125000e-09 4.757264e-27 4.125000e-09 5.091886e-27 4.125000e-09 8.977683e-09 4.125000e-09 8.969819e-27 4.125000e-09 1.531063e-07 
3.900000e-09 4.497757e-27 3.900000e-09 4.814126e-27 3.900000e-09 8.488017e-09 3.900000e-09 8.480520e-27 3.900000e-09 1.447906e-07 
3.700000e-09 4.267316e-27 3.700000e-09 4.567475e-27 3.700000e-09 8.052912e-09 3.700000e-09 8.046023e-27 3.700000e-09 1.373554e-07 
3.500000e-09 4.036875e-27 3.500000e-09 4.320825e-27 3.500000e-09 7.616410e-09 3.500000e-09 7.611526e-27 3.500000e-09 1.299202e-07 
3.300000e-09 3.806434e-27 3.300000e-09 4.074175e-27 3.300000e-09 7.181307e-09 3.300000e-09 7.177029e-27 3.300000e-09 1.224850e-07 
3.100000e-09 3.574954e-27 3.100000e-09 3.826413e-27 3.100000e-09 6.746203e-09 3.100000e-09 6.740574e-27 3.100000e-09 1.150988e-07 
2.900000e-09 3.344513e-27 2.900000e-09 3.579763e-27 2.900000e-09 6.311100e-09 2.900000e-09 6.306078e-27 2.900000e-09 1.076636e-07 
2.750000e-09 3.172201e-27 2.750000e-09 3.395331e-27 2.750000e-09 5.985122e-09 2.750000e-09 5.981184e-27 2.750000e-09 1.020872e-07 
2.625000e-09 3.027916e-27 2.625000e-09 3.240897e-27 2.625000e-09 5.712308e-09 2.625000e-09 5.709134e-27 2.625000e-09 9.744016e-08 
2.475000e-09 2.854566e-27 2.475000e-09 3.055353e-27 2.475000e-09 5.386330e-09 2.475000e-09 5.382282e-27 2.475000e-09 9.186378e-08 
2.350000e-09 2.710281e-27 2.350000e-09 2.900919e-27 2.350000e-09 5.114915e-09 2.350000e-09 5.110232e-27 2.350000e-09 8.721677e-08 
2.250000e-09 2.595060e-27 2.250000e-09 2.777594e-27 2.250000e-09 4.896663e-09 2.250000e-09 4.892983e-27 2.250000e-09 8.349918e-08 
2.150000e-09 2.479839e-27 2.150000e-09 2.654269e-27 2.150000e-09 4.678412e-09 2.150000e-09 4.675736e-27 2.150000e-09 7.983049e-08 
2.050000e-09 2.364619e-27 2.050000e-09 2.530944e-27 2.050000e-09 4.461560e-09 2.050000e-09 4.458487e-27 2.050000e-09 7.611290e-08 
1.950000e-09 2.249398e-27 1.950000e-09 2.407619e-27 1.950000e-09 4.243308e-09 1.950000e-09 4.241238e-27 1.950000e-09 7.239530e-08 
1.850000e-09 2.134177e-27 1.850000e-09 2.284293e-27 1.850000e-09 4.026456e-09 1.850000e-09 4.023990e-27 1.850000e-09 6.867771e-08 
1.750000e-09 2.017918e-27 1.750000e-09 2.159857e-27 1.750000e-09 3.808205e-09 1.750000e-09 3.804784e-27 1.750000e-09 6.496010e-08 
1.650000e-09 1.902698e-27 1.650000e-09 2.036532e-27 1.650000e-09 3.591353e-09 1.650000e-09 3.587536e-27 1.650000e-09 6.124252e-08 
1.550000e-09 1.787477e-27 1.550000e-09 1.913207e-27 1.550000e-09 3.373102e-09 1.550000e-09 3.370287e-27 1.550000e-09 5.752491e-08 
1.462500e-09 1.686789e-27 1.462500e-09 1.805436e-27 1.462500e-09 3.182832e-09 1.462500e-09 3.180439e-27 1.462500e-09 5.429647e-08 
1.387500e-09 1.600633e-27 1.387500e-09 1.713220e-27 1.387500e-09 3.019142e-09 1.387500e-09 3.017992e-27 1.387500e-09 5.150828e-08 
1.312500e-09 1.513439e-27 1.312500e-09 1.619893e-27 1.312500e-09 2.856853e-09 1.312500e-09 2.853588e-27 1.312500e-09 4.872008e-08 
1.237500e-09 1.427283e-27 1.237500e-09 1.527677e-27 1.237500e-09 2.693165e-09 1.237500e-09 2.691141e-27 1.237500e-09 4.593678e-08 
1.175000e-09 1.355659e-27 1.175000e-09 1.451015e-27 1.175000e-09 2.557457e-09 1.175000e-09 2.556095e-27 1.175000e-09 4.361817e-08 
1.125000e-09 1.297530e-27 1.125000e-09 1.388797e-27 1.125000e-09 2.448332e-09 1.125000e-09 2.446492e-27 1.125000e-09 4.175937e-08 
1.075000e-09 1.239401e-27 1.075000e-09 1.326579e-27 1.075000e-09 2.339206e-09 1.075000e-09 2.336889e-27 1.075000e-09 3.990547e-08 
1.025000e-09 1.182309e-27 1.025000e-09 1.265472e-27 1.025000e-09 2.230080e-09 1.025000e-09 2.229243e-27 1.025000e-09 3.805156e-08 
9.800000e-10 1.130408e-27 9.800000e-10 1.209920e-27 9.800000e-10 2.132147e-09 9.800000e-10 2.131384e-27 9.800000e-10 3.637864e-08 
9.400000e-10 1.083697e-27 9.400000e-10 1.159923e-27 9.400000e-10 2.045406e-09 9.400000e-10 2.043310e-27 9.400000e-10 3.489649e-08 
9.000000e-10 1.038024e-27 9.000000e-10 1.111038e-27 9.000000e-10 1.958665e-09 9.000000e-10 1.957193e-27 9.000000e-10 3.340945e-08 
8.600000e-10 9.919356e-28 8.600000e-10 1.061707e-27 8.600000e-10 1.871924e-09 8.600000e-10 1.870294e-27 8.600000e-10 3.192241e-08 
8.200000e-10 9.457435e-28 8.200000e-10 1.012266e-27 8.200000e-10 1.785184e-09 8.200000e-10 1.783199e-27 8.200000e-10 3.044027e-08 
7.800000e-10 8.996552e-28 7.800000e-10 9.629363e-28 7.800000e-10 1.697044e-09 7.800000e-10 1.696299e-27 7.800000e-10 2.895323e-08 
7.400000e-10 8.534632e-28 7.400000e-10 9.134951e-28 7.400000e-10 1.610303e-09 7.400000e-10 1.609204e-27 7.400000e-10 2.747108e-08 
7.050000e-10 8.130841e-28 7.050000e-10 8.702758e-28 7.050000e-10 1.534754e-09 7.050000e-10 1.533070e-27 7.050000e-10 2.616992e-08 
6.750000e-10 7.785179e-28 6.750000e-10 8.332781e-28 6.750000e-10 1.468999e-09 6.750000e-10 1.467895e-27 6.750000e-10 2.505464e-08 
6.450000e-10 7.439517e-28 6.450000e-10 7.962806e-28 6.450000e-10 1.403244e-09 6.450000e-10 1.402721e-27 6.450000e-10 2.394426e-08 
6.150000e-10 7.092817e-28 6.150000e-10 7.591720e-28 6.150000e-10 1.338468e-09 6.150000e-10 1.337350e-27 6.150000e-10 2.282898e-08 
5.875000e-10 6.776219e-28 5.875000e-10 7.252853e-28 5.875000e-10 1.278589e-09 5.875000e-10 1.277656e-27 5.875000e-10 2.180664e-08 
5.625000e-10 6.487649e-28 5.625000e-10 6.943985e-28 5.625000e-10 1.224166e-09 5.625000e-10 1.223246e-27 5.625000e-10 2.088213e-08 
5.375000e-10 6.199078e-28 5.375000e-10 6.635116e-28 5.375000e-10 1.169743e-09 5.375000e-10 1.168836e-27 5.375000e-10 1.995273e-08 
5.125000e-10 5.910508e-28 5.125000e-10 6.326248e-28 5.125000e-10 1.115320e-09 5.125000e-10 1.114426e-27 5.125000e-10 1.902333e-08 
4.875000e-10 5.622976e-28 4.875000e-10 6.018491e-28 4.875000e-10 1.060897e-09 4.875000e-10 1.060212e-27 4.875000e-10 1.809883e-08 
4.625000e-10 5.334405e-28 4.625000e-10 5.709622e-28 4.625000e-10 1.006474e-09 4.625000e-10 1.005802e-27 4.625000e-10 1.716943e-08 
4.375000e-10 5.045833e-28 4.375000e-10 5.400754e-28 4.375000e-10 9.521911e-10 4.375000e-10 9.513917e-28 4.375000e-10 1.624003e-08 
4.125000e-10 4.757264e-28 4.125000e-10 5.091885e-28 4.125000e-10 8.977683e-10 4.125000e-10 8.969817e-28 4.125000e-10 1.531063e-08 
3.900000e-10 4.497757e-28 3.900000e-10 4.814126e-28 3.900000e-10 8.488016e-10 3.900000e-10 8.480519e-28 3.900000e-10 1.447906e-08 
3.700000e-10 4.267316e-28 3.700000e-10 4.567475e-28 3.700000e-10 8.052912e-10 3.700000e-10 8.046022e-28 3.700000e-10 1.373554e-08 
3.500000e-10 4.036875e-28 3.500000e-10 4.320825e-28 3.500000e-10 7.616410e-10 3.500000e-10 7.611525e-28 3.500000e-10 1.299202e-08 
3.300000e-10 3.806434e-28 3.300000e-10 4.074175e-28 3.300000e-10 7.181307e-10 3.300000e-10 7.177029e-28 3.300000e-10 1.224850e-08 
3.100000e-10 3.574954e-28 3.100000e-10 3.826413e-28 3.100000e-10 6.746203e-10 3.100000e-10 6.740574e-28 3.100000e-10 1.150988e-08 
2.900000e-10 3.344513e-28 2.900000e-10 3.579763e-28 2.900000e-10 6.311100e-10 2.900000e-10 6.306078e-28 2.900000e-10 1.076636e-08 
2.750000e-10 3.172201e-28 2.750000e-10 3.395331e-28 2.750000e-10 5.985121e-10 2.750000e-10 5.981184e-28 2.750000e-10 1.020872e-08 
2.625000e-10 3.027916e-28 2.625000e-10 3.240897e-28 2.625000e-10 5.712308e-10 2.625000e-10 5.709133e-28 2.625000e-10 9.744016e-09 
2.475000e-10 2.854565e-28 2.475000e-10 3.055353e-28 2.475000e-10 5.386330e-10 2.475000e-10 5.382282e-28 2.475000e-10 9.186378e-09 
2.350000e-10 2.710281e-28 2.350000e-10 2.900919e-28 2.350000e-10 5.114915e-10 2.350000e-10 5.110232e-28 2.350000e-10 8.721678e-09 
2.250000e-10 2.595060e-28 2.250000e-10 2.777594e-28 2.250000e-10 4.896663e-10 2.250000e-10 4.892983e-28 2.250000e-10 8.349918e-09 
2.150000e-10 2.479839e-28 2.150000e-10 2.654269e-28 2.150000e-10 4.678412e-10 2.150000e-10 4.675735e-28 2.150000e-10 7.983050e-09 
2.050000e-10 2.364619e-28 2.050000e-10 2.530944e-28 2.050000e-10 4.461559e-10 2.050000e-10 4.458487e-28 2.050000e-10 7.611290e-09 
1.950000e-10 2.249398e-28 1.950000e-10 2.407618e-28 1.950000e-10 4.243308e-10 1.950000e-10 4.241238e-28 1.950000e-10 7.239530e-09 
1.850000e-10 2.134177e-28 1.850000e-10 2.284293e-28 1.850000e-10 4.026456e-10 1.850000e-10 4.023990e-28 1.850000e-10 6.867770e-09 
1.750000e-10 2.017918e-28 1.750000e-10 2.159857e-28 1.750000e-10 3.808205e-10 1.750000e-10 3.804784e-28 1.750000e-10 6.496012e-09 
1.650000e-10 1.902698e-28 1.650000e-10 2.036532e-28 1.650000e-10 3.591353e-10 1.650000e-10 3.587536e-28 1.650000e-10 6.124251e-09 
1.550000e-10 1.787477e-28 1.550000e-10 1.913207e-28 1.550000e-10 3.373102e-10 1.550000e-10 3.370287e-28 1.550000e-10 5.752492e-09 
1.462500e-10 1.686789e-28 1.462500e-10 1.805436e-28 1.462500e-10 3.182831e-10 1.462500e-10 3.180440e-28 1.462500e-10 5.429648e-09 
1.387500e-10 1.600633e-28 1.387500e-10 1.713220e-28 1.387500e-10 3.019143e-10 1.387500e-10 3.017992e-28 1.387500e-10 5.150828e-09 
1.312500e-10 1.513439e-28 1.312500e-10 1.619893e-28 1.312500e-10 2.856853e-10 1.312500e-10 2.853588e-28 1.312500e-10 4.872008e-09 
1.237500e-10 1.427283e-28 1.237500e-10 1.527677e-28 1.237500e-10 2.693165e-10 1.237500e-10 2.691141e-28 1.237500e-10 4.593677e-09 
1.175000e-10 1.355659e-28 1.175000e-10 1.451015e-28 1.175000e-10 2.557457e-10 1.175000e-10 2.556095e-28 1.175000e-10 4.361818e-09 
1.125000e-10 1.297530e-28 1.125000e-10 1.388797e-28 1.125000e-10 2.448332e-10 1.125000e-10 2.446492e-28 1.125000e-10 4.175937e-09 
1.075000e-10 1.239400e-28 1.075000e-10 1.326579e-28 1.075000e-10 2.339206e-10 1.075000e-10 2.336889e-28 1.075000e-10 3.990546e-09 
1.025000e-10 1.182309e-28 1.025000e-10 1.265472e-28 1.025000e-10 2.230080e-10 1.025000e-10 2.229243e-28 1.025000e-10 3.805156e-09 
