
   0.1025000E-09      0.1265472E-27
   0.1075000E-09      0.1326579E-27
   0.1125000E-09      0.1388797E-27
   0.1175000E-09      0.1451015E-27
   0.1237500E-09      0.1527677E-27
   0.1312500E-09      0.1619893E-27
   0.1387500E-09      0.1713220E-27
   0.1462500E-09      0.1805436E-27
   0.1550000E-09      0.1913207E-27
   0.1650000E-09      0.2036532E-27
   0.1750000E-09      0.2159857E-27
   0.1850000E-09      0.2284293E-27
   0.1950000E-09      0.2407618E-27
   0.2050000E-09      0.2530944E-27
   0.2150000E-09      0.2654269E-27
   0.2250000E-09      0.2777594E-27
   0.2350000E-09      0.2900919E-27
   0.2475000E-09      0.3055353E-27
   0.2625000E-09      0.3240897E-27
   0.2750000E-09      0.3395331E-27
   0.2900000E-09      0.3579763E-27
   0.3100000E-09      0.3826413E-27
   0.3300000E-09      0.4074175E-27
   0.3500000E-09      0.4320825E-27
   0.3700000E-09      0.4567475E-27
   0.3900000E-09      0.4814126E-27
   0.4125000E-09      0.5091885E-27
   0.4375000E-09      0.5400754E-27
   0.4625000E-09      0.5709622E-27
   0.4875000E-09      0.6018491E-27
   0.5125000E-09      0.6326248E-27
   0.5375000E-09      0.6635116E-27
   0.5625000E-09      0.6943985E-27
   0.5875000E-09      0.7252853E-27
   0.6150000E-09      0.7591720E-27
   0.6450000E-09      0.7962806E-27
   0.6750000E-09      0.8332781E-27
   0.7050000E-09      0.8702758E-27
   0.7400000E-09      0.9134951E-27
   0.7800000E-09      0.9629363E-27
   0.8200000E-09      0.1012266E-26
   0.8600000E-09      0.1061707E-26
   0.9000000E-09      0.1111038E-26
   0.9400000E-09      0.1159923E-26
   0.9800000E-09      0.1209920E-26
   0.1025000E-08      0.1265472E-26
   0.1075000E-08      0.1326579E-26
   0.1125000E-08      0.1388797E-26
   0.1175000E-08      0.1451015E-26
   0.1237500E-08      0.1527677E-26
   0.1312500E-08      0.1619893E-26
   0.1387500E-08      0.1713220E-26
   0.1462500E-08      0.1805436E-26
   0.1550000E-08      0.1913207E-26
   0.1650000E-08      0.2036532E-26
   0.1750000E-08      0.2159857E-26
   0.1850000E-08      0.2284293E-26
   0.1950000E-08      0.2407619E-26
   0.2050000E-08      0.2530944E-26
   0.2150000E-08      0.2654269E-26
   0.2250000E-08      0.2777594E-26
   0.2350000E-08      0.2900919E-26
   0.2475000E-08      0.3055353E-26
   0.2625000E-08      0.3240897E-26
   0.2750000E-08      0.3395331E-26
   0.2900000E-08      0.3579763E-26
   0.3100000E-08      0.3826413E-26
   0.3300000E-08      0.4074175E-26
   0.3500000E-08      0.4320825E-26
   0.3700000E-08      0.4567475E-26
   0.3900000E-08      0.4814126E-26
   0.4125000E-08      0.5091886E-26
   0.4375000E-08      0.5400754E-26
   0.4625000E-08      0.5709622E-26
   0.4875000E-08      0.6018491E-26
   0.5125000E-08      0.6326247E-26
   0.5375000E-08      0.6635116E-26
   0.5625000E-08      0.6943985E-26
   0.5875000E-08      0.7252853E-26
   0.6150000E-08      0.7591720E-26
   0.6450000E-08      0.7962807E-26
   0.6750000E-08      0.8332782E-26
   0.7050000E-08      0.8702757E-26
   0.7400000E-08      0.9134951E-26
   0.7800000E-08      0.9629363E-26
   0.8200000E-08      0.1012266E-25
   0.8600000E-08      0.1061708E-25
   0.9000000E-08      0.1111038E-25
   0.9400000E-08      0.1159923E-25
   0.9800000E-08      0.1209920E-25
   0.1025000E-07      0.1265472E-25
   0.1075000E-07      0.1326579E-25
   0.1125000E-07      0.1388797E-25
   0.1175000E-07      0.1451015E-25
   0.1237500E-07      0.1527677E-25
   0.1312500E-07      0.1619893E-25
   0.1387500E-07      0.1713220E-25
   0.1462500E-07      0.1805436E-25
   0.1550000E-07      0.1913207E-25
   0.1650000E-07      0.2036532E-25
   0.1750000E-07      0.2159857E-25
   0.1850000E-07      0.2284293E-25
   0.1950000E-07      0.2407618E-25
   0.2050000E-07      0.2530944E-25
   0.2150000E-07      0.2654269E-25
   0.2250000E-07      0.2777594E-25
   0.2350000E-07      0.2900919E-25
   0.2475000E-07      0.3055354E-25
   0.2625000E-07      0.3240897E-25
   0.2750000E-07      0.3395331E-25
   0.2900000E-07      0.3579763E-25
   0.3100000E-07      0.3826414E-25
   0.3300000E-07      0.4074175E-25
   0.3500000E-07      0.4320825E-25
   0.3700000E-07      0.4567475E-25
   0.3900000E-07      0.4814126E-25
   0.4125000E-07      0.5091885E-25
   0.4375000E-07      0.5400754E-25
   0.4625000E-07      0.5709622E-25
   0.4875000E-07      0.6018490E-25
   0.5125000E-07      0.6326248E-25
   0.5375000E-07      0.6635116E-25
   0.5625000E-07      0.6943986E-25
   0.5875000E-07      0.7252854E-25
   0.6150000E-07      0.7591719E-25
   0.6450000E-07      0.7962806E-25
   0.6750000E-07      0.8332781E-25
   0.7050000E-07      0.8702758E-25
   0.7400000E-07      0.9134951E-25
   0.7800000E-07      0.9629362E-25
   0.8200000E-07      0.1012266E-24
   0.8600000E-07      0.1061708E-24
   0.9000000E-07      0.1111038E-24
   0.9400000E-07      0.1159923E-24
   0.9800000E-07      0.1209920E-24
   0.1025000E-06      0.1265472E-24
   0.1075000E-06      0.1326579E-24
   0.1125000E-06      0.1388797E-24
   0.1175000E-06      0.1451015E-24
   0.1237500E-06      0.1527677E-24
   0.1312500E-06      0.1619893E-24
   0.1387500E-06      0.1713220E-24
   0.1462500E-06      0.1805436E-24
   0.1550000E-06      0.1913207E-24
   0.1650000E-06      0.2036532E-24
   0.1750000E-06      0.2159857E-24
   0.1850000E-06      0.2284293E-24
   0.1950000E-06      0.2407619E-24
   0.2050000E-06      0.2530944E-24
   0.2150000E-06      0.2654269E-24
   0.2250000E-06      0.2777594E-24
   0.2350000E-06      0.2900919E-24
   0.2475000E-06      0.3055353E-24
   0.2625000E-06      0.3240896E-24
   0.2750000E-06      0.3395331E-24
   0.2900000E-06      0.3579763E-24
   0.3100000E-06      0.3826413E-24
   0.3300000E-06      0.4074174E-24
   0.3500000E-06      0.4320825E-24
   0.3700000E-06      0.4567476E-24
   0.3900000E-06      0.4814126E-24
   0.4125000E-06      0.5091886E-24
   0.4375000E-06      0.5400754E-24
   0.4625000E-06      0.5709623E-24
   0.4875000E-06      0.6018491E-24
   0.5125000E-06      0.6326248E-24
   0.5375000E-06      0.6635117E-24
   0.5625000E-06      0.6943984E-24
   0.5875000E-06      0.7252854E-24
   0.6150000E-06      0.7591719E-24
   0.6450000E-06      0.7962805E-24
   0.6750000E-06      0.8332782E-24
   0.7050000E-06      0.8702757E-24
   0.7400000E-06      0.9134951E-24
   0.7800000E-06      0.9629364E-24
   0.8200000E-06      0.1012266E-23
   0.8600000E-06      0.1061707E-23
   0.9000000E-06      0.1111038E-23
   0.9399999E-06      0.1159923E-23
   0.9800000E-06      0.1209920E-23
   0.1025000E-05      0.1265472E-23
   0.1075000E-05      0.1326579E-23
   0.1125000E-05      0.1388797E-23
   0.1175000E-05      0.1451015E-23
   0.1237500E-05      0.1527677E-23
   0.1312500E-05      0.1619893E-23
   0.1387500E-05      0.1713220E-23
   0.1462500E-05      0.1805436E-23
   0.1550000E-05      0.1913207E-23
   0.1650000E-05      0.2036532E-23
   0.1750000E-05      0.2159857E-23
   0.1850000E-05      0.2284293E-23
   0.1950000E-05      0.2407618E-23
   0.2050000E-05      0.2530944E-23
   0.2150000E-05      0.2654269E-23
   0.2250000E-05      0.2777594E-23
   0.2350000E-05      0.2900919E-23
   0.2475000E-05      0.3055354E-23
   0.2625000E-05      0.3240897E-23
   0.2750000E-05      0.3395330E-23
   0.2900000E-05      0.3579763E-23
   0.3100000E-05      0.3585318E-23
   0.3300000E-05      0.3367555E-23
   0.3500000E-05      0.3175345E-23
   0.3700000E-05      0.3003135E-23
   0.3900000E-05      0.2849811E-23
   0.4125000E-05      0.2694266E-23
   0.4375000E-05      0.2539832E-23
   0.4625000E-05      0.2403174E-23
   0.4875000E-05      0.2279849E-23
   0.5125000E-05      0.2168745E-23
   0.5375000E-05      0.2067641E-23
   0.5625000E-05      0.1975425E-23
   0.5875000E-05      0.1890986E-23
   0.6150000E-05      0.1806547E-23
   0.6450000E-05      0.1723219E-23
   0.6750000E-05      0.1646558E-23
   0.7050000E-05      0.1576562E-23
   0.7400000E-05      0.1502123E-23
   0.7800000E-05      0.1424350E-23
   0.8200001E-05      0.1355466E-23
   0.8600000E-05      0.1292137E-23
   0.8999999E-05      0.1234363E-23
   0.9400001E-05      0.1182144E-23
   0.9800000E-05      0.1134369E-23
   0.1025000E-04      0.1084150E-23
   0.1075000E-04      0.1033709E-23
   0.1125000E-04      0.9877124E-24
   0.1175000E-04      0.9457151E-24
   0.1237500E-04      0.8980516E-24
   0.1312500E-04      0.8467217E-24
   0.1387500E-04      0.8009470E-24
   0.1462500E-04      0.7598386E-24
   0.1550000E-04      0.7170637E-24
   0.1650000E-04      0.6735110E-24
   0.1750000E-04      0.6350691E-24
   0.1850000E-04      0.6007380E-24
   0.1950000E-04      0.5698512E-24
   0.2050000E-04      0.5420752E-24
   0.2150000E-04      0.5168547E-24
   0.2250000E-04      0.4938562E-24
   0.2350000E-04      0.4728576E-24
   0.2475000E-04      0.4490814E-24
   0.2625000E-04      0.4234165E-24
   0.2750000E-04      0.4040844E-24
   0.2900000E-04      0.3833080E-24
   0.3100000E-04      0.3585319E-24
   0.3300000E-04      0.3367555E-24
   0.3500000E-04      0.3175346E-24
   0.3700000E-04      0.3003135E-24
   0.3900000E-04      0.2849812E-24
   0.4125000E-04      0.2694266E-24
   0.4375000E-04      0.2539832E-24
   0.4625000E-04      0.2403174E-24
   0.4875000E-04      0.2279849E-24
   0.5125000E-04      0.2168745E-24
   0.5375000E-04      0.2067641E-24
   0.5625000E-04      0.1975425E-24
   0.5875000E-04      0.1890986E-24
   0.6150000E-04      0.1806547E-24
   0.6450000E-04      0.1723219E-24
   0.6750000E-04      0.1646558E-24
   0.7050000E-04      0.1576562E-24
   0.7400000E-04      0.1502123E-24
   0.7800000E-04      0.1424350E-24
   0.8200000E-04      0.1355466E-24
   0.8600000E-04      0.1292137E-24
   0.9000000E-04      0.1234363E-24
   0.9400000E-04      0.1182144E-24
   0.9800000E-04      0.1134370E-24
   0.1025000E-03      0.1084151E-24
   0.1075000E-03      0.1033709E-24
   0.1125000E-03      0.9877124E-25
   0.1175000E-03      0.9457152E-25
   0.1237500E-03      0.8980518E-25
   0.1312500E-03      0.8467217E-25
   0.1387500E-03      0.8009471E-25
   0.1462500E-03      0.7598387E-25
   0.1550000E-03      0.7170637E-25
   0.1650000E-03      0.6735110E-25
   0.1750000E-03      0.6350691E-25
   0.1850000E-03      0.6007380E-25
   0.1950000E-03      0.5698512E-25
   0.2050000E-03      0.5420753E-25
   0.2150000E-03      0.5168547E-25
   0.2250000E-03      0.4938562E-25
   0.2350000E-03      0.4728576E-25
   0.2475000E-03      0.2630937E-24
   0.2625000E-03      0.3760862E-21
   0.2750000E-03      0.1122148E-18
   0.2900000E-03      0.1307691E-14
   0.3100000E-03      0.1583229E-10
   0.3300000E-03      0.1084039E-06
   0.3500000E-03      0.8658316E-05
   0.3700000E-03      0.1696555E-04
   0.3900000E-03      0.4619694E-05
   0.4125000E-03      0.1196587E-05
   0.4375000E-03      0.2790927E-06
   0.4625000E-03      0.1076040E-07
   0.4875000E-03      0.9752688E-13
   0.5125000E-03      0.1604338E-17
   0.5375000E-03      0.4514146E-22
   0.5625000E-03      0.1975425E-25
   0.5875000E-03      0.1890986E-25
   0.6150000E-03      0.1806547E-25
   0.6450000E-03      0.1723219E-25
   0.6750000E-03      0.1646558E-25
   0.7050000E-03      0.1576562E-25
   0.7400000E-03      0.1502123E-25
   0.7800000E-03      0.1424350E-25
   0.8200000E-03      0.1355466E-25
   0.8600000E-03      0.1292137E-25
   0.9000000E-03      0.3755307E-25
   0.9400000E-03      0.8816083E-24
   0.9800000E-03      0.3134237E-22
   0.1025000E-02      0.1824324E-20
   0.1075000E-02      0.1069040E-18
   0.1125000E-02      0.5225210E-17
   0.1175000E-02      0.2163190E-15
   0.1237500E-02      0.2973136E-13
   0.1312500E-02      0.4429707E-11
   0.1387500E-02      0.5031890E-09
   0.1462500E-02      0.4483037E-07
   0.1550000E-02      0.1986535E-06
   0.1650000E-02      0.1988757E-06
   0.1750000E-02      0.1990979E-06
   0.1850000E-02      0.1993202E-06
   0.1950000E-02      0.1995423E-06
   0.2050000E-02      0.1996534E-06
   0.2150000E-02      0.1998757E-06
   0.2250000E-02      0.1999868E-06
   0.2350000E-02      0.2002090E-06
   0.2475000E-02      0.2035421E-06
   0.2625000E-02      0.2164301E-06
   0.2750000E-02      0.2327624E-06
   0.2900000E-02      0.2529833E-06
   0.3100000E-02      0.2808703E-06
   0.3300000E-02      0.3097573E-06
   0.3500000E-02      0.3352000E-06
   0.3700000E-02      0.3521989E-06
   0.3900000E-02      0.3644203E-06
   0.4125000E-02      0.3779750E-06
   0.4375000E-02      0.3927518E-06
   0.4625000E-02      0.4226387E-06
   0.4875000E-02      0.4696356E-06
   0.5125000E-02      0.5191879E-06
   0.5375000E-02      0.5710733E-06
   0.5625000E-02      0.4903009E-06
   0.5875000E-02      0.3287560E-06
   0.6150000E-02      0.2165412E-06
   0.6450000E-02      0.1397685E-06
   0.6750000E-02      0.9200502E-07
   0.7050000E-02      0.6985093E-07
   0.7400000E-02      0.6529567E-07
   0.7800000E-02      0.6519569E-07
   0.8200000E-02      0.6510680E-07
   0.8600000E-02      0.6501791E-07
   0.9000000E-02      0.6790662E-07
   0.9400001E-02      0.7727266E-07
   0.9800000E-02      0.9120508E-07
   0.1025000E-01      0.1090817E-06
   0.1075000E-01      0.1318802E-06
   0.1125000E-01      0.1579895E-06
   0.1175000E-01      0.1877654E-06
   0.1237500E-01      0.2218742E-06
   0.1312500E-01      0.2408729E-06
   0.1387500E-01      0.2419840E-06
   0.1462500E-01      0.2429839E-06
   0.1550000E-01      0.2439839E-06
   0.1650000E-01      0.2452060E-06
   0.1750000E-01      0.2463171E-06
   0.1850000E-01      0.2765372E-06
   0.1950000E-01      0.3831969E-06
   0.2050000E-01      0.5766285E-06
   0.2150000E-01      0.8511659E-06
   0.2250000E-01      0.1234363E-05
   0.2350000E-01      0.1760995E-05
   0.2475000E-01      0.1185477E-05
   0.2625000E-01      0.3524211E-06
   0.2750000E-01      0.1311024E-06
   0.2900000E-01      0.8564989E-07
   0.3100000E-01      0.8043912E-07
   0.3300000E-01      0.8772753E-07
   0.3500000E-01      0.1147702E-06
   0.3700000E-01      0.1509900E-06
   0.3900000E-01      0.1795437E-06
   0.4125000E-01      0.2013200E-06
   0.4375000E-01      0.2270961E-06
   0.4625000E-01      0.2229852E-06
   0.4875000E-01      0.1924317E-06
   0.5125000E-01      0.1673223E-06
   0.5375000E-01      0.1464348E-06
   0.5625000E-01      0.1418795E-06
   0.5875000E-01      0.1514344E-06
   0.6150000E-01      0.1621004E-06
   0.6450000E-01      0.1740996E-06
   0.6750000E-01      0.1864321E-06
   0.7050000E-01      0.1940983E-06
   0.7400000E-01      0.1942094E-06
   0.7799999E-01      0.1917651E-06
   0.8200000E-01      0.1894319E-06
   0.8600000E-01      0.1872098E-06
   0.9000000E-01      0.1912096E-06
   0.9400000E-01      0.2079862E-06
   0.9800000E-01      0.2323180E-06
   0.1025000          0.2617604E-06
   0.1075000          0.2970914E-06
   0.1125000          0.3353111E-06
   0.1175000          0.3764195E-06
   0.1237500          0.4250830E-06
   0.1312500          0.4670802E-06
   0.1387500          0.4954117E-06
   0.1462500          0.5238543E-06
   0.1550000          0.5570742E-06
   0.1650000          0.5952939E-06
   0.1750000          0.6234031E-06
   0.1850000          0.6310694E-06
   0.1950000          0.6286251E-06
   0.2050000          0.6264030E-06
   0.2150000          0.6242920E-06
   0.2250000          0.6290695E-06
   0.2350000          0.6474016E-06
   0.2475000          0.6788439E-06
   0.2625000          0.7162859E-06
   0.2750000          0.7646161E-06
   0.2900000          0.8969407E-06
   0.3100000          0.1125481E-05
   0.3300000          0.1215475E-05
   0.3500000          0.1100483E-05
   0.3700000          0.9390490E-06
   0.3900000          0.7422842E-06
   0.4125000          0.5376311E-06
   0.4375000          0.5094107E-06
   0.4625000          0.6445129E-06
   0.4875000          0.6991759E-06
   0.5125000          0.6596230E-06
   0.5375000          0.6481793E-06
   0.5625000          0.6618451E-06
   0.5875000          0.7012869E-06
   0.6150000          0.7760597E-06
   0.6450000          0.8130573E-06
   0.6750000          0.7183969E-06
   0.7050000          0.5689623E-06
   0.7400000          0.4575253E-06
   0.7800000          0.4220832E-06
   0.8200000          0.4416374E-06
   0.8600000          0.4580808E-06
   0.9000000          0.4703022E-06
   0.9400000          0.4747464E-06
   0.9800000          0.4536367E-06
    1.050000          0.3930851E-06
    1.150000          0.3314225E-06
    1.250000          0.2897586E-06
    1.350000          0.2635381E-06
    1.450000          0.2484280E-06
    1.550000          0.2354289E-06
    1.650000          0.2242074E-06
    1.750000          0.2090973E-06
    1.850000          0.1912096E-06
    1.950000          0.1674334E-06
    2.050000          0.1405463E-06
    2.150000          0.1208809E-06
    2.250000          0.1078595E-06
    2.350000          0.9824905E-07
    2.450000          0.8938297E-07
    2.550000          0.8082799E-07
    2.650000          0.7301739E-07
    2.750000          0.6620672E-07
    2.850000          0.6076264E-07
    2.950000          0.5641849E-07
    3.050000          0.5251874E-07
    3.150000          0.4900787E-07
    3.250000          0.4527478E-07
    3.350000          0.4095284E-07
    3.450000          0.3670868E-07
    3.550000          0.3300893E-07
    3.650000          0.2976470E-07
    3.750000          0.2684267E-07
    3.850000          0.2413173E-07
    3.950000          0.2169856E-07
    4.050000          0.1955426E-07
    4.150000          0.1766550E-07
    4.250000          0.1619893E-07
    4.350000          0.1525454E-07
    4.450000          0.1456570E-07
    4.550000          0.1392130E-07
    4.650000          0.1331023E-07
    4.750000          0.1263250E-07
    4.850000          0.1176589E-07
    4.950000          0.1087261E-07
    5.050000          0.1006267E-07
    5.150000          0.9328271E-08
    5.250000          0.8659426E-08
    5.350000          0.8050579E-08
    5.450000          0.7493949E-08
    5.550000          0.7063977E-08
    5.650000          0.6743998E-08
    5.750000          0.6442907E-08
    5.850000          0.6160703E-08
    5.950000          0.5895165E-08
    6.050000          0.5645183E-08
    6.150000          0.5409643E-08
    6.250000          0.5187434E-08
    6.350000          0.4977448E-08
    6.450000          0.4778573E-08
    6.550000          0.4435262E-08
    6.650000          0.3977515E-08
    6.750000          0.3571986E-08
    6.850000          0.3214232E-08
    6.950000          0.2895364E-08
    7.050000          0.2613160E-08
    7.150000          0.2360955E-08
    7.250000          0.2136525E-08
    7.350000          0.1936539E-08
    7.450000          0.1757661E-08
    7.550000          0.1582118E-08
    7.650000          0.1414351E-08
    7.750000          0.1265472E-08
    7.850000          0.1134369E-08
    7.950000          0.1018599E-08
    8.050000          0.9154950E-09
    8.150000          0.8238344E-09
    8.250000          0.7423954E-09
    8.350000          0.6698446E-09
    8.450000          0.6050710E-09
    8.550000          0.5587408E-09
    8.650000          0.5272984E-09
    8.750000          0.4980781E-09
    8.850000          0.4707466E-09
    8.950000          0.4451928E-09
    9.050000          0.4213055E-09
    9.150000          0.3988625E-09
    9.250000          0.3778639E-09
    9.350000          0.3583096E-09
    9.450000          0.3398664E-09
    9.550000          0.3303114E-09
    9.650000          0.3289782E-09
    9.750000          0.3276450E-09
    9.850000          0.3264228E-09
    9.950000          0.3252007E-09
    10.05000          0.3238675E-09
    10.15000          0.3226453E-09
    10.25000          0.3214231E-09
    10.35000          0.3203121E-09
    10.45000          0.3190900E-09
    10.55000          0.6404020E-10
    10.65000          0.4705244E-12
    10.75000          0.3619761E-14
    10.85000          0.2914252E-16
    10.95000          0.2452060E-18
    11.05000          0.2155413E-20
    11.15000          0.1977647E-22
    11.25000          0.1893208E-24
    11.35000          0.1887653E-26
    11.45000          0.1960981E-28
    11.55000          0.9619364E-30
    11.65000          0.9537147E-30
    11.75000          0.9456041E-30
    11.85000          0.9376046E-30
    11.95000          0.9009404E-30
    12.05000          0.9140506E-30
    12.15000          0.9150505E-30
    12.25000          0.9069400E-30
    12.35000          0.8977184E-30
    12.45000          0.8813862E-30
    12.55000          0.8852747E-30
    12.65000          0.8263897E-30
    12.75000          0.8713867E-30
    12.85000          0.8646094E-30
    12.95000          0.8509437E-30
    13.05000          0.8470550E-30
    13.15000          0.8305007E-30
    13.25000          0.8550545E-30
    13.35000          0.8467217E-30
    13.45000          0.8260565E-30
    13.55000          0.8199457E-30
    13.65000          0.7969473E-30
    13.75000          0.8326115E-30
    13.85000          0.7975027E-30
    13.95000          0.7963917E-30
    14.05000          0.8220567E-30
    14.15000          0.8170571E-30
    14.25000          0.7861702E-30
    14.35000          0.7771708E-30
    14.45000          0.7787263E-30
    14.55000          0.7385067E-30
    14.65000          0.6857324E-30
    14.75000          0.6366245E-30
    14.85000          0.5910720E-30
    14.95000          0.5488526E-30
    15.05000          0.5095218E-30
    15.15000          0.4730798E-30
    15.25000          0.4391931E-30
    15.35000          0.4077508E-30
    15.45000          0.3785306E-30
    15.55000          0.3513101E-30
    15.65000          0.3262006E-30
    15.75000          0.3027577E-30
    15.85000          0.2810925E-30
    15.95000          0.2608716E-30
    16.05000          0.2422062E-30
    16.15000          0.2247629E-30
    16.25000          0.2086529E-30
    16.35000          0.1936538E-30
    16.45000          0.1797659E-30
    16.55000          0.1668779E-30
    16.65000          0.1548786E-30
    16.75000          0.1436572E-30
    16.85000          0.1333245E-30
    16.95000          0.1237696E-30
    17.05000          0.1148813E-30
    17.15000          0.1066152E-30
    17.25000          0.9893789E-31
    17.35000          0.9181615E-31
    17.45000          0.8520548E-31
    17.55000          0.7907255E-31
    17.65000          0.7337292E-31
    17.75000          0.6808438E-31
    17.85000          0.6318471E-31
    17.95000          0.5862945E-31
    18.05000          0.5439639E-31
    18.15000          0.5047443E-31
    18.25000          0.4684135E-31
    18.35000          0.4346379E-31
    18.45000          0.4031956E-31
    18.55000          0.3740864E-31
    18.65000          0.3470882E-31
    18.75000          0.3220898E-31
    18.85000          0.2988691E-31
    18.95000          0.2772039E-31
    19.05000          0.2572052E-31
    19.15000          0.2386509E-31
    19.25000          0.2214298E-31
    19.35000          0.2054308E-31
    19.45000          0.1905429E-31
    19.55000          0.1767661E-31
    19.65000          0.1639891E-31
    19.75000          0.1521011E-31
    19.85000          0.1411018E-31
    19.95000          0.1308802E-31
