 640
 LBACRR12, ACRR Pb Bucket from New PJG SAND-II, Old cross sections
 SAND II INPUT FILE FOR ACRR #2607, 261
 1.000E-10 1.477E-01 1.050E-10 1.549E-01 1.100E-10 1.621E-01 1.150E-10 1.693E-01
 1.200E-10 1.783E-01 1.275E-10 1.891E-01 1.350E-10 2.000E-01 1.425E-10 2.108E-01
 1.500E-10 2.234E-01 1.600E-10 2.378E-01 1.700E-10 2.522E-01 1.800E-10 2.666E-01
 1.900E-10 2.810E-01 2.000E-10 2.954E-01 2.100E-10 3.098E-01 2.200E-10 3.242E-01
 2.300E-10 3.387E-01 2.400E-10 3.567E-01 2.550E-10 3.783E-01 2.700E-10 3.963E-01
 2.800E-10 4.179E-01 3.000E-10 4.467E-01 3.200E-10 4.756E-01 3.400E-10 5.044E-01
 3.600E-10 5.332E-01 3.800E-10 5.620E-01 4.000E-10 5.945E-01 4.250E-10 6.305E-01
 4.500E-10 6.665E-01 4.750E-10 7.025E-01 5.000E-10 7.386E-01 5.250E-10 7.746E-01
 5.500E-10 8.106E-01 5.750E-10 8.466E-01 6.000E-10 8.863E-01 6.300E-10 9.295E-01
 6.600E-10 9.727E-01 6.900E-10 1.016E+00 7.200E-10 1.066E+00 7.600E-10 1.124E+00
 8.000E-10 1.182E+00 8.400E-10 1.239E+00 8.800E-10 1.297E+00 9.200E-10 1.355E+00
 9.600E-10 1.412E+00 1.000E-09 1.477E+00 1.050E-09 1.549E+00 1.100E-09 1.621E+00
 1.150E-09 1.693E+00 1.200E-09 1.783E+00 1.275E-09 1.891E+00 1.350E-09 2.000E+00
 1.425E-09 2.108E+00 1.500E-09 2.234E+00 1.600E-09 2.378E+00 1.700E-09 2.522E+00
 1.800E-09 2.666E+00 1.900E-09 2.810E+00 2.000E-09 2.954E+00 2.100E-09 3.098E+00
 2.200E-09 3.243E+00 2.300E-09 3.387E+00 2.400E-09 3.567E+00 2.550E-09 3.783E+00
 2.700E-09 3.963E+00 2.800E-09 4.179E+00 3.000E-09 4.468E+00 3.200E-09 4.756E+00
 3.400E-09 5.044E+00 3.600E-09 5.332E+00 3.800E-09 5.621E+00 4.000E-09 5.945E+00
 4.250E-09 6.305E+00 4.500E-09 6.665E+00 4.750E-09 7.026E+00 5.000E-09 7.386E+00
 5.250E-09 7.746E+00 5.500E-09 8.107E+00 5.750E-09 8.467E+00 6.000E-09 8.863E+00
 6.300E-09 9.296E+00 6.600E-09 9.728E+00 6.900E-09 1.016E+01 7.200E-09 1.067E+01
 7.600E-09 1.124E+01 8.000E-09 1.182E+01 8.400E-09 1.239E+01 8.800E-09 1.297E+01
 9.200E-09 1.355E+01 9.600E-09 1.412E+01 1.000E-08 1.477E+01 1.050E-08 1.549E+01
 1.100E-08 1.621E+01 1.150E-08 1.694E+01 1.200E-08 1.784E+01 1.275E-08 1.892E+01
 1.350E-08 2.000E+01 1.425E-08 2.108E+01 1.500E-08 2.234E+01 1.600E-08 2.378E+01
 1.700E-08 2.523E+01 1.800E-08 2.667E+01 1.900E-08 2.811E+01 2.000E-08 2.955E+01
 2.100E-08 3.099E+01 2.200E-08 3.243E+01 2.300E-08 3.388E+01 2.400E-08 3.568E+01
 2.550E-08 3.784E+01 2.700E-08 3.964E+01 2.800E-08 4.181E+01 3.000E-08 4.469E+01
 3.200E-08 4.758E+01 3.400E-08 5.046E+01 3.600E-08 5.335E+01 3.800E-08 5.623E+01
 4.000E-08 5.948E+01 4.250E-08 6.309E+01 4.500E-08 6.669E+01 4.750E-08 7.030E+01
 5.000E-08 7.387E+01 5.250E-08 7.739E+01 5.500E-08 8.092E+01 5.750E-08 8.444E+01
 6.000E-08 8.830E+01 6.300E-08 9.252E+01 6.600E-08 9.673E+01 6.900E-08 1.009E+02
 7.200E-08 1.053E+02 7.600E-08 1.099E+02 8.000E-08 1.143E+02 8.400E-08 1.188E+02
 8.800E-08 1.232E+02 9.200E-08 1.275E+02 9.600E-08 1.319E+02 1.000E-07 1.366E+02
 1.050E-07 1.416E+02 1.100E-07 1.466E+02 1.150E-07 1.515E+02 1.200E-07 1.576E+02
 1.275E-07 1.648E+02 1.350E-07 1.719E+02 1.425E-07 1.790E+02 1.500E-07 1.871E+02
 1.600E-07 1.962E+02 1.700E-07 2.052E+02 1.800E-07 2.140E+02 1.900E-07 2.228E+02
 2.000E-07 2.300E+02 2.100E-07 2.356E+02 2.200E-07 2.412E+02 2.300E-07 2.466E+02
 2.400E-07 2.531E+02 2.550E-07 2.608E+02 2.700E-07 2.670E+02 2.800E-07 2.743E+02
 3.000E-07 2.829E+02 3.200E-07 2.902E+02 3.400E-07 2.974E+02 3.600E-07 3.047E+02
 3.800E-07 3.119E+02 4.000E-07 3.196E+02 4.250E-07 3.279E+02 4.500E-07 3.359E+02
 4.750E-07 3.437E+02 5.000E-07 3.504E+02 5.250E-07 3.562E+02 5.500E-07 3.618E+02
 5.750E-07 3.671E+02 6.000E-07 3.727E+02 6.300E-07 3.786E+02 6.600E-07 3.843E+02
 6.900E-07 3.898E+02 7.200E-07 3.951E+02 7.600E-07 4.002E+02 8.000E-07 4.050E+02
 8.400E-07 4.097E+02 8.800E-07 4.142E+02 9.200E-07 4.186E+02 9.600E-07 4.228E+02
 1.000E-06 4.259E+02 1.050E-06 4.280E+02 1.100E-06 4.301E+02 1.150E-06 4.320E+02
 1.200E-06 4.343E+02 1.275E-06 4.369E+02 1.350E-06 4.393E+02 1.425E-06 4.416E+02
 1.500E-06 4.441E+02 1.600E-06 4.469E+02 1.700E-06 4.495E+02 1.800E-06 4.519E+02
 1.900E-06 4.541E+02 2.000E-06 4.551E+02 2.100E-06 4.548E+02 2.200E-06 4.544E+02
 2.300E-06 4.540E+02 2.400E-06 4.536E+02 2.550E-06 4.530E+02 2.700E-06 4.523E+02
 2.800E-06 4.514E+02 3.000E-06 4.483E+02 3.200E-06 4.433E+02 3.400E-06 4.382E+02
 3.600E-06 4.330E+02 3.800E-06 4.278E+02 4.000E-06 4.224E+02 4.250E-06 4.177E+02
 4.500E-06 4.144E+02 4.750E-06 4.114E+02 5.000E-06 4.077E+02 5.250E-06 4.036E+02
 5.500E-06 4.003E+02 5.750E-06 3.987E+02 6.000E-06 3.969E+02 6.300E-06 3.948E+02
 6.600E-06 3.928E+02 6.900E-06 3.909E+02 7.200E-06 3.867E+02 7.600E-06 3.807E+02
 8.000E-06 3.749E+02 8.400E-06 3.694E+02 8.800E-06 3.642E+02 9.200E-06 3.591E+02
 9.600E-06 3.543E+02 1.000E-05 3.486E+02 1.050E-05 3.422E+02 1.100E-05 3.363E+02
 1.150E-05 3.306E+02 1.200E-05 3.240E+02 1.275E-05 3.165E+02 1.350E-05 3.096E+02
 1.425E-05 3.033E+02 1.500E-05 2.964E+02 1.600E-05 2.891E+02 1.700E-05 2.824E+02
 1.800E-05 2.762E+02 1.900E-05 2.705E+02 2.000E-05 2.649E+02 2.100E-05 2.596E+02
 2.200E-05 2.546E+02 2.300E-05 2.499E+02 2.400E-05 2.441E+02 2.550E-05 2.380E+02
 2.700E-05 2.333E+02 2.800E-05 2.281E+02 3.000E-05 2.218E+02 3.200E-05 2.164E+02
 3.400E-05 2.112E+02 3.600E-05 2.064E+02 3.800E-05 2.019E+02 4.000E-05 1.971E+02
 4.250E-05 1.924E+02 4.500E-05 1.879E+02 4.750E-05 1.838E+02 5.000E-05 1.791E+02
 5.250E-05 1.739E+02 5.500E-05 1.650E+02 5.750E-05 1.612E+02 6.000E-05 1.573E+02
 6.300E-05 1.534E+02 6.600E-05 1.493E+02 6.900E-05 1.481E+02 7.200E-05 1.442E+02
 7.600E-05 1.397E+02 8.000E-05 1.353E+02 8.400E-05 1.315E+02 8.800E-05 1.307E+02
 9.200E-05 1.274E+02 9.600E-05 1.227E+02 1.000E-04 1.202E+02 1.050E-04 1.177E+02
 1.100E-04 1.154E+02 1.150E-04 1.133E+02 1.200E-04 1.123E+02 1.275E-04 1.087E+02
 1.350E-04 1.050E+02 1.425E-04 1.020E+02 1.500E-04 9.956E+01 1.600E-04 9.693E+01
 1.700E-04 9.441E+01 1.800E-04 9.264E+01 1.900E-04 9.168E+01 2.000E-04 8.966E+01
 2.100E-04 8.775E+01 2.200E-04 8.568E+01 2.300E-04 8.362E+01 2.400E-04 8.166E+01
 2.550E-04 7.924E+01 2.700E-04 7.842E+01 2.800E-04 7.747E+01 3.000E-04 7.473E+01
 3.200E-04 7.150E+01 3.400E-04 6.878E+01 3.600E-04 6.613E+01 3.800E-04 6.353E+01
 4.000E-04 6.039E+01 4.250E-04 5.730E+01 4.500E-04 5.493E+01 4.750E-04 5.264E+01
 5.000E-04 5.094E+01 5.250E-04 4.919E+01 5.500E-04 4.785E+01 5.750E-04 4.642E+01
 6.000E-04 4.523E+01 6.300E-04 4.372E+01 6.600E-04 4.270E+01 6.900E-04 4.157E+01
 7.200E-04 4.000E+01 7.600E-04 3.812E+01 8.000E-04 3.668E+01 8.400E-04 3.506E+01
 8.800E-04 3.361E+01 9.200E-04 3.251E+01 9.600E-04 3.192E+01 1.000E-03 3.085E+01
 1.050E-03 2.977E+01 1.100E-03 2.882E+01 1.150E-03 2.784E+01 1.200E-03 2.657E+01
 1.275E-03 2.507E+01 1.350E-03 2.401E+01 1.425E-03 2.310E+01 1.500E-03 2.213E+01
 1.600E-03 2.110E+01 1.700E-03 2.022E+01 1.800E-03 1.936E+01 1.900E-03 1.857E+01
 2.000E-03 1.784E+01 2.100E-03 1.713E+01 2.200E-03 1.644E+01 2.300E-03 1.582E+01
 2.400E-03 1.511E+01 2.550E-03 1.436E+01 2.700E-03 1.379E+01 2.800E-03 1.318E+01
 3.000E-03 1.252E+01 3.200E-03 1.201E+01 3.400E-03 1.157E+01 3.600E-03 1.119E+01
 3.800E-03 1.085E+01 4.000E-03 1.050E+01 4.250E-03 1.013E+01 4.500E-03 9.797E+00
 4.750E-03 9.479E+00 5.000E-03 9.185E+00 5.250E-03 8.931E+00 5.500E-03 8.678E+00
 5.750E-03 8.454E+00 6.000E-03 8.223E+00 6.300E-03 7.996E+00 6.600E-03 7.776E+00
 6.900E-03 7.542E+00 7.200E-03 7.304E+00 7.600E-03 7.058E+00 8.000E-03 6.831E+00
 8.400E-03 6.635E+00 8.800E-03 6.485E+00 9.200E-03 6.322E+00 9.600E-03 6.164E+00
 1.000E-02 6.002E+00 1.050E-02 5.828E+00 1.100E-02 5.674E+00 1.150E-02 5.542E+00
 1.200E-02 5.381E+00 1.275E-02 5.208E+00 1.350E-02 5.044E+00 1.425E-02 4.896E+00
 1.500E-02 4.729E+00 1.600E-02 4.563E+00 1.700E-02 4.410E+00 1.800E-02 4.269E+00
 1.900E-02 4.145E+00 2.000E-02 4.039E+00 2.100E-02 3.937E+00 2.200E-02 3.844E+00
 2.300E-02 3.761E+00 2.400E-02 3.660E+00 2.550E-02 3.549E+00 2.700E-02 3.464E+00
 2.800E-02 3.370E+00 3.000E-02 3.189E+00 3.200E-02 3.071E+00 3.400E-02 2.960E+00
 3.600E-02 2.861E+00 3.800E-02 2.770E+00 4.000E-02 2.718E+00 4.250E-02 2.621E+00
 4.500E-02 2.524E+00 4.750E-02 2.423E+00 5.000E-02 2.351E+00 5.250E-02 2.289E+00
 5.500E-02 2.233E+00 5.750E-02 2.183E+00 6.000E-02 2.146E+00 6.300E-02 2.091E+00
 6.600E-02 2.039E+00 6.900E-02 1.990E+00 7.200E-02 1.937E+00 7.600E-02 1.881E+00
 8.000E-02 1.829E+00 8.400E-02 1.780E+00 8.800E-02 1.735E+00 9.200E-02 1.692E+00
 9.600E-02 1.651E+00 1.000E-01 1.603E+00 1.050E-01 1.539E+00 1.100E-01 1.489E+00
 1.150E-01 1.444E+00 1.200E-01 1.392E+00 1.275E-01 1.334E+00 1.350E-01 1.288E+00
 1.425E-01 1.241E+00 1.500E-01 1.191E+00 1.600E-01 1.139E+00 1.700E-01 1.093E+00
 1.800E-01 1.049E+00 1.900E-01 1.009E+00 2.000E-01 9.679E-01 2.100E-01 9.240E-01
 2.200E-01 8.850E-01 2.300E-01 8.491E-01 2.400E-01 8.083E-01 2.550E-01 7.636E-01
 2.700E-01 7.300E-01 2.800E-01 6.937E-01 3.000E-01 6.504E-01 3.200E-01 6.124E-01
 3.400E-01 5.782E-01 3.600E-01 5.473E-01 3.800E-01 5.194E-01 4.000E-01 4.913E-01
 4.250E-01 4.633E-01 4.500E-01 4.379E-01 4.750E-01 4.151E-01 5.000E-01 3.946E-01
 5.250E-01 3.764E-01 5.500E-01 3.599E-01 5.750E-01 3.449E-01 6.000E-01 3.300E-01
 6.300E-01 3.153E-01 6.600E-01 3.018E-01 6.900E-01 2.895E-01 7.200E-01 2.768E-01
 7.600E-01 2.640E-01 8.000E-01 2.526E-01 8.400E-01 2.423E-01 8.800E-01 2.329E-01
 9.200E-01 2.244E-01 9.600E-01 2.167E-01 1.000E+00 2.063E-01 1.100E+00 1.951E-01
 1.200E+00 1.867E-01 1.300E+00 1.800E-01 1.400E+00 1.738E-01 1.500E+00 1.662E-01
 1.600E+00 1.571E-01 1.700E+00 1.479E-01 1.800E+00 1.389E-01 1.900E+00 1.307E-01
 2.000E+00 1.202E-01 2.100E+00 1.083E-01 2.200E+00 9.807E-02 2.300E+00 8.916E-02
 2.400E+00 8.109E-02 2.500E+00 7.381E-02 2.600E+00 6.728E-02 2.700E+00 6.150E-02
 2.800E+00 5.663E-02 2.900E+00 5.245E-02 3.000E+00 4.779E-02 3.100E+00 4.305E-02
 3.200E+00 3.902E-02 3.300E+00 3.544E-02 3.400E+00 3.228E-02 3.500E+00 2.943E-02
 3.600E+00 2.674E-02 3.700E+00 2.439E-02 3.800E+00 2.234E-02 3.900E+00 2.056E-02
 4.000E+00 1.913E-02 4.100E+00 1.793E-02 4.200E+00 1.675E-02 4.300E+00 1.561E-02
 4.400E+00 1.455E-02 4.500E+00 1.356E-02 4.600E+00 1.265E-02 4.700E+00 1.185E-02
 4.800E+00 1.114E-02 4.900E+00 1.051E-02 5.000E+00 9.913E-03 5.100E+00 9.351E-03
 5.200E+00 8.858E-03 5.300E+00 8.419E-03 5.400E+00 8.021E-03 5.500E+00 7.652E-03
 5.600E+00 7.315E-03 5.700E+00 6.995E-03 5.800E+00 6.689E-03 5.900E+00 6.398E-03
 6.000E+00 5.936E-03 6.100E+00 5.343E-03 6.200E+00 4.813E-03 6.300E+00 4.339E-03
 6.400E+00 3.911E-03 6.500E+00 3.526E-03 6.600E+00 3.181E-03 6.700E+00 2.873E-03
 6.800E+00 2.601E-03 6.900E+00 2.355E-03 7.000E+00 2.136E-03 7.100E+00 1.940E-03
 7.200E+00 1.764E-03 7.300E+00 1.603E-03 7.400E+00 1.460E-03 7.500E+00 1.331E-03
 7.600E+00 1.214E-03 7.700E+00 1.108E-03 7.800E+00 1.014E-03 7.900E+00 9.279E-04
 8.000E+00 8.573E-04 8.100E+00 7.986E-04 8.200E+00 7.441E-04 8.300E+00 6.932E-04
 8.400E+00 6.459E-04 8.500E+00 6.018E-04 8.600E+00 5.606E-04 8.700E+00 5.222E-04
 8.800E+00 4.863E-04 8.900E+00 4.529E-04 9.000E+00 4.217E-04 9.100E+00 3.926E-04
 9.200E+00 3.655E-04 9.300E+00 3.403E-04 9.400E+00 3.167E-04 9.500E+00 2.947E-04
 9.600E+00 2.743E-04 9.700E+00 2.552E-04 9.800E+00 2.374E-04 9.900E+00 2.208E-04
 1.000E+01 2.054E-04 1.010E+01 1.910E-04 1.020E+01 1.776E-04 1.030E+01 1.652E-04
 1.040E+01 1.536E-04 1.050E+01 1.429E-04 1.060E+01 1.328E-04 1.070E+01 1.235E-04
 1.080E+01 1.149E-04 1.090E+01 1.068E-04 1.100E+01 9.936E-05 1.110E+01 9.239E-05
 1.120E+01 8.591E-05 1.130E+01 7.985E-05 1.140E+01 7.421E-05 1.150E+01 6.896E-05
 1.160E+01 6.408E-05 1.170E+01 5.954E-05 1.180E+01 5.534E-05 1.190E+01 5.196E-05
 1.200E+01 4.951E-05 1.210E+01 4.738E-05 1.220E+01 4.519E-05 1.230E+01 4.288E-05
 1.240E+01 4.044E-05 1.250E+01 3.796E-05 1.260E+01 3.553E-05 1.270E+01 3.320E-05
 1.280E+01 3.099E-05 1.290E+01 2.889E-05 1.300E+01 2.691E-05 1.310E+01 2.506E-05
 1.320E+01 2.332E-05 1.330E+01 2.169E-05 1.340E+01 2.018E-05 1.350E+01 1.877E-05
 1.360E+01 1.745E-05 1.370E+01 1.623E-05 1.380E+01 1.509E-05 1.390E+01 1.402E-05
 1.400E+01 1.303E-05 1.410E+01 1.211E-05 1.420E+01 1.125E-05 1.430E+01 1.045E-05
 1.440E+01 9.708E-06 1.450E+01 9.018E-06 1.460E+01 8.377E-06 1.470E+01 7.781E-06
 1.480E+01 7.227E-06 1.490E+01 6.712E-06 1.500E+01 6.233E-06 1.510E+01 5.788E-06
 1.520E+01 5.374E-06 1.530E+01 4.990E-06 1.540E+01 4.634E-06 1.550E+01 4.303E-06
 1.560E+01 3.995E-06 1.570E+01 3.710E-06 1.580E+01 3.444E-06 1.590E+01 3.198E-06
 1.600E+01 2.969E-06 1.610E+01 2.756E-06 1.620E+01 2.559E-06 1.630E+01 2.375E-06
 1.640E+01 2.205E-06 1.650E+01 2.046E-06 1.660E+01 1.899E-06 1.670E+01 1.763E-06
 1.680E+01 1.636E-06 1.690E+01 1.519E-06 1.700E+01 1.410E-06 1.710E+01 1.308E-06
 1.720E+01 1.214E-06 1.730E+01 1.127E-06 1.740E+01 1.046E-06 1.750E+01 9.707E-07
 1.760E+01 9.009E-07 1.770E+01 8.360E-07 1.780E+01 7.758E-07 1.790E+01 7.199E-07
 1.800E+01 0.000E+00 1.810E+01 0.000E+00 1.820E+01 0.000E+00 1.830E+01 0.000E+00
 1.840E+01 0.000E+00 1.850E+01 0.000E+00 1.860E+01 0.000E+00 1.870E+01 0.000E+00
 1.880E+01 0.000E+00 1.890E+01 0.000E+00 1.900E+01 0.000E+00 1.910E+01 0.000E+00
 1.920E+01 0.000E+00 1.930E+01 0.000E+00 1.940E+01 0.000E+00 1.950E+01 0.000E+00
 1.960E+01 0.000E+00 1.970E+01 0.000E+00 1.980E+01 0.000E+00 1.990E+01 0.000E+00
 2.000E+01 0.000E+00
