    640 
   snl_sand-ii spectrum 
 thermal maxwellian form,100 degrees c. 
 1.000E-10 9.949E+04 1.050E-10 1.043E+05 1.100E-10 1.092E+05 1.150E-10 1.140E+05
 1.200E-10 1.200E+05 1.275E-10 1.273E+05 1.350E-10 1.345E+05 1.425E-10 1.418E+05
 1.500E-10 1.502E+05 1.600E-10 1.598E+05 1.700E-10 1.695E+05 1.800E-10 1.791E+05
 1.900E-10 1.888E+05 2.000E-10 1.984E+05 2.100E-10 2.080E+05 2.200E-10 2.176E+05
 2.300E-10 2.272E+05 2.400E-10 2.392E+05 2.550E-10 2.536E+05 2.700E-10 2.655E+05
 2.800E-10 2.799E+05 3.000E-10 2.990E+05 3.200E-10 3.181E+05 3.400E-10 3.372E+05
 3.600E-10 3.562E+05 3.800E-10 3.752E+05 4.000E-10 3.966E+05 4.250E-10 4.203E+05
 4.500E-10 4.440E+05 4.750E-10 4.676E+05 5.000E-10 4.912E+05 5.250E-10 5.148E+05
 5.500E-10 5.383E+05 5.750E-10 5.618E+05 6.000E-10 5.876E+05 6.300E-10 6.156E+05
 6.600E-10 6.436E+05 6.900E-10 6.716E+05 7.200E-10 7.042E+05 7.600E-10 7.414E+05
 8.000E-10 7.784E+05 8.400E-10 8.154E+05 8.800E-10 8.522E+05 9.200E-10 8.890E+05
 9.600E-10 9.256E+05 1.000E-09 9.668E+05 1.050E-09 1.012E+06 1.100E-09 1.058E+06
 1.150E-09 1.103E+06 1.200E-09 1.160E+06 1.275E-09 1.227E+06 1.350E-09 1.294E+06
 1.425E-09 1.361E+06 1.500E-09 1.438E+06 1.600E-09 1.526E+06 1.700E-09 1.614E+06
 1.800E-09 1.701E+06 1.900E-09 1.787E+06 2.000E-09 1.873E+06 2.100E-09 1.958E+06
 2.200E-09 2.043E+06 2.300E-09 2.127E+06 2.400E-09 2.231E+06 2.550E-09 2.355E+06
 2.700E-09 2.458E+06 2.800E-09 2.580E+06 3.000E-09 2.741E+06 3.200E-09 2.899E+06
 3.400E-09 3.056E+06 3.600E-09 3.210E+06 3.800E-09 3.363E+06 4.000E-09 3.532E+06
 4.250E-09 3.717E+06 4.500E-09 3.899E+06 4.750E-09 4.078E+06 5.000E-09 4.253E+06
 5.250E-09 4.426E+06 5.500E-09 4.596E+06 5.750E-09 4.763E+06 6.000E-09 4.943E+06
 6.300E-09 5.136E+06 6.600E-09 5.325E+06 6.900E-09 5.510E+06 7.200E-09 5.720E+06
 7.600E-09 5.955E+06 8.000E-09 6.182E+06 8.400E-09 6.403E+06 8.800E-09 6.618E+06
 9.200E-09 6.827E+06 9.600E-09 7.029E+06 1.000E-08 7.249E+06 1.050E-08 7.485E+06
 1.100E-08 7.712E+06 1.150E-08 7.930E+06 1.200E-08 8.190E+06 1.275E-08 8.485E+06
 1.350E-08 8.763E+06 1.425E-08 9.023E+06 1.500E-08 9.304E+06 1.600E-08 9.600E+06
 1.700E-08 9.870E+06 1.800E-08 1.011E+07 1.900E-08 1.034E+07 2.000E-08 1.053E+07
 2.100E-08 1.070E+07 2.200E-08 1.086E+07 2.300E-08 1.099E+07 2.400E-08 1.113E+07
 2.550E-08 1.127E+07 2.700E-08 1.135E+07 2.800E-08 1.142E+07 3.000E-08 1.147E+07
 3.200E-08 1.147E+07 3.400E-08 1.143E+07 3.600E-08 1.135E+07 3.800E-08 1.124E+07
 4.000E-08 1.108E+07 4.250E-08 1.087E+07 4.500E-08 1.063E+07 4.750E-08 1.037E+07
 5.000E-08 1.008E+07 5.250E-08 9.782E+06 5.500E-08 9.469E+06 5.750E-08 9.148E+06
 6.000E-08 8.788E+06 6.300E-08 8.393E+06 6.600E-08 7.999E+06 6.900E-08 7.608E+06
 7.200E-08 7.158E+06 7.600E-08 6.660E+06 8.000E-08 6.181E+06 8.400E-08 5.722E+06
 8.800E-08 5.286E+06 9.200E-08 4.873E+06 9.600E-08 4.485E+06 1.000E-07 4.076E+06
 1.050E-07 3.657E+06 1.100E-07 3.275E+06 1.150E-07 2.927E+06 1.200E-07 2.536E+06
 1.275E-07 2.129E+06 1.350E-07 1.781E+06 1.425E-07 1.486E+06 1.500E-07 1.199E+06
 1.600E-07 9.345E+05 1.700E-07 7.257E+05 1.800E-07 5.616E+05 1.900E-07 4.334E+05
 2.000E-07 3.336E+05 2.100E-07 2.561E+05 2.200E-07 1.962E+05 2.300E-07 1.500E+05
 2.400E-07 1.072E+05 2.550E-07 7.124E+04 2.700E-07 5.041E+04 2.800E-07 3.352E+04
 3.000E-07 1.921E+04 3.200E-07 1.096E+04 3.400E-07 6.230E+03 3.600E-07 3.530E+03
 3.800E-07 1.994E+03 4.000E-07 1.052E+03 4.250E-07 5.118E+02 4.500E-07 2.481E+02
 4.750E-07 1.199E+02 5.000E-07 5.782E+01 5.250E-07 2.781E+01 5.500E-07 1.334E+01
 5.750E-07 6.390E+00 6.000E-07 2.862E+00 6.300E-07 1.178E+00 6.600E-07 4.834E-01
 6.900E-07 1.981E-01 7.200E-07 7.142E-02 7.600E-07 2.162E-02 8.000E-07 6.529E-03
 8.400E-07 1.967E-03 8.800E-07 5.911E-04 9.200E-07 1.773E-04 9.600E-07 5.309E-05
 1.000E-06 1.407E-05 1.050E-06 3.103E-06 1.100E-06 6.827E-07 1.150E-06 1.499E-07
 1.200E-06 2.502E-08 1.275E-06 2.560E-09 1.350E-06 2.610E-10 1.425E-06 2.652E-11
 1.500E-06 2.125E-12 1.600E-06 1.001E-13 1.700E-06 4.692E-15 1.800E-06 2.194E-16
 1.900E-06 1.023E-17 2.000E-06 4.752E-19 2.100E-06 2.203E-20 2.200E-06 1.019E-21
 2.300E-06 4.704E-23 2.400E-06 1.486E-24 2.550E-06 1.466E-26 2.700E-06 2.099E-28
 2.800E-06 1.569E-29 3.000E-06 3.277E-32 3.200E-06 6.770E-35 3.400E-06 1.000E-30
 3.600E-06 1.000E-30 3.800E-06 1.000E-30 4.000E-06 1.000E-30 4.250E-06 1.000E-30
 4.500E-06 1.000E-30 4.750E-06 1.000E-30 5.000E-06 1.000E-30 5.250E-06 1.000E-30
 5.500E-06 1.000E-30 5.750E-06 1.000E-30 6.000E-06 1.000E-30 6.300E-06 1.000E-30
 6.600E-06 1.000E-30 6.900E-06 1.000E-30 7.200E-06 1.000E-30 7.600E-06 1.000E-30
 8.000E-06 1.000E-30 8.400E-06 1.000E-30 8.800E-06 1.000E-30 9.200E-06 1.000E-30
 9.600E-06 1.000E-30 1.000E-05 1.000E-30 1.050E-05 1.000E-30 1.100E-05 1.000E-30
 1.150E-05 1.000E-30 1.200E-05 1.000E-30 1.275E-05 1.000E-30 1.350E-05 1.000E-30
 1.425E-05 1.000E-30 1.500E-05 1.000E-30 1.600E-05 1.000E-30 1.700E-05 1.000E-30
 1.800E-05 1.000E-30 1.900E-05 1.000E-30 2.000E-05 1.000E-30 2.100E-05 1.000E-30
 2.200E-05 1.000E-30 2.300E-05 1.000E-30 2.400E-05 1.000E-30 2.550E-05 1.000E-30
 2.700E-05 1.000E-30 2.800E-05 1.000E-30 3.000E-05 1.000E-30 3.200E-05 1.000E-30
 3.400E-05 1.000E-30 3.600E-05 1.000E-30 3.800E-05 1.000E-30 4.000E-05 1.000E-30
 4.250E-05 1.000E-30 4.500E-05 1.000E-30 4.750E-05 1.000E-30 5.000E-05 1.000E-30
 5.250E-05 1.000E-30 5.500E-05 1.000E-30 5.750E-05 1.000E-30 6.000E-05 1.000E-30
 6.300E-05 1.000E-30 6.600E-05 1.000E-30 6.900E-05 1.000E-30 7.200E-05 1.000E-30
 7.600E-05 1.000E-30 8.000E-05 1.000E-30 8.400E-05 1.000E-30 8.800E-05 1.000E-30
 9.200E-05 1.000E-30 9.600E-05 1.000E-30 1.000E-04 1.000E-30 1.050E-04 1.000E-30
 1.100E-04 1.000E-30 1.150E-04 1.000E-30 1.200E-04 1.000E-30 1.275E-04 1.000E-30
 1.350E-04 1.000E-30 1.425E-04 1.000E-30 1.500E-04 1.000E-30 1.600E-04 1.000E-30
 1.700E-04 1.000E-30 1.800E-04 1.000E-30 1.900E-04 1.000E-30 2.000E-04 1.000E-30
 2.100E-04 1.000E-30 2.200E-04 1.000E-30 2.300E-04 1.000E-30 2.400E-04 1.000E-30
 2.550E-04 1.000E-30 2.700E-04 1.000E-30 2.800E-04 1.000E-30 3.000E-04 1.000E-30
 3.200E-04 1.000E-30 3.400E-04 1.000E-30 3.600E-04 1.000E-30 3.800E-04 1.000E-30
 4.000E-04 1.000E-30 4.250E-04 1.000E-30 4.500E-04 1.000E-30 4.750E-04 1.000E-30
 5.000E-04 1.000E-30 5.250E-04 1.000E-30 5.500E-04 1.000E-30 5.750E-04 1.000E-30
 6.000E-04 1.000E-30 6.300E-04 1.000E-30 6.600E-04 1.000E-30 6.900E-04 1.000E-30
 7.200E-04 1.000E-30 7.600E-04 1.000E-30 8.000E-04 1.000E-30 8.400E-04 1.000E-30
 8.800E-04 1.000E-30 9.200E-04 1.000E-30 9.600E-04 1.000E-30 1.000E-03 1.000E-30
 1.050E-03 1.000E-30 1.100E-03 1.000E-30 1.150E-03 1.000E-30 1.200E-03 1.000E-30
 1.275E-03 1.000E-30 1.350E-03 1.000E-30 1.425E-03 1.000E-30 1.500E-03 1.000E-30
 1.600E-03 1.000E-30 1.700E-03 1.000E-30 1.800E-03 1.000E-30 1.900E-03 1.000E-30
 2.000E-03 1.000E-30 2.100E-03 1.000E-30 2.200E-03 1.000E-30 2.300E-03 1.000E-30
 2.400E-03 1.000E-30 2.550E-03 1.000E-30 2.700E-03 1.000E-30 2.800E-03 1.000E-30
 3.000E-03 1.000E-30 3.200E-03 1.000E-30 3.400E-03 1.000E-30 3.600E-03 1.000E-30
 3.800E-03 1.000E-30 4.000E-03 1.000E-30 4.250E-03 1.000E-30 4.500E-03 1.000E-30
 4.750E-03 1.000E-30 5.000E-03 1.000E-30 5.250E-03 1.000E-30 5.500E-03 1.000E-30
 5.750E-03 1.000E-30 6.000E-03 1.000E-30 6.300E-03 1.000E-30 6.600E-03 1.000E-30
 6.900E-03 1.000E-30 7.200E-03 1.000E-30 7.600E-03 1.000E-30 8.000E-03 1.000E-30
 8.400E-03 1.000E-30 8.800E-03 1.000E-30 9.200E-03 1.000E-30 9.600E-03 1.000E-30
 1.000E-02 1.000E-30 1.050E-02 1.000E-30 1.100E-02 1.000E-30 1.150E-02 1.000E-30
 1.200E-02 1.000E-30 1.275E-02 1.000E-30 1.350E-02 1.000E-30 1.425E-02 1.000E-30
 1.500E-02 1.000E-30 1.600E-02 1.000E-30 1.700E-02 1.000E-30 1.800E-02 1.000E-30
 1.900E-02 1.000E-30 2.000E-02 1.000E-30 2.100E-02 1.000E-30 2.200E-02 1.000E-30
 2.300E-02 1.000E-30 2.400E-02 1.000E-30 2.550E-02 1.000E-30 2.700E-02 1.000E-30
 2.800E-02 1.000E-30 3.000E-02 1.000E-30 3.200E-02 1.000E-30 3.400E-02 1.000E-30
 3.600E-02 1.000E-30 3.800E-02 1.000E-30 4.000E-02 1.000E-30 4.250E-02 1.000E-30
 4.500E-02 1.000E-30 4.750E-02 1.000E-30 5.000E-02 1.000E-30 5.250E-02 1.000E-30
 5.500E-02 1.000E-30 5.750E-02 1.000E-30 6.000E-02 1.000E-30 6.300E-02 1.000E-30
 6.600E-02 1.000E-30 6.900E-02 1.000E-30 7.200E-02 1.000E-30 7.600E-02 1.000E-30
 8.000E-02 1.000E-30 8.400E-02 1.000E-30 8.800E-02 1.000E-30 9.200E-02 1.000E-30
 9.600E-02 1.000E-30 1.000E-01 1.000E-30 1.050E-01 1.000E-30 1.100E-01 1.000E-30
 1.150E-01 1.000E-30 1.200E-01 1.000E-30 1.275E-01 1.000E-30 1.350E-01 1.000E-30
 1.425E-01 1.000E-30 1.500E-01 1.000E-30 1.600E-01 1.000E-30 1.700E-01 1.000E-30
 1.800E-01 1.000E-30 1.900E-01 1.000E-30 2.000E-01 1.000E-30 2.100E-01 1.000E-30
 2.200E-01 1.000E-30 2.300E-01 1.000E-30 2.400E-01 1.000E-30 2.550E-01 1.000E-30
 2.700E-01 1.000E-30 2.800E-01 1.000E-30 3.000E-01 1.000E-30 3.200E-01 1.000E-30
 3.400E-01 1.000E-30 3.600E-01 1.000E-30 3.800E-01 1.000E-30 4.000E-01 1.000E-30
 4.250E-01 1.000E-30 4.500E-01 1.000E-30 4.750E-01 1.000E-30 5.000E-01 1.000E-30
 5.250E-01 1.000E-30 5.500E-01 1.000E-30 5.750E-01 1.000E-30 6.000E-01 1.000E-30
 6.300E-01 1.000E-30 6.600E-01 1.000E-30 6.900E-01 1.000E-30 7.200E-01 1.000E-30
 7.600E-01 1.000E-30 8.000E-01 1.000E-30 8.400E-01 1.000E-30 8.800E-01 1.000E-30
 9.200E-01 1.000E-30 9.600E-01 1.000E-30 1.000E+00 1.000E-30 1.100E+00 1.000E-30
 1.200E+00 1.000E-30 1.300E+00 1.000E-30 1.400E+00 1.000E-30 1.500E+00 1.000E-30
 1.600E+00 1.000E-30 1.700E+00 1.000E-30 1.800E+00 1.000E-30 1.900E+00 1.000E-30
 2.000E+00 1.000E-30 2.100E+00 1.000E-30 2.200E+00 1.000E-30 2.300E+00 1.000E-30
 2.400E+00 1.000E-30 2.500E+00 1.000E-30 2.600E+00 1.000E-30 2.700E+00 1.000E-30
 2.800E+00 1.000E-30 2.900E+00 1.000E-30 3.000E+00 1.000E-30 3.100E+00 1.000E-30
 3.200E+00 1.000E-30 3.300E+00 1.000E-30 3.400E+00 1.000E-30 3.500E+00 1.000E-30
 3.600E+00 1.000E-30 3.700E+00 1.000E-30 3.800E+00 1.000E-30 3.900E+00 1.000E-30
 4.000E+00 1.000E-30 4.100E+00 1.000E-30 4.200E+00 1.000E-30 4.300E+00 1.000E-30
 4.400E+00 1.000E-30 4.500E+00 1.000E-30 4.600E+00 1.000E-30 4.700E+00 1.000E-30
 4.800E+00 1.000E-30 4.900E+00 1.000E-30 5.000E+00 1.000E-30 5.100E+00 1.000E-30
 5.200E+00 1.000E-30 5.300E+00 1.000E-30 5.400E+00 1.000E-30 5.500E+00 1.000E-30
 5.600E+00 1.000E-30 5.700E+00 1.000E-30 5.800E+00 1.000E-30 5.900E+00 1.000E-30
 6.000E+00 1.000E-30 6.100E+00 1.000E-30 6.200E+00 1.000E-30 6.300E+00 1.000E-30
 6.400E+00 1.000E-30 6.500E+00 1.000E-30 6.600E+00 1.000E-30 6.700E+00 1.000E-30
 6.800E+00 1.000E-30 6.900E+00 1.000E-30 7.000E+00 1.000E-30 7.100E+00 1.000E-30
 7.200E+00 1.000E-30 7.300E+00 1.000E-30 7.400E+00 1.000E-30 7.500E+00 1.000E-30
 7.600E+00 1.000E-30 7.700E+00 1.000E-30 7.800E+00 1.000E-30 7.900E+00 1.000E-30
 8.000E+00 1.000E-30 8.100E+00 1.000E-30 8.200E+00 1.000E-30 8.300E+00 1.000E-30
 8.400E+00 1.000E-30 8.500E+00 1.000E-30 8.600E+00 1.000E-30 8.700E+00 1.000E-30
 8.800E+00 1.000E-30 8.900E+00 1.000E-30 9.000E+00 1.000E-30 9.100E+00 1.000E-30
 9.200E+00 1.000E-30 9.300E+00 1.000E-30 9.400E+00 1.000E-30 9.500E+00 1.000E-30
 9.600E+00 1.000E-30 9.700E+00 1.000E-30 9.800E+00 1.000E-30 9.900E+00 1.000E-30
 1.000E+01 1.000E-30 1.010E+01 1.000E-30 1.020E+01 1.000E-30 1.030E+01 1.000E-30
 1.040E+01 1.000E-30 1.050E+01 1.000E-30 1.060E+01 1.000E-30 1.070E+01 1.000E-30
 1.080E+01 1.000E-30 1.090E+01 1.000E-30 1.100E+01 1.000E-30 1.110E+01 1.000E-30
 1.120E+01 1.000E-30 1.130E+01 1.000E-30 1.140E+01 1.000E-30 1.150E+01 1.000E-30
 1.160E+01 1.000E-30 1.170E+01 1.000E-30 1.180E+01 1.000E-30 1.190E+01 1.000E-30
 1.200E+01 1.000E-30 1.210E+01 1.000E-30 1.220E+01 1.000E-30 1.230E+01 1.000E-30
 1.240E+01 1.000E-30 1.250E+01 1.000E-30 1.260E+01 1.000E-30 1.270E+01 1.000E-30
 1.280E+01 1.000E-30 1.290E+01 1.000E-30 1.300E+01 1.000E-30 1.310E+01 1.000E-30
 1.320E+01 1.000E-30 1.330E+01 1.000E-30 1.340E+01 1.000E-30 1.350E+01 1.000E-30
 1.360E+01 1.000E-30 1.370E+01 1.000E-30 1.380E+01 1.000E-30 1.390E+01 1.000E-30
 1.400E+01 1.000E-30 1.410E+01 1.000E-30 1.420E+01 1.000E-30 1.430E+01 1.000E-30
 1.440E+01 1.000E-30 1.450E+01 1.000E-30 1.460E+01 1.000E-30 1.470E+01 1.000E-30
 1.480E+01 1.000E-30 1.490E+01 1.000E-30 1.500E+01 1.000E-30 1.510E+01 1.000E-30
 1.520E+01 1.000E-30 1.530E+01 1.000E-30 1.540E+01 1.000E-30 1.550E+01 1.000E-30
 1.560E+01 1.000E-30 1.570E+01 1.000E-30 1.580E+01 1.000E-30 1.590E+01 1.000E-30
 1.600E+01 1.000E-30 1.610E+01 1.000E-30 1.620E+01 1.000E-30 1.630E+01 1.000E-30
 1.640E+01 1.000E-30 1.650E+01 1.000E-30 1.660E+01 1.000E-30 1.670E+01 1.000E-30
 1.680E+01 1.000E-30 1.690E+01 1.000E-30 1.700E+01 1.000E-30 1.710E+01 1.000E-30
 1.720E+01 1.000E-30 1.730E+01 1.000E-30 1.740E+01 1.000E-30 1.750E+01 1.000E-30
 1.760E+01 1.000E-30 1.770E+01 1.000E-30 1.780E+01 1.000E-30 1.790E+01 1.000E-30
 1.800E+01 1.000E-30 1.810E+01 1.000E-30 1.820E+01 1.000E-30 1.830E+01 1.000E-30
 1.840E+01 1.000E-30 1.850E+01 1.000E-30 1.860E+01 1.000E-30 1.870E+01 1.000E-30
 1.880E+01 1.000E-30 1.890E+01 1.000E-30 1.900E+01 1.000E-30 1.910E+01 1.000E-30
 1.920E+01 1.000E-30 1.930E+01 1.000E-30 1.940E+01 1.000E-30 1.950E+01 1.000E-30
 1.960E+01 1.000E-30 1.970E+01 1.000E-30 1.980E+01 1.000E-30 1.990E+01 1.000E-30
 2.000E+01 0.000E+00
