
   0.1025000E-09      0.1623441    
   0.1075000E-09      0.1702365    
   0.1125000E-09      0.1781290    
   0.1175000E-09      0.1860214    
   0.1237500E-09      0.1958120    
   0.1312500E-09      0.2076007    
   0.1387500E-09      0.2193894    
   0.1462500E-09      0.2311780    
   0.1550000E-09      0.2449648    
   0.1650000E-09      0.2606497    
   0.1750000E-09      0.2763347    
   0.1850000E-09      0.2920196    
   0.1950000E-09      0.3077046    
   0.2050000E-09      0.3233895    
   0.2150000E-09      0.3389746    
   0.2250000E-09      0.3546595    
   0.2350000E-09      0.3702445    
   0.2475000E-09      0.3897258    
   0.2625000E-09      0.4131033    
   0.2750000E-09      0.4325846    
   0.2900000E-09      0.4558623    
   0.3100000E-09      0.4869325    
   0.3300000E-09      0.5179027    
   0.3500000E-09      0.5488730    
   0.3700000E-09      0.5797434    
   0.3900000E-09      0.6106138    
   0.4125000E-09      0.6452805    
   0.4375000E-09      0.6837435    
   0.4625000E-09      0.7221066    
   0.4875000E-09      0.7603700    
   0.5125000E-09      0.7985333    
   0.5375000E-09      0.8365967    
   0.5625000E-09      0.8746602    
   0.5875000E-09      0.9126238    
   0.6150000E-09      0.9542838    
   0.6450000E-09       1.000040    
   0.6750000E-09       1.044997    
   0.7050000E-09       1.089954    
   0.7400000E-09       1.142903    
   0.7800000E-09       1.202845    
   0.8200000E-09       1.261788    
   0.8600000E-09       1.321731    
   0.9000000E-09       1.380674    
   0.9400000E-09       1.439618    
   0.9800000E-09       1.498561    
   0.1025000E-08       1.564498    
   0.1075000E-08       1.637428    
   0.1125000E-08       1.710358    
   0.1175000E-08       1.783288    
   0.1237500E-08       1.873201    
   0.1312500E-08       1.981098    
   0.1387500E-08       2.087995    
   0.1462500E-08       2.193893    
   0.1550000E-08       2.316776    
   0.1650000E-08       2.456641    
   0.1750000E-08       2.595508    
   0.1850000E-08       2.732377    
   0.1950000E-08       2.869246    
   0.2050000E-08       3.004116    
   0.2150000E-08       3.137987    
   0.2250000E-08       3.270859    
   0.2350000E-08       3.402733    
   0.2475000E-08       3.565577    
   0.2625000E-08       3.759391    
   0.2750000E-08       3.919237    
   0.2900000E-08       4.108056    
   0.3100000E-08       4.356817    
   0.3300000E-08       4.600583    
   0.3500000E-08       4.840353    
   0.3700000E-08       5.077126    
   0.3900000E-08       5.308902    
   0.4125000E-08       5.564657    
   0.4375000E-08       5.843390    
   0.4625000E-08       6.116127    
   0.4875000E-08       6.382872    
   0.5125000E-08       6.643621    
   0.5375000E-08       6.898376    
   0.5625000E-08       7.148137    
   0.5875000E-08       7.390903    
   0.6150000E-08       7.652653    
   0.6450000E-08       7.930386    
   0.6750000E-08       8.201126    
   0.7050000E-08       8.463874    
   0.7400000E-08       8.760589    
   0.7800000E-08       9.087274    
   0.8200000E-08       9.402972    
   0.8600000E-08       9.705681    
   0.9000000E-08       10.00040    
   0.9400000E-08       10.28013    
   0.9800000E-08       10.53988    
   0.1025000E-07       10.82960    
   0.1075000E-07       11.13931    
   0.1125000E-07       11.41904    
   0.1175000E-07       11.69877    
   0.1237500E-07       12.00847    
   0.1312500E-07       12.36812    
   0.1387500E-07       12.68782    
   0.1462500E-07       12.97754    
   0.1550000E-07       13.27725    
   0.1650000E-07       13.58696    
   0.1750000E-07       13.84671    
   0.1850000E-07       14.06649    
   0.1950000E-07       14.24632    
   0.2050000E-07       14.39618    
   0.2150000E-07       14.50607    
   0.2250000E-07       14.58600    
   0.2350000E-07       14.63595    
   0.2475000E-07       14.66592    
   0.2625000E-07       14.65593    
   0.2750000E-07       14.60598    
   0.2900000E-07       14.50607    
   0.3100000E-07       14.31625    
   0.3300000E-07       14.07649    
   0.3500000E-07       13.77677    
   0.3700000E-07       13.45708    
   0.3900000E-07       13.09743    
   0.4125000E-07       12.65785    
   0.4375000E-07       12.14834    
   0.4625000E-07       11.62883    
   0.4875000E-07       11.09934    
   0.5125000E-07       10.55986    
   0.5375000E-07       10.02038    
   0.5625000E-07       9.494884    
   0.5875000E-07       8.975383    
   0.6150000E-07       8.419915    
   0.6450000E-07       7.835477    
   0.6750000E-07       7.276014    
   0.7050000E-07       6.742526    
   0.7400000E-07       6.155090    
   0.7800000E-07       5.531689    
   0.8200000E-07       4.958240    
   0.8600000E-07       4.433743    
   0.9000000E-07       3.956202    
   0.9400000E-07       3.523617    
   0.9800000E-07       3.131993    
   0.1025000E-06       2.737372    
   0.1075000E-06       2.352741    
   0.1125000E-06       2.017063    
   0.1175000E-06       1.726343    
   0.1237500E-06       1.417639    
   0.1312500E-06       1.114930    
   0.1387500E-06      0.8742605    
   0.1462500E-06      0.6834437    
   0.1550000E-06      0.5116088    
   0.1650000E-06      0.3656489    
   0.1750000E-06      0.2603500    
   0.1850000E-06      0.1847226    
   0.1950000E-06      0.1307744    
   0.2050000E-06      0.9227141E-01
   0.2150000E-06      0.6495763E-01
   0.2250000E-06      0.4563618E-01
   0.2350000E-06      0.3199928E-01
   0.2475000E-06      0.2057025E-01
   0.2625000E-06      0.1200847E-01
   0.2750000E-06      0.7601701E-02
   0.2900000E-06      0.4465712E-02
   0.3100000E-06      0.2151934E-02
   0.3300000E-06      0.1033008E-02
   0.3500000E-06      0.4935262E-03
   0.3700000E-06      0.2351742E-03
   0.3900000E-06      0.1116928E-03
   0.4125000E-06      0.4873321E-04
   0.4375000E-06      0.1909167E-04
   0.4625000E-06      0.7450846E-05
   0.4875000E-06      0.2900216E-05
   0.5125000E-06      0.1125919E-05
   0.5375000E-06      0.4358815E-06
   0.5625000E-06      0.1684383E-06
   0.5875000E-06      0.6494763E-07
   0.6150000E-06      0.2305786E-07
   0.6450000E-06      0.7315976E-08
   0.6750000E-06      0.2315776E-08
   0.7050000E-06      0.7316975E-09
   0.7400000E-06      0.1979100E-09
   0.7800000E-06      0.4235933E-10
   0.8200000E-06      0.9044317E-11
   0.8600000E-06      0.1926151E-11
   0.9000000E-06      0.4093070E-12
   0.9399999E-06      0.8680665E-13
   0.9800000E-06      0.1837236E-13
   0.1025000E-05      0.3365768E-14
   0.1075000E-05      0.4811380E-15
   0.1125000E-05      0.6863410E-16
   0.1175000E-05      0.9769620E-17
   0.1237500E-05      0.1014026E-17
   0.1312500E-05      0.5413802E-19
   0.1387500E-05      0.2881234E-20
   0.1462500E-05      0.1528532E-21
   0.1550000E-05      0.6235013E-23
   0.1650000E-05      0.1233815E-24
   0.1750000E-05      0.2433663E-26
   0.1850000E-05      0.4781409E-28
   0.1950000E-05      0.9367008E-30
   0.2050000E-05      0.1829244E-31
   0.2150000E-05      0.3564577E-33
   0.2250000E-05      0.1437620E-34
   0.2350000E-05      0.2787324E-36
   0.2475000E-05      0.5308903E-38
   0.2625000E-05      0.1420917E-40
   0.2750000E-05      0.9990409E-36
   0.2900000E-05      0.9990408E-36
   0.3100000E-05      0.9990407E-36
   0.3300000E-05      0.9990407E-36
   0.3500000E-05      0.9990407E-36
   0.3700000E-05      0.9990408E-36
   0.3900000E-05      0.9990407E-36
   0.4125000E-05      0.9990407E-36
   0.4375000E-05      0.9990407E-36
   0.4625000E-05      0.9990407E-36
   0.4875000E-05      0.9990407E-36
   0.5125000E-05      0.9990407E-36
   0.5375000E-05      0.9990407E-36
   0.5625000E-05      0.9990407E-36
   0.5875000E-05      0.9990407E-36
   0.6150000E-05      0.9990409E-36
   0.6450000E-05      0.9990408E-36
   0.6750000E-05      0.9990409E-36
   0.7050000E-05      0.9990409E-36
   0.7400000E-05      0.9990408E-36
   0.7800000E-05      0.9990407E-36
   0.8200001E-05      0.9990408E-36
   0.8600000E-05      0.9990409E-36
   0.8999999E-05      0.9990408E-36
   0.9400001E-05      0.9990408E-36
   0.9800000E-05      0.9990409E-36
   0.1025000E-04      0.9990407E-36
   0.1075000E-04      0.9990407E-36
   0.1125000E-04      0.9990407E-36
   0.1175000E-04      0.9990407E-36
   0.1237500E-04      0.9990408E-36
   0.1312500E-04      0.9990408E-36
   0.1387500E-04      0.9990408E-36
   0.1462500E-04      0.9990408E-36
   0.1550000E-04      0.9990407E-36
   0.1650000E-04      0.9990407E-36
   0.1750000E-04      0.9990407E-36
   0.1850000E-04      0.9990407E-36
   0.1950000E-04      0.9990407E-36
   0.2050000E-04      0.9990407E-36
   0.2150000E-04      0.9990407E-36
   0.2250000E-04      0.9990407E-36
   0.2350000E-04      0.9990407E-36
   0.2475000E-04      0.9990408E-36
   0.2625000E-04      0.9990408E-36
   0.2750000E-04      0.9990407E-36
   0.2900000E-04      0.9990408E-36
   0.3100000E-04      0.9990407E-36
   0.3300000E-04      0.9990407E-36
   0.3500000E-04      0.9990407E-36
   0.3700000E-04      0.9990407E-36
   0.3900000E-04      0.9990407E-36
   0.4125000E-04      0.9990409E-36
   0.4375000E-04      0.9990409E-36
   0.4625000E-04      0.9990409E-36
   0.4875000E-04      0.9990408E-36
   0.5125000E-04      0.9990409E-36
   0.5375000E-04      0.9990409E-36
   0.5625000E-04      0.9990409E-36
   0.5875000E-04      0.9990408E-36
   0.6150000E-04      0.9990408E-36
   0.6450000E-04      0.9990408E-36
   0.6750000E-04      0.9990408E-36
   0.7050000E-04      0.9990408E-36
   0.7400000E-04      0.9990407E-36
   0.7800000E-04      0.9990407E-36
   0.8200000E-04      0.9990407E-36
   0.8600000E-04      0.9990407E-36
   0.9000000E-04      0.9990407E-36
   0.9400000E-04      0.9990407E-36
   0.9800000E-04      0.9990407E-36
   0.1025000E-03      0.9990409E-36
   0.1075000E-03      0.9990409E-36
   0.1125000E-03      0.9990409E-36
   0.1175000E-03      0.9990408E-36
   0.1237500E-03      0.9990408E-36
   0.1312500E-03      0.9990408E-36
   0.1387500E-03      0.9990408E-36
   0.1462500E-03      0.9990408E-36
   0.1550000E-03      0.9990408E-36
   0.1650000E-03      0.9990409E-36
   0.1750000E-03      0.9990409E-36
   0.1850000E-03      0.9990409E-36
   0.1950000E-03      0.9990408E-36
   0.2050000E-03      0.9990409E-36
   0.2150000E-03      0.9990409E-36
   0.2250000E-03      0.9990409E-36
   0.2350000E-03      0.9990408E-36
   0.2475000E-03      0.9990408E-36
   0.2625000E-03      0.9990408E-36
   0.2750000E-03      0.9990408E-36
   0.2900000E-03      0.9990409E-36
   0.3100000E-03      0.9990408E-36
   0.3300000E-03      0.9990409E-36
   0.3500000E-03      0.9990409E-36
   0.3700000E-03      0.9990409E-36
   0.3900000E-03      0.9990408E-36
   0.4125000E-03      0.9990408E-36
   0.4375000E-03      0.9990408E-36
   0.4625000E-03      0.9990408E-36
   0.4875000E-03      0.9990408E-36
   0.5125000E-03      0.9990408E-36
   0.5375000E-03      0.9990408E-36
   0.5625000E-03      0.9990408E-36
   0.5875000E-03      0.9990408E-36
   0.6150000E-03      0.9990408E-36
   0.6450000E-03      0.9990408E-36
   0.6750000E-03      0.9990408E-36
   0.7050000E-03      0.9990408E-36
   0.7400000E-03      0.9990409E-36
   0.7800000E-03      0.9990408E-36
   0.8200000E-03      0.9990409E-36
   0.8600000E-03      0.9990409E-36
   0.9000000E-03      0.9990409E-36
   0.9400000E-03      0.9990408E-36
   0.9800000E-03      0.9990408E-36
   0.1025000E-02      0.9990408E-36
   0.1075000E-02      0.9990408E-36
   0.1125000E-02      0.9990408E-36
   0.1175000E-02      0.9990408E-36
   0.1237500E-02      0.9990409E-36
   0.1312500E-02      0.9990409E-36
   0.1387500E-02      0.9990409E-36
   0.1462500E-02      0.9990409E-36
   0.1550000E-02      0.9990408E-36
   0.1650000E-02      0.9990408E-36
   0.1750000E-02      0.9990408E-36
   0.1850000E-02      0.9990408E-36
   0.1950000E-02      0.9990408E-36
   0.2050000E-02      0.9990408E-36
   0.2150000E-02      0.9990408E-36
   0.2250000E-02      0.9990408E-36
   0.2350000E-02      0.9990408E-36
   0.2475000E-02      0.9990409E-36
   0.2625000E-02      0.9990409E-36
   0.2750000E-02      0.9990408E-36
   0.2900000E-02      0.9990408E-36
   0.3100000E-02      0.9990408E-36
   0.3300000E-02      0.9990408E-36
   0.3500000E-02      0.9990408E-36
   0.3700000E-02      0.9990408E-36
   0.3900000E-02      0.9990408E-36
   0.4125000E-02      0.9990408E-36
   0.4375000E-02      0.9990408E-36
   0.4625000E-02      0.9990408E-36
   0.4875000E-02      0.9990408E-36
   0.5125000E-02      0.9990408E-36
   0.5375000E-02      0.9990408E-36
   0.5625000E-02      0.9990408E-36
   0.5875000E-02      0.9990408E-36
   0.6150000E-02      0.9990409E-36
   0.6450000E-02      0.9990409E-36
   0.6750000E-02      0.9990409E-36
   0.7050000E-02      0.9990409E-36
   0.7400000E-02      0.9990408E-36
   0.7800000E-02      0.9990408E-36
   0.8200000E-02      0.9990408E-36
   0.8600000E-02      0.9990408E-36
   0.9000000E-02      0.9990408E-36
   0.9400001E-02      0.9990408E-36
   0.9800000E-02      0.9990408E-36
   0.1025000E-01      0.9990408E-36
   0.1075000E-01      0.9990408E-36
   0.1125000E-01      0.9990408E-36
   0.1175000E-01      0.9990408E-36
   0.1237500E-01      0.9990407E-36
   0.1312500E-01      0.9990407E-36
   0.1387500E-01      0.9990407E-36
   0.1462500E-01      0.9990407E-36
   0.1550000E-01      0.9990408E-36
   0.1650000E-01      0.9990408E-36
   0.1750000E-01      0.9990408E-36
   0.1850000E-01      0.9990408E-36
   0.1950000E-01      0.9990408E-36
   0.2050000E-01      0.9990408E-36
   0.2150000E-01      0.9990408E-36
   0.2250000E-01      0.9990408E-36
   0.2350000E-01      0.9990408E-36
   0.2475000E-01      0.9990407E-36
   0.2625000E-01      0.9990407E-36
   0.2750000E-01      0.9990408E-36
   0.2900000E-01      0.9990407E-36
   0.3100000E-01      0.9990408E-36
   0.3300000E-01      0.9990408E-36
   0.3500000E-01      0.9990408E-36
   0.3700000E-01      0.9990408E-36
   0.3900000E-01      0.9990408E-36
   0.4125000E-01      0.9990408E-36
   0.4375000E-01      0.9990408E-36
   0.4625000E-01      0.9990408E-36
   0.4875000E-01      0.9990408E-36
   0.5125000E-01      0.9990408E-36
   0.5375000E-01      0.9990408E-36
   0.5625000E-01      0.9990408E-36
   0.5875000E-01      0.9990408E-36
   0.6150000E-01      0.9990407E-36
   0.6450000E-01      0.9990407E-36
   0.6750000E-01      0.9990407E-36
   0.7050000E-01      0.9990407E-36
   0.7400000E-01      0.9990408E-36
   0.7799999E-01      0.9990408E-36
   0.8200000E-01      0.9990408E-36
   0.8600000E-01      0.9990408E-36
   0.9000000E-01      0.9990408E-36
   0.9400000E-01      0.9990408E-36
   0.9800000E-01      0.9990408E-36
   0.1025000          0.9990408E-36
   0.1075000          0.9990408E-36
   0.1125000          0.9990408E-36
   0.1175000          0.9990408E-36
   0.1237500          0.9990408E-36
   0.1312500          0.9990408E-36
   0.1387500          0.9990408E-36
   0.1462500          0.9990408E-36
   0.1550000          0.9990408E-36
   0.1650000          0.9990408E-36
   0.1750000          0.9990408E-36
   0.1850000          0.9990408E-36
   0.1950000          0.9990408E-36
   0.2050000          0.9990408E-36
   0.2150000          0.9990408E-36
   0.2250000          0.9990408E-36
   0.2350000          0.9990408E-36
   0.2475000          0.9990408E-36
   0.2625000          0.9990408E-36
   0.2750000          0.9990408E-36
   0.2900000          0.9990408E-36
   0.3100000          0.9990408E-36
   0.3300000          0.9990408E-36
   0.3500000          0.9990408E-36
   0.3700000          0.9990408E-36
   0.3900000          0.9990408E-36
   0.4125000          0.9990408E-36
   0.4375000          0.9990408E-36
   0.4625000          0.9990408E-36
   0.4875000          0.9990408E-36
   0.5125000          0.9990408E-36
   0.5375000          0.9990408E-36
   0.5625000          0.9990408E-36
   0.5875000          0.9990408E-36
   0.6150000          0.9990408E-36
   0.6450000          0.9990408E-36
   0.6750000          0.9990408E-36
   0.7050000          0.9990408E-36
   0.7400000          0.9990408E-36
   0.7800000          0.9990408E-36
   0.8200000          0.9990408E-36
   0.8600000          0.9990408E-36
   0.9000000          0.9990408E-36
   0.9400000          0.9990408E-36
   0.9800000          0.9990408E-36
    1.050000          0.9990408E-36
    1.150000          0.9990408E-36
    1.250000          0.9990408E-36
    1.350000          0.9990408E-36
    1.450000          0.9990408E-36
    1.550000          0.9990408E-36
    1.650000          0.9990408E-36
    1.750000          0.9990408E-36
    1.850000          0.9990408E-36
    1.950000          0.9990408E-36
    2.050000          0.9990408E-36
    2.150000          0.9990408E-36
    2.250000          0.9990408E-36
    2.350000          0.9990408E-36
    2.450000          0.9990408E-36
    2.550000          0.9990408E-36
    2.650000          0.9990408E-36
    2.750000          0.9990408E-36
    2.850000          0.9990408E-36
    2.950000          0.9990408E-36
    3.050000          0.9990408E-36
    3.150000          0.9990408E-36
    3.250000          0.9990408E-36
    3.350000          0.9990408E-36
    3.450000          0.9990408E-36
    3.550000          0.9990408E-36
    3.650000          0.9990408E-36
    3.750000          0.9990408E-36
    3.850000          0.9990408E-36
    3.950000          0.9990408E-36
    4.050000          0.9990408E-36
    4.150000          0.9990408E-36
    4.250000          0.9990408E-36
    4.350000          0.9990408E-36
    4.450000          0.9990408E-36
    4.550000          0.9990408E-36
    4.650000          0.9990408E-36
    4.750000          0.9990408E-36
    4.850000          0.9990408E-36
    4.950000          0.9990408E-36
    5.050000          0.9990408E-36
    5.150000          0.9990408E-36
    5.250000          0.9990408E-36
    5.350000          0.9990408E-36
    5.450000          0.9990408E-36
    5.550000          0.9990408E-36
    5.650000          0.9990408E-36
    5.750000          0.9990408E-36
    5.850000          0.9990408E-36
    5.950000          0.9990408E-36
    6.050000          0.9990408E-36
    6.150000          0.9990408E-36
    6.250000          0.9990408E-36
    6.350000          0.9990408E-36
    6.450000          0.9990408E-36
    6.550000          0.9990408E-36
    6.650000          0.9990408E-36
    6.750000          0.9990408E-36
    6.850000          0.9990408E-36
    6.950000          0.9990408E-36
    7.050000          0.9990408E-36
    7.150000          0.9990408E-36
    7.250000          0.9990408E-36
    7.350000          0.9990408E-36
    7.450000          0.9990408E-36
    7.550000          0.9990408E-36
    7.650000          0.9990408E-36
    7.750000          0.9990408E-36
    7.850000          0.9990408E-36
    7.950000          0.9990408E-36
    8.050000          0.9990408E-36
    8.150000          0.9990409E-36
    8.250000          0.9990408E-36
    8.350000          0.9990409E-36
    8.450000          0.9990408E-36
    8.550000          0.9990408E-36
    8.650000          0.9990409E-36
    8.750000          0.9990408E-36
    8.850000          0.9990409E-36
    8.950000          0.9990408E-36
    9.050000          0.9990408E-36
    9.150000          0.9990409E-36
    9.250000          0.9990408E-36
    9.350000          0.9990409E-36
    9.450000          0.9990408E-36
    9.550000          0.9990408E-36
    9.650000          0.9990409E-36
    9.750000          0.9990408E-36
    9.850000          0.9990409E-36
    9.950000          0.9990408E-36
    10.05000          0.9990408E-36
    10.15000          0.9990409E-36
    10.25000          0.9990408E-36
    10.35000          0.9990409E-36
    10.45000          0.9990408E-36
    10.55000          0.9990408E-36
    10.65000          0.9990409E-36
    10.75000          0.9990408E-36
    10.85000          0.9990409E-36
    10.95000          0.9990408E-36
    11.05000          0.9990408E-36
    11.15000          0.9990409E-36
    11.25000          0.9990408E-36
    11.35000          0.9990409E-36
    11.45000          0.9990408E-36
    11.55000          0.9990408E-36
    11.65000          0.9990409E-36
    11.75000          0.9990408E-36
    11.85000          0.9990409E-36
    11.95000          0.9990408E-36
    12.05000          0.9990408E-36
    12.15000          0.9990409E-36
    12.25000          0.9990408E-36
    12.35000          0.9990409E-36
    12.45000          0.9990408E-36
    12.55000          0.9990408E-36
    12.65000          0.9990409E-36
    12.75000          0.9990408E-36
    12.85000          0.9990409E-36
    12.95000          0.9990408E-36
    13.05000          0.9990408E-36
    13.15000          0.9990409E-36
    13.25000          0.9990408E-36
    13.35000          0.9990409E-36
    13.45000          0.9990408E-36
    13.55000          0.9990408E-36
    13.65000          0.9990409E-36
    13.75000          0.9990408E-36
    13.85000          0.9990409E-36
    13.95000          0.9990408E-36
    14.05000          0.9990408E-36
    14.15000          0.9990409E-36
    14.25000          0.9990408E-36
    14.35000          0.9990409E-36
    14.45000          0.9990408E-36
    14.55000          0.9990408E-36
    14.65000          0.9990409E-36
    14.75000          0.9990408E-36
    14.85000          0.9990409E-36
    14.95000          0.9990408E-36
    15.05000          0.9990408E-36
    15.15000          0.9990409E-36
    15.25000          0.9990408E-36
    15.35000          0.9990409E-36
    15.45000          0.9990408E-36
    15.55000          0.9990408E-36
    15.65000          0.9990409E-36
    15.75000          0.9990408E-36
    15.85000          0.9990409E-36
    15.95000          0.9990408E-36
    16.05000          0.9990408E-36
    16.15000          0.9990408E-36
    16.25000          0.9990407E-36
    16.35000          0.9990408E-36
    16.45000          0.9990408E-36
    16.55000          0.9990408E-36
    16.65000          0.9990408E-36
    16.75000          0.9990407E-36
    16.85000          0.9990408E-36
    16.95000          0.9990408E-36
    17.05000          0.9990408E-36
    17.15000          0.9990408E-36
    17.25000          0.9990407E-36
    17.35000          0.9990408E-36
    17.45000          0.9990408E-36
    17.55000          0.9990408E-36
    17.65000          0.9990408E-36
    17.75000          0.9990407E-36
    17.85000          0.9990408E-36
    17.95000          0.9990408E-36
    18.05000          0.9990408E-36
    18.15000          0.9990408E-36
    18.25000          0.9990407E-36
    18.35000          0.9990408E-36
    18.45000          0.9990408E-36
    18.55000          0.9990408E-36
    18.65000          0.9990408E-36
    18.75000          0.9990407E-36
    18.85000          0.9990408E-36
    18.95000          0.9990408E-36
    19.05000          0.9990408E-36
    19.15000          0.9990408E-36
    19.25000          0.9990407E-36
    19.35000          0.9990408E-36
    19.45000          0.9990408E-36
    19.55000          0.9990408E-36
    19.65000          0.9990408E-36
    19.75000          0.9990407E-36
    19.85000          0.9990408E-36
    19.95000          0.9990408E-36
