    19.95000          0.1599393E-12
    19.85000          0.1724517E-12
    19.75000          0.1858542E-12
    19.65000          0.2003561E-12
    19.55000          0.2160097E-12
    19.45000          0.2328151E-12
    19.35000          0.2509293E-12
    19.25000          0.2705094E-12
    19.15000          0.2915555E-12
    19.05000          0.3142768E-12
    18.95000          0.3387258E-12
    18.85000          0.3651118E-12
    18.75000          0.3934873E-12
    18.65000          0.4241140E-12
    18.55000          0.4570965E-12
    18.45000          0.4926444E-12
    18.35000          0.5308624E-12
    18.25000          0.5690802E-12
    18.15000          0.6062511E-12
    18.05000          0.6439455E-12
    17.95000          0.6847810E-12
    17.85000          0.7282342E-12
    17.75000          0.7748287E-12
    17.65000          0.8245642E-12
    17.55000          0.8779646E-12
    17.45000          0.9350297E-12
    17.35000          0.9962831E-12
    17.25000          0.1061725E-11
    17.15000          0.1131878E-11
    17.05000          0.1207267E-11
    16.95000          0.1288414E-11
    16.85000          0.1375321E-11
    16.75000          0.1468510E-11
    16.65000          0.1568504E-11
    16.55000          0.1676352E-11
    16.45000          0.1792053E-11
    16.35000          0.1916654E-11
    16.25000          0.2051202E-11
    16.15000          0.2195697E-11
    16.05000          0.2351186E-11
    15.95000          0.2524476E-11
    15.85000          0.2765824E-11
    15.75000          0.3083609E-11
    15.65000          0.3440658E-11
    15.55000          0.3841684E-11
    15.45000          0.4292446E-11
    15.35000          0.4799226E-11
    15.25000          0.5371447E-11
    15.15000          0.6015393E-11
    15.05000          0.6737868E-11
    14.95000          0.7554579E-11
    14.85000          0.8481234E-11
    14.75000          0.9528298E-11
    14.65000          0.1070625E-10
    14.55000          0.1191037E-10
    14.45000          0.1298362E-10
    14.35000          0.1403592E-10
    14.25000          0.1518245E-10
    14.15000          0.1642846E-10
    14.05000          0.1781059E-10
    13.95000          0.1945448E-10
    13.85000          0.2139155E-10
    13.75000          0.2353804E-10
    13.65000          0.2592011E-10
    13.55000          0.2855872E-10
    13.45000          0.3149574E-10
    13.35000          0.3475211E-10
    13.25000          0.3838020E-10
    13.15000          0.4109733E-10
    13.05000          0.4238522E-10
    12.95000          0.4341658E-10
    12.85000          0.4447935E-10
    12.75000          0.4557877E-10
    12.65000          0.4671484E-10
    12.55000          0.4788756E-10
    12.45000          0.4910215E-10
    12.35000          0.5144757E-10
    12.25000          0.5565154E-10
    12.15000          0.6078216E-10
    12.05000          0.6648868E-10
    11.95000          0.7277107E-10
    11.85000          0.7968171E-10
    11.75000          0.8732529E-10
    11.65000          0.9554475E-10
    11.55000          0.1038689E-09
    11.45000          0.1124025E-09
    11.35000          0.1217738E-09
    11.25000          0.1319826E-09
    11.15000          0.1431339E-09
    11.05000          0.1553846E-09
    10.95000          0.1687870E-09
    10.85000          0.1834983E-09
    10.75000          0.1996231E-09
    10.65000          0.2173708E-09
    10.55000          0.2363228E-09
    10.45000          0.2549082E-09
    10.35000          0.2734412E-09
    10.25000          0.2934925E-09
    10.15000          0.3152191E-09
    10.05000          0.3388305E-09
    9.950000          0.3644836E-09
    9.850000          0.3923355E-09
    9.750000          0.4225958E-09
    9.650000          0.4556306E-09
    9.550000          0.4907074E-09
    9.450000          0.5251035E-09
    9.350000          0.5601802E-09
    9.250000          0.5973511E-09
    9.150000          0.6376631E-09
    9.050000          0.6805927E-09
    8.950000          0.7277107E-09
    8.850000          0.7784934E-09
    8.750000          0.8334644E-09
    8.650000          0.8926236E-09
    8.550000          0.9559710E-09
    8.450000          0.1024030E-08
    8.350000          0.1097325E-08
    8.250000          0.1177425E-08
    8.150000          0.1264332E-08
    8.050000          0.1358568E-08
    7.950000          0.1461180E-08
    7.850000          0.1573217E-08
    7.750000          0.1687870E-08
    7.650000          0.1805141E-08
    7.550000          0.1931313E-08
    7.450000          0.2069002E-08
    7.350000          0.2217685E-08
    7.250000          0.2379981E-08
    7.150000          0.2556411E-08
    7.050000          0.2748548E-08
    6.950000          0.2958485E-08
    6.850000          0.3164756E-08
    6.750000          0.3362652E-08
    6.650000          0.3573636E-08
    6.550000          0.3801896E-08
    6.450000          0.4047956E-08
    6.350000          0.4314958E-08
    6.250000          0.4603425E-08
    6.150000          0.4916497E-08
    6.050000          0.5256270E-08
    5.950000          0.5627979E-08
    5.850000          0.6031099E-08
    5.750000          0.6470867E-08
    5.650000          0.6915870E-08
    5.550000          0.7350401E-08
    5.450000          0.7805874E-08
    5.350000          0.8297996E-08
    5.250000          0.8832000E-08
    5.150000          0.9413121E-08
    5.050000          0.1004660E-07
    4.950000          0.1073242E-07
    4.850000          0.1140255E-07
    4.750000          0.1194179E-07
    4.650000          0.1241820E-07
    4.550000          0.1292079E-07
    4.450000          0.1345479E-07
    4.350000          0.1407256E-07
    4.250000          0.1477933E-07
    4.150000          0.1553846E-07
    4.050000          0.1636040E-07
    3.950000          0.1725041E-07
    3.850000          0.1820847E-07
    3.750000          0.1925030E-07
    3.650000          0.2038113E-07
    3.550000          0.2171091E-07
    3.450000          0.2342810E-07
    3.350000          0.2552223E-07
    3.250000          0.2787289E-07
    3.150000          0.3052196E-07
    3.050000          0.3352705E-07
    2.950000          0.3693524E-07
    2.850000          0.4083033E-07
    2.750000          0.4530130E-07
    2.650000          0.5050522E-07
    2.550000          0.5659390E-07
    2.450000          0.6371395E-07
    2.350000          0.6983928E-07
    2.250000          0.7177636E-07
    2.150000          0.7109577E-07
    2.050000          0.7256166E-07
    1.950000          0.7763993E-07
    1.850000          0.8460292E-07
    1.750000          0.9261297E-07
    1.650000          0.1017748E-06
    1.550000          0.1116696E-06
    1.450000          0.1225590E-06
    1.350000          0.1354379E-06
    1.250000          0.1466416E-06
    1.150000          0.1530810E-06
    1.050000          0.1617193E-06
   0.9800000          0.1743888E-06
   0.9400000          0.1872677E-06
   0.9000000          0.2004607E-06
   0.8600000          0.2101985E-06
   0.8200000          0.2171091E-06
   0.7800000          0.2344380E-06
   0.7400000          0.2754306E-06
   0.7050000          0.3284646E-06
   0.6750000          0.3568400E-06
   0.6450000          0.3620753E-06
   0.6150000          0.3676771E-06
   0.5875000          0.3693001E-06
   0.5625000          0.3657925E-06
   0.5375000          0.3611329E-06
   0.5125000          0.3563164E-06
   0.4875000          0.3512906E-06
   0.4625000          0.3502435E-06
   0.4375000          0.3605571E-06
   0.4125000          0.3793519E-06
   0.3900000          0.3980944E-06
   0.3700000          0.4166275E-06
   0.3500000          0.4371499E-06
   0.3300000          0.4599236E-06
   0.3100000          0.4808650E-06
   0.2900000          0.4923303E-06
   0.2750000          0.4961521E-06
   0.2625000          0.4995551E-06
   0.2475000          0.5038481E-06
   0.2350000          0.5077221E-06
   0.2250000          0.5109681E-06
   0.2150000          0.5143711E-06
   0.2050000          0.5193970E-06
   0.1950000          0.5308623E-06
   0.1850000          0.5481389E-06
   0.1750000          0.5675096E-06
   0.1650000          0.5879274E-06
   0.1550000          0.6109628E-06
   0.1462500          0.6329513E-06
   0.1387500          0.6538926E-06
   0.1312500          0.6659337E-06
   0.1237500          0.6675044E-06
   0.1175000          0.6675044E-06
   0.1125000          0.6680280E-06
   0.1075000          0.6685515E-06
   0.1025000          0.6690750E-06
   0.9800000E-01      0.6690751E-06
   0.9400000E-01      0.6695985E-06
   0.9000000E-01      0.6701221E-06
   0.8600000E-01      0.6701221E-06
   0.8200000E-01      0.6711691E-06
   0.7799999E-01      0.6722162E-06
   0.7400000E-01      0.6743104E-06
   0.7050000E-01      0.6758810E-06
   0.6750000E-01      0.6774516E-06
   0.6450000E-01      0.6790222E-06
   0.6150000E-01      0.6805927E-06
   0.5875000E-01      0.6826868E-06
   0.5625000E-01      0.6842574E-06
   0.5375000E-01      0.6858281E-06
   0.5125000E-01      0.6873987E-06
   0.4875000E-01      0.6889692E-06
   0.4625000E-01      0.6910634E-06
   0.4375000E-01      0.7292813E-06
   0.4125000E-01      0.8941942E-06
   0.3900000E-01      0.1178473E-05
   0.3700000E-01      0.1529240E-05
   0.3500000E-01      0.2013507E-05
   0.3300000E-01      0.2694100E-05
   0.3100000E-01      0.3671536E-05
   0.2900000E-01      0.4221246E-05
   0.2750000E-01      0.3996126E-05
   0.2625000E-01      0.3632795E-05
   0.2475000E-01      0.3219727E-05
   0.2350000E-01      0.2927072E-05
   0.2250000E-01      0.2805613E-05
   0.2150000E-01      0.2749595E-05
   0.2050000E-01      0.2692006E-05
   0.1950000E-01      0.2632847E-05
   0.1850000E-01      0.2572117E-05
   0.1750000E-01      0.2509293E-05
   0.1650000E-01      0.2455893E-05
   0.1550000E-01      0.2509817E-05
   0.1462500E-01      0.2654835E-05
   0.1387500E-01      0.2792525E-05
   0.1312500E-01      0.2946443E-05
   0.1237500E-01      0.3118685E-05
   0.1175000E-01      0.3277839E-05
   0.1125000E-01      0.3418670E-05
   0.1075000E-01      0.3571541E-05
   0.1025000E-01      0.3739595E-05
   0.9800000E-02      0.3905031E-05
   0.9400001E-02      0.4065232E-05
   0.9000000E-02      0.4239569E-05
   0.8600000E-02      0.4429088E-05
   0.8200000E-02      0.4637454E-05
   0.7800000E-02      0.4866762E-05
   0.7400000E-02      0.5120151E-05
   0.7050000E-02      0.5366212E-05
   0.6750000E-02      0.5591331E-05
   0.6450000E-02      0.5837391E-05
   0.6150000E-02      0.6099158E-05
   0.5875000E-02      0.6366160E-05
   0.5625000E-02      0.6633161E-05
   0.5375000E-02      0.6921105E-05
   0.5125000E-02      0.7235225E-05
   0.4875000E-02      0.7580756E-05
   0.4625000E-02      0.7962935E-05
   0.4375000E-02      0.8386996E-05
   0.4125000E-02      0.8863411E-05
   0.3900000E-02      0.9339827E-05
   0.3700000E-02      0.9811006E-05
   0.3500000E-02      0.1033454E-04
   0.3300000E-02      0.1092090E-04
   0.3100000E-02      0.1158055E-04
   0.2900000E-02      0.1232396E-04
   0.2750000E-02      0.1294697E-04
   0.2625000E-02      0.1352809E-04
   0.2475000E-02      0.1429245E-04
   0.2350000E-02      0.1499922E-04
   0.2250000E-02      0.1554893E-04
   0.2150000E-02      0.1606722E-04
   0.2050000E-02      0.1662741E-04
   0.1950000E-02      0.1723470E-04
   0.1850000E-02      0.1789435E-04
   0.1750000E-02      0.1862206E-04
   0.1650000E-02      0.1942307E-04
   0.1550000E-02      0.2030784E-04
   0.1462500E-02      0.2117167E-04
   0.1387500E-02      0.2198315E-04
   0.1312500E-02      0.2287315E-04
   0.1237500E-02      0.2385739E-04
   0.1175000E-02      0.2475787E-04
   0.1125000E-02      0.2554317E-04
   0.1075000E-02      0.2638606E-04
   0.1025000E-02      0.2730224E-04
   0.9800000E-03      0.2819225E-04
   0.9400000E-03      0.2904560E-04
   0.9000000E-03      0.3018690E-04
   0.8600000E-03      0.3175751E-04
   0.8200000E-03      0.3359510E-04
   0.7800000E-03      0.3564212E-04
   0.7400000E-03      0.3792996E-04
   0.7050000E-03      0.4016020E-04
   0.6750000E-03      0.4227529E-04
   0.6450000E-03      0.4461024E-04
   0.6150000E-03      0.4719125E-04
   0.5875000E-03      0.4980891E-04
   0.5625000E-03      0.5245799E-04
   0.5375000E-03      0.5533742E-04
   0.5125000E-03      0.5853098E-04
   0.4875000E-03      0.6209099E-04
   0.4625000E-03      0.6606985E-04
   0.4375000E-03      0.7057223E-04
   0.4125000E-03      0.7554579E-04
   0.3900000E-03      0.8057171E-04
   0.3700000E-03      0.8554527E-04
   0.3500000E-03      0.9119944E-04
   0.3300000E-03      0.9753418E-04
   0.3100000E-03      0.1048113E-03
   0.2900000E-03      0.1131355E-03
   0.2750000E-03      0.1202031E-03
   0.2625000E-03      0.1267997E-03
   0.2475000E-03      0.1356474E-03
   0.2350000E-03      0.1439192E-03
   0.2250000E-03      0.1512486E-03
   0.2150000E-03      0.1593634E-03
   0.2050000E-03      0.1682635E-03
   0.1950000E-03      0.1782106E-03
   0.1850000E-03      0.1889430E-03
   0.1750000E-03      0.2005131E-03
   0.1650000E-03      0.2134967E-03
   0.1550000E-03      0.2282080E-03
   0.1462500E-03      0.2427099E-03
   0.1387500E-03      0.2566882E-03
   0.1312500E-03      0.2723418E-03
   0.1237500E-03      0.2899325E-03
   0.1175000E-03      0.3063715E-03
   0.1125000E-03      0.3208733E-03
   0.1075000E-03      0.3367363E-03
   0.1025000E-03      0.3542747E-03
   0.9800000E-04      0.3716036E-03
   0.9400000E-04      0.3884614E-03
   0.9000000E-04      0.4068374E-03
   0.8600000E-04      0.4270458E-03
   0.8200000E-04      0.4492436E-03
   0.7800000E-04      0.4737972E-03
   0.7400000E-04      0.5010734E-03
   0.7050000E-04      0.5277211E-03
   0.6750000E-04      0.5523272E-03
   0.6450000E-04      0.5785038E-03
   0.6150000E-04      0.6057275E-03
   0.5875000E-04      0.6324277E-03
   0.5625000E-04      0.6586044E-03
   0.5375000E-04      0.6873987E-03
   0.5125000E-04      0.7188106E-03
   0.4875000E-04      0.7533638E-03
   0.4625000E-04      0.7915818E-03
   0.4375000E-04      0.8339878E-03
   0.4125000E-04      0.8811058E-03
   0.3900000E-04      0.9287473E-03
   0.3700000E-04      0.9758653E-03
   0.3500000E-04      0.1028219E-02
   0.3300000E-04      0.1086331E-02
   0.3100000E-04      0.1152296E-02
   0.2900000E-04      0.1226638E-02
   0.2750000E-04      0.1288938E-02
   0.2625000E-04      0.1346526E-02
   0.2475000E-04      0.1422962E-02
   0.2350000E-04      0.1494163E-02
   0.2250000E-04      0.1556463E-02
   0.2150000E-04      0.1623999E-02
   0.2050000E-04      0.1698341E-02
   0.1950000E-04      0.1780012E-02
   0.1850000E-04      0.1870059E-02
   0.1750000E-04      0.1970578E-02
   0.1650000E-04      0.2082090E-02
   0.1550000E-04      0.2208262E-02
   0.1462500E-04      0.2331815E-02
   0.1387500E-04      0.2449610E-02
   0.1312500E-04      0.2581017E-02
   0.1237500E-04      0.2727606E-02
   0.1175000E-04      0.2863201E-02
   0.1125000E-04      0.2982567E-02
   0.1075000E-04      0.3112403E-02
   0.1025000E-04      0.3254804E-02
   0.9800000E-05      0.3394587E-02
   0.9400001E-05      0.3530182E-02
   0.8999999E-05      0.3676771E-02
   0.8600000E-05      0.3837496E-02
   0.8200001E-05      0.4012879E-02
   0.7800000E-05      0.4205540E-02
   0.7400000E-05      0.4418618E-02
   0.7050000E-05      0.4623842E-02
   0.6750000E-05      0.4806032E-02
   0.6450000E-05      0.4991886E-02
   0.6150000E-05      0.5192923E-02
   0.5875000E-05      0.5392388E-02
   0.5625000E-05      0.5591331E-02
   0.5375000E-05      0.5805980E-02
   0.5125000E-05      0.6041569E-02
   0.4875000E-05      0.6292865E-02
   0.4625000E-05      0.6575573E-02
   0.4375000E-05      0.6884457E-02
   0.4125000E-05      0.7229989E-02
   0.3900000E-05      0.7575520E-02
   0.3700000E-05      0.7910582E-02
   0.3500000E-05      0.8282289E-02
   0.3300000E-05      0.8701117E-02
   0.3100000E-05      0.9161825E-02
   0.2900000E-05      0.9680122E-02
   0.2750000E-05      0.1011465E-01
   0.2625000E-05      0.1051254E-01
   0.2475000E-05      0.1104131E-01
   0.2350000E-05      0.1152296E-01
   0.2250000E-05      0.1194702E-01
   0.2150000E-05      0.1240249E-01
   0.2050000E-05      0.1283703E-01
   0.1950000E-05      0.1322968E-01
   0.1850000E-05      0.1365374E-01
   0.1750000E-05      0.1411445E-01
   0.1650000E-05      0.1461704E-01
   0.1550000E-05      0.1517198E-01
   0.1462500E-05      0.1570599E-01
   0.1387500E-05      0.1620858E-01
   0.1312500E-05      0.1675305E-01
   0.1237500E-05      0.1734988E-01
   0.1175000E-05      0.1789435E-01
   0.1125000E-05      0.1836553E-01
   0.1075000E-05      0.1886812E-01
   0.1025000E-05      0.1941260E-01
   0.9800000E-06      0.1994137E-01
   0.9399999E-06      0.2044396E-01
   0.9000000E-06      0.2097796E-01
   0.8600000E-06      0.2155385E-01
   0.8200000E-06      0.2217685E-01
   0.7800000E-06      0.2262186E-01
   0.7400000E-06      0.2214020E-01
   0.7050000E-06      0.2109314E-01
   0.6750000E-06      0.2019790E-01
   0.6450000E-06      0.1929742E-01
   0.6150000E-06      0.1840218E-01
   0.5875000E-06      0.1758023E-01
   0.5625000E-06      0.1683158E-01
   0.5375000E-06      0.1608293E-01
   0.5125000E-06      0.1533428E-01
   0.4875000E-06      0.1458563E-01
   0.4625000E-06      0.1383697E-01
   0.4375000E-06      0.1308832E-01
   0.4125000E-06      0.1233967E-01
   0.3900000E-06      0.1166955E-01
   0.3700000E-06      0.1107272E-01
   0.3500000E-06      0.1047066E-01
   0.3300000E-06      0.9873830E-02
   0.3100000E-06      0.9277002E-02
   0.2900000E-06      0.8674940E-02
   0.2750000E-06      0.8229936E-02
   0.2625000E-06      0.7852993E-02
   0.2475000E-06      0.7402755E-02
   0.2350000E-06      0.7031047E-02
   0.2250000E-06      0.6732633E-02
   0.2150000E-06      0.6434220E-02
   0.2050000E-06      0.6135806E-02
   0.1950000E-06      0.5832157E-02
   0.1850000E-06      0.5533743E-02
   0.1750000E-06      0.5235329E-02
   0.1650000E-06      0.4936915E-02
   0.1550000E-06      0.4637454E-02
   0.1462500E-06      0.4375688E-02
   0.1387500E-06      0.4151616E-02
   0.1312500E-06      0.3927020E-02
   0.1237500E-06      0.3702424E-02
   0.1175000E-06      0.3515523E-02
   0.1125000E-06      0.3365793E-02
   0.1075000E-06      0.3216586E-02
   0.1025000E-06      0.3066855E-02
   0.9800000E-07      0.2932308E-02
   0.9400000E-07      0.2812419E-02
   0.9000000E-07      0.2693053E-02
   0.8600000E-07      0.2573164E-02
   0.8200000E-07      0.2453275E-02
   0.7800000E-07      0.2333910E-02
   0.7400000E-07      0.2214021E-02
   0.7050000E-07      0.2109314E-02
   0.6750000E-07      0.2019790E-02
   0.6450000E-07      0.1929742E-02
   0.6150000E-07      0.1840218E-02
   0.5875000E-07      0.1758023E-02
   0.5625000E-07      0.1683158E-02
   0.5375000E-07      0.1608293E-02
   0.5125000E-07      0.1533428E-02
   0.4875000E-07      0.1458563E-02
   0.4625000E-07      0.1383697E-02
   0.4375000E-07      0.1308832E-02
   0.4125000E-07      0.1233967E-02
   0.3900000E-07      0.1166955E-02
   0.3700000E-07      0.1107272E-02
   0.3500000E-07      0.1047066E-02
   0.3300000E-07      0.9873830E-03
   0.3100000E-07      0.9277003E-03
   0.2900000E-07      0.8674940E-03
   0.2750000E-07      0.8229936E-03
   0.2625000E-07      0.7852993E-03
   0.2475000E-07      0.7402754E-03
   0.2350000E-07      0.7031047E-03
   0.2250000E-07      0.6732633E-03
   0.2150000E-07      0.6434219E-03
   0.2050000E-07      0.6135806E-03
   0.1950000E-07      0.5832156E-03
   0.1850000E-07      0.5533743E-03
   0.1750000E-07      0.5235329E-03
   0.1650000E-07      0.4936915E-03
   0.1550000E-07      0.4637454E-03
   0.1462500E-07      0.4375688E-03
   0.1387500E-07      0.4151616E-03
   0.1312500E-07      0.3927021E-03
   0.1237500E-07      0.3702425E-03
   0.1175000E-07      0.3515523E-03
   0.1125000E-07      0.3365793E-03
   0.1075000E-07      0.3216586E-03
   0.1025000E-07      0.3066856E-03
   0.9800000E-08      0.2932308E-03
   0.9400000E-08      0.2812418E-03
   0.9000000E-08      0.2693053E-03
   0.8600000E-08      0.2573164E-03
   0.8200000E-08      0.2453275E-03
   0.7800000E-08      0.2333910E-03
   0.7400000E-08      0.2214021E-03
   0.7050000E-08      0.2109314E-03
   0.6750000E-08      0.2019790E-03
   0.6450000E-08      0.1929742E-03
   0.6150000E-08      0.1840218E-03
   0.5875000E-08      0.1758023E-03
   0.5625000E-08      0.1683158E-03
   0.5375000E-08      0.1608293E-03
   0.5125000E-08      0.1533428E-03
   0.4875000E-08      0.1458563E-03
   0.4625000E-08      0.1383697E-03
   0.4375000E-08      0.1308832E-03
   0.4125000E-08      0.1233967E-03
   0.3900000E-08      0.1166955E-03
   0.3700000E-08      0.1107272E-03
   0.3500000E-08      0.1047066E-03
   0.3300000E-08      0.9873830E-04
   0.3100000E-08      0.9277002E-04
   0.2900000E-08      0.8674939E-04
   0.2750000E-08      0.8229937E-04
   0.2625000E-08      0.7852993E-04
   0.2475000E-08      0.7402755E-04
   0.2350000E-08      0.7031046E-04
   0.2250000E-08      0.6732633E-04
   0.2150000E-08      0.6434219E-04
   0.2050000E-08      0.6135805E-04
   0.1950000E-08      0.5832156E-04
   0.1850000E-08      0.5533743E-04
   0.1750000E-08      0.5235329E-04
   0.1650000E-08      0.4936915E-04
   0.1550000E-08      0.4637454E-04
   0.1462500E-08      0.4375687E-04
   0.1387500E-08      0.4151616E-04
   0.1312500E-08      0.3927020E-04
   0.1237500E-08      0.3702424E-04
   0.1175000E-08      0.3515523E-04
   0.1125000E-08      0.3365793E-04
   0.1075000E-08      0.3216586E-04
   0.1025000E-08      0.3066855E-04
   0.9800000E-09      0.2932308E-04
   0.9400000E-09      0.2812419E-04
   0.9000000E-09      0.2693053E-04
   0.8600000E-09      0.2573164E-04
   0.8200000E-09      0.2453275E-04
   0.7800000E-09      0.2333910E-04
   0.7400000E-09      0.2214021E-04
   0.7050000E-09      0.2109314E-04
   0.6750000E-09      0.2019790E-04
   0.6450000E-09      0.1929742E-04
   0.6150000E-09      0.1840218E-04
   0.5875000E-09      0.1758023E-04
   0.5625000E-09      0.1683158E-04
   0.5375000E-09      0.1608293E-04
   0.5125000E-09      0.1533428E-04
   0.4875000E-09      0.1458563E-04
   0.4625000E-09      0.1383697E-04
   0.4375000E-09      0.1308832E-04
   0.4125000E-09      0.1233967E-04
   0.3900000E-09      0.1166955E-04
   0.3700000E-09      0.1107272E-04
   0.3500000E-09      0.1047066E-04
   0.3300000E-09      0.9873830E-05
   0.3100000E-09      0.9277002E-05
   0.2900000E-09      0.8674941E-05
   0.2750000E-09      0.8229938E-05
   0.2625000E-09      0.7852994E-05
   0.2475000E-09      0.7402755E-05
   0.2350000E-09      0.7031047E-05
   0.2250000E-09      0.6732633E-05
   0.2150000E-09      0.6434218E-05
   0.2050000E-09      0.6135805E-05
   0.1950000E-09      0.5832157E-05
   0.1850000E-09      0.5533742E-05
   0.1750000E-09      0.5235329E-05
   0.1650000E-09      0.4936915E-05
   0.1550000E-09      0.4637454E-05
   0.1462500E-09      0.4375688E-05
   0.1387500E-09      0.4151615E-05
   0.1312500E-09      0.3927020E-05
   0.1237500E-09      0.3702424E-05
   0.1175000E-09      0.3515524E-05
   0.1125000E-09      0.3365793E-05
   0.1075000E-09      0.3216586E-05
   0.1025000E-09      0.3066856E-05
