1.995000e+01 1.599393e-13 
1.985000e+01 1.724517e-13 
1.975000e+01 1.858542e-13 
1.965000e+01 2.003561e-13 
1.955000e+01 2.160097e-13 
1.945000e+01 2.328151e-13 
1.935000e+01 2.509293e-13 
1.925000e+01 2.705094e-13 
1.915000e+01 2.915555e-13 
1.905000e+01 3.142768e-13 
1.895000e+01 3.387258e-13 
1.885000e+01 3.651118e-13 
1.875000e+01 3.934873e-13 
1.865000e+01 4.241140e-13 
1.855000e+01 4.570965e-13 
1.845000e+01 4.926444e-13 
1.835000e+01 5.308624e-13 
1.825000e+01 5.690802e-13 
1.815000e+01 6.062511e-13 
1.805000e+01 6.439455e-13 
1.795000e+01 6.847810e-13 
1.785000e+01 7.282342e-13 
1.775000e+01 7.748287e-13 
1.765000e+01 8.245642e-13 
1.755000e+01 8.779646e-13 
1.745000e+01 9.350297e-13 
1.735000e+01 9.962831e-13 
1.725000e+01 1.061725e-12 
1.715000e+01 1.131878e-12 
1.705000e+01 1.207267e-12 
1.695000e+01 1.288414e-12 
1.685000e+01 1.375321e-12 
1.675000e+01 1.468510e-12 
1.665000e+01 1.568504e-12 
1.655000e+01 1.676352e-12 
1.645000e+01 1.792053e-12 
1.635000e+01 1.916654e-12 
1.625000e+01 2.051202e-12 
1.615000e+01 2.195697e-12 
1.605000e+01 2.351186e-12 
1.595000e+01 2.524476e-12 
1.585000e+01 2.765824e-12 
1.575000e+01 3.083609e-12 
1.565000e+01 3.440658e-12 
1.555000e+01 3.841684e-12 
1.545000e+01 4.292446e-12 
1.535000e+01 4.799226e-12 
1.525000e+01 5.371447e-12 
1.515000e+01 6.015393e-12 
1.505000e+01 6.737868e-12 
1.495000e+01 7.554579e-12 
1.485000e+01 8.481234e-12 
1.475000e+01 9.528298e-12 
1.465000e+01 1.070625e-11 
1.455000e+01 1.191037e-11 
1.445000e+01 1.298362e-11 
1.435000e+01 1.403592e-11 
1.425000e+01 1.518245e-11 
1.415000e+01 1.642846e-11 
1.405000e+01 1.781059e-11 
1.395000e+01 1.945448e-11 
1.385000e+01 2.139155e-11 
1.375000e+01 2.353804e-11 
1.365000e+01 2.592011e-11 
1.355000e+01 2.855872e-11 
1.345000e+01 3.149574e-11 
1.335000e+01 3.475211e-11 
1.325000e+01 3.838020e-11 
1.315000e+01 4.109733e-11 
1.305000e+01 4.238522e-11 
1.295000e+01 4.341658e-11 
1.285000e+01 4.447935e-11 
1.275000e+01 4.557877e-11 
1.265000e+01 4.671484e-11 
1.255000e+01 4.788756e-11 
1.245000e+01 4.910215e-11 
1.235000e+01 5.144757e-11 
1.225000e+01 5.565154e-11 
1.215000e+01 6.078216e-11 
1.205000e+01 6.648868e-11 
1.195000e+01 7.277107e-11 
1.185000e+01 7.968171e-11 
1.175000e+01 8.732529e-11 
1.165000e+01 9.554475e-11 
1.155000e+01 1.038689e-10 
1.145000e+01 1.124025e-10 
1.135000e+01 1.217738e-10 
1.125000e+01 1.319826e-10 
1.115000e+01 1.431339e-10 
1.105000e+01 1.553846e-10 
1.095000e+01 1.687870e-10 
1.085000e+01 1.834983e-10 
1.075000e+01 1.996231e-10 
1.065000e+01 2.173708e-10 
1.055000e+01 2.363228e-10 
1.045000e+01 2.549082e-10 
1.035000e+01 2.734412e-10 
1.025000e+01 2.934925e-10 
1.015000e+01 3.152191e-10 
1.005000e+01 3.388305e-10 
9.950000e+00 3.644836e-10 
9.850000e+00 3.923355e-10 
9.750000e+00 4.225958e-10 
9.650000e+00 4.556306e-10 
9.550000e+00 4.907074e-10 
9.450000e+00 5.251035e-10 
9.350000e+00 5.601802e-10 
9.250000e+00 5.973511e-10 
9.150000e+00 6.376631e-10 
9.050000e+00 6.805927e-10 
8.950000e+00 7.277107e-10 
8.850000e+00 7.784934e-10 
8.750000e+00 8.334644e-10 
8.650000e+00 8.926236e-10 
8.550000e+00 9.559710e-10 
8.450000e+00 1.024030e-09 
8.350000e+00 1.097325e-09 
8.250000e+00 1.177425e-09 
8.150000e+00 1.264332e-09 
8.050000e+00 1.358568e-09 
7.950000e+00 1.461180e-09 
7.850000e+00 1.573217e-09 
7.750000e+00 1.687870e-09 
7.650000e+00 1.805141e-09 
7.550000e+00 1.931313e-09 
7.450000e+00 2.069002e-09 
7.350000e+00 2.217685e-09 
7.250000e+00 2.379981e-09 
7.150000e+00 2.556411e-09 
7.050000e+00 2.748548e-09 
6.950000e+00 2.958485e-09 
6.850000e+00 3.164756e-09 
6.750000e+00 3.362652e-09 
6.650000e+00 3.573636e-09 
6.550000e+00 3.801896e-09 
6.450000e+00 4.047956e-09 
6.350000e+00 4.314958e-09 
6.250000e+00 4.603425e-09 
6.150000e+00 4.916497e-09 
6.050000e+00 5.256270e-09 
5.950000e+00 5.627979e-09 
5.850000e+00 6.031099e-09 
5.750000e+00 6.470867e-09 
5.650000e+00 6.915870e-09 
5.550000e+00 7.350401e-09 
5.450000e+00 7.805874e-09 
5.350000e+00 8.297996e-09 
5.250000e+00 8.832000e-09 
5.150000e+00 9.413121e-09 
5.050000e+00 1.004660e-08 
4.950000e+00 1.073242e-08 
4.850000e+00 1.140255e-08 
4.750000e+00 1.194179e-08 
4.650000e+00 1.241820e-08 
4.550000e+00 1.292079e-08 
4.450000e+00 1.345479e-08 
4.350000e+00 1.407256e-08 
4.250000e+00 1.477933e-08 
4.150000e+00 1.553846e-08 
4.050000e+00 1.636040e-08 
3.950000e+00 1.725041e-08 
3.850000e+00 1.820847e-08 
3.750000e+00 1.925030e-08 
3.650000e+00 2.038113e-08 
3.550000e+00 2.171091e-08 
3.450000e+00 2.342810e-08 
3.350000e+00 2.552223e-08 
3.250000e+00 2.787289e-08 
3.150000e+00 3.052196e-08 
3.050000e+00 3.352705e-08 
2.950000e+00 3.693524e-08 
2.850000e+00 4.083033e-08 
2.750000e+00 4.530130e-08 
2.650000e+00 5.050522e-08 
2.550000e+00 5.659390e-08 
2.450000e+00 6.371395e-08 
2.350000e+00 6.983928e-08 
2.250000e+00 7.177636e-08 
2.150000e+00 7.109577e-08 
2.050000e+00 7.256166e-08 
1.950000e+00 7.763993e-08 
1.850000e+00 8.460292e-08 
1.750000e+00 9.261297e-08 
1.650000e+00 1.017748e-07 
1.550000e+00 1.116696e-07 
1.450000e+00 1.225590e-07 
1.350000e+00 1.354379e-07 
1.250000e+00 1.466416e-07 
1.150000e+00 1.530810e-07 
1.050000e+00 1.617193e-07 
9.800000e-01 1.743888e-07 
9.400000e-01 1.872677e-07 
9.000000e-01 2.004607e-07 
8.600000e-01 2.101985e-07 
8.200000e-01 2.171091e-07 
7.800000e-01 2.344380e-07 
7.400000e-01 2.754306e-07 
7.050000e-01 3.284646e-07 
6.750000e-01 3.568400e-07 
6.450000e-01 3.620753e-07 
6.150000e-01 3.676771e-07 
5.875000e-01 3.693001e-07 
5.625000e-01 3.657925e-07 
5.375000e-01 3.611329e-07 
5.125000e-01 3.563164e-07 
4.875000e-01 3.512906e-07 
4.625000e-01 3.502435e-07 
4.375000e-01 3.605571e-07 
4.125000e-01 3.793519e-07 
3.900000e-01 3.980944e-07 
3.700000e-01 4.166275e-07 
3.500000e-01 4.371499e-07 
3.300000e-01 4.599236e-07 
3.100000e-01 4.808650e-07 
2.900000e-01 4.923303e-07 
2.750000e-01 4.961521e-07 
2.625000e-01 4.995551e-07 
2.475000e-01 5.038481e-07 
2.350000e-01 5.077221e-07 
2.250000e-01 5.109681e-07 
2.150000e-01 5.143711e-07 
2.050000e-01 5.193970e-07 
1.950000e-01 5.308623e-07 
1.850000e-01 5.481389e-07 
1.750000e-01 5.675096e-07 
1.650000e-01 5.879274e-07 
1.550000e-01 6.109628e-07 
1.462500e-01 6.329513e-07 
1.387500e-01 6.538926e-07 
1.312500e-01 6.659337e-07 
1.237500e-01 6.675044e-07 
1.175000e-01 6.675044e-07 
1.125000e-01 6.680280e-07 
1.075000e-01 6.685515e-07 
1.025000e-01 6.690750e-07 
9.800000e-02 6.690751e-07 
9.400000e-02 6.695985e-07 
9.000000e-02 6.701221e-07 
8.600000e-02 6.701221e-07 
8.200000e-02 6.711691e-07 
7.799999e-02 6.722162e-07 
7.400000e-02 6.743104e-07 
7.050000e-02 6.758810e-07 
6.750000e-02 6.774516e-07 
6.450000e-02 6.790222e-07 
6.150000e-02 6.805927e-07 
5.875000e-02 6.826868e-07 
5.625000e-02 6.842574e-07 
5.375000e-02 6.858281e-07 
5.125000e-02 6.873987e-07 
4.875000e-02 6.889692e-07 
4.625000e-02 6.910634e-07 
4.375000e-02 7.292813e-07 
4.125000e-02 8.941942e-07 
3.900000e-02 1.178473e-06 
3.700000e-02 1.529240e-06 
3.500000e-02 2.013507e-06 
3.300000e-02 2.694100e-06 
3.100000e-02 3.671536e-06 
2.900000e-02 4.221246e-06 
2.750000e-02 3.996126e-06 
2.625000e-02 3.632795e-06 
2.475000e-02 3.219727e-06 
2.350000e-02 2.927072e-06 
2.250000e-02 2.805613e-06 
2.150000e-02 2.749595e-06 
2.050000e-02 2.692006e-06 
1.950000e-02 2.632847e-06 
1.850000e-02 2.572117e-06 
1.750000e-02 2.509293e-06 
1.650000e-02 2.455893e-06 
1.550000e-02 2.509817e-06 
1.462500e-02 2.654835e-06 
1.387500e-02 2.792525e-06 
1.312500e-02 2.946443e-06 
1.237500e-02 3.118685e-06 
1.175000e-02 3.277839e-06 
1.125000e-02 3.418670e-06 
1.075000e-02 3.571541e-06 
1.025000e-02 3.739595e-06 
9.800000e-03 3.905031e-06 
9.400001e-03 4.065232e-06 
9.000000e-03 4.239569e-06 
8.600000e-03 4.429088e-06 
8.200000e-03 4.637454e-06 
7.800000e-03 4.866762e-06 
7.400000e-03 5.120151e-06 
7.050000e-03 5.366212e-06 
6.750000e-03 5.591331e-06 
6.450000e-03 5.837391e-06 
6.150000e-03 6.099158e-06 
5.875000e-03 6.366160e-06 
5.625000e-03 6.633161e-06 
5.375000e-03 6.921105e-06 
5.125000e-03 7.235225e-06 
4.875000e-03 7.580756e-06 
4.625000e-03 7.962935e-06 
4.375000e-03 8.386996e-06 
4.125000e-03 8.863411e-06 
3.900000e-03 9.339827e-06 
3.700000e-03 9.811006e-06 
3.500000e-03 1.033454e-05 
3.300000e-03 1.092090e-05 
3.100000e-03 1.158055e-05 
2.900000e-03 1.232396e-05 
2.750000e-03 1.294697e-05 
2.625000e-03 1.352809e-05 
2.475000e-03 1.429245e-05 
2.350000e-03 1.499922e-05 
2.250000e-03 1.554893e-05 
2.150000e-03 1.606722e-05 
2.050000e-03 1.662741e-05 
1.950000e-03 1.723470e-05 
1.850000e-03 1.789435e-05 
1.750000e-03 1.862206e-05 
1.650000e-03 1.942307e-05 
1.550000e-03 2.030784e-05 
1.462500e-03 2.117167e-05 
1.387500e-03 2.198315e-05 
1.312500e-03 2.287315e-05 
1.237500e-03 2.385739e-05 
1.175000e-03 2.475787e-05 
1.125000e-03 2.554317e-05 
1.075000e-03 2.638606e-05 
1.025000e-03 2.730224e-05 
9.800000e-04 2.819225e-05 
9.400000e-04 2.904560e-05 
9.000000e-04 3.018690e-05 
8.600000e-04 3.175751e-05 
8.200000e-04 3.359510e-05 
7.800000e-04 3.564212e-05 
7.400000e-04 3.792996e-05 
7.050000e-04 4.016020e-05 
6.750000e-04 4.227529e-05 
6.450000e-04 4.461024e-05 
6.150000e-04 4.719125e-05 
5.875000e-04 4.980891e-05 
5.625000e-04 5.245799e-05 
5.375000e-04 5.533742e-05 
5.125000e-04 5.853098e-05 
4.875000e-04 6.209099e-05 
4.625000e-04 6.606985e-05 
4.375000e-04 7.057223e-05 
4.125000e-04 7.554579e-05 
3.900000e-04 8.057171e-05 
3.700000e-04 8.554527e-05 
3.500000e-04 9.119944e-05 
3.300000e-04 9.753418e-05 
3.100000e-04 1.048113e-04 
2.900000e-04 1.131355e-04 
2.750000e-04 1.202031e-04 
2.625000e-04 1.267997e-04 
2.475000e-04 1.356474e-04 
2.350000e-04 1.439192e-04 
2.250000e-04 1.512486e-04 
2.150000e-04 1.593634e-04 
2.050000e-04 1.682635e-04 
1.950000e-04 1.782106e-04 
1.850000e-04 1.889430e-04 
1.750000e-04 2.005131e-04 
1.650000e-04 2.134967e-04 
1.550000e-04 2.282080e-04 
1.462500e-04 2.427099e-04 
1.387500e-04 2.566882e-04 
1.312500e-04 2.723418e-04 
1.237500e-04 2.899325e-04 
1.175000e-04 3.063715e-04 
1.125000e-04 3.208733e-04 
1.075000e-04 3.367363e-04 
1.025000e-04 3.542747e-04 
9.800000e-05 3.716036e-04 
9.400000e-05 3.884614e-04 
9.000000e-05 4.068374e-04 
8.600000e-05 4.270458e-04 
8.200000e-05 4.492436e-04 
7.800000e-05 4.737972e-04 
7.400000e-05 5.010734e-04 
7.050000e-05 5.277211e-04 
6.750000e-05 5.523272e-04 
6.450000e-05 5.785038e-04 
6.150000e-05 6.057275e-04 
5.875000e-05 6.324277e-04 
5.625000e-05 6.586044e-04 
5.375000e-05 6.873987e-04 
5.125000e-05 7.188106e-04 
4.875000e-05 7.533638e-04 
4.625000e-05 7.915818e-04 
4.375000e-05 8.339878e-04 
4.125000e-05 8.811058e-04 
3.900000e-05 9.287473e-04 
3.700000e-05 9.758653e-04 
3.500000e-05 1.028219e-03 
3.300000e-05 1.086331e-03 
3.100000e-05 1.152296e-03 
2.900000e-05 1.226638e-03 
2.750000e-05 1.288938e-03 
2.625000e-05 1.346526e-03 
2.475000e-05 1.422962e-03 
2.350000e-05 1.494163e-03 
2.250000e-05 1.556463e-03 
2.150000e-05 1.623999e-03 
2.050000e-05 1.698341e-03 
1.950000e-05 1.780012e-03 
1.850000e-05 1.870059e-03 
1.750000e-05 1.970578e-03 
1.650000e-05 2.082090e-03 
1.550000e-05 2.208262e-03 
1.462500e-05 2.331815e-03 
1.387500e-05 2.449610e-03 
1.312500e-05 2.581017e-03 
1.237500e-05 2.727606e-03 
1.175000e-05 2.863201e-03 
1.125000e-05 2.982567e-03 
1.075000e-05 3.112403e-03 
1.025000e-05 3.254804e-03 
9.800000e-06 3.394587e-03 
9.400001e-06 3.530182e-03 
8.999999e-06 3.676771e-03 
8.600000e-06 3.837496e-03 
8.200001e-06 4.012879e-03 
7.800000e-06 4.205540e-03 
7.400000e-06 4.418618e-03 
7.050000e-06 4.623842e-03 
6.750000e-06 4.806032e-03 
6.450000e-06 4.991886e-03 
6.150000e-06 5.192923e-03 
5.875000e-06 5.392388e-03 
5.625000e-06 5.591331e-03 
5.375000e-06 5.805980e-03 
5.125000e-06 6.041569e-03 
4.875000e-06 6.292865e-03 
4.625000e-06 6.575573e-03 
4.375000e-06 6.884457e-03 
4.125000e-06 7.229989e-03 
3.900000e-06 7.575520e-03 
3.700000e-06 7.910582e-03 
3.500000e-06 8.282289e-03 
3.300000e-06 8.701117e-03 
3.100000e-06 9.161825e-03 
2.900000e-06 9.680122e-03 
2.750000e-06 1.011465e-02 
2.625000e-06 1.051254e-02 
2.475000e-06 1.104131e-02 
2.350000e-06 1.152296e-02 
2.250000e-06 1.194702e-02 
2.150000e-06 1.240249e-02 
2.050000e-06 1.283703e-02 
1.950000e-06 1.322968e-02 
1.850000e-06 1.365374e-02 
1.750000e-06 1.411445e-02 
1.650000e-06 1.461704e-02 
1.550000e-06 1.517198e-02 
1.462500e-06 1.570599e-02 
1.387500e-06 1.620858e-02 
1.312500e-06 1.675305e-02 
1.237500e-06 1.734988e-02 
1.175000e-06 1.789435e-02 
1.125000e-06 1.836553e-02 
1.075000e-06 1.886812e-02 
1.025000e-06 1.941260e-02 
9.800000e-07 1.994137e-02 
9.399999e-07 2.044396e-02 
9.000000e-07 2.097796e-02 
8.600000e-07 2.155385e-02 
8.200000e-07 2.217685e-02 
7.800000e-07 2.262186e-02 
7.400000e-07 2.214020e-02 
7.050000e-07 2.109314e-02 
6.750000e-07 2.019790e-02 
6.450000e-07 1.929742e-02 
6.150000e-07 1.840218e-02 
5.875000e-07 1.758023e-02 
5.625000e-07 1.683158e-02 
5.375000e-07 1.608293e-02 
5.125000e-07 1.533428e-02 
4.875000e-07 1.458563e-02 
4.625000e-07 1.383697e-02 
4.375000e-07 1.308832e-02 
4.125000e-07 1.233967e-02 
3.900000e-07 1.166955e-02 
3.700000e-07 1.107272e-02 
3.500000e-07 1.047066e-02 
3.300000e-07 9.873830e-03 
3.100000e-07 9.277002e-03 
2.900000e-07 8.674940e-03 
2.750000e-07 8.229936e-03 
2.625000e-07 7.852993e-03 
2.475000e-07 7.402755e-03 
2.350000e-07 7.031047e-03 
2.250000e-07 6.732633e-03 
2.150000e-07 6.434220e-03 
2.050000e-07 6.135806e-03 
1.950000e-07 5.832157e-03 
1.850000e-07 5.533743e-03 
1.750000e-07 5.235329e-03 
1.650000e-07 4.936915e-03 
1.550000e-07 4.637454e-03 
1.462500e-07 4.375688e-03 
1.387500e-07 4.151616e-03 
1.312500e-07 3.927020e-03 
1.237500e-07 3.702424e-03 
1.175000e-07 3.515523e-03 
1.125000e-07 3.365793e-03 
1.075000e-07 3.216586e-03 
1.025000e-07 3.066855e-03 
9.800000e-08 2.932308e-03 
9.400000e-08 2.812419e-03 
9.000000e-08 2.693053e-03 
8.600000e-08 2.573164e-03 
8.200000e-08 2.453275e-03 
7.800000e-08 2.333910e-03 
7.400000e-08 2.214021e-03 
7.050000e-08 2.109314e-03 
6.750000e-08 2.019790e-03 
6.450000e-08 1.929742e-03 
6.150000e-08 1.840218e-03 
5.875000e-08 1.758023e-03 
5.625000e-08 1.683158e-03 
5.375000e-08 1.608293e-03 
5.125000e-08 1.533428e-03 
4.875000e-08 1.458563e-03 
4.625000e-08 1.383697e-03 
4.375000e-08 1.308832e-03 
4.125000e-08 1.233967e-03 
3.900000e-08 1.166955e-03 
3.700000e-08 1.107272e-03 
3.500000e-08 1.047066e-03 
3.300000e-08 9.873830e-04 
3.100000e-08 9.277003e-04 
2.900000e-08 8.674940e-04 
2.750000e-08 8.229936e-04 
2.625000e-08 7.852993e-04 
2.475000e-08 7.402754e-04 
2.350000e-08 7.031047e-04 
2.250000e-08 6.732633e-04 
2.150000e-08 6.434219e-04 
2.050000e-08 6.135806e-04 
1.950000e-08 5.832156e-04 
1.850000e-08 5.533743e-04 
1.750000e-08 5.235329e-04 
1.650000e-08 4.936915e-04 
1.550000e-08 4.637454e-04 
1.462500e-08 4.375688e-04 
1.387500e-08 4.151616e-04 
1.312500e-08 3.927021e-04 
1.237500e-08 3.702425e-04 
1.175000e-08 3.515523e-04 
1.125000e-08 3.365793e-04 
1.075000e-08 3.216586e-04 
1.025000e-08 3.066856e-04 
9.800000e-09 2.932308e-04 
9.400000e-09 2.812418e-04 
9.000000e-09 2.693053e-04 
8.600000e-09 2.573164e-04 
8.200000e-09 2.453275e-04 
7.800000e-09 2.333910e-04 
7.400000e-09 2.214021e-04 
7.050000e-09 2.109314e-04 
6.750000e-09 2.019790e-04 
6.450000e-09 1.929742e-04 
6.150000e-09 1.840218e-04 
5.875000e-09 1.758023e-04 
5.625000e-09 1.683158e-04 
5.375000e-09 1.608293e-04 
5.125000e-09 1.533428e-04 
4.875000e-09 1.458563e-04 
4.625000e-09 1.383697e-04 
4.375000e-09 1.308832e-04 
4.125000e-09 1.233967e-04 
3.900000e-09 1.166955e-04 
3.700000e-09 1.107272e-04 
3.500000e-09 1.047066e-04 
3.300000e-09 9.873830e-05 
3.100000e-09 9.277002e-05 
2.900000e-09 8.674939e-05 
2.750000e-09 8.229937e-05 
2.625000e-09 7.852993e-05 
2.475000e-09 7.402755e-05 
2.350000e-09 7.031046e-05 
2.250000e-09 6.732633e-05 
2.150000e-09 6.434219e-05 
2.050000e-09 6.135805e-05 
1.950000e-09 5.832156e-05 
1.850000e-09 5.533743e-05 
1.750000e-09 5.235329e-05 
1.650000e-09 4.936915e-05 
1.550000e-09 4.637454e-05 
1.462500e-09 4.375687e-05 
1.387500e-09 4.151616e-05 
1.312500e-09 3.927020e-05 
1.237500e-09 3.702424e-05 
1.175000e-09 3.515523e-05 
1.125000e-09 3.365793e-05 
1.075000e-09 3.216586e-05 
1.025000e-09 3.066855e-05 
9.800000e-10 2.932308e-05 
9.400000e-10 2.812419e-05 
9.000000e-10 2.693053e-05 
8.600000e-10 2.573164e-05 
8.200000e-10 2.453275e-05 
7.800000e-10 2.333910e-05 
7.400000e-10 2.214021e-05 
7.050000e-10 2.109314e-05 
6.750000e-10 2.019790e-05 
6.450000e-10 1.929742e-05 
6.150000e-10 1.840218e-05 
5.875000e-10 1.758023e-05 
5.625000e-10 1.683158e-05 
5.375000e-10 1.608293e-05 
5.125000e-10 1.533428e-05 
4.875000e-10 1.458563e-05 
4.625000e-10 1.383697e-05 
4.375000e-10 1.308832e-05 
4.125000e-10 1.233967e-05 
3.900000e-10 1.166955e-05 
3.700000e-10 1.107272e-05 
3.500000e-10 1.047066e-05 
3.300000e-10 9.873830e-06 
3.100000e-10 9.277002e-06 
2.900000e-10 8.674941e-06 
2.750000e-10 8.229938e-06 
2.625000e-10 7.852994e-06 
2.475000e-10 7.402755e-06 
2.350000e-10 7.031047e-06 
2.250000e-10 6.732633e-06 
2.150000e-10 6.434218e-06 
2.050000e-10 6.135805e-06 
1.950000e-10 5.832157e-06 
1.850000e-10 5.533742e-06 
1.750000e-10 5.235329e-06 
1.650000e-10 4.936915e-06 
1.550000e-10 4.637454e-06 
1.462500e-10 4.375688e-06 
1.387500e-10 4.151615e-06 
1.312500e-10 3.927020e-06 
1.237500e-10 3.702424e-06 
1.175000e-10 3.515524e-06 
1.125000e-10 3.365793e-06 
1.075000e-10 3.216586e-06 
1.025000e-10 3.066856e-06 
