   0.1025000E-09      0.1619126E-04
   0.1075000E-09      0.1697718E-04
   0.1125000E-09      0.1776310E-04
   0.1175000E-09      0.1854903E-04
   0.1237500E-09      0.1953143E-04
   0.1312500E-09      0.2071236E-04
   0.1387500E-09      0.2187897E-04
   0.1462500E-09      0.2306604E-04
   0.1550000E-09      0.2443732E-04
   0.1650000E-09      0.2599279E-04
   0.1750000E-09      0.2756873E-04
   0.1850000E-09      0.2912420E-04
   0.1950000E-09      0.3067968E-04
   0.2050000E-09      0.3225562E-04
   0.2150000E-09      0.3381109E-04
   0.2250000E-09      0.3536656E-04
   0.2350000E-09      0.3692204E-04
   0.2475000E-09      0.3886638E-04
   0.2625000E-09      0.4119959E-04
   0.2750000E-09      0.4314394E-04
   0.2900000E-09      0.4547715E-04
   0.3100000E-09      0.4856763E-04
   0.3300000E-09      0.5165811E-04
   0.3500000E-09      0.5474858E-04
   0.3700000E-09      0.5747067E-04
   0.3900000E-09      0.5921034E-04
   0.4125000E-09      0.6045882E-04
   0.4375000E-09      0.6176869E-04
   0.4625000E-09      0.6303762E-04
   0.4875000E-09      0.6428611E-04
   0.5125000E-09      0.6547318E-04
   0.5375000E-09      0.6661931E-04
   0.5625000E-09      0.6774498E-04
   0.5875000E-09      0.6882972E-04
   0.6150000E-09      0.6999633E-04
   0.6450000E-09      0.7124479E-04
   0.6750000E-09      0.7243187E-04
   0.7050000E-09      0.7359848E-04
   0.7400000E-09      0.7492882E-04
   0.7800000E-09      0.7638196E-04
   0.8200000E-09      0.7781462E-04
   0.8600000E-09      0.7918590E-04
   0.9000000E-09      0.8051624E-04
   0.9400000E-09      0.8180565E-04
   0.9800000E-09      0.8307459E-04
   0.1025000E-08      0.8444586E-04
   0.1075000E-08      0.8593994E-04
   0.1125000E-08      0.8739308E-04
   0.1175000E-08      0.8878482E-04
   0.1237500E-08      0.9050403E-04
   0.1312500E-08      0.9246884E-04
   0.1387500E-08      0.9439271E-04
   0.1462500E-08      0.9623472E-04
   0.1550000E-08      0.9830185E-04
   0.1650000E-08      0.1005941E-03
   0.1750000E-08      0.1027841E-03
   0.1850000E-08      0.1049126E-03
   0.1950000E-08      0.1069593E-03
   0.2050000E-08      0.1089446E-03
   0.2150000E-08      0.1108480E-03
   0.2250000E-08      0.1136519E-03
   0.2350000E-08      0.1178476E-03
   0.2475000E-08      0.1237216E-03
   0.2625000E-08      0.1307621E-03
   0.2750000E-08      0.1365952E-03
   0.2900000E-08      0.1435948E-03
   0.3100000E-08      0.1528662E-03
   0.3300000E-08      0.1621172E-03
   0.3500000E-08      0.1713273E-03
   0.3700000E-08      0.1805168E-03
   0.3900000E-08      0.1896655E-03
   0.4125000E-08      0.1999398E-03
   0.4375000E-08      0.2112170E-03
   0.4625000E-08      0.2226784E-03
   0.4875000E-08      0.2339351E-03
   0.5125000E-08      0.2451918E-03
   0.5375000E-08      0.2564485E-03
   0.5625000E-08      0.2675006E-03
   0.5875000E-08      0.2787573E-03
   0.6150000E-08      0.2910373E-03
   0.6450000E-08      0.3043408E-03
   0.6750000E-08      0.3176441E-03
   0.7050000E-08      0.3327896E-03
   0.7400000E-08      0.3561216E-03
   0.7800000E-08      0.3866171E-03
   0.8200000E-08      0.4179313E-03
   0.8600000E-08      0.4500641E-03
   0.9000000E-08      0.4830155E-03
   0.9400000E-08      0.5169904E-03
   0.9800000E-08      0.5515792E-03
   0.1025000E-07      0.5914894E-03
   0.1075000E-07      0.6371303E-03
   0.1125000E-07      0.6837945E-03
   0.1175000E-07      0.7316867E-03
   0.1237500E-07      0.7932917E-03
   0.1312500E-07      0.8694280E-03
   0.1387500E-07      0.9480204E-03
   0.1462500E-07      0.1028864E-02
   0.1550000E-07      0.1126491E-02
   0.1650000E-07      0.1241719E-02
   0.1750000E-07      0.1318469E-02
   0.1850000E-07      0.1334228E-02
   0.1950000E-07      0.1330339E-02
   0.2050000E-07      0.1326656E-02
   0.2150000E-07      0.1323176E-02
   0.2250000E-07      0.1319902E-02
   0.2350000E-07      0.1316627E-02
   0.2475000E-07      0.1312943E-02
   0.2625000E-07      0.1308645E-02
   0.2750000E-07      0.1305370E-02
   0.2900000E-07      0.1301481E-02
   0.3100000E-07      0.1296774E-02
   0.3300000E-07      0.1292271E-02
   0.3500000E-07      0.1288178E-02
   0.3700000E-07      0.1284085E-02
   0.3900000E-07      0.1280401E-02
   0.4125000E-07      0.1276512E-02
   0.4375000E-07      0.1272419E-02
   0.4625000E-07      0.1259729E-02
   0.4875000E-07      0.1235578E-02
   0.5125000E-07      0.1208972E-02
   0.5375000E-07      0.1184411E-02
   0.5625000E-07      0.1161284E-02
   0.5875000E-07      0.1139589E-02
   0.6150000E-07      0.1117076E-02
   0.6450000E-07      0.1094358E-02
   0.6750000E-07      0.1072868E-02
   0.7050000E-07      0.1052810E-02
   0.7400000E-07      0.1031116E-02
   0.7800000E-07      0.1007783E-02
   0.8200000E-07      0.9815858E-03
   0.8600000E-07      0.9079056E-03
   0.9000000E-07      0.8025017E-03
   0.9400000E-07      0.7130619E-03
   0.9800000E-07      0.6367210E-03
   0.1025000E-06      0.5638593E-03
   0.1075000E-06      0.4952957E-03
   0.1125000E-06      0.4377840E-03
   0.1175000E-06      0.3890732E-03
   0.1237500E-06      0.3358596E-03
   0.1312500E-06      0.2803947E-03
   0.1387500E-06      0.2351631E-03
   0.1462500E-06      0.1990597E-03
   0.1550000E-06      0.1657603E-03
   0.1650000E-06      0.1359607E-03
   0.1750000E-06      0.1159237E-03
   0.1850000E-06      0.1048308E-03
   0.1950000E-06      0.9746272E-04
   0.2050000E-06      0.9095429E-04
   0.2150000E-06      0.8514174E-04
   0.2250000E-06      0.7994317E-04
   0.2350000E-06      0.7527675E-04
   0.2475000E-06      0.7007820E-04
   0.2625000E-06      0.6459310E-04
   0.2750000E-06      0.6056115E-04
   0.2900000E-06      0.5740927E-04
   0.3100000E-06      0.5501465E-04
   0.3300000E-06      0.5350012E-04
   0.3500000E-06      0.5212885E-04
   0.3700000E-06      0.5083944E-04
   0.3900000E-06      0.4967283E-04
   0.4125000E-06      0.4844482E-04
   0.4375000E-06      0.4719635E-04
   0.4625000E-06      0.4605022E-04
   0.4875000E-06      0.4484268E-04
   0.5125000E-06      0.4183406E-04
   0.5375000E-06      0.3757698E-04
   0.5625000E-06      0.3389296E-04
   0.5875000E-06      0.3072061E-04
   0.6150000E-06      0.2771200E-04
   0.6450000E-06      0.2488758E-04
   0.6750000E-06      0.2245204E-04
   0.7050000E-06      0.1962148E-04
   0.7400000E-06      0.1610734E-04
   0.7800000E-06      0.1292476E-04
   0.8200000E-06      0.1048717E-04
   0.8600000E-06      0.8593994E-05
   0.9000000E-06      0.7106060E-05
   0.9399999E-06      0.6056115E-05
   0.9800000E-06      0.5618126E-05
   0.1025000E-05      0.5521933E-05
   0.1075000E-05      0.5419599E-05
   0.1125000E-05      0.5325452E-05
   0.1175000E-05      0.5235398E-05
   0.1237500E-05      0.5131017E-05
   0.1312500E-05      0.5016403E-05
   0.1387500E-05      0.4907930E-05
   0.1462500E-05      0.4809689E-05
   0.1550000E-05      0.4701215E-05
   0.1650000E-05      0.4588648E-05
   0.1750000E-05      0.4484268E-05
   0.1850000E-05      0.4349187E-05
   0.1950000E-05      0.4138379E-05
   0.2050000E-05      0.3903011E-05
   0.2150000E-05      0.3692204E-05
   0.2250000E-05      0.3501863E-05
   0.2350000E-05      0.3327896E-05
   0.2475000E-05      0.3133461E-05
   0.2625000E-05      0.2926747E-05
   0.2750000E-05      0.2771199E-05
   0.2900000E-05      0.2605419E-05
   0.3100000E-05      0.2410984E-05
   0.3300000E-05      0.2241110E-05
   0.3500000E-05      0.2091703E-05
   0.3700000E-05      0.1960306E-05
   0.3900000E-05      0.1867592E-05
   0.4125000E-05      0.1851628E-05
   0.4375000E-05      0.1880896E-05
   0.4625000E-05      0.1908935E-05
   0.4875000E-05      0.1935951E-05
   0.5125000E-05      0.1961739E-05
   0.5375000E-05      0.1986913E-05
   0.5625000E-05      0.2011064E-05
   0.5875000E-05      0.2034396E-05
   0.6150000E-05      0.2058956E-05
   0.6450000E-05      0.2036238E-05
   0.6750000E-05      0.1903818E-05
   0.7050000E-05      0.1726781E-05
   0.7400000E-05      0.1549538E-05
   0.7800000E-05      0.1376799E-05
   0.8200001E-05      0.1230666E-05
   0.8600000E-05      0.1105819E-05
   0.8999999E-05      0.9985733E-06
   0.9400001E-05      0.9058589E-06
   0.9800000E-05      0.8250152E-06
   0.1025000E-04      0.7460135E-06
   0.1075000E-04      0.6864552E-06
   0.1125000E-04      0.6578018E-06
   0.1175000E-04      0.6393817E-06
   0.1237500E-04      0.6183009E-06
   0.1312500E-04      0.5951734E-06
   0.1387500E-04      0.5742974E-06
   0.1462500E-04      0.5548539E-06
   0.1550000E-04      0.5343871E-06
   0.1650000E-04      0.5133064E-06
   0.1750000E-04      0.4930443E-06
   0.1850000E-04      0.4717589E-06
   0.1950000E-04      0.4510875E-06
   0.2050000E-04      0.4324627E-06
   0.2150000E-04      0.4152706E-06
   0.2250000E-04      0.3995112E-06
   0.2350000E-04      0.3849798E-06
   0.2475000E-04      0.3684017E-06
   0.2625000E-04      0.3503910E-06
   0.2750000E-04      0.3368829E-06
   0.2900000E-04      0.3223515E-06
   0.3100000E-04      0.3053641E-06
   0.3300000E-04      0.2906280E-06
   0.3500000E-04      0.2773246E-06
   0.3700000E-04      0.2652492E-06
   0.3900000E-04      0.2544019E-06
   0.4125000E-04      0.2433498E-06
   0.4375000E-04      0.2322978E-06
   0.4625000E-04      0.2222690E-06
   0.4875000E-04      0.2114216E-06
   0.5125000E-04      0.1994486E-06
   0.5375000E-04      0.1884784E-06
   0.5625000E-04      0.1785725E-06
   0.5875000E-04      0.1695876E-06
   0.6150000E-04      0.1606436E-06
   0.6450000E-04      0.1518020E-06
   0.6750000E-04      0.1438199E-06
   0.7050000E-04      0.1365952E-06
   0.7400000E-04      0.1289611E-06
   0.7800000E-04      0.1214702E-06
   0.8200000E-04      0.1158214E-06
   0.8600000E-04      0.1114006E-06
   0.9000000E-04      0.1073686E-06
   0.9400000E-04      0.1036232E-06
   0.9800000E-04      0.1001643E-06
   0.1025000E-03      0.9658265E-07
   0.1075000E-03      0.9289864E-07
   0.1125000E-03      0.8952161E-07
   0.1175000E-03      0.8641067E-07
   0.1237500E-03      0.8284946E-07
   0.1312500E-03      0.8072091E-07
   0.1387500E-03      0.8137584E-07
   0.1462500E-03      0.8289038E-07
   0.1550000E-03      0.8458913E-07
   0.1650000E-03      0.8647207E-07
   0.1750000E-03      0.8827315E-07
   0.1850000E-03      0.9001283E-07
   0.1950000E-03      0.9171156E-07
   0.2050000E-03      0.9332843E-07
   0.2150000E-03      0.9396291E-07
   0.2250000E-03      0.9296004E-07
   0.2350000E-03      0.9130223E-07
   0.2475000E-03      0.8935788E-07
   0.2625000E-03      0.8720887E-07
   0.2750000E-03      0.8555106E-07
   0.2900000E-03      0.8368860E-07
   0.3100000E-03      0.8061859E-07
   0.3300000E-03      0.7603403E-07
   0.3500000E-03      0.7091734E-07
   0.3700000E-03      0.6643511E-07
   0.3900000E-03      0.6242362E-07
   0.4125000E-03      0.6541178E-07
   0.4375000E-03      0.7593168E-07
   0.4625000E-03      0.8765915E-07
   0.4875000E-03      0.1004509E-06
   0.5125000E-03      0.1111345E-06
   0.5375000E-03      0.1147981E-06
   0.5625000E-03      0.1141841E-06
   0.5875000E-03      0.1135905E-06
   0.6150000E-03      0.1129970E-06
   0.6450000E-03      0.1123625E-06
   0.6750000E-03      0.9639845E-07
   0.7050000E-03      0.7122433E-07
   0.7400000E-03      0.5081897E-07
   0.7800000E-03      0.3508003E-07
   0.8200000E-03      0.2468292E-07
   0.8600000E-03      0.1972996E-07
   0.9000000E-03      0.1845488E-07
   0.9400000E-03      0.1782041E-07
   0.9800000E-03      0.1723097E-07
   0.1025000E-02      0.1736196E-07
   0.1075000E-02      0.1886422E-07
   0.1125000E-02      0.2116263E-07
   0.1175000E-02      0.2472385E-07
   0.1237500E-02      0.3198955E-07
   0.1312500E-02      0.4240713E-07
   0.1387500E-02      0.5343871E-07
   0.1462500E-02      0.6498197E-07
   0.1550000E-02      0.7679129E-07
   0.1650000E-02      0.8358626E-07
   0.1750000E-02      0.5970155E-07
   0.1850000E-02      0.2920607E-07
   0.1950000E-02      0.2050770E-07
   0.2050000E-02      0.2181757E-07
   0.2150000E-02      0.2486712E-07
   0.2250000E-02      0.3070014E-07
   0.2350000E-02      0.3960319E-07
   0.2475000E-02      0.4727822E-07
   0.2625000E-02      0.4909976E-07
   0.2750000E-02      0.4707355E-07
   0.2900000E-02      0.3839565E-07
   0.3100000E-02      0.2863300E-07
   0.3300000E-02      0.2779386E-07
   0.3500000E-02      0.3221468E-07
   0.3700000E-02      0.3563263E-07
   0.3900000E-02      0.3798631E-07
   0.4125000E-02      0.4537481E-07
   0.4375000E-02      0.6119562E-07
   0.4625000E-02      0.7263655E-07
   0.4875000E-02      0.7075361E-07
   0.5125000E-02      0.6426562E-07
   0.5375000E-02      0.5679527E-07
   0.5625000E-02      0.4920210E-07
   0.5875000E-02      0.4617301E-07
   0.6150000E-02      0.5219025E-07
   0.6450000E-02      0.6506384E-07
   0.6750000E-02      0.7445808E-07
   0.7050000E-02      0.7713923E-07
   0.7400000E-02      0.7787602E-07
   0.7800000E-02      0.7576796E-07
   0.8200000E-02      0.7136760E-07
   0.8600000E-02      0.7204300E-07
   0.9000000E-02      0.8135539E-07
   0.9400001E-02      0.9555932E-07
   0.9800000E-02      0.1067342E-06
   0.1025000E-01      0.1126286E-06
   0.1075000E-01      0.1172541E-06
   0.1125000E-01      0.1179909E-06
   0.1175000E-01      0.1149823E-06
   0.1237500E-01      0.1160670E-06
   0.1312500E-01      0.1290429E-06
   0.1387500E-01      0.1488957E-06
   0.1462500E-01      0.1541147E-06
   0.1550000E-01      0.1456005E-06
   0.1650000E-01      0.1460918E-06
   0.1750000E-01      0.1562228E-06
   0.1850000E-01      0.1698332E-06
   0.1950000E-01      0.1879053E-06
   0.2050000E-01      0.2087610E-06
   0.2150000E-01      0.2335258E-06
   0.2250000E-01      0.2619746E-06
   0.2350000E-01      0.2857160E-06
   0.2475000E-01      0.3022941E-06
   0.2625000E-01      0.2846926E-06
   0.2750000E-01      0.2640213E-06
   0.2900000E-01      0.2744593E-06
   0.3100000E-01      0.2891953E-06
   0.3300000E-01      0.3035221E-06
   0.3500000E-01      0.3174395E-06
   0.3700000E-01      0.3280822E-06
   0.3900000E-01      0.3352456E-06
   0.4125000E-01      0.3428182E-06
   0.4375000E-01      0.3512097E-06
   0.4625000E-01      0.3632850E-06
   0.4875000E-01      0.3847751E-06
   0.5125000E-01      0.4111772E-06
   0.5375000E-01      0.4381934E-06
   0.5625000E-01      0.4654142E-06
   0.5875000E-01      0.4914069E-06
   0.6150000E-01      0.5102363E-06
   0.6450000E-01      0.5235398E-06
   0.6750000E-01      0.5364339E-06
   0.7050000E-01      0.5491232E-06
   0.7400000E-01      0.5636547E-06
   0.7799999E-01      0.5753207E-06
   0.8200000E-01      0.5812561E-06
   0.8600000E-01      0.5867821E-06
   0.9000000E-01      0.5921034E-06
   0.9400000E-01      0.5972202E-06
   0.9800000E-01      0.6047928E-06
   0.1025000          0.6199382E-06
   0.1075000          0.6397909E-06
   0.1125000          0.6592344E-06
   0.1175000          0.6784732E-06
   0.1237500          0.6993493E-06
   0.1312500          0.7120386E-06
   0.1387500          0.7149040E-06
   0.1462500          0.7177694E-06
   0.1550000          0.7206347E-06
   0.1650000          0.7273887E-06
   0.1750000          0.7380315E-06
   0.1850000          0.7486742E-06
   0.1950000          0.7591123E-06
   0.2050000          0.7687316E-06
   0.2150000          0.7765090E-06
   0.2250000          0.7830583E-06
   0.2350000          0.7891983E-06
   0.2475000          0.7967711E-06
   0.2625000          0.8039344E-06
   0.2750000          0.8055718E-06
   0.2900000          0.8020924E-06
   0.3100000          0.7977944E-06
   0.3300000          0.7937011E-06
   0.3500000          0.7812163E-06
   0.3700000          0.7601355E-06
   0.3900000          0.7396687E-06
   0.4125000          0.7237047E-06
   0.4375000          0.7167459E-06
   0.4625000          0.7142900E-06
   0.4875000          0.7083547E-06
   0.5125000          0.7001680E-06
   0.5375000          0.6846132E-06
   0.5625000          0.6606671E-06
   0.5875000          0.6367210E-06
   0.6150000          0.6137982E-06
   0.6450000          0.5916941E-06
   0.6750000          0.5702040E-06
   0.7050000          0.5468718E-06
   0.7400000          0.5194464E-06
   0.7800000          0.4893602E-06
   0.8200000          0.4596835E-06
   0.8600000          0.4328720E-06
   0.9000000          0.4122006E-06
   0.9400000          0.3962365E-06
   0.9800000          0.3812958E-06
    1.050000          0.3577590E-06
    1.150000          0.3252169E-06
    1.250000          0.2936980E-06
    1.350000          0.2646352E-06
    1.450000          0.2392564E-06
    1.550000          0.2165384E-06
    1.650000          0.1958874E-06
    1.750000          0.1777743E-06
    1.850000          0.1622195E-06
    1.950000          0.1484250E-06
    2.050000          0.1355718E-06
    2.150000          0.1238034E-06
    2.250000          0.1135291E-06
    2.350000          0.1045033E-06
    2.450000          0.9652125E-07
    2.550000          0.8829361E-07
    2.650000          0.7959524E-07
    2.750000          0.7165413E-07
    2.850000          0.6475684E-07
    2.950000          0.5871914E-07
    3.050000          0.5341825E-07
    3.150000          0.4875183E-07
    3.250000          0.4455614E-07
    3.350000          0.4076979E-07
    3.450000          0.3735184E-07
    3.550000          0.3430229E-07
    3.650000          0.3158021E-07
    3.750000          0.2914467E-07
    3.850000          0.2693426E-07
    3.950000          0.2496945E-07
    4.050000          0.2316838E-07
    4.150000          0.2149010E-07
    4.250000          0.1983843E-07
    4.350000          0.1824612E-07
    4.450000          0.1681344E-07
    4.550000          0.1552199E-07
    4.650000          0.1435539E-07
    4.750000          0.1329725E-07
    4.850000          0.1233736E-07
    4.950000          0.1146343E-07
    5.050000          0.1066932E-07
    5.150000          0.9942753E-08
    5.250000          0.9277583E-08
    5.350000          0.8647207E-08
    5.450000          0.8027063E-08
    5.550000          0.7439668E-08
    5.650000          0.6905486E-08
    5.750000          0.6416330E-08
    5.850000          0.5970154E-08
    5.950000          0.5562866E-08
    6.050000          0.5188324E-08
    6.150000          0.4844483E-08
    6.250000          0.4529294E-08
    6.350000          0.4238666E-08
    6.450000          0.3970552E-08
    6.550000          0.3722904E-08
    6.650000          0.3495723E-08
    6.750000          0.3284916E-08
    6.850000          0.3080248E-08
    6.950000          0.2859207E-08
    7.050000          0.2636119E-08
    7.150000          0.2433498E-08
    7.250000          0.2249297E-08
    7.350000          0.2079423E-08
    7.450000          0.1926536E-08
    7.550000          0.1785930E-08
    7.650000          0.1657398E-08
    7.750000          0.1539510E-08
    7.850000          0.1431241E-08
    7.950000          0.1331977E-08
    8.050000          0.1240695E-08
    8.150000          0.1156577E-08
    8.250000          0.1079212E-08
    8.350000          0.1007783E-08
    8.450000          0.9418804E-09
    8.550000          0.8808895E-09
    8.650000          0.8246059E-09
    8.750000          0.7724155E-09
    8.850000          0.7183834E-09
    8.950000          0.6614857E-09
    9.050000          0.6080675E-09
    9.150000          0.5593567E-09
    9.250000          0.5151484E-09
    9.350000          0.4748289E-09
    9.450000          0.4379887E-09
    9.550000          0.4044232E-09
    9.650000          0.3737231E-09
    9.750000          0.3454790E-09
    9.850000          0.3198955E-09
    9.950000          0.2961540E-09
    10.05000          0.2746639E-09
    10.15000          0.2548112E-09
    10.25000          0.2363911E-09
    10.35000          0.2196083E-09
    10.45000          0.2042378E-09
    10.55000          0.1900134E-09
    10.65000          0.1768738E-09
    10.75000          0.1647779E-09
    10.85000          0.1536031E-09
    10.95000          0.1415072E-09
    11.05000          0.1285517E-09
    11.15000          0.1165991E-09
    11.25000          0.1058746E-09
    11.35000          0.9619378E-10
    11.45000          0.8749541E-10
    11.55000          0.7963617E-10
    11.65000          0.7255467E-10
    11.75000          0.6612811E-10
    11.85000          0.6033602E-10
    11.95000          0.5509652E-10
    12.05000          0.5034823E-10
    12.15000          0.4605021E-10
    12.25000          0.4214106E-10
    12.35000          0.3857984E-10
    12.45000          0.3536656E-10
    12.55000          0.3243982E-10
    12.65000          0.2982007E-10
    12.75000          0.2773246E-10
    12.85000          0.2603372E-10
    12.95000          0.2445778E-10
    13.05000          0.2298417E-10
    13.15000          0.2161290E-10
    13.25000          0.2032759E-10
    13.35000          0.1912824E-10
    13.45000          0.1801075E-10
    13.55000          0.1696285E-10
    13.65000          0.1598454E-10
    13.75000          0.1506968E-10
    13.85000          0.1421212E-10
    13.95000          0.1340982E-10
    14.05000          0.1265869E-10
    14.15000          0.1191575E-10
    14.25000          0.1084534E-10
    14.35000          0.9566165E-11
    14.45000          0.8446633E-11
    14.55000          0.7464229E-11
    14.65000          0.6600531E-11
    14.75000          0.5843261E-11
    14.85000          0.5176044E-11
    14.95000          0.4588648E-11
    15.05000          0.4070839E-11
    15.15000          0.3614430E-11
    15.25000          0.3213282E-11
    15.35000          0.2857160E-11
    15.45000          0.2544018E-11
    15.55000          0.2265671E-11
    15.65000          0.2019251E-11
    15.75000          0.1801280E-11
    15.85000          0.1613190E-11
    15.95000          0.1469923E-11
    16.05000          0.1358174E-11
    16.15000          0.1255636E-11
    16.25000          0.1161284E-11
    16.35000          0.1074505E-11
    16.45000          0.9948892E-12
    16.55000          0.9214136E-12
    16.65000          0.8538733E-12
    16.75000          0.7916543E-12
    16.85000          0.7341428E-12
    16.95000          0.6811339E-12
    17.05000          0.6324229E-12
    17.15000          0.5873961E-12
    17.25000          0.5456439E-12
    17.35000          0.5071664E-12
    17.45000          0.4717588E-12
    17.55000          0.4388074E-12
    17.65000          0.4083119E-12
    17.75000          0.3802724E-12
    17.85000          0.3540750E-12
    17.95000          0.3299242E-12
    18.05000          0.3076154E-12
    18.15000          0.2867393E-12
    18.25000          0.2675006E-12
    18.35000          0.2496945E-12
    18.45000          0.2320931E-12
    18.55000          0.2155150E-12
    18.65000          0.1998989E-12
    18.75000          0.1854698E-12
    18.85000          0.1720641E-12
    18.95000          0.1596407E-12
    19.05000          0.1481180E-12
    19.15000          0.1374138E-12
    19.25000          0.1274875E-12
    19.35000          0.1182774E-12
    19.45000          0.1097223E-12
    19.55000          0.1018017E-12
    19.65000          0.9443364E-13
    19.75000          0.8759774E-13
    19.85000          0.8127352E-13
    19.95000          0.7539955E-13
