
   0.1025000E-09      0.3428816E-01
   0.1075000E-09      0.3596074E-01
   0.1125000E-09      0.3763334E-01
   0.1175000E-09      0.3930593E-01
   0.1237500E-09      0.4139668E-01
   0.1312500E-09      0.4390557E-01
   0.1387500E-09      0.4641445E-01
   0.1462500E-09      0.4892334E-01
   0.1550000E-09      0.5185037E-01
   0.1650000E-09      0.5519557E-01
   0.1750000E-09      0.5854075E-01
   0.1850000E-09      0.6188594E-01
   0.1950000E-09      0.6523112E-01
   0.2050000E-09      0.6857631E-01
   0.2150000E-09      0.7192148E-01
   0.2250000E-09      0.7526668E-01
   0.2350000E-09      0.7861187E-01
   0.2475000E-09      0.8279335E-01
   0.2625000E-09      0.8781113E-01
   0.2750000E-09      0.9199260E-01
   0.2900000E-09      0.9701039E-01
   0.3100000E-09      0.1037007    
   0.3300000E-09      0.1103911    
   0.3500000E-09      0.1170815    
   0.3700000E-09      0.1237719    
   0.3900000E-09      0.1304622    
   0.4125000E-09      0.1379889    
   0.4375000E-09      0.1463519    
   0.4625000E-09      0.1547148    
   0.4875000E-09      0.1630778    
   0.5125000E-09      0.1714408    
   0.5375000E-09      0.1798037    
   0.5625000E-09      0.1881667    
   0.5875000E-09      0.1965297    
   0.6150000E-09      0.2057289    
   0.6450000E-09      0.2157645    
   0.6750000E-09      0.2258000    
   0.7050000E-09      0.2358356    
   0.7400000E-09      0.2475438    
   0.7800000E-09      0.2609245    
   0.8200000E-09      0.2743053    
   0.8600000E-09      0.2876859    
   0.9000000E-09      0.3010667    
   0.9400000E-09      0.3144475    
   0.9800000E-09      0.3278282    
   0.1025000E-08      0.3428815    
   0.1075000E-08      0.3596074    
   0.1125000E-08      0.3763334    
   0.1175000E-08      0.3930593    
   0.1237500E-08      0.4139667    
   0.1312500E-08      0.4390556    
   0.1387500E-08      0.4641445    
   0.1462500E-08      0.4892334    
   0.1550000E-08      0.5185038    
   0.1650000E-08      0.5519556    
   0.1750000E-08      0.5854075    
   0.1850000E-08      0.6188593    
   0.1950000E-08      0.6523113    
   0.2050000E-08      0.6857630    
   0.2150000E-08      0.7192149    
   0.2250000E-08      0.7526668    
   0.2350000E-08      0.7861187    
   0.2475000E-08      0.8279335    
   0.2625000E-08      0.8781112    
   0.2750000E-08      0.9199262    
   0.2900000E-08      0.9701039    
   0.3100000E-08       1.037008    
   0.3300000E-08       1.103911    
   0.3500000E-08       1.170815    
   0.3700000E-08       1.237719    
   0.3900000E-08       1.304623    
   0.4125000E-08       1.379889    
   0.4375000E-08       1.463519    
   0.4625000E-08       1.547148    
   0.4875000E-08       1.630778    
   0.5125000E-08       1.714408    
   0.5375000E-08       1.798037    
   0.5625000E-08       1.881667    
   0.5875000E-08       1.965297    
   0.6150000E-08       2.057289    
   0.6450000E-08       2.157645    
   0.6750000E-08       2.258000    
   0.7050000E-08       2.358356    
   0.7400000E-08       2.475437    
   0.7800000E-08       2.609245    
   0.8200000E-08       2.743052    
   0.8600000E-08       2.876859    
   0.9000000E-08       3.010667    
   0.9400000E-08       3.144475    
   0.9800000E-08       3.278282    
   0.1025000E-07       3.428815    
   0.1075000E-07       3.596075    
   0.1125000E-07       3.763334    
   0.1175000E-07       3.930593    
   0.1237500E-07       4.139667    
   0.1312500E-07       4.390556    
   0.1387500E-07       4.641446    
   0.1462500E-07       4.892334    
   0.1550000E-07       5.185038    
   0.1650000E-07       5.519556    
   0.1750000E-07       5.854075    
   0.1850000E-07       6.188594    
   0.1950000E-07       6.523112    
   0.2050000E-07       6.857631    
   0.2150000E-07       7.192149    
   0.2250000E-07       7.526668    
   0.2350000E-07       7.861186    
   0.2475000E-07       8.018607    
   0.2625000E-07       7.511909    
   0.2750000E-07       6.774001    
   0.2900000E-07       6.031173    
   0.3100000E-07       5.199796    
   0.3300000E-07       4.527808    
   0.3500000E-07       3.974375    
   0.3700000E-07       3.513921    
   0.3900000E-07       3.126765    
   0.4125000E-07       2.762730    
   0.4375000E-07       2.424768    
   0.4625000E-07       2.143871    
   0.4875000E-07       1.907740    
   0.5125000E-07       1.708012    
   0.5375000E-07       1.536818    
   0.5625000E-07       1.389728    
   0.5875000E-07       1.261824    
   0.6150000E-07       1.140807    
   0.6450000E-07       1.026185    
   0.6750000E-07      0.9282890    
   0.7050000E-07      0.8426916    
   0.7400000E-07      0.7575862    
   0.7800000E-07      0.6739565    
   0.8200000E-07      0.6031173    
   0.8600000E-07      0.5431007    
   0.9000000E-07      0.4908568    
   0.9400000E-07      0.4457952    
   0.9800000E-07      0.4064893    
   0.1025000E-06      0.3681180    
   0.1075000E-06      0.3312226    
   0.1125000E-06      0.2994925    
   0.1175000E-06      0.2719931    
   0.1237500E-06      0.2426735    
   0.1312500E-06      0.2130096    
   0.1387500E-06      0.1883143    
   0.1462500E-06      0.1676036    
   0.1550000E-06      0.1474341    
   0.1650000E-06      0.1283469    
   0.1750000E-06      0.1126540    
   0.1850000E-06      0.1002572    
   0.1950000E-06      0.9258294E-01
   0.2050000E-06      0.8810630E-01
   0.2150000E-06      0.8397400E-01
   0.2250000E-06      0.8023527E-01
   0.2350000E-06      0.7684088E-01
   0.2475000E-06      0.7295457E-01
   0.2625000E-06      0.6882227E-01
   0.2750000E-06      0.6567387E-01
   0.2900000E-06      0.6232869E-01
   0.3100000E-06      0.5829478E-01
   0.3300000E-06      0.5480202E-01
   0.3500000E-06      0.5165360E-01
   0.3700000E-06      0.4889874E-01
   0.3900000E-06      0.4638002E-01
   0.4125000E-06      0.4386128E-01
   0.4375000E-06      0.4138684E-01
   0.4625000E-06      0.3914359E-01
   0.4875000E-06      0.3712665E-01
   0.5125000E-06      0.3533598E-01
   0.5375000E-06      0.3371751E-01
   0.5625000E-06      0.3223185E-01
   0.5875000E-06      0.3087902E-01
   0.6150000E-06      0.2951143E-01
   0.6450000E-06      0.2815367E-01
   0.6750000E-06      0.2691891E-01
   0.7050000E-06      0.2578744E-01
   0.7400000E-06      0.2458712E-01
   0.7800000E-06      0.2333759E-01
   0.8200000E-06      0.2221105E-01
   0.8600000E-06      0.2118782E-01
   0.9000000E-06      0.2025805E-01
   0.9399999E-06      0.1940700E-01
   0.9800000E-06      0.1861989E-01
   0.1025000E-05      0.1780819E-01
   0.1075000E-05      0.1698666E-01
   0.1125000E-05      0.1623891E-01
   0.1175000E-05      0.1555511E-01
   0.1237500E-05      0.1477293E-01
   0.1312500E-05      0.1393171E-01
   0.1387500E-05      0.1318397E-01
   0.1462500E-05      0.1251493E-01
   0.1550000E-05      0.1181638E-01
   0.1650000E-05      0.1110307E-01
   0.1750000E-05      0.1047338E-01
   0.1850000E-05      0.9912573E-02
   0.1950000E-05      0.9400955E-02
   0.2050000E-05      0.8948372E-02
   0.2150000E-05      0.8530224E-02
   0.2250000E-05      0.8156350E-02
   0.2350000E-05      0.7807074E-02
   0.2475000E-05      0.7413521E-02
   0.2625000E-05      0.6990454E-02
   0.2750000E-05      0.6665775E-02
   0.2900000E-05      0.6321418E-02
   0.3100000E-05      0.5913107E-02
   0.3300000E-05      0.5553992E-02
   0.3500000E-05      0.5234232E-02
   0.3700000E-05      0.4948907E-02
   0.3900000E-05      0.4697034E-02
   0.4125000E-05      0.4439258E-02
   0.4375000E-05      0.4186401E-02
   0.4625000E-05      0.3960602E-02
   0.4875000E-05      0.3765794E-02
   0.5125000E-05      0.3592631E-02
   0.5375000E-05      0.3435703E-02
   0.5625000E-05      0.3292057E-02
   0.5875000E-05      0.3160709E-02
   0.6150000E-05      0.3027885E-02
   0.6450000E-05      0.2895553E-02
   0.6750000E-05      0.2774537E-02
   0.7050000E-05      0.2663850E-02
   0.7400000E-05      0.2545293E-02
   0.7800000E-05      0.2422800E-02
   0.8200001E-05      0.2311622E-02
   0.8600000E-05      0.2210774E-02
   0.8999999E-05      0.2118290E-02
   0.9400001E-05      0.2033676E-02
   0.9800000E-05      0.1955458E-02
   0.1025000E-04      0.1872812E-02
   0.1075000E-04      0.1784755E-02
   0.1125000E-04      0.1705061E-02
   0.1175000E-04      0.1631762E-02
   0.1237500E-04      0.1550592E-02
   0.1312500E-04      0.1462043E-02
   0.1387500E-04      0.1381365E-02
   0.1462500E-04      0.1310526E-02
   0.1550000E-04      0.1237227E-02
   0.1650000E-04      0.1161960E-02
   0.1750000E-04      0.1096040E-02
   0.1850000E-04      0.1035040E-02
   0.1950000E-04      0.9833862E-03
   0.2050000E-04      0.9351762E-03
   0.2150000E-04      0.8913936E-03
   0.2250000E-04      0.8510546E-03
   0.2350000E-04      0.8146512E-03
   0.2475000E-04      0.7743121E-03
   0.2625000E-04      0.7295457E-03
   0.2750000E-04      0.6956018E-03
   0.2900000E-04      0.6601823E-03
   0.3100000E-04      0.6173836E-03
   0.3300000E-04      0.5799962E-03
   0.3500000E-04      0.5470362E-03
   0.3700000E-04      0.5175199E-03
   0.3900000E-04      0.4903157E-03
   0.4125000E-04      0.4637018E-03
   0.4375000E-04      0.4373338E-03
   0.4625000E-04      0.4137208E-03
   0.4875000E-04      0.3920754E-03
   0.5125000E-04      0.3731850E-03
   0.5375000E-04      0.3557703E-03
   0.5625000E-04      0.3396348E-03
   0.5875000E-04      0.3255160E-03
   0.6150000E-04      0.3108071E-03
   0.6450000E-04      0.2965408E-03
   0.6750000E-04      0.2829634E-03
   0.7050000E-04      0.2709109E-03
   0.7400000E-04      0.2581204E-03
   0.7800000E-04      0.2448873E-03
   0.8200000E-04      0.2330316E-03
   0.8600000E-04      0.2221105E-03
   0.9000000E-04      0.2121733E-03
   0.9400000E-04      0.2030724E-03
   0.9800000E-04      0.1949062E-03
   0.1025000E-03      0.1862482E-03
   0.1075000E-03      0.1774916E-03
   0.1125000E-03      0.1695222E-03
   0.1175000E-03      0.1622907E-03
   0.1237500E-03      0.1540753E-03
   0.1312500E-03      0.1451712E-03
   0.1387500E-03      0.1373002E-03
   0.1462500E-03      0.1302163E-03
   0.1550000E-03      0.1228372E-03
   0.1650000E-03      0.1153105E-03
   0.1750000E-03      0.1087185E-03
   0.1850000E-03      0.1027661E-03
   0.1950000E-03      0.9745314E-04
   0.2050000E-03      0.9268133E-04
   0.2150000E-03      0.8835226E-04
   0.2250000E-03      0.8446594E-04
   0.2350000E-03      0.8092398E-04
   0.2475000E-03      0.7689009E-04
   0.2625000E-03      0.7256102E-04
   0.2750000E-03      0.6926502E-04
   0.2900000E-03      0.6577226E-04
   0.3100000E-03      0.6159077E-04
   0.3300000E-03      0.5790123E-04
   0.3500000E-03      0.5460524E-04
   0.3700000E-03      0.5170280E-04
   0.3900000E-03      0.4909060E-04
   0.4125000E-03      0.4645380E-04
   0.4375000E-03      0.4382685E-04
   0.4625000E-03      0.4149506E-04
   0.4875000E-03      0.3940432E-04
   0.5125000E-03      0.3752511E-04
   0.5375000E-03      0.3582301E-04
   0.5625000E-03      0.3425864E-04
   0.5875000E-03      0.3284185E-04
   0.6150000E-03      0.3140539E-04
   0.6450000E-03      0.2997877E-04
   0.6750000E-03      0.2867513E-04
   0.7050000E-03      0.2748464E-04
   0.7400000E-03      0.2621544E-04
   0.7800000E-03      0.2489704E-04
   0.8200000E-03      0.2371146E-04
   0.8600000E-03      0.2263411E-04
   0.9000000E-03      0.2165024E-04
   0.9400000E-03      0.2074999E-04
   0.9800000E-03      0.1992353E-04
   0.1025000E-02      0.1906756E-04
   0.1075000E-02      0.1819683E-04
   0.1125000E-02      0.1739989E-04
   0.1175000E-02      0.1667673E-04
   0.1237500E-02      0.1585520E-04
   0.1312500E-02      0.1496479E-04
   0.1387500E-02      0.1416785E-04
   0.1462500E-02      0.1345453E-04
   0.1550000E-02      0.1271663E-04
   0.1650000E-02      0.1195904E-04
   0.1750000E-02      0.1128508E-04
   0.1850000E-02      0.1068984E-04
   0.1950000E-02      0.1014870E-04
   0.2050000E-02      0.9661683E-05
   0.2150000E-02      0.9223858E-05
   0.2250000E-02      0.8825387E-05
   0.2350000E-02      0.8461353E-05
   0.2475000E-02      0.8043205E-05
   0.2625000E-02      0.7600459E-05
   0.2750000E-02      0.7261021E-05
   0.2900000E-02      0.6896986E-05
   0.3100000E-02      0.6464079E-05
   0.3300000E-02      0.6085287E-05
   0.3500000E-02      0.5745848E-05
   0.3700000E-02      0.5440846E-05
   0.3900000E-02      0.5170280E-05
   0.4125000E-02      0.4897745E-05
   0.4375000E-02      0.4625703E-05
   0.4625000E-02      0.4383669E-05
   0.4875000E-02      0.4168692E-05
   0.5125000E-02      0.3975852E-05
   0.5375000E-02      0.3800229E-05
   0.5625000E-02      0.3640349E-05
   0.5875000E-02      0.3493259E-05
   0.6150000E-02      0.3345186E-05
   0.6450000E-02      0.3197604E-05
   0.6750000E-02      0.3062813E-05
   0.7050000E-02      0.2939336E-05
   0.7400000E-02      0.2807496E-05
   0.7800000E-02      0.2670738E-05
   0.8200000E-02      0.2547260E-05
   0.8600000E-02      0.2435098E-05
   0.9000000E-02      0.2332283E-05
   0.9400001E-02      0.2238323E-05
   0.9800000E-02      0.2151249E-05
   0.1025000E-01      0.2060241E-05
   0.1075000E-01      0.1964805E-05
   0.1125000E-01      0.1878715E-05
   0.1175000E-01      0.1799021E-05
   0.1237500E-01      0.1710964E-05
   0.1312500E-01      0.1619955E-05
   0.1387500E-01      0.1542721E-05
   0.1462500E-01      0.1472866E-05
   0.1550000E-01      0.1400059E-05
   0.1650000E-01      0.1326268E-05
   0.1750000E-01      0.1261332E-05
   0.1850000E-01      0.1202791E-05
   0.1950000E-01      0.1149662E-05
   0.2050000E-01      0.1102435E-05
   0.2150000E-01      0.1059145E-05
   0.2250000E-01      0.1019790E-05
   0.2350000E-01      0.9833863E-06
   0.2475000E-01      0.9425553E-06
   0.2625000E-01      0.8987727E-06
   0.2750000E-01      0.8667966E-06
   0.2900000E-01      0.8313771E-06
   0.3100000E-01      0.7905461E-06
   0.3300000E-01      0.7615217E-06
   0.3500000E-01      0.7418441E-06
   0.3700000E-01      0.7231505E-06
   0.3900000E-01      0.7054406E-06
   0.4125000E-01      0.6818275E-06
   0.4375000E-01      0.6532951E-06
   0.4625000E-01      0.6277143E-06
   0.4875000E-01      0.6041012E-06
   0.5125000E-01      0.5829478E-06
   0.5375000E-01      0.5637622E-06
   0.5625000E-01      0.5465443E-06
   0.5875000E-01      0.5303103E-06
   0.6150000E-01      0.5135844E-06
   0.6450000E-01      0.4973504E-06
   0.6750000E-01      0.4823955E-06
   0.7050000E-01      0.4686704E-06
   0.7400000E-01      0.4538630E-06
   0.7799999E-01      0.4381701E-06
   0.8200000E-01      0.4231660E-06
   0.8600000E-01      0.4088014E-06
   0.9000000E-01      0.3955683E-06
   0.9400000E-01      0.3833189E-06
   0.9800000E-01      0.3719059E-06
   0.1025000          0.3601978E-06
   0.1075000          0.3482437E-06
   0.1125000          0.3372242E-06
   0.1175000          0.3269919E-06
   0.1237500          0.3155789E-06
   0.1312500          0.3045595E-06
   0.1387500          0.2958029E-06
   0.1462500          0.2876860E-06
   0.1550000          0.2790278E-06
   0.1650000          0.2700253E-06
   0.1750000          0.2618100E-06
   0.1850000          0.2542833E-06
   0.1950000          0.2473961E-06
   0.2050000          0.2410993E-06
   0.2150000          0.2353436E-06
   0.2250000          0.2299815E-06
   0.2350000          0.2249637E-06
   0.2475000          0.2192081E-06
   0.2625000          0.2132556E-06
   0.2750000          0.2088282E-06
   0.2900000          0.2039088E-06
   0.3100000          0.1980055E-06
   0.3300000          0.1931353E-06
   0.3500000          0.1890522E-06
   0.3700000          0.1853135E-06
   0.3900000          0.1817715E-06
   0.4125000          0.1777868E-06
   0.4375000          0.1735069E-06
   0.4625000          0.1695222E-06
   0.4875000          0.1658819E-06
   0.5125000          0.1625367E-06
   0.5375000          0.1594866E-06
   0.5625000          0.1566334E-06
   0.5875000          0.1539769E-06
   0.6150000          0.1512221E-06
   0.6450000          0.1484180E-06
   0.6750000          0.1458108E-06
   0.7050000          0.1434003E-06
   0.7400000          0.1407438E-06
   0.7800000          0.1378905E-06
   0.8200000          0.1351357E-06
   0.8600000          0.1324792E-06
   0.9000000          0.1300195E-06
   0.9400000          0.1277074E-06
   0.9800000          0.1254937E-06
    1.050000          0.1217549E-06
    1.150000          0.1168355E-06
    1.250000          0.1125556E-06
    1.350000          0.1088169E-06
    1.450000          0.1056193E-06
    1.550000          0.1024709E-06
    1.650000          0.9887975E-07
    1.750000          0.9499342E-07
    1.850000          0.9145147E-07
    1.950000          0.8820467E-07
    2.050000          0.8495788E-07
    2.150000          0.8166189E-07
    2.250000          0.7871025E-07
    2.350000          0.7590620E-07
    2.450000          0.7339731E-07
    2.550000          0.7059325E-07
    2.650000          0.6749404E-07
    2.750000          0.6464080E-07
    2.850000          0.6203352E-07
    2.950000          0.5957382E-07
    3.050000          0.5726171E-07
    3.150000          0.5509717E-07
    3.250000          0.5293265E-07
    3.350000          0.5081731E-07
    3.450000          0.4883971E-07
    3.550000          0.4699494E-07
    3.650000          0.4527315E-07
    3.750000          0.4365467E-07
    3.850000          0.4213950E-07
    3.950000          0.4065384E-07
    4.050000          0.3899601E-07
    4.150000          0.3724471E-07
    4.250000          0.3561147E-07
    4.350000          0.3408646E-07
    4.450000          0.3265491E-07
    4.550000          0.3131684E-07
    4.650000          0.3006240E-07
    4.750000          0.2888174E-07
    4.850000          0.2776996E-07
    4.950000          0.2672213E-07
    5.050000          0.2563494E-07
    5.150000          0.2450349E-07
    5.250000          0.2343106E-07
    5.350000          0.2242750E-07
    5.450000          0.2148298E-07
    5.550000          0.2059257E-07
    5.650000          0.1975627E-07
    5.750000          0.1896425E-07
    5.850000          0.1822142E-07
    5.950000          0.1751795E-07
    6.050000          0.1685383E-07
    6.150000          0.1621923E-07
    6.250000          0.1562399E-07
    6.350000          0.1503858E-07
    6.450000          0.1446793E-07
    6.550000          0.1392188E-07
    6.650000          0.1340534E-07
    6.750000          0.1291340E-07
    6.850000          0.1245098E-07
    6.950000          0.1200823E-07
    7.050000          0.1158517E-07
    7.150000          0.1118670E-07
    7.250000          0.1080790E-07
    7.350000          0.1044387E-07
    7.450000          0.1009459E-07
    7.550000          0.9764991E-08
    7.650000          0.9450151E-08
    7.750000          0.9150066E-08
    7.850000          0.8859822E-08
    7.950000          0.8451513E-08
    8.050000          0.7861185E-08
    8.150000          0.7246263E-08
    8.250000          0.6680533E-08
    8.350000          0.6168916E-08
    8.450000          0.5701573E-08
    8.550000          0.5273587E-08
    8.650000          0.4880527E-08
    8.750000          0.4522396E-08
    8.850000          0.4193780E-08
    8.950000          0.3892713E-08
    9.050000          0.3616244E-08
    9.150000          0.3361912E-08
    9.250000          0.3127749E-08
    9.350000          0.2912771E-08
    9.450000          0.2714028E-08
    9.550000          0.2531027E-08
    9.650000          0.2362291E-08
    9.750000          0.2205855E-08
    9.850000          0.2061717E-08
    9.950000          0.1927909E-08
    10.05000          0.1749827E-08
    10.15000          0.1540753E-08
    10.25000          0.1358244E-08
    10.35000          0.1198855E-08
    10.45000          0.1059637E-08
    10.55000          0.9376359E-09
    10.65000          0.8303932E-09
    10.75000          0.7364328E-09
    10.85000          0.6537869E-09
    10.95000          0.5809800E-09
    11.05000          0.5170280E-09
    11.15000          0.4605534E-09
    11.25000          0.4106215E-09
    11.35000          0.3664946E-09
    11.45000          0.3274347E-09
    11.55000          0.2928021E-09
    11.65000          0.2621051E-09
    11.75000          0.2348025E-09
    11.85000          0.2105991E-09
    11.95000          0.1890522E-09
    12.05000          0.1698174E-09
    12.15000          0.1526979E-09
    12.25000          0.1374478E-09
    12.35000          0.1238211E-09
    12.45000          0.1116210E-09
    12.55000          0.1006999E-09
    12.65000          0.4824939E-10
    12.75000          0.1010935E-10
    12.85000          0.2144855E-11
    12.95000          0.4605534E-12
    13.05000          0.1000604E-12
    13.15000          0.2199460E-13
    13.25000          0.4890858E-14
    13.35000          0.1099976E-14
    13.45000          0.2501510E-15
    13.55000          0.5750767E-16
    13.65000          0.1337090E-16
    13.75000          0.3140539E-17
    13.85000          0.7457797E-18
    13.95000          0.1788690E-18
    14.05000          0.4334475E-19
    14.15000          0.1061113E-19
    14.25000          0.2623511E-20
    14.35000          0.6547709E-21
    14.45000          0.1651440E-21
    14.55000          0.4202636E-22
    14.65000          0.1079806E-22
    14.75000          0.2799133E-23
    14.85000          0.7324972E-24
    14.95000          0.1934304E-24
    15.05000          0.5150602E-25
    15.15000          0.1384808E-25
    15.25000          0.3753495E-26
    15.35000          0.1026185E-26
    15.45000          0.2829634E-27
    15.55000          0.7866106E-28
    15.65000          0.2205363E-28
    15.75000          0.6232868E-29
    15.85000          0.3103644E-29
    15.95000          0.3084950E-29
    16.05000          0.3094297E-29
    16.15000          0.3408646E-29
    16.25000          0.2731246E-29
    16.35000          0.3106103E-29
    16.45000          0.2875384E-29
    16.55000          0.2972296E-29
    16.65000          0.2968852E-29
    16.75000          0.2936876E-29
    16.85000          0.2833077E-29
    16.95000          0.2973772E-29
    17.05000          0.2888175E-29
    17.15000          0.2854723E-29
    17.25000          0.2914739E-29
    17.35000          0.2835537E-29
    17.45000          0.2903916E-29
    17.55000          0.2851279E-29
    17.65000          0.2776012E-29
    17.75000          0.2677133E-29
    17.85000          0.2806513E-29
    17.95000          0.2776012E-29
    18.05000          0.2820287E-29
    18.15000          0.2897029E-29
    18.25000          0.2821763E-29
    18.35000          0.2619084E-29
    18.45000          0.2134524E-29
    18.55000          0.2445429E-29
    18.65000          0.2502986E-29
    18.75000          0.2623511E-29
    18.85000          0.2727311E-29
    18.95000          0.2592027E-29
    19.05000          0.2582188E-29
    19.15000          0.2568906E-29
    19.25000          0.2511349E-29
    19.35000          0.2514792E-29
    19.45000          0.2223073E-29
    19.55000          0.2516268E-29
    19.65000          0.2503478E-29
    19.75000          0.2430179E-29
    19.85000          0.2438542E-29
    19.95000          0.2381477E-29
