    19.95000          0.2090197E-28
    19.85000          0.2140282E-28
    19.75000          0.2132942E-28
    19.65000          0.2197276E-28
    19.55000          0.2208502E-28
    19.45000          0.1951167E-28
    19.35000          0.2207207E-28
    19.25000          0.2204184E-28
    19.15000          0.2254701E-28
    19.05000          0.2266359E-28
    18.95000          0.2274995E-28
    18.85000          0.2393731E-28
    18.75000          0.2302628E-28
    18.65000          0.2196844E-28
    18.55000          0.2146327E-28
    18.45000          0.1873449E-28
    18.35000          0.2298742E-28
    18.25000          0.2476631E-28
    18.15000          0.2542692E-28
    18.05000          0.2475335E-28
    17.95000          0.2436476E-28
    17.85000          0.2463246E-28
    17.75000          0.2349691E-28
    17.65000          0.2436476E-28
    17.55000          0.2502537E-28
    17.45000          0.2548736E-28
    17.35000          0.2488721E-28
    17.25000          0.2558236E-28
    17.15000          0.2505560E-28
    17.05000          0.2534920E-28
    16.95000          0.2610048E-28
    16.85000          0.2486562E-28
    16.75000          0.2577665E-28
    16.65000          0.2605730E-28
    16.55000          0.2608752E-28
    16.45000          0.2523694E-28
    16.35000          0.2726194E-28
    16.25000          0.2397185E-28
    16.15000          0.2991732E-28
    16.05000          0.2715831E-28
    15.95000          0.2707628E-28
    15.85000          0.2724035E-28
    15.75000          0.5345309E-28
    15.65000          0.1818182E-27
    15.55000          0.6234754E-27
    15.45000          0.2155826E-26
    15.35000          0.7512792E-26
    15.25000          0.2639840E-25
    15.15000          0.9352132E-25
    15.05000          0.3341034E-24
    14.95000          0.1203774E-23
    14.85000          0.4373827E-23
    14.75000          0.1604024E-22
    14.65000          0.5932515E-22
    14.55000          0.2214115E-21
    14.45000          0.8337473E-21
    14.35000          0.3169621E-20
    14.25000          0.1216295E-19
    14.15000          0.4710608E-19
    14.05000          0.1841929E-18
    13.95000          0.7275319E-18
    13.85000          0.2901492E-17
    13.75000          0.1168800E-16
    13.65000          0.4758102E-16
    13.55000          0.1956349E-15
    13.45000          0.8130223E-15
    13.35000          0.3414435E-14
    13.25000          0.1449883E-13
    13.15000          0.6221801E-13
    13.05000          0.2701151E-12
    12.95000          0.1185640E-11
    12.85000          0.5267591E-11
    12.75000          0.2366098E-10
    12.65000          0.1075538E-09
    12.55000          0.2188209E-09
    12.45000          0.2389845E-09
    12.35000          0.2611775E-09
    12.25000          0.2856156E-09
    12.15000          0.3126013E-09
    12.05000          0.3423933E-09
    11.95000          0.3753374E-09
    11.85000          0.4116924E-09
    11.75000          0.4520629E-09
    11.65000          0.4965351E-09
    11.55000          0.5461886E-09
    11.45000          0.6010234E-09
    11.35000          0.6619029E-09
    11.25000          0.7296908E-09
    11.15000          0.8052505E-09
    11.05000          0.8890138E-09
    10.95000          0.9827077E-09
    10.85000          0.1087196E-08
    10.75000          0.1203774E-08
    10.65000          0.1334168E-08
    10.55000          0.1480538E-08
    10.45000          0.1644179E-08
    10.35000          0.1827681E-08
    10.25000          0.2034067E-08
    10.15000          0.2265927E-08
    10.05000          0.2527148E-08
    9.950000          0.2751668E-08
    9.850000          0.2926967E-08
    9.750000          0.3115650E-08
    9.650000          0.3318150E-08
    9.550000          0.3536194E-08
    9.450000          0.3771508E-08
    9.350000          0.4024957E-08
    9.250000          0.4298268E-08
    9.150000          0.4594030E-08
    9.050000          0.4913539E-08
    8.950000          0.5258955E-08
    8.850000          0.5630277E-08
    8.750000          0.6036140E-08
    8.650000          0.6476546E-08
    8.550000          0.6955810E-08
    8.450000          0.7473933E-08
    8.350000          0.8035234E-08
    8.250000          0.8652663E-08
    8.150000          0.9321908E-08
    8.050000          0.1005160E-07
    7.950000          0.1073811E-07
    7.850000          0.1118715E-07
    7.750000          0.1147644E-07
    7.650000          0.1178300E-07
    7.550000          0.1210250E-07
    7.450000          0.1243065E-07
    7.350000          0.1277607E-07
    7.250000          0.1313443E-07
    7.150000          0.1350576E-07
    7.050000          0.1389435E-07
    6.950000          0.1430021E-07
    6.850000          0.1472767E-07
    6.750000          0.1517239E-07
    6.650000          0.1563438E-07
    6.550000          0.1611796E-07
    6.450000          0.1662745E-07
    6.350000          0.1715853E-07
    6.250000          0.1768097E-07
    6.150000          0.1819478E-07
    6.050000          0.1873017E-07
    5.950000          0.1929579E-07
    5.850000          0.1988731E-07
    5.750000          0.2050474E-07
    5.650000          0.2115672E-07
    5.550000          0.2183891E-07
    5.450000          0.2255565E-07
    5.350000          0.2331124E-07
    5.250000          0.2411002E-07
    5.150000          0.2494765E-07
    5.050000          0.2582846E-07
    4.950000          0.2669200E-07
    4.850000          0.2754259E-07
    4.750000          0.2843635E-07
    4.650000          0.2938192E-07
    4.550000          0.3038364E-07
    4.450000          0.3143715E-07
    4.350000          0.3255543E-07
    4.250000          0.3373848E-07
    4.150000          0.3499925E-07
    4.050000          0.3633341E-07
    3.950000          0.3758555E-07
    3.850000          0.3869520E-07
    3.750000          0.3981780E-07
    3.650000          0.4100517E-07
    3.550000          0.4226161E-07
    3.450000          0.4360874E-07
    3.350000          0.4503358E-07
    3.250000          0.4650160E-07
    3.150000          0.4809914E-07
    3.050000          0.4969669E-07
    2.950000          0.5138059E-07
    2.850000          0.5319402E-07
    2.750000          0.5513699E-07
    2.650000          0.5720948E-07
    2.550000          0.5941151E-07
    2.450000          0.6148400E-07
    2.350000          0.6342697E-07
    2.250000          0.6554264E-07
    2.150000          0.6778783E-07
    2.050000          0.7024893E-07
    1.950000          0.7266684E-07
    1.850000          0.7504157E-07
    1.750000          0.7758901E-07
    1.650000          0.8039552E-07
    1.550000          0.8307249E-07
    1.450000          0.8544721E-07
    1.350000          0.8799465E-07
    1.250000          0.9084433E-07
    1.150000          0.9421215E-07
    1.050000          0.9805490E-07
   0.9800000          0.1009909E-06
   0.9400000          0.1026748E-06
   0.9000000          0.1044883E-06
   0.8600000          0.1063881E-06
   0.8200000          0.1084605E-06
   0.7800000          0.1106194E-06
   0.7400000          0.1129941E-06
   0.7050000          0.1151962E-06
   0.6750000          0.1172255E-06
   0.6450000          0.1193843E-06
   0.6150000          0.1216727E-06
   0.5875000          0.1238747E-06
   0.5625000          0.1259904E-06
   0.5375000          0.1282788E-06
   0.5125000          0.1306967E-06
   0.4875000          0.1332873E-06
   0.4625000          0.1360506E-06
   0.4375000          0.1390299E-06
   0.4125000          0.1423113E-06
   0.3900000          0.1453768E-06
   0.3700000          0.1482265E-06
   0.3500000          0.1513353E-06
   0.3300000          0.1546599E-06
   0.3100000          0.1585458E-06
   0.2900000          0.1631658E-06
   0.2750000          0.1669653E-06
   0.2625000          0.1703763E-06
   0.2475000          0.1750826E-06
   0.2350000          0.1795298E-06
   0.2250000          0.1835021E-06
   0.2150000          0.1876903E-06
   0.2050000          0.1922239E-06
   0.1950000          0.1971460E-06
   0.1850000          0.2026295E-06
   0.1750000          0.2085879E-06
   0.1650000          0.2151076E-06
   0.1550000          0.2222318E-06
   0.1462500          0.2290970E-06
   0.1387500          0.2355304E-06
   0.1312500          0.2425250E-06
   0.1237500          0.2512036E-06
   0.1175000          0.2602276E-06
   0.1125000          0.2683017E-06
   0.1075000          0.2770234E-06
   0.1025000          0.2864792E-06
   0.9800000E-01      0.2957622E-06
   0.9400000E-01      0.3047862E-06
   0.9000000E-01      0.3145011E-06
   0.8600000E-01      0.3249930E-06
   0.8200000E-01      0.3363486E-06
   0.7799999E-01      0.3482222E-06
   0.7400000E-01      0.3605709E-06
   0.7050000E-01      0.3721855E-06
   0.6750000E-01      0.3829797E-06
   0.6450000E-01      0.3946375E-06
   0.6150000E-01      0.4075474E-06
   0.5875000E-01      0.4206300E-06
   0.5625000E-01      0.4334968E-06
   0.5375000E-01      0.4473134E-06
   0.5125000E-01      0.4624253E-06
   0.4875000E-01      0.4792644E-06
   0.4625000E-01      0.4978304E-06
   0.4375000E-01      0.5185554E-06
   0.4125000E-01      0.5414392E-06
   0.3900000E-01      0.5600053E-06
   0.3700000E-01      0.5738219E-06
   0.3500000E-01      0.5885021E-06
   0.3300000E-01      0.6044775E-06
   0.3100000E-01      0.6269296E-06
   0.2900000E-01      0.6593123E-06
   0.2750000E-01      0.6869455E-06
   0.2625000E-01      0.7128518E-06
   0.2475000E-01      0.7469615E-06
   0.2350000E-01      0.7797760E-06
   0.2250000E-01      0.8087046E-06
   0.2150000E-01      0.8402238E-06
   0.2050000E-01      0.8743336E-06
   0.1950000E-01      0.9118976E-06
   0.1850000E-01      0.9537791E-06
   0.1750000E-01      0.9999786E-06
   0.1650000E-01      0.1050927E-05
   0.1550000E-01      0.1109216E-05
   0.1462500E-01      0.1167073E-05
   0.1387500E-01      0.1221908E-05
   0.1312500E-01      0.1283220E-05
   0.1237500E-01      0.1354893E-05
   0.1175000E-01      0.1424840E-05
   0.1125000E-01      0.1487878E-05
   0.1075000E-01      0.1555666E-05
   0.1025000E-01      0.1631226E-05
   0.9800000E-02      0.1703331E-05
   0.9400001E-02      0.1772414E-05
   0.9000000E-02      0.1846679E-05
   0.8600000E-02      0.1928283E-05
   0.8200000E-02      0.2017228E-05
   0.7800000E-02      0.2115240E-05
   0.7400000E-02      0.2223614E-05
   0.7050000E-02      0.2328102E-05
   0.6750000E-02      0.2426113E-05
   0.6450000E-02      0.2533193E-05
   0.6150000E-02      0.2650202E-05
   0.5875000E-02      0.2767644E-05
   0.5625000E-02      0.2884221E-05
   0.5375000E-02      0.3011162E-05
   0.5125000E-02      0.3150191E-05
   0.4875000E-02      0.3303470E-05
   0.4625000E-02      0.3474019E-05
   0.4375000E-02      0.3665293E-05
   0.4125000E-02      0.3880314E-05
   0.3900000E-02      0.4096199E-05
   0.3700000E-02      0.4310788E-05
   0.3500000E-02      0.4550853E-05
   0.3300000E-02      0.4814232E-05
   0.3100000E-02      0.5116471E-05
   0.2900000E-02      0.5457568E-05
   0.2750000E-02      0.5742536E-05
   0.2625000E-02      0.6010234E-05
   0.2475000E-02      0.6364286E-05
   0.2350000E-02      0.6688112E-05
   0.2250000E-02      0.6977398E-05
   0.2150000E-02      0.7292589E-05
   0.2050000E-02      0.7642322E-05
   0.1950000E-02      0.8026599E-05
   0.1850000E-02      0.8454051E-05
   0.1750000E-02      0.8933315E-05
   0.1650000E-02      0.9464392E-05
   0.1550000E-02      0.1006887E-04
   0.1462500E-02      0.1066039E-04
   0.1387500E-02      0.1122601E-04
   0.1312500E-02      0.1186071E-04
   0.1237500E-02      0.1256881E-04
   0.1175000E-02      0.1322511E-04
   0.1125000E-02      0.1380368E-04
   0.1075000E-02      0.1443838E-04
   0.1025000E-02      0.1512921E-04
   0.9800000E-03      0.1581141E-04
   0.9400000E-03      0.1646769E-04
   0.9000000E-03      0.1718011E-04
   0.8600000E-03      0.1795730E-04
   0.8200000E-03      0.1880789E-04
   0.7800000E-03      0.1974914E-04
   0.7400000E-03      0.2078971E-04
   0.7050000E-03      0.2179142E-04
   0.6750000E-03      0.2273699E-04
   0.6450000E-03      0.2376892E-04
   0.6150000E-03      0.2489584E-04
   0.5875000E-03      0.2603140E-04
   0.5625000E-03      0.2715399E-04
   0.5375000E-03      0.2838454E-04
   0.5125000E-03      0.2973166E-04
   0.4875000E-03      0.3122127E-04
   0.4625000E-03      0.3287494E-04
   0.4375000E-03      0.3472723E-04
   0.4125000E-03      0.3680836E-04
   0.3900000E-03      0.3890676E-04
   0.3700000E-03      0.4097926E-04
   0.3500000E-03      0.4330650E-04
   0.3300000E-03      0.4589712E-04
   0.3100000E-03      0.4883316E-04
   0.2900000E-03      0.5215777E-04
   0.2750000E-03      0.5492110E-04
   0.2625000E-03      0.5755489E-04
   0.2475000E-03      0.6100906E-04
   0.2350000E-03      0.6420416E-04
   0.2250000E-03      0.6701066E-04
   0.2150000E-03      0.7050799E-04
   0.2050000E-03      0.7357354E-04
   0.1950000E-03      0.7737312E-04
   0.1850000E-03      0.8160446E-04
   0.1750000E-03      0.8635395E-04
   0.1650000E-03      0.9162152E-04
   0.1550000E-03      0.9762312E-04
   0.1462500E-03      0.1034952E-03
   0.1387500E-03      0.1091946E-03
   0.1312500E-03      0.1154552E-03
   0.1237500E-03      0.1225794E-03
   0.1175000E-03      0.1291423E-03
   0.1125000E-03      0.1349280E-03
   0.1075000E-03      0.1413182E-03
   0.1025000E-03      0.1482697E-03
   0.9800000E-04      0.1550917E-03
   0.9400000E-04      0.1617841E-03
   0.9000000E-04      0.1689515E-03
   0.8600000E-04      0.1769824E-03
   0.8200000E-04      0.1856178E-03
   0.7800000E-04      0.1952462E-03
   0.7400000E-04      0.2057382E-03
   0.7050000E-04      0.2161007E-03
   0.6750000E-04      0.2257292E-03
   0.6450000E-04      0.2363076E-03
   0.6150000E-04      0.2479221E-03
   0.5875000E-04      0.2596231E-03
   0.5625000E-04      0.2711514E-03
   0.5375000E-04      0.2838885E-03
   0.5125000E-04      0.2979211E-03
   0.4875000E-04      0.3132058E-03
   0.4625000E-04      0.3302174E-03
   0.4375000E-04      0.3492153E-03
   0.4125000E-04      0.3705447E-03
   0.3900000E-04      0.3920901E-03
   0.3700000E-04      0.4133331E-03
   0.3500000E-04      0.4369509E-03
   0.3300000E-04      0.4637206E-03
   0.3100000E-04      0.4939445E-03
   0.2900000E-04      0.5284860E-03
   0.2750000E-04      0.5569828E-03
   0.2625000E-04      0.5837526E-03
   0.2475000E-04      0.6195895E-03
   0.2350000E-04      0.6528357E-03
   0.2250000E-04      0.6817643E-03
   0.2150000E-04      0.7137153E-03
   0.2050000E-04      0.7486886E-03
   0.1950000E-04      0.7875478E-03
   0.1850000E-04      0.8302931E-03
   0.1750000E-04      0.8782195E-03
   0.1650000E-04      0.9313272E-03
   0.1550000E-04      0.9922067E-03
   0.1462500E-04      0.1051791E-02
   0.1387500E-04      0.1108785E-02
   0.1312500E-04      0.1172686E-02
   0.1237500E-04      0.1244792E-02
   0.1175000E-04      0.1310421E-02
   0.1125000E-04      0.1368710E-02
   0.1075000E-04      0.1433907E-02
   0.1025000E-04      0.1504286E-02
   0.9800000E-05      0.1571210E-02
   0.9400001E-05      0.1634680E-02
   0.8999999E-05      0.1703331E-02
   0.8600000E-05      0.1778459E-02
   0.8200001E-05      0.1860927E-02
   0.7800000E-05      0.1951167E-02
   0.7400000E-05      0.2050906E-02
   0.7050000E-05      0.2147191E-02
   0.6750000E-05      0.2237430E-02
   0.6450000E-05      0.2335874E-02
   0.6150000E-05      0.2444248E-02
   0.5875000E-05      0.2552191E-02
   0.5625000E-05      0.2659701E-02
   0.5375000E-05      0.2776711E-02
   0.5125000E-05      0.2904946E-02
   0.4875000E-05      0.3046135E-02
   0.4625000E-05      0.3205026E-02
   0.4375000E-05      0.3387665E-02
   0.4125000E-05      0.3594483E-02
   0.3900000E-05      0.3803459E-02
   0.3700000E-05      0.4010277E-02
   0.3500000E-05      0.4242137E-02
   0.3300000E-05      0.4499040E-02
   0.3100000E-05      0.4792644E-02
   0.2900000E-05      0.5125106E-02
   0.2750000E-05      0.5405756E-02
   0.2625000E-05      0.5669136E-02
   0.2475000E-05      0.6014552E-02
   0.2350000E-05      0.6334061E-02
   0.2250000E-05      0.6619029E-02
   0.2150000E-05      0.6929903E-02
   0.2050000E-05      0.7266684E-02
   0.1950000E-05      0.7642324E-02
   0.1850000E-05      0.8052505E-02
   0.1750000E-05      0.8514498E-02
   0.1650000E-05      0.9032622E-02
   0.1550000E-05      0.9615511E-02
   0.1462500E-05      0.1018545E-01
   0.1387500E-05      0.1073811E-01
   0.1312500E-05      0.1135122E-01
   0.1237500E-05      0.1204206E-01
   0.1175000E-05      0.1268108E-01
   0.1125000E-05      0.1324238E-01
   0.1075000E-05      0.1385981E-01
   0.1025000E-05      0.1453769E-01
   0.9800000E-06      0.1520261E-01
   0.9399999E-06      0.1585027E-01
   0.9000000E-06      0.1655405E-01
   0.8600000E-06      0.1732260E-01
   0.8200000E-06      0.1816887E-01
   0.7800000E-06      0.1910149E-01
   0.7400000E-06      0.2013342E-01
   0.7050000E-06      0.2113081E-01
   0.6750000E-06      0.2207207E-01
   0.6450000E-06      0.2309968E-01
   0.6150000E-06      0.2422660E-01
   0.5875000E-06      0.2535783E-01
   0.5625000E-06      0.2648475E-01
   0.5375000E-06      0.2771961E-01
   0.5125000E-06      0.2907105E-01
   0.4875000E-06      0.3055202E-01
   0.4625000E-06      0.3221433E-01
   0.4375000E-06      0.3404073E-01
   0.4125000E-06      0.3608731E-01
   0.3900000E-06      0.3817276E-01
   0.3700000E-06      0.4021934E-01
   0.3500000E-06      0.4252499E-01
   0.3300000E-06      0.4507675E-01
   0.3100000E-06      0.4796962E-01
   0.2900000E-06      0.5125106E-01
   0.2750000E-06      0.5410074E-01
   0.2625000E-06      0.5660500E-01
   0.2475000E-06      0.6005916E-01
   0.2350000E-06      0.6321108E-01
   0.2250000E-06      0.6601758E-01
   0.2150000E-06      0.6908315E-01
   0.2050000E-06      0.7245095E-01
   0.1950000E-06      0.7616417E-01
   0.1850000E-06      0.8307249E-01
   0.1750000E-06      0.9494615E-01
   0.1650000E-06      0.1102740    
   0.1550000E-06      0.1293150    
   0.1462500E-06      0.1498673    
   0.1387500E-06      0.1713694    
   0.1312500E-06      0.1974051    
   0.1237500E-06      0.2293561    
   0.1175000E-06      0.2614797    
   0.1125000E-06      0.2920922    
   0.1075000E-06      0.3279723    
   0.1025000E-06      0.3702857    
   0.9800000E-07      0.4149739    
   0.9400000E-07      0.4615618    
   0.9000000E-07      0.5155330    
   0.8600000E-07      0.5785714    
   0.8200000E-07      0.6532675    
   0.7800000E-07      0.7422121    
   0.7400000E-07      0.8484274    
   0.7050000E-07      0.9593922    
   0.6750000E-07       1.072084    
   0.6450000E-07       1.203342    
   0.6150000E-07       1.358779    
   0.5875000E-07       1.526306    
   0.5625000E-07       1.705058    
   0.5375000E-07       1.914035    
   0.5125000E-07       2.161007    
   0.4875000E-07       2.454611    
   0.4625000E-07       2.806935    
   0.4375000E-07       3.233523    
   0.4125000E-07       3.756828    
   0.3900000E-07       4.330650    
   0.3700000E-07       4.952398    
   0.3500000E-07       5.707995    
   0.3300000E-07       6.627665    
   0.3100000E-07       7.771854    
   0.2900000E-07       9.213965    
   0.2750000E-07       10.53518    
   0.2625000E-07       11.86503    
   0.2475000E-07       12.81924    
   0.2350000E-07       12.61631    
   0.2250000E-07       12.07660    
   0.2150000E-07       11.54120    
   0.2050000E-07       11.00581    
   0.1950000E-07       10.46610    
   0.1850000E-07       9.930702    
   0.1750000E-07       9.395308    
   0.1650000E-07       8.855596    
   0.1550000E-07       8.320202    
   0.1462500E-07       7.849572    
   0.1387500E-07       7.448028    
   0.1312500E-07       7.046482    
   0.1237500E-07       6.640618    
   0.1175000E-07       6.308155    
   0.1125000E-07       6.040459    
   0.1075000E-07       5.768443    
   0.1025000E-07       5.500745    
   0.9800000E-08       5.258955    
   0.9400000E-08       5.047388    
   0.9000000E-08       4.831502    
   0.8600000E-08       4.615617    
   0.8200000E-08       4.399733    
   0.7800000E-08       4.186871    
   0.7400000E-08       3.972281    
   0.7050000E-08       3.784461    
   0.6750000E-08       3.623411    
   0.6450000E-08       3.462361    
   0.6150000E-08       3.301311    
   0.5875000E-08       3.153646    
   0.5625000E-08       3.019366    
   0.5375000E-08       2.885085    
   0.5125000E-08       2.750804    
   0.4875000E-08       2.616956    
   0.4625000E-08       2.482676    
   0.4375000E-08       2.348395    
   0.4125000E-08       2.214115    
   0.3900000E-08       2.093220    
   0.3700000E-08       1.986141    
   0.3500000E-08       1.878630    
   0.3300000E-08       1.771551    
   0.3100000E-08       1.664040    
   0.2900000E-08       1.556530    
   0.2750000E-08       1.476220    
   0.2625000E-08       1.408864    
   0.2475000E-08       1.328555    
   0.2350000E-08       1.261631    
   0.2250000E-08       1.207660    
   0.2150000E-08       1.154120    
   0.2050000E-08       1.100581    
   0.1950000E-08       1.046610    
   0.1850000E-08      0.9930704    
   0.1750000E-08      0.9395308    
   0.1650000E-08      0.8855596    
   0.1550000E-08      0.8320200    
   0.1462500E-08      0.7849572    
   0.1387500E-08      0.7448027    
   0.1312500E-08      0.7046481    
   0.1237500E-08      0.6640617    
   0.1175000E-08      0.6308155    
   0.1125000E-08      0.6040457    
   0.1075000E-08      0.5768443    
   0.1025000E-08      0.5500746    
   0.9800000E-09      0.5258955    
   0.9400000E-09      0.5047387    
   0.9000000E-09      0.4831503    
   0.8600000E-09      0.4615618    
   0.8200000E-09      0.4399733    
   0.7800000E-09      0.4186870    
   0.7400000E-09      0.3972281    
   0.7050000E-09      0.3784461    
   0.6750000E-09      0.3623411    
   0.6450000E-09      0.3462361    
   0.6150000E-09      0.3301311    
   0.5875000E-09      0.3153646    
   0.5625000E-09      0.3019365    
   0.5375000E-09      0.2885085    
   0.5125000E-09      0.2750805    
   0.4875000E-09      0.2616956    
   0.4625000E-09      0.2482676    
   0.4375000E-09      0.2348395    
   0.4125000E-09      0.2214115    
   0.3900000E-09      0.2093219    
   0.3700000E-09      0.1986140    
   0.3500000E-09      0.1878630    
   0.3300000E-09      0.1771551    
   0.3100000E-09      0.1664040    
   0.2900000E-09      0.1556530    
   0.2750000E-09      0.1476220    
   0.2625000E-09      0.1408865    
   0.2475000E-09      0.1328555    
   0.2350000E-09      0.1261631    
   0.2250000E-09      0.1207660    
   0.2150000E-09      0.1154120    
   0.2050000E-09      0.1100581    
   0.1950000E-09      0.1046610    
   0.1850000E-09      0.9930702E-01
   0.1750000E-09      0.9395308E-01
   0.1650000E-09      0.8855595E-01
   0.1550000E-09      0.8320202E-01
   0.1462500E-09      0.7849573E-01
   0.1387500E-09      0.7448027E-01
   0.1312500E-09      0.7046481E-01
   0.1237500E-09      0.6640618E-01
   0.1175000E-09      0.6308155E-01
   0.1125000E-09      0.6040457E-01
   0.1075000E-09      0.5768443E-01
   0.1025000E-09      0.5500746E-01
