    19.95000          0.9414380E-13
    19.85000          0.1014770E-12
    19.75000          0.1093878E-12
    19.65000          0.1179245E-12
    19.55000          0.1271029E-12
    19.45000          0.1370196E-12
    19.35000          0.1476904E-12
    19.25000          0.1591956E-12
    19.15000          0.1715352E-12
    19.05000          0.1850142E-12
    18.95000          0.1992954E-12
    18.85000          0.2148603E-12
    18.75000          0.2315485E-12
    18.65000          0.2496808E-12
    18.55000          0.2690969E-12
    18.45000          0.2899571E-12
    18.35000          0.3132243E-12
    18.25000          0.3395403E-12
    18.15000          0.3682633E-12
    18.05000          0.3995535E-12
    17.95000          0.4338927E-12
    17.85000          0.4711202E-12
    17.75000          0.5120382E-12
    17.65000          0.5566470E-12
    17.55000          0.6054279E-12
    17.45000          0.6588622E-12
    17.35000          0.7172709E-12
    17.25000          0.7812956E-12
    17.15000          0.8514182E-12
    17.05000          0.9282800E-12
    16.95000          0.1012684E-11
    16.85000          0.1105271E-11
    16.75000          0.1207005E-11
    16.65000          0.1318687E-11
    16.55000          0.1441602E-11
    16.45000          0.1576712E-11
    16.35000          0.1724980E-11
    16.25000          0.1888653E-11
    16.15000          0.2069976E-11
    16.05000          0.2268951E-11
    15.95000          0.2488785E-11
    15.85000          0.2715039E-11
    15.75000          0.2941292E-11
    15.65000          0.3183591E-11
    15.55000          0.3446751E-11
    15.45000          0.3733980E-11
    15.35000          0.4048489E-11
    15.25000          0.4390275E-11
    15.15000          0.4764155E-11
    15.05000          0.5173337E-11
    14.95000          0.5619423E-11
    14.85000          0.6108836E-11
    14.75000          0.6643179E-11
    14.65000          0.7228870E-11
    14.55000          0.7870722E-11
    14.45000          0.8573552E-11
    14.35000          0.9346985E-11
    14.25000          0.1019423E-10
    14.15000          0.1103827E-10
    14.05000          0.1185503E-10
    13.95000          0.1272795E-10
    13.85000          0.1367307E-10
    13.75000          0.1469523E-10
    13.65000          0.1580242E-10
    13.55000          0.1700911E-10
    13.45000          0.1830886E-10
    13.35000          0.1972094E-10
    13.25000          0.2124534E-10
    13.15000          0.2291415E-10
    13.05000          0.2472739E-10
    12.95000          0.2668504E-10
    12.85000          0.2881921E-10
    12.75000          0.3116197E-10
    12.65000          0.3377752E-10
    12.55000          0.3676214E-10
    12.45000          0.4005163E-10
    12.35000          0.4367810E-10
    12.25000          0.4765759E-10
    12.15000          0.5203823E-10
    12.05000          0.5685214E-10
    11.95000          0.6217951E-10
    11.85000          0.6803642E-10
    11.75000          0.7451914E-10
    11.65000          0.8167581E-10
    11.55000          0.8958664E-10
    11.45000          0.9833189E-10
    11.35000          0.1080399E-09
    11.25000          0.1187910E-09
    11.15000          0.1307294E-09
    11.05000          0.1439997E-09
    10.95000          0.1583452E-09
    10.85000          0.1713748E-09
    10.75000          0.1830886E-09
    10.65000          0.1956048E-09
    10.55000          0.2090836E-09
    10.45000          0.2238463E-09
    10.35000          0.2395717E-09
    10.25000          0.2567412E-09
    10.15000          0.2751945E-09
    10.05000          0.2952524E-09
    9.950000          0.3170754E-09
    9.850000          0.3406635E-09
    9.750000          0.3661772E-09
    9.650000          0.3940977E-09
    9.550000          0.4242649E-09
    9.450000          0.4573204E-09
    9.350000          0.4932640E-09
    9.250000          0.5324172E-09
    9.150000          0.5751004E-09
    9.050000          0.6217951E-09
    8.950000          0.6728225E-09
    8.850000          0.7272195E-09
    8.750000          0.7795306E-09
    8.650000          0.8308789E-09
    8.550000          0.8862386E-09
    8.450000          0.9460914E-09
    8.350000          0.1010758E-08
    8.250000          0.1080560E-08
    8.150000          0.1156298E-08
    8.050000          0.1238295E-08
    7.950000          0.1327192E-08
    7.850000          0.1423791E-08
    7.750000          0.1528733E-08
    7.650000          0.1643144E-08
    7.550000          0.1768305E-08
    7.450000          0.1903094E-08
    7.350000          0.2052325E-08
    7.250000          0.2214393E-08
    7.150000          0.2390903E-08
    7.050000          0.2585063E-08
    6.950000          0.2798479E-08
    6.850000          0.3008686E-08
    6.750000          0.3204451E-08
    6.650000          0.3406635E-08
    6.550000          0.3623261E-08
    6.450000          0.3857537E-08
    6.350000          0.4112673E-08
    6.250000          0.4387066E-08
    6.150000          0.4685527E-08
    6.050000          0.5011268E-08
    5.950000          0.5362682E-08
    5.850000          0.5747794E-08
    5.750000          0.6166604E-08
    5.650000          0.6623924E-08
    5.550000          0.7126173E-08
    5.450000          0.7674958E-08
    5.350000          0.8231766E-08
    5.250000          0.8746853E-08
    5.150000          0.9257126E-08
    5.050000          0.9809121E-08
    4.950000          0.1040604E-07
    4.850000          0.1105431E-07
    4.750000          0.1175554E-07
    4.650000          0.1251774E-07
    4.550000          0.1334894E-07
    4.450000          0.1425395E-07
    4.350000          0.1524401E-07
    4.250000          0.1633516E-07
    4.150000          0.1742631E-07
    4.050000          0.1848537E-07
    3.950000          0.1957652E-07
    3.850000          0.2076395E-07
    3.750000          0.2207975E-07
    3.650000          0.2349182E-07
    3.550000          0.2504832E-07
    3.450000          0.2676527E-07
    3.350000          0.2864269E-07
    3.250000          0.3068058E-07
    3.150000          0.3286288E-07
    3.050000          0.3523773E-07
    2.950000          0.3788538E-07
    2.850000          0.4082185E-07
    2.750000          0.4409531E-07
    2.650000          0.4776992E-07
    2.550000          0.5170127E-07
    2.450000          0.5526355E-07
    2.350000          0.5858514E-07
    2.250000          0.6225976E-07
    2.150000          0.6635156E-07
    2.050000          0.7092476E-07
    1.950000          0.7580284E-07
    1.850000          0.8088954E-07
    1.750000          0.8647365E-07
    1.650000          0.9281196E-07
    1.550000          0.9993652E-07
    1.450000          0.1077832E-06
    1.350000          0.1166087E-06
    1.250000          0.1260760E-06
    1.150000          0.1361531E-06
    1.050000          0.1489580E-06
   0.9800000          0.1593079E-06
   0.9400000          0.1644749E-06
   0.9000000          0.1699306E-06
   0.8600000          0.1761887E-06
   0.8200000          0.1835700E-06
   0.7800000          0.1914327E-06
   0.7400000          0.1992954E-06
   0.7050000          0.2060348E-06
   0.6750000          0.2122929E-06
   0.6450000          0.2185510E-06
   0.6150000          0.2252904E-06
   0.5875000          0.2320299E-06
   0.5625000          0.2387693E-06
   0.5375000          0.2458297E-06
   0.5125000          0.2532110E-06
   0.4875000          0.2609133E-06
   0.4625000          0.2687760E-06
   0.4375000          0.2763177E-06
   0.4125000          0.2840200E-06
   0.3900000          0.2909199E-06
   0.3700000          0.2971780E-06
   0.3500000          0.3042383E-06
   0.3300000          0.3125824E-06
   0.3100000          0.3228521E-06
   0.2900000          0.3339240E-06
   0.2750000          0.3430705E-06
   0.2625000          0.3510936E-06
   0.2475000          0.3612028E-06
   0.2350000          0.3701888E-06
   0.2250000          0.3780515E-06
   0.2150000          0.3862351E-06
   0.2050000          0.3945792E-06
   0.1950000          0.4029233E-06
   0.1850000          0.4115883E-06
   0.1750000          0.4208952E-06
   0.1650000          0.4313253E-06
   0.1550000          0.4440018E-06
   0.1462500          0.4573203E-06
   0.1387500          0.4695156E-06
   0.1312500          0.4829944E-06
   0.1237500          0.4983989E-06
   0.1175000          0.5131615E-06
   0.1125000          0.5263195E-06
   0.1075000          0.5402798E-06
   0.1025000          0.5553633E-06
   0.9800000E-01      0.5699656E-06
   0.9400000E-01      0.5839258E-06
   0.9000000E-01      0.5990094E-06
   0.8600000E-01      0.6150557E-06
   0.8200000E-01      0.6325461E-06
   0.7799999E-01      0.6513204E-06
   0.7400000E-01      0.6726620E-06
   0.7050000E-01      0.6935222E-06
   0.6750000E-01      0.7129383E-06
   0.6450000E-01      0.7337985E-06
   0.6150000E-01      0.7562634E-06
   0.5875000E-01      0.7790492E-06
   0.5625000E-01      0.8023164E-06
   0.5375000E-01      0.8276696E-06
   0.5125000E-01      0.8549483E-06
   0.4875000E-01      0.8846341E-06
   0.4625000E-01      0.9175291E-06
   0.4375000E-01      0.9545960E-06
   0.4125000E-01      0.9961560E-06
   0.3900000E-01      0.1037235E-05
   0.3700000E-01      0.1077350E-05
   0.3500000E-01      0.1119071E-05
   0.3300000E-01      0.1162396E-05
   0.3100000E-01      0.1210374E-05
   0.2900000E-01      0.1293173E-05
   0.2750000E-01      0.1387044E-05
   0.2625000E-01      0.1475139E-05
   0.2475000E-01      0.1578477E-05
   0.2350000E-01      0.1657585E-05
   0.2250000E-01      0.1713748E-05
   0.2150000E-01      0.1763491E-05
   0.2050000E-01      0.1822863E-05
   0.1950000E-01      0.1895071E-05
   0.1850000E-01      0.1976907E-05
   0.1750000E-01      0.2053930E-05
   0.1650000E-01      0.2127743E-05
   0.1550000E-01      0.2212789E-05
   0.1462500E-01      0.2299439E-05
   0.1387500E-01      0.2397321E-05
   0.1312500E-01      0.2527296E-05
   0.1237500E-01      0.2671713E-05
   0.1175000E-01      0.2798479E-05
   0.1125000E-01      0.2907594E-05
   0.1075000E-01      0.3011896E-05
   0.1025000E-01      0.3112987E-05
   0.9800000E-02      0.3215684E-05
   0.9400001E-02      0.3326404E-05
   0.9000000E-02      0.3457983E-05
   0.8600000E-02      0.3623261E-05
   0.8200000E-02      0.3868769E-05
   0.7800000E-02      0.4181672E-05
   0.7400000E-02      0.4430391E-05
   0.7050000E-02      0.4561970E-05
   0.6750000E-02      0.4683923E-05
   0.6450000E-02      0.4865246E-05
   0.6150000E-02      0.5104337E-05
   0.5875000E-02      0.5285660E-05
   0.5625000E-02      0.5345031E-05
   0.5375000E-02      0.5354659E-05
   0.5125000E-02      0.5569680E-05
   0.4875000E-02      0.6086371E-05
   0.4625000E-02      0.6680086E-05
   0.4375000E-02      0.7132593E-05
   0.4125000E-02      0.7490426E-05
   0.3900000E-02      0.7893189E-05
   0.3700000E-02      0.8334462E-05
   0.3500000E-02      0.8676248E-05
   0.3300000E-02      0.8868805E-05
   0.3100000E-02      0.9332543E-05
   0.2900000E-02      0.1026484E-04
   0.2750000E-02      0.1091150E-04
   0.2625000E-02      0.1102383E-04
   0.2475000E-02      0.1121317E-04
   0.2350000E-02      0.1163038E-04
   0.2250000E-02      0.1217756E-04
   0.2150000E-02      0.1270548E-04
   0.2050000E-02      0.1317083E-04
   0.1950000E-02      0.1366184E-04
   0.1850000E-02      0.1442404E-04
   0.1750000E-02      0.1549273E-04
   0.1650000E-02      0.1643144E-04
   0.1550000E-02      0.1716957E-04
   0.1462500E-02      0.1826072E-04
   0.1387500E-02      0.1991349E-04
   0.1312500E-02      0.2145394E-04
   0.1237500E-02      0.2225625E-04
   0.1175000E-02      0.2260927E-04
   0.1125000E-02      0.2305857E-04
   0.1075000E-02      0.2365229E-04
   0.1025000E-02      0.2439042E-04
   0.9800000E-03      0.2532110E-04
   0.9400000E-03      0.2631598E-04
   0.9000000E-03      0.2739108E-04
   0.8600000E-03      0.2864269E-04
   0.8200000E-03      0.3026337E-04
   0.7800000E-03      0.3230126E-04
   0.7400000E-03      0.3459588E-04
   0.7050000E-03      0.3685842E-04
   0.6750000E-03      0.3899257E-04
   0.6450000E-03      0.4088604E-04
   0.6150000E-03      0.4244254E-04
   0.5875000E-03      0.4401508E-04
   0.5625000E-03      0.4555552E-04
   0.5375000E-03      0.4722434E-04
   0.5125000E-03      0.4905362E-04
   0.4875000E-03      0.5109150E-04
   0.4625000E-03      0.5335404E-04
   0.4375000E-03      0.5584122E-04
   0.4125000E-03      0.5861723E-04
   0.3900000E-03      0.6156976E-04
   0.3700000E-03      0.6471483E-04
   0.3500000E-03      0.6822898E-04
   0.3300000E-03      0.7212823E-04
   0.3100000E-03      0.7649283E-04
   0.2900000E-03      0.8137093E-04
   0.2750000E-03      0.8541460E-04
   0.2625000E-03      0.8916944E-04
   0.2475000E-03      0.9412775E-04
   0.2350000E-03      0.9870096E-04
   0.2250000E-03      0.1027286E-03
   0.2150000E-03      0.1071092E-03
   0.2050000E-03      0.1118589E-03
   0.1950000E-03      0.1170740E-03
   0.1850000E-03      0.1228186E-03
   0.1750000E-03      0.1291890E-03
   0.1650000E-03      0.1362815E-03
   0.1550000E-03      0.1442565E-03
   0.1462500E-03      0.1520871E-03
   0.1387500E-03      0.1595326E-03
   0.1312500E-03      0.1678446E-03
   0.1237500E-03      0.1773119E-03
   0.1175000E-03      0.1862978E-03
   0.1125000E-03      0.1941606E-03
   0.1075000E-03      0.2026651E-03
   0.1025000E-03      0.2119720E-03
   0.9800000E-04      0.2211184E-03
   0.9400000E-04      0.2299439E-03
   0.9000000E-04      0.2397321E-03
   0.8600000E-04      0.2501622E-03
   0.8200000E-04      0.2617156E-03
   0.7800000E-04      0.2737503E-03
   0.7400000E-04      0.2857851E-03
   0.7050000E-04      0.2970175E-03
   0.6750000E-04      0.3074476E-03
   0.6450000E-04      0.3188405E-03
   0.6150000E-04      0.3311962E-03
   0.5875000E-04      0.3435519E-03
   0.5625000E-04      0.3557471E-03
   0.5375000E-04      0.3689050E-03
   0.5125000E-04      0.3831863E-03
   0.4875000E-04      0.3992326E-03
   0.4625000E-04      0.4192906E-03
   0.4375000E-04      0.4441623E-03
   0.4125000E-04      0.4719225E-03
   0.3900000E-04      0.5001641E-03
   0.3700000E-04      0.5280846E-03
   0.3500000E-04      0.5592145E-03
   0.3300000E-04      0.5943560E-03
   0.3100000E-04      0.6339903E-03
   0.2900000E-04      0.6774759E-03
   0.2750000E-04      0.7118151E-03
   0.2625000E-04      0.7419822E-03
   0.2475000E-04      0.7817770E-03
   0.2350000E-04      0.8185231E-03
   0.2250000E-04      0.8507763E-03
   0.2150000E-04      0.8857572E-03
   0.2050000E-04      0.9241080E-03
   0.1950000E-04      0.9661493E-03
   0.1850000E-04      0.1012363E-02
   0.1750000E-04      0.1064995E-02
   0.1650000E-04      0.1125650E-02
   0.1550000E-04      0.1194970E-02
   0.1462500E-04      0.1263167E-02
   0.1387500E-04      0.1328315E-02
   0.1312500E-04      0.1400684E-02
   0.1237500E-04      0.1481878E-02
   0.1175000E-04      0.1556815E-02
   0.1125000E-04      0.1622284E-02
   0.1075000E-04      0.1696097E-02
   0.1025000E-04      0.1776329E-02
   0.9800000E-05      0.1858165E-02
   0.9400001E-05      0.1936792E-02
   0.8999999E-05      0.2021837E-02
   0.8600000E-05      0.2114906E-02
   0.8200001E-05      0.2217602E-02
   0.7800000E-05      0.2331532E-02
   0.7400000E-05      0.2456693E-02
   0.7050000E-05      0.2578645E-02
   0.6750000E-05      0.2692574E-02
   0.6450000E-05      0.2808107E-02
   0.6150000E-05      0.2923641E-02
   0.5875000E-05      0.3031151E-02
   0.5625000E-05      0.3138661E-02
   0.5375000E-05      0.3255800E-02
   0.5125000E-05      0.3382566E-02
   0.4875000E-05      0.3520565E-02
   0.4625000E-05      0.3671400E-02
   0.4375000E-05      0.3838281E-02
   0.4125000E-05      0.4022814E-02
   0.3900000E-05      0.4215370E-02
   0.3700000E-05      0.4415949E-02
   0.3500000E-05      0.4643807E-02
   0.3300000E-05      0.4897339E-02
   0.3100000E-05      0.5181358E-02
   0.2900000E-05      0.5503890E-02
   0.2750000E-05      0.5771864E-02
   0.2625000E-05      0.6020582E-02
   0.2475000E-05      0.6349532E-02
   0.2350000E-05      0.6652806E-02
   0.2250000E-05      0.6919176E-02
   0.2150000E-05      0.7208010E-02
   0.2050000E-05      0.7525727E-02
   0.1950000E-05      0.7872327E-02
   0.1850000E-05      0.8286323E-02
   0.1750000E-05      0.8804619E-02
   0.1650000E-05      0.9415984E-02
   0.1550000E-05      0.1011400E-01
   0.1462500E-05      0.1080560E-01
   0.1387500E-05      0.1147473E-01
   0.1312500E-05      0.1222730E-01
   0.1237500E-05      0.1307776E-01
   0.1175000E-05      0.1387205E-01
   0.1125000E-05      0.1457809E-01
   0.1075000E-05      0.1535473E-01
   0.1025000E-05      0.1620679E-01
   0.9800000E-06      0.1705725E-01
   0.9399999E-06      0.1781142E-01
   0.9000000E-06      0.1846932E-01
   0.8600000E-06      0.1915932E-01
   0.8200000E-06      0.1991349E-01
   0.7800000E-06      0.2073185E-01
   0.7400000E-06      0.2163045E-01
   0.7050000E-06      0.2251299E-01
   0.6750000E-06      0.2362019E-01
   0.6450000E-06      0.2511250E-01
   0.6150000E-06      0.2676527E-01
   0.5875000E-06      0.2846619E-01
   0.5625000E-06      0.3016710E-01
   0.5375000E-06      0.3207661E-01
   0.5125000E-06      0.3419472E-01
   0.4875000E-06      0.3637702E-01
   0.4625000E-06      0.3860746E-01
   0.4375000E-06      0.4111069E-01
   0.4125000E-06      0.4391880E-01
   0.3900000E-06      0.4677504E-01
   0.3700000E-06      0.4963129E-01
   0.3500000E-06      0.5284056E-01
   0.3300000E-06      0.5645098E-01
   0.3100000E-06      0.6057488E-01
   0.2900000E-06      0.6628737E-01
   0.2750000E-06      0.7286637E-01
   0.2625000E-06      0.8087347E-01
   0.2475000E-06      0.9221824E-01
   0.2350000E-06      0.1034346    
   0.2250000E-06      0.1139771    
   0.2150000E-06      0.1261241    
   0.2050000E-06      0.1402609    
   0.1950000E-06      0.1568047    
   0.1850000E-06      0.1763491    
   0.1750000E-06      0.2005791    
   0.1650000E-06      0.2325113    
   0.1550000E-06      0.2735899    
   0.1462500E-06      0.3180382    
   0.1387500E-06      0.3647330    
   0.1312500E-06      0.4215370    
   0.1237500E-06      0.4895734    
   0.1175000E-06      0.5550424    
   0.1125000E-06      0.6148952    
   0.1075000E-06      0.6843759    
   0.1025000E-06      0.7657307    
   0.9800000E-07      0.8509367    
   0.9400000E-07      0.9387102    
   0.9000000E-07       1.040123    
   0.8600000E-07       1.157743    
   0.8200000E-07       1.258032    
   0.7800000E-07       1.330240    
   0.7400000E-07       1.406942    
   0.7050000E-07       1.481236    
   0.6750000E-07       1.551359    
   0.6450000E-07       1.628702    
   0.6150000E-07       1.712143    
   0.5875000E-07       1.798793    
   0.5625000E-07       1.883839    
   0.5375000E-07       1.976907    
   0.5125000E-07       2.079604    
   0.4875000E-07       2.193533    
   0.4625000E-07       2.299439    
   0.4375000E-07       2.355601    
   0.4125000E-07       2.373252    
   0.3900000E-07       2.390903    
   0.3700000E-07       2.406949    
   0.3500000E-07       2.422996    
   0.3300000E-07       2.442251    
   0.3100000E-07       2.461507    
   0.2900000E-07       2.482367    
   0.2750000E-07       2.498413    
   0.2625000E-07       2.514460    
   0.2475000E-07       2.533715    
   0.2350000E-07       2.549762    
   0.2250000E-07       2.564203    
   0.2150000E-07       2.578645    
   0.2050000E-07       2.594691    
   0.1950000E-07       2.610738    
   0.1850000E-07       2.628388    
   0.1750000E-07       2.633202    
   0.1650000E-07       2.589877    
   0.1550000E-07       2.512855    
   0.1462500E-07       2.442251    
   0.1387500E-07       2.381275    
   0.1312500E-07       2.318694    
   0.1237500E-07       2.252904    
   0.1175000E-07       2.198347    
   0.1125000E-07       2.151813    
   0.1075000E-07       2.105278    
   0.1025000E-07       2.057139    
   0.9800000E-08       2.013814    
   0.9400000E-08       1.973698    
   0.9000000E-08       1.931978    
   0.8600000E-08       1.890257    
   0.8200000E-08       1.846932    
   0.7800000E-08       1.803607    
   0.7400000E-08       1.758678    
   0.7050000E-08       1.708934    
   0.6750000E-08       1.646353    
   0.6450000E-08       1.578317    
   0.6150000E-08       1.509639    
   0.5875000E-08       1.446255    
   0.5625000E-08       1.388649    
   0.5375000E-08       1.330722    
   0.5125000E-08       1.272795    
   0.4875000E-08       1.214546    
   0.4625000E-08       1.156138    
   0.4375000E-08       1.097569    
   0.4125000E-08       1.038839    
   0.3900000E-08      0.9857259    
   0.3700000E-08      0.9382288    
   0.3500000E-08      0.8907316    
   0.3300000E-08      0.8430740    
   0.3100000E-08      0.7950955    
   0.2900000E-08      0.7469565    
   0.2750000E-08      0.7108523    
   0.2625000E-08      0.6805248    
   0.2475000E-08      0.6440995    
   0.2350000E-08      0.6136115    
   0.2250000E-08      0.5895421    
   0.2150000E-08      0.5669168    
   0.2050000E-08      0.5449333    
   0.1950000E-08      0.5226289    
   0.1850000E-08      0.5003245    
   0.1750000E-08      0.4776991    
   0.1650000E-08      0.4549133    
   0.1550000E-08      0.4318067    
   0.1462500E-08      0.4114278    
   0.1387500E-08      0.3937768    
   0.1312500E-08      0.3759654    
   0.1237500E-08      0.3581540    
   0.1175000E-08      0.3429100    
   0.1125000E-08      0.3307148    
   0.1075000E-08      0.3185196    
   0.1025000E-08      0.3061639    
   0.9800000E-09      0.2949315    
   0.9400000E-09      0.2848223    
   0.9000000E-09      0.2747131    
   0.8600000E-09      0.2646039    
   0.8200000E-09      0.2543343    
   0.7800000E-09      0.2439042    
   0.7400000E-09      0.2334740    
   0.7050000E-09      0.2243277    
   0.6750000E-09      0.2163045    
   0.6450000E-09      0.2082813    
   0.6150000E-09      0.2002582    
   0.5875000E-09      0.1927164    
   0.5625000E-09      0.1858165    
   0.5375000E-09      0.1789165    
   0.5125000E-09      0.1720166    
   0.4875000E-09      0.1649563    
   0.4625000E-09      0.1579440    
   0.4375000E-09      0.1508194    
   0.4125000E-09      0.1436146    
   0.3900000E-09      0.1370677    
   0.3700000E-09      0.1308578    
   0.3500000E-09      0.1240702    
   0.3300000E-09      0.1170740    
   0.3100000E-09      0.1100617    
   0.2900000E-09      0.1030495    
   0.2750000E-09      0.9777027E-01
   0.2625000E-09      0.9337359E-01
   0.2475000E-09      0.8809434E-01
   0.2350000E-09      0.8368159E-01
   0.2250000E-09      0.8015141E-01
   0.2150000E-09      0.7662121E-01
   0.2050000E-09      0.7309102E-01
   0.1950000E-09      0.6954478E-01
   0.1850000E-09      0.6601460E-01
   0.1750000E-09      0.6246835E-01
   0.1650000E-09      0.5892211E-01
   0.1550000E-09      0.5537587E-01
   0.1462500E-09      0.5226289E-01
   0.1387500E-09      0.4959920E-01
   0.1312500E-09      0.4693551E-01
   0.1237500E-09      0.4425577E-01
   0.1175000E-09      0.4204138E-01
   0.1125000E-09      0.4026023E-01
   0.1075000E-09      0.3847909E-01
   0.1025000E-09      0.3669795E-01
