1.995000e+01 1.000145e-30 1.995000e+01 2.381477e-30 1.995000e+01 2.090197e-29 1.995000e+01 1.907064e-27 1.995000e+01 8.464926e-26 
1.985000e+01 1.024111e-30 1.985000e+01 2.438542e-30 1.985000e+01 2.140282e-29 1.985000e+01 1.952761e-27 1.985000e+01 8.667761e-26 
1.975000e+01 1.020599e-30 1.975000e+01 2.430179e-30 1.975000e+01 2.132942e-29 1.975000e+01 1.946065e-27 1.975000e+01 8.638036e-26 
1.965000e+01 1.051382e-30 1.965000e+01 2.503478e-30 1.965000e+01 2.197276e-29 1.965000e+01 2.004762e-27 1.965000e+01 8.898577e-26 
1.955000e+01 1.056754e-30 1.955000e+01 2.516268e-30 1.955000e+01 2.208502e-29 1.955000e+01 2.015004e-27 1.955000e+01 8.944040e-26 
1.945000e+01 9.336209e-31 1.945000e+01 2.223073e-30 1.945000e+01 1.951167e-29 1.945000e+01 1.780216e-27 1.945000e+01 7.901880e-26 
1.935000e+01 1.056134e-30 1.935000e+01 2.514792e-30 1.935000e+01 2.207207e-29 1.935000e+01 2.013822e-27 1.935000e+01 8.938795e-26 
1.925000e+01 1.054688e-30 1.925000e+01 2.511349e-30 1.925000e+01 2.204184e-29 1.925000e+01 2.011065e-27 1.925000e+01 8.926554e-26 
1.915000e+01 1.078860e-30 1.915000e+01 2.568906e-30 1.915000e+01 2.254701e-29 1.915000e+01 2.057156e-27 1.915000e+01 9.131140e-26 
1.905000e+01 1.084438e-30 1.905000e+01 2.582188e-30 1.905000e+01 2.266359e-29 1.905000e+01 2.067792e-27 1.905000e+01 9.178352e-26 
1.895000e+01 1.088570e-30 1.895000e+01 2.592027e-30 1.895000e+01 2.274995e-29 1.895000e+01 2.075671e-27 1.895000e+01 9.213323e-26 
1.885000e+01 1.145385e-30 1.885000e+01 2.727311e-30 1.885000e+01 2.393731e-29 1.885000e+01 2.184005e-27 1.885000e+01 9.694187e-26 
1.875000e+01 1.101792e-30 1.875000e+01 2.623511e-30 1.875000e+01 2.302628e-29 1.875000e+01 2.100883e-27 1.875000e+01 9.325232e-26 
1.865000e+01 1.051175e-30 1.865000e+01 2.502986e-30 1.865000e+01 2.196844e-29 1.865000e+01 2.004368e-27 1.865000e+01 8.896828e-26 
1.855000e+01 1.027004e-30 1.855000e+01 2.445429e-30 1.855000e+01 2.146327e-29 1.855000e+01 1.958277e-27 1.855000e+01 8.692243e-26 
1.845000e+01 8.964329e-31 1.845000e+01 2.134524e-30 1.845000e+01 1.873449e-29 1.845000e+01 1.709307e-27 1.845000e+01 7.587134e-26 
1.835000e+01 1.099933e-30 1.835000e+01 2.619084e-30 1.835000e+01 2.298742e-29 1.835000e+01 2.097338e-27 1.835000e+01 9.309495e-26 
1.825000e+01 1.185052e-30 1.825000e+01 2.821763e-30 1.825000e+01 2.476631e-29 1.825000e+01 2.259641e-27 1.825000e+01 1.002992e-25 
1.815000e+01 1.216661e-30 1.815000e+01 2.897029e-30 1.815000e+01 2.542692e-29 1.815000e+01 2.319914e-27 1.815000e+01 1.029745e-25 
1.805000e+01 1.184432e-30 1.805000e+01 2.820287e-30 1.805000e+01 2.475335e-29 1.805000e+01 2.258459e-27 1.805000e+01 1.002467e-25 
1.795000e+01 1.165838e-30 1.795000e+01 2.776012e-30 1.795000e+01 2.436476e-29 1.795000e+01 2.223005e-27 1.795000e+01 9.867296e-26 
1.785000e+01 1.178647e-30 1.785000e+01 2.806513e-30 1.785000e+01 2.463246e-29 1.785000e+01 2.247429e-27 1.785000e+01 9.975709e-26 
1.775000e+01 1.124312e-30 1.775000e+01 2.677133e-30 1.775000e+01 2.349691e-29 1.775000e+01 2.143823e-27 1.775000e+01 9.515829e-26 
1.765000e+01 1.165838e-30 1.765000e+01 2.776012e-30 1.765000e+01 2.436476e-29 1.765000e+01 2.223005e-27 1.765000e+01 9.867296e-26 
1.755000e+01 1.197448e-30 1.755000e+01 2.851279e-30 1.755000e+01 2.502537e-29 1.755000e+01 2.283278e-27 1.755000e+01 1.013483e-25 
1.745000e+01 1.219554e-30 1.745000e+01 2.903916e-30 1.745000e+01 2.548736e-29 1.745000e+01 2.325429e-27 1.745000e+01 1.032193e-25 
1.735000e+01 1.190836e-30 1.735000e+01 2.835537e-30 1.735000e+01 2.488721e-29 1.735000e+01 2.270671e-27 1.735000e+01 1.007888e-25 
1.725000e+01 1.224099e-30 1.725000e+01 2.914739e-30 1.725000e+01 2.558236e-29 1.725000e+01 2.334096e-27 1.725000e+01 1.036040e-25 
1.715000e+01 1.198894e-30 1.715000e+01 2.854723e-30 1.715000e+01 2.505560e-29 1.715000e+01 2.286035e-27 1.715000e+01 1.014707e-25 
1.705000e+01 1.212943e-30 1.705000e+01 2.888175e-30 1.705000e+01 2.534920e-29 1.705000e+01 2.312823e-27 1.705000e+01 1.026598e-25 
1.695000e+01 1.248891e-30 1.695000e+01 2.973772e-30 1.695000e+01 2.610048e-29 1.695000e+01 2.381369e-27 1.695000e+01 1.057023e-25 
1.685000e+01 1.189803e-30 1.685000e+01 2.833077e-30 1.685000e+01 2.486562e-29 1.685000e+01 2.268702e-27 1.685000e+01 1.007013e-25 
1.675000e+01 1.233396e-30 1.675000e+01 2.936876e-30 1.675000e+01 2.577665e-29 1.675000e+01 2.351823e-27 1.675000e+01 1.043909e-25 
1.665000e+01 1.246825e-30 1.665000e+01 2.968852e-30 1.665000e+01 2.605730e-29 1.665000e+01 2.377429e-27 1.665000e+01 1.055274e-25 
1.655000e+01 1.248271e-30 1.655000e+01 2.972296e-30 1.655000e+01 2.608752e-29 1.655000e+01 2.380187e-27 1.655000e+01 1.056498e-25 
1.645000e+01 1.207571e-30 1.645000e+01 2.875384e-30 1.645000e+01 2.523694e-29 1.645000e+01 2.302581e-27 1.645000e+01 1.022051e-25 
1.635000e+01 1.304466e-30 1.635000e+01 3.106103e-30 1.635000e+01 2.726194e-29 1.635000e+01 2.487338e-27 1.635000e+01 1.104060e-25 
1.625000e+01 1.147038e-30 1.625000e+01 2.731246e-30 1.625000e+01 2.397185e-29 1.625000e+01 2.187156e-27 1.625000e+01 9.708174e-26 
1.615000e+01 1.431524e-30 1.615000e+01 3.408646e-30 1.615000e+01 2.991732e-29 1.615000e+01 2.729612e-27 1.615000e+01 1.211598e-25 
1.605000e+01 1.299508e-30 1.605000e+01 3.094297e-30 1.605000e+01 2.715831e-29 1.605000e+01 2.477884e-27 1.605000e+01 1.099863e-25 
1.595000e+01 1.295582e-30 1.595000e+01 3.084950e-30 1.595000e+01 2.707628e-29 1.595000e+01 2.470399e-27 1.595000e+01 1.096541e-25 
1.585000e+01 1.303433e-30 1.585000e+01 3.103644e-30 1.585000e+01 2.724035e-29 1.585000e+01 2.485369e-27 1.585000e+01 1.103186e-25 
1.575000e+01 2.636203e-30 1.575000e+01 6.232868e-30 1.575000e+01 5.345309e-29 1.575000e+01 4.471222e-27 1.575000e+01 1.977656e-25 
1.565000e+01 9.443639e-30 1.565000e+01 2.205363e-29 1.565000e+01 1.818182e-28 1.565000e+01 1.314972e-26 1.565000e+01 5.772097e-25 
1.555000e+01 3.410949e-29 1.555000e+01 7.866106e-29 1.555000e+01 6.234754e-28 1.555000e+01 3.892130e-26 1.555000e+01 1.697007e-24 
1.545000e+01 1.242073e-28 1.545000e+01 2.829634e-28 1.545000e+01 2.155826e-27 1.545000e+01 1.160154e-25 1.545000e+01 5.023700e-24 
1.535000e+01 4.561705e-28 1.535000e+01 1.026185e-27 1.535000e+01 7.512792e-27 1.535000e+01 3.483613e-25 1.535000e+01 1.497842e-23 
1.525000e+01 1.689360e-27 1.525000e+01 3.753495e-27 1.525000e+01 2.639840e-26 1.525000e+01 1.053396e-24 1.525000e+01 4.497375e-23 
1.515000e+01 6.311598e-27 1.515000e+01 1.384808e-26 1.515000e+01 9.352132e-26 1.515000e+01 3.209037e-24 1.515000e+01 1.360404e-22 
1.505000e+01 2.377954e-26 1.505000e+01 5.150602e-26 1.505000e+01 3.341034e-25 1.505000e+01 9.848505e-24 1.505000e+01 4.144159e-22 
1.495000e+01 9.042837e-26 1.495000e+01 1.934304e-25 1.495000e+01 1.203774e-24 1.495000e+01 3.045158e-23 1.495000e+01 1.272274e-21 
1.485000e+01 3.468797e-25 1.485000e+01 7.324972e-25 1.485000e+01 4.373827e-24 1.485000e+01 9.486080e-23 1.485000e+01 3.934328e-21 
1.475000e+01 1.343100e-24 1.475000e+01 2.799133e-24 1.475000e+01 1.604024e-23 1.475000e+01 2.978188e-22 1.475000e+01 1.226461e-20 
1.465000e+01 5.247614e-24 1.465000e+01 1.079806e-23 1.465000e+01 5.932515e-23 1.465000e+01 9.423050e-22 1.465000e+01 3.852145e-20 
1.455000e+01 2.070122e-23 1.455000e+01 4.202636e-23 1.455000e+01 2.214115e-22 1.455000e+01 3.004976e-21 1.455000e+01 1.219292e-19 
1.445000e+01 8.241233e-23 1.445000e+01 1.651440e-22 1.445000e+01 8.337473e-22 1.445000e+01 9.659414e-21 1.445000e+01 3.890614e-19 
1.435000e+01 3.313847e-22 1.435000e+01 6.547709e-22 1.435000e+01 3.169621e-21 1.435000e+01 3.130643e-20 1.435000e+01 1.251466e-18 
1.425000e+01 1.344959e-21 1.425000e+01 2.623511e-21 1.425000e+01 1.216295e-20 1.425000e+01 1.023063e-19 1.425000e+01 4.058479e-18 
1.415000e+01 5.514127e-21 1.415000e+01 1.061113e-20 1.415000e+01 4.710608e-20 1.415000e+01 3.370946e-19 1.415000e+01 1.327180e-17 
1.405000e+01 2.282918e-20 1.405000e+01 4.334475e-20 1.405000e+01 1.841929e-19 1.405000e+01 1.120366e-18 1.405000e+01 4.376722e-17 
1.395000e+01 9.551069e-20 1.395000e+01 1.788690e-19 1.395000e+01 7.275319e-19 1.395000e+01 3.755038e-18 1.395000e+01 1.455702e-16 
1.385000e+01 4.036944e-19 1.385000e+01 7.457797e-19 1.385000e+01 2.901492e-18 1.385000e+01 1.269669e-17 1.385000e+01 4.883814e-16 
1.375000e+01 1.724275e-18 1.375000e+01 3.140539e-18 1.375000e+01 1.168800e-17 1.375000e+01 4.329403e-17 1.375000e+01 1.652943e-15 
1.365000e+01 7.443761e-18 1.365000e+01 1.337090e-17 1.365000e+01 4.758102e-17 1.365000e+01 1.490670e-16 1.365000e+01 5.644450e-15 
1.355000e+01 3.247736e-17 1.355000e+01 5.750767e-17 1.355000e+01 1.956349e-16 1.355000e+01 5.176375e-16 1.355000e+01 1.944433e-14 
1.345000e+01 1.432764e-16 1.345000e+01 2.501510e-16 1.345000e+01 8.130223e-16 1.345000e+01 1.814883e-15 1.345000e+01 6.763548e-14 
1.335000e+01 6.390106e-16 1.335000e+01 1.099976e-15 1.335000e+01 3.414435e-15 1.335000e+01 6.421225e-15 1.335000e+01 2.374586e-13 
1.325000e+01 2.882056e-15 1.325000e+01 4.890858e-15 1.325000e+01 1.449883e-14 1.325000e+01 2.294308e-14 1.325000e+01 8.412470e-13 
1.315000e+01 1.315622e-14 1.315000e+01 2.199460e-14 1.315000e+01 6.221801e-14 1.315000e+01 8.276684e-14 1.315000e+01 3.009324e-12 
1.305000e+01 6.074010e-14 1.305000e+01 1.000604e-13 1.305000e+01 2.701151e-13 1.305000e+01 3.014825e-13 1.305000e+01 1.087448e-11 
1.295000e+01 2.836604e-13 1.295000e+01 4.605534e-13 1.295000e+01 1.185640e-12 1.295000e+01 1.109336e-12 1.295000e+01 3.967552e-11 
1.285000e+01 1.341034e-12 1.285000e+01 2.144855e-12 1.285000e+01 5.267591e-12 1.285000e+01 4.120614e-12 1.285000e+01 1.462171e-10 
1.275000e+01 6.416963e-12 1.275000e+01 1.010935e-11 1.275000e+01 2.366098e-11 1.275000e+01 1.547791e-11 1.275000e+01 5.443363e-10 
1.265000e+01 3.109314e-11 1.265000e+01 4.824939e-11 1.265000e+01 1.075538e-10 1.265000e+01 5.873649e-11 1.265000e+01 2.047599e-09 
1.255000e+01 6.613233e-11 1.255000e+01 1.006999e-10 1.255000e+01 2.188209e-10 1.255000e+01 1.159366e-10 1.255000e+01 3.769961e-09 
1.245000e+01 7.522268e-11 1.245000e+01 1.116210e-10 1.245000e+01 2.389845e-10 1.245000e+01 1.368548e-10 1.245000e+01 3.901105e-09 
1.235000e+01 8.565593e-11 1.235000e+01 1.238211e-10 1.235000e+01 2.611775e-10 1.235000e+01 1.617912e-10 1.235000e+01 4.039244e-09 
1.225000e+01 9.763868e-11 1.225000e+01 1.374478e-10 1.225000e+01 2.856156e-10 1.225000e+01 1.914943e-10 1.225000e+01 4.182628e-09 
1.215000e+01 1.114188e-10 1.215000e+01 1.526979e-10 1.215000e+01 3.126013e-10 1.215000e+01 2.269884e-10 1.215000e+01 4.333007e-09 
1.205000e+01 1.272650e-10 1.205000e+01 1.698174e-10 1.205000e+01 3.423933e-10 1.205000e+01 2.694551e-10 1.205000e+01 4.488632e-09 
1.195000e+01 1.455489e-10 1.195000e+01 1.890522e-10 1.195000e+01 3.753374e-10 1.195000e+01 3.203128e-10 1.195000e+01 4.652999e-09 
1.185000e+01 1.666427e-10 1.185000e+01 2.105991e-10 1.185000e+01 4.116924e-10 1.185000e+01 3.813341e-10 1.185000e+01 4.824361e-09 
1.175000e+01 1.910214e-10 1.175000e+01 2.348025e-10 1.175000e+01 4.520629e-10 1.175000e+01 4.546070e-10 1.175000e+01 5.002717e-09 
1.165000e+01 2.192015e-10 1.165000e+01 2.621051e-10 1.165000e+01 4.965351e-10 1.165000e+01 5.428496e-10 1.165000e+01 5.189817e-09 
1.155000e+01 2.518441e-10 1.155000e+01 2.928021e-10 1.155000e+01 5.461886e-10 1.155000e+01 6.492136e-10 1.155000e+01 5.385658e-09 
1.145000e+01 2.896517e-10 1.145000e+01 3.274347e-10 1.145000e+01 6.010234e-10 1.145000e+01 7.776380e-10 1.145000e+01 5.590244e-09 
1.135000e+01 3.336573e-10 1.135000e+01 3.664946e-10 1.135000e+01 6.619029e-10 1.135000e+01 9.328505e-10 1.135000e+01 5.805320e-09 
1.125000e+01 3.846873e-10 1.125000e+01 4.106215e-10 1.125000e+01 7.296908e-10 1.125000e+01 1.120760e-09 1.125000e+01 6.030888e-09 
1.115000e+01 4.443944e-10 1.115000e+01 4.605534e-10 1.115000e+01 8.052505e-10 1.115000e+01 1.348851e-09 1.115000e+01 6.266948e-09 
1.105000e+01 5.136050e-10 1.105000e+01 5.170280e-10 1.105000e+01 8.890138e-10 1.105000e+01 1.625791e-09 1.105000e+01 6.513500e-09 
1.095000e+01 5.945918e-10 1.095000e+01 5.809800e-10 1.095000e+01 9.827077e-10 1.095000e+01 1.963398e-09 1.095000e+01 6.772290e-09 
1.085000e+01 6.894208e-10 1.085000e+01 6.537869e-10 1.085000e+01 1.087196e-09 1.085000e+01 2.375066e-09 1.085000e+01 7.045072e-09 
1.075000e+01 8.001578e-10 1.075000e+01 7.364328e-10 1.075000e+01 1.203774e-09 1.075000e+01 2.878127e-09 1.075000e+01 7.331840e-09 
1.065000e+01 9.301085e-10 1.065000e+01 8.303932e-10 1.065000e+01 1.334168e-09 1.065000e+01 3.494250e-09 1.065000e+01 7.630849e-09 
1.055000e+01 1.082785e-09 1.055000e+01 9.376359e-10 1.055000e+01 1.480538e-09 1.055000e+01 4.250615e-09 1.055000e+01 7.947343e-09 
1.045000e+01 1.262320e-09 1.045000e+01 1.059637e-09 1.045000e+01 1.644179e-09 1.045000e+01 5.176374e-09 1.045000e+01 8.279576e-09 
1.035000e+01 1.473671e-09 1.035000e+01 1.198855e-09 1.035000e+01 1.827681e-09 1.035000e+01 6.322740e-09 1.035000e+01 8.627545e-09 
1.025000e+01 1.723242e-09 1.025000e+01 1.358244e-09 1.025000e+01 2.034067e-09 1.025000e+01 7.733046e-09 1.025000e+01 8.996498e-09 
1.015000e+01 2.017852e-09 1.015000e+01 1.540753e-09 1.015000e+01 2.265927e-09 1.015000e+01 9.474261e-09 1.015000e+01 9.382936e-09 
1.005000e+01 2.367624e-09 1.005000e+01 1.749827e-09 1.005000e+01 2.527148e-09 1.005000e+01 1.163699e-08 1.005000e+01 9.790358e-09 
9.950000e+00 2.636203e-09 9.950000e+00 1.927909e-09 9.950000e+00 2.751668e-09 9.950000e+00 1.301185e-08 9.950000e+00 1.013133e-08 
9.850000e+00 2.789086e-09 9.850000e+00 2.061717e-09 9.850000e+00 2.926967e-09 9.850000e+00 1.327184e-08 9.850000e+00 1.039537e-08 
9.750000e+00 2.954365e-09 9.750000e+00 2.205855e-09 9.750000e+00 3.115650e-09 9.750000e+00 1.353972e-08 9.750000e+00 1.066990e-08 
9.650000e+00 3.132040e-09 9.650000e+00 2.362291e-09 9.650000e+00 3.318150e-09 9.650000e+00 1.381942e-08 9.650000e+00 1.095317e-08 
9.550000e+00 3.320045e-09 9.550000e+00 2.531027e-09 9.550000e+00 3.536194e-09 9.550000e+00 1.410700e-08 9.550000e+00 1.124868e-08 
9.450000e+00 3.524578e-09 9.450000e+00 2.714028e-09 9.450000e+00 3.771508e-09 9.450000e+00 1.440245e-08 9.450000e+00 1.155469e-08 
9.350000e+00 3.741508e-09 9.350000e+00 2.912771e-09 9.350000e+00 4.024957e-09 9.350000e+00 1.470579e-08 9.350000e+00 1.187293e-08 
9.250000e+00 3.974964e-09 9.250000e+00 3.127749e-09 9.250000e+00 4.298268e-09 9.250000e+00 1.502094e-08 9.250000e+00 1.220341e-08 
9.150000e+00 4.227014e-09 9.150000e+00 3.361912e-09 9.150000e+00 4.594030e-09 9.150000e+00 1.534397e-08 9.150000e+00 1.254614e-08 
9.050000e+00 4.495593e-09 9.050000e+00 3.616244e-09 9.050000e+00 4.913539e-09 9.050000e+00 1.568276e-08 9.050000e+00 1.290285e-08 
8.950000e+00 4.786898e-09 8.950000e+00 3.892713e-09 8.950000e+00 5.258955e-09 8.950000e+00 1.602943e-08 8.950000e+00 1.327355e-08 
8.850000e+00 5.098863e-09 8.850000e+00 4.193780e-09 8.850000e+00 5.630277e-09 8.850000e+00 1.638791e-08 8.850000e+00 1.365999e-08 
8.750000e+00 5.435619e-09 8.750000e+00 4.522396e-09 8.750000e+00 6.036140e-09 8.750000e+00 1.675822e-08 8.750000e+00 1.406217e-08 
8.650000e+00 5.799233e-09 8.650000e+00 4.880527e-09 8.650000e+00 6.476546e-09 8.650000e+00 1.714034e-08 8.650000e+00 1.448008e-08 
8.550000e+00 6.191771e-09 8.550000e+00 5.273587e-09 8.550000e+00 6.955810e-09 8.550000e+00 1.753822e-08 8.550000e+00 1.491548e-08 
8.450000e+00 6.617364e-09 8.450000e+00 5.701573e-09 8.450000e+00 7.473933e-09 8.450000e+00 1.795186e-08 8.450000e+00 1.537011e-08 
8.350000e+00 7.076015e-09 8.350000e+00 6.168916e-09 8.350000e+00 8.035234e-09 8.350000e+00 1.837731e-08 8.350000e+00 1.584398e-08 
8.250000e+00 7.571852e-09 8.250000e+00 6.680533e-09 8.250000e+00 8.652663e-09 8.250000e+00 1.881852e-08 8.250000e+00 1.633883e-08 
8.150000e+00 8.111074e-09 8.150000e+00 7.246263e-09 8.150000e+00 9.321908e-09 8.150000e+00 1.927549e-08 8.150000e+00 1.685466e-08 
8.050000e+00 8.695752e-09 8.050000e+00 7.861185e-09 8.050000e+00 1.005160e-08 8.050000e+00 1.975216e-08 8.050000e+00 1.739498e-08 
7.950000e+00 9.263898e-09 7.950000e+00 8.451513e-09 7.950000e+00 1.073811e-08 7.950000e+00 2.023277e-08 7.950000e+00 1.794054e-08 
7.850000e+00 9.706019e-09 7.850000e+00 8.859822e-09 7.850000e+00 1.118715e-08 7.850000e+00 2.070550e-08 7.850000e+00 1.846511e-08 
7.750000e+00 1.006963e-08 7.750000e+00 9.150066e-09 7.750000e+00 1.147644e-08 7.750000e+00 2.118217e-08 7.750000e+00 1.898969e-08 
7.650000e+00 1.044978e-08 7.650000e+00 9.450151e-09 7.650000e+00 1.178300e-08 7.650000e+00 2.167459e-08 7.650000e+00 1.953175e-08 
7.550000e+00 1.085058e-08 7.550000e+00 9.764991e-09 7.550000e+00 1.210250e-08 7.550000e+00 2.218277e-08 7.550000e+00 2.009130e-08 
7.450000e+00 1.127411e-08 7.450000e+00 1.009459e-08 7.450000e+00 1.243065e-08 7.450000e+00 2.271459e-08 7.450000e+00 2.068582e-08 
7.350000e+00 1.171829e-08 7.350000e+00 1.044387e-08 7.350000e+00 1.277607e-08 7.350000e+00 2.326217e-08 7.350000e+00 2.129783e-08 
7.250000e+00 1.218727e-08 7.250000e+00 1.080790e-08 7.250000e+00 1.313443e-08 7.250000e+00 2.383338e-08 7.250000e+00 2.194481e-08 
7.150000e+00 1.268311e-08 7.150000e+00 1.118670e-08 7.150000e+00 1.350576e-08 7.150000e+00 2.442429e-08 7.150000e+00 2.260928e-08 
7.050000e+00 1.320374e-08 7.050000e+00 1.158517e-08 7.050000e+00 1.389435e-08 7.050000e+00 2.504278e-08 7.050000e+00 2.330871e-08 
6.950000e+00 1.375536e-08 6.950000e+00 1.200823e-08 6.950000e+00 1.430021e-08 6.950000e+00 2.568096e-08 6.950000e+00 2.404312e-08 
6.850000e+00 1.434003e-08 6.850000e+00 1.245098e-08 6.850000e+00 1.472767e-08 6.850000e+00 2.635066e-08 6.850000e+00 2.481250e-08 
6.750000e+00 1.495570e-08 6.750000e+00 1.291340e-08 6.750000e+00 1.517239e-08 6.750000e+00 2.704400e-08 6.750000e+00 2.561685e-08 
6.650000e+00 1.560855e-08 6.650000e+00 1.340534e-08 6.650000e+00 1.563438e-08 6.650000e+00 2.776885e-08 6.650000e+00 2.645618e-08 
6.550000e+00 1.630066e-08 6.550000e+00 1.392188e-08 6.550000e+00 1.611796e-08 6.550000e+00 2.852127e-08 6.550000e+00 2.734796e-08 
6.450000e+00 1.703615e-08 6.450000e+00 1.446793e-08 6.450000e+00 1.662745e-08 6.450000e+00 2.930915e-08 6.450000e+00 2.827471e-08 
6.350000e+00 1.781090e-08 6.350000e+00 1.503858e-08 6.350000e+00 1.715853e-08 6.350000e+00 3.011673e-08 6.350000e+00 2.921895e-08 
6.250000e+00 1.860011e-08 6.250000e+00 1.562399e-08 6.250000e+00 1.768097e-08 6.250000e+00 3.082976e-08 6.250000e+00 2.995336e-08 
6.150000e+00 1.939964e-08 6.150000e+00 1.621923e-08 6.150000e+00 1.819478e-08 6.150000e+00 3.144824e-08 6.150000e+00 3.046045e-08 
6.050000e+00 2.025083e-08 6.050000e+00 1.685383e-08 6.050000e+00 1.873017e-08 6.050000e+00 3.209037e-08 6.050000e+00 3.098502e-08 
5.950000e+00 2.115573e-08 5.950000e+00 1.751795e-08 5.950000e+00 1.929579e-08 5.950000e+00 3.275613e-08 5.950000e+00 3.152708e-08 
5.850000e+00 2.210609e-08 5.850000e+00 1.822142e-08 5.850000e+00 1.988731e-08 5.850000e+00 3.344946e-08 5.850000e+00 3.208664e-08 
5.750000e+00 2.313908e-08 5.750000e+00 1.896425e-08 5.750000e+00 2.050474e-08 5.750000e+00 3.416644e-08 5.750000e+00 3.266367e-08 
5.650000e+00 2.421340e-08 5.650000e+00 1.975627e-08 5.650000e+00 2.115672e-08 5.650000e+00 3.491492e-08 5.650000e+00 3.325819e-08 
5.550000e+00 2.537035e-08 5.550000e+00 2.059257e-08 5.550000e+00 2.183891e-08 5.550000e+00 3.569492e-08 5.550000e+00 3.388768e-08 
5.450000e+00 2.660995e-08 5.450000e+00 2.148298e-08 5.450000e+00 2.255565e-08 5.450000e+00 3.650250e-08 5.450000e+00 3.453466e-08 
5.350000e+00 2.793218e-08 5.350000e+00 2.242750e-08 5.350000e+00 2.331124e-08 5.350000e+00 3.734553e-08 5.350000e+00 3.521661e-08 
5.250000e+00 2.933705e-08 5.250000e+00 2.343106e-08 5.250000e+00 2.411002e-08 5.250000e+00 3.822402e-08 5.250000e+00 3.589856e-08 
5.150000e+00 3.084522e-08 5.150000e+00 2.450349e-08 5.150000e+00 2.494765e-08 5.150000e+00 3.914190e-08 5.150000e+00 3.663297e-08 
5.050000e+00 3.245670e-08 5.050000e+00 2.563494e-08 5.050000e+00 2.582846e-08 5.050000e+00 4.010311e-08 5.050000e+00 3.738486e-08 
4.950000e+00 3.402685e-08 4.950000e+00 2.672213e-08 4.950000e+00 2.669200e-08 4.950000e+00 4.104857e-08 4.950000e+00 3.815424e-08 
4.850000e+00 3.557634e-08 4.850000e+00 2.776996e-08 4.850000e+00 2.754259e-08 4.850000e+00 4.203342e-08 4.850000e+00 3.894111e-08 
4.750000e+00 3.720847e-08 4.750000e+00 2.888174e-08 4.750000e+00 2.843635e-08 4.750000e+00 4.305766e-08 4.750000e+00 3.976294e-08 
4.650000e+00 3.894391e-08 4.650000e+00 3.006240e-08 4.650000e+00 2.938192e-08 4.650000e+00 4.412131e-08 4.650000e+00 4.061976e-08 
4.550000e+00 4.082396e-08 4.550000e+00 3.131684e-08 4.550000e+00 3.038364e-08 4.550000e+00 4.522434e-08 4.550000e+00 4.151154e-08 
4.450000e+00 4.282797e-08 4.450000e+00 3.265491e-08 4.450000e+00 3.143715e-08 4.450000e+00 4.640616e-08 4.450000e+00 4.243829e-08 
4.350000e+00 4.499725e-08 4.350000e+00 3.408646e-08 4.350000e+00 3.255543e-08 4.350000e+00 4.762737e-08 4.350000e+00 4.341750e-08 
4.250000e+00 4.731116e-08 4.250000e+00 3.561147e-08 4.250000e+00 3.373848e-08 4.250000e+00 4.892738e-08 4.250000e+00 4.443169e-08 
4.150000e+00 4.981101e-08 4.150000e+00 3.724471e-08 4.150000e+00 3.499925e-08 4.150000e+00 5.026677e-08 4.150000e+00 4.551581e-08 
4.050000e+00 5.249680e-08 4.050000e+00 3.899601e-08 4.050000e+00 3.633341e-08 4.050000e+00 5.172435e-08 4.050000e+00 4.663491e-08 
3.950000e+00 5.505863e-08 3.950000e+00 4.065384e-08 3.950000e+00 3.758555e-08 3.950000e+00 5.302435e-08 3.950000e+00 4.766657e-08 
3.850000e+00 5.737253e-08 3.850000e+00 4.213950e-08 3.850000e+00 3.869520e-08 3.850000e+00 5.416678e-08 3.850000e+00 4.857585e-08 
3.750000e+00 5.974842e-08 3.750000e+00 4.365467e-08 3.750000e+00 3.981780e-08 3.750000e+00 5.534860e-08 3.750000e+00 4.950259e-08 
3.650000e+00 6.228959e-08 3.650000e+00 4.527315e-08 3.650000e+00 4.100517e-08 3.650000e+00 5.653042e-08 3.650000e+00 5.046432e-08 
3.550000e+00 6.501669e-08 3.550000e+00 4.699494e-08 3.550000e+00 4.226161e-08 3.550000e+00 5.783042e-08 3.550000e+00 5.146102e-08 
3.450000e+00 6.795040e-08 3.450000e+00 4.883971e-08 3.450000e+00 4.360874e-08 3.450000e+00 5.916982e-08 3.450000e+00 5.251017e-08 
3.350000e+00 7.111137e-08 3.350000e+00 5.081731e-08 3.350000e+00 4.503358e-08 3.350000e+00 6.054862e-08 3.350000e+00 5.362927e-08 
3.250000e+00 7.452024e-08 3.250000e+00 5.293265e-08 3.250000e+00 4.650160e-08 3.250000e+00 6.204559e-08 3.250000e+00 5.478334e-08 
3.150000e+00 7.797045e-08 3.150000e+00 5.509717e-08 3.150000e+00 4.809914e-08 3.150000e+00 6.362134e-08 3.150000e+00 5.602483e-08 
3.050000e+00 8.133801e-08 3.050000e+00 5.726171e-08 3.050000e+00 4.969669e-08 3.050000e+00 6.527590e-08 3.050000e+00 5.735376e-08 
2.950000e+00 8.478822e-08 2.950000e+00 5.957382e-08 2.950000e+00 5.138059e-08 2.950000e+00 6.704862e-08 2.950000e+00 5.877012e-08 
2.850000e+00 8.852766e-08 2.850000e+00 6.203352e-08 2.850000e+00 5.319402e-08 2.850000e+00 6.890014e-08 2.850000e+00 6.025643e-08 
2.750000e+00 9.255633e-08 2.750000e+00 6.464080e-08 2.750000e+00 5.513699e-08 2.750000e+00 7.090924e-08 2.750000e+00 6.184764e-08 
2.650000e+00 9.693623e-08 2.650000e+00 6.749404e-08 2.650000e+00 5.720948e-08 2.650000e+00 7.303652e-08 2.650000e+00 6.354377e-08 
2.550000e+00 1.016260e-07 2.550000e+00 7.059325e-08 2.550000e+00 5.941151e-08 2.550000e+00 7.528197e-08 2.550000e+00 6.534484e-08 
2.450000e+00 1.060059e-07 2.450000e+00 7.339731e-08 2.450000e+00 6.148400e-08 2.450000e+00 7.744865e-08 2.450000e+00 6.705844e-08 
2.350000e+00 1.100346e-07 2.350000e+00 7.590620e-08 2.350000e+00 6.342697e-08 2.350000e+00 7.949712e-08 2.350000e+00 6.870211e-08 
2.250000e+00 1.144145e-07 2.250000e+00 7.871025e-08 2.250000e+00 6.554264e-08 2.250000e+00 8.174259e-08 2.250000e+00 7.045071e-08 
2.150000e+00 1.191663e-07 2.150000e+00 8.166189e-08 2.150000e+00 6.778783e-08 2.150000e+00 8.410624e-08 2.150000e+00 7.233919e-08 
2.050000e+00 1.243726e-07 2.050000e+00 8.495788e-08 2.050000e+00 7.024893e-08 2.050000e+00 8.666684e-08 2.050000e+00 7.436756e-08 
1.950000e+00 1.293929e-07 1.950000e+00 8.820467e-08 1.950000e+00 7.266684e-08 1.950000e+00 8.922746e-08 1.950000e+00 7.641341e-08 
1.850000e+00 1.341240e-07 1.850000e+00 9.145147e-08 1.850000e+00 7.504157e-08 1.850000e+00 9.174868e-08 1.850000e+00 7.844176e-08 
1.750000e+00 1.392064e-07 1.750000e+00 9.499342e-08 1.750000e+00 7.758901e-08 1.750000e+00 9.450626e-08 1.750000e+00 8.061002e-08 
1.650000e+00 1.448259e-07 1.650000e+00 9.887975e-08 1.650000e+00 8.039552e-08 1.650000e+00 9.750019e-08 1.650000e+00 8.298811e-08 
1.550000e+00 1.502181e-07 1.550000e+00 1.024709e-07 1.550000e+00 8.307249e-08 1.550000e+00 1.003366e-07 1.550000e+00 8.524378e-08 
1.450000e+00 1.551558e-07 1.450000e+00 1.056193e-07 1.450000e+00 8.544721e-08 1.450000e+00 1.028578e-07 1.450000e+00 8.725467e-08 
1.350000e+00 1.604034e-07 1.350000e+00 1.088169e-07 1.350000e+00 8.799465e-08 1.350000e+00 1.055366e-07 1.350000e+00 8.937046e-08 
1.250000e+00 1.660229e-07 1.250000e+00 1.125556e-07 1.250000e+00 9.084433e-08 1.250000e+00 1.086093e-07 1.250000e+00 9.181848e-08 
1.150000e+00 1.719316e-07 1.150000e+00 1.168355e-07 1.150000e+00 9.421215e-08 1.150000e+00 1.121942e-07 1.150000e+00 9.475612e-08 
1.050000e+00 1.784602e-07 1.050000e+00 1.217549e-07 1.050000e+00 9.805490e-08 1.050000e+00 1.163305e-07 1.050000e+00 9.816586e-08 
9.800000e-01 1.834186e-07 9.800000e-01 1.254937e-07 9.800000e-01 1.009909e-07 9.800000e-01 1.194821e-07 9.800000e-01 1.007538e-07 
9.400000e-01 1.863110e-07 9.400000e-01 1.277074e-07 9.400000e-01 1.026748e-07 9.400000e-01 1.214124e-07 9.400000e-01 1.023100e-07 
9.000000e-01 1.893893e-07 9.000000e-01 1.300195e-07 9.000000e-01 1.044883e-07 9.000000e-01 1.234609e-07 9.000000e-01 1.039362e-07 
8.600000e-01 1.926535e-07 8.600000e-01 1.324792e-07 8.600000e-01 1.063881e-07 8.600000e-01 1.256275e-07 8.600000e-01 1.056673e-07 
8.200000e-01 1.961451e-07 8.200000e-01 1.351357e-07 8.200000e-01 1.084605e-07 8.200000e-01 1.279124e-07 8.200000e-01 1.075208e-07 
7.800000e-01 1.996779e-07 7.800000e-01 1.378905e-07 7.800000e-01 1.106194e-07 7.800000e-01 1.303548e-07 7.800000e-01 1.094792e-07 
7.400000e-01 2.031901e-07 7.400000e-01 1.407438e-07 7.400000e-01 1.129941e-07 7.400000e-01 1.329548e-07 7.400000e-01 1.115601e-07 
7.050000e-01 2.064543e-07 7.050000e-01 1.434003e-07 7.050000e-01 1.151962e-07 7.050000e-01 1.353578e-07 7.050000e-01 1.134835e-07 
6.750000e-01 2.094913e-07 6.750000e-01 1.458108e-07 6.750000e-01 1.172255e-07 6.750000e-01 1.376033e-07 6.750000e-01 1.152671e-07 
6.450000e-01 2.125903e-07 6.450000e-01 1.484180e-07 6.450000e-01 1.193843e-07 6.450000e-01 1.399669e-07 6.450000e-01 1.171381e-07 
6.150000e-01 2.161025e-07 6.150000e-01 1.512221e-07 6.150000e-01 1.216727e-07 6.150000e-01 1.424094e-07 6.150000e-01 1.191315e-07 
5.875000e-01 2.196147e-07 5.875000e-01 1.539769e-07 5.875000e-01 1.238747e-07 5.875000e-01 1.447730e-07 5.875000e-01 1.210724e-07 
5.625000e-01 2.231269e-07 5.625000e-01 1.566334e-07 5.625000e-01 1.259904e-07 5.625000e-01 1.470579e-07 5.625000e-01 1.229609e-07 
5.375000e-01 2.268457e-07 5.375000e-01 1.594866e-07 5.375000e-01 1.282788e-07 5.375000e-01 1.495003e-07 5.375000e-01 1.249543e-07 
5.125000e-01 2.307710e-07 5.125000e-01 1.625367e-07 5.125000e-01 1.306967e-07 5.125000e-01 1.521003e-07 5.125000e-01 1.270701e-07 
4.875000e-01 2.349030e-07 4.875000e-01 1.658819e-07 4.875000e-01 1.332873e-07 4.875000e-01 1.549367e-07 4.875000e-01 1.294306e-07 
4.625000e-01 2.394482e-07 4.625000e-01 1.695222e-07 4.625000e-01 1.360506e-07 4.625000e-01 1.580488e-07 4.625000e-01 1.320186e-07 
4.375000e-01 2.442000e-07 4.375000e-01 1.735069e-07 4.375000e-01 1.390299e-07 4.375000e-01 1.613973e-07 4.375000e-01 1.348163e-07 
4.125000e-01 2.495716e-07 4.125000e-01 1.777868e-07 4.125000e-01 1.423113e-07 4.125000e-01 1.650216e-07 4.125000e-01 1.378414e-07 
3.900000e-01 2.547365e-07 3.900000e-01 1.817715e-07 3.900000e-01 1.453768e-07 3.900000e-01 1.685276e-07 3.900000e-01 1.407266e-07 
3.700000e-01 2.599015e-07 3.700000e-01 1.853135e-07 3.700000e-01 1.482265e-07 3.700000e-01 1.717973e-07 3.700000e-01 1.433844e-07 
3.500000e-01 2.654797e-07 3.500000e-01 1.890522e-07 3.500000e-01 1.513353e-07 3.500000e-01 1.753428e-07 3.500000e-01 1.462346e-07 
3.300000e-01 2.714711e-07 3.300000e-01 1.931353e-07 3.300000e-01 1.546599e-07 3.300000e-01 1.791640e-07 3.300000e-01 1.493122e-07 
3.100000e-01 2.782888e-07 3.100000e-01 1.980055e-07 3.100000e-01 1.585458e-07 3.100000e-01 1.836155e-07 3.100000e-01 1.529492e-07 
2.900000e-01 2.859330e-07 2.900000e-01 2.039088e-07 2.900000e-01 1.631658e-07 2.900000e-01 1.888550e-07 2.900000e-01 1.572682e-07 
2.750000e-01 2.923375e-07 2.750000e-01 2.088282e-07 2.750000e-01 1.669653e-07 2.750000e-01 1.931883e-07 2.750000e-01 1.608353e-07 
2.625000e-01 2.981223e-07 2.625000e-01 2.132556e-07 2.625000e-01 1.703763e-07 2.625000e-01 1.970883e-07 2.625000e-01 1.640528e-07 
2.475000e-01 3.059731e-07 2.475000e-01 2.192081e-07 2.475000e-01 1.750826e-07 2.475000e-01 2.024459e-07 2.475000e-01 1.684417e-07 
2.350000e-01 3.132041e-07 2.350000e-01 2.249637e-07 2.350000e-01 1.795298e-07 2.350000e-01 2.076459e-07 2.350000e-01 1.726383e-07 
2.250000e-01 3.196086e-07 2.250000e-01 2.299815e-07 2.250000e-01 1.835021e-07 2.250000e-01 2.122156e-07 2.250000e-01 1.762579e-07 
2.150000e-01 3.264264e-07 2.150000e-01 2.353436e-07 2.150000e-01 1.876903e-07 2.150000e-01 2.171005e-07 2.150000e-01 1.802797e-07 
2.050000e-01 3.338639e-07 2.050000e-01 2.410993e-07 2.050000e-01 1.922239e-07 2.050000e-01 2.223398e-07 2.050000e-01 1.844763e-07 
1.950000e-01 3.419213e-07 1.950000e-01 2.473961e-07 1.950000e-01 1.971460e-07 1.950000e-01 2.280914e-07 1.950000e-01 1.891975e-07 
1.850000e-01 3.512182e-07 1.850000e-01 2.542833e-07 1.850000e-01 2.026295e-07 1.850000e-01 2.343944e-07 1.850000e-01 1.942684e-07 
1.750000e-01 3.613416e-07 1.750000e-01 2.618100e-07 1.750000e-01 2.085879e-07 1.750000e-01 2.412490e-07 1.750000e-01 1.996890e-07 
1.650000e-01 3.722914e-07 1.650000e-01 2.700253e-07 1.650000e-01 2.151076e-07 1.650000e-01 2.486944e-07 1.650000e-01 2.058091e-07 
1.550000e-01 3.842741e-07 1.550000e-01 2.790278e-07 1.550000e-01 2.222318e-07 1.550000e-01 2.567309e-07 1.550000e-01 2.124537e-07 
1.462500e-01 3.956370e-07 1.462500e-01 2.876860e-07 1.462500e-01 2.290970e-07 1.462500e-01 2.642551e-07 1.462500e-01 2.187486e-07 
1.387500e-01 4.061736e-07 1.387500e-01 2.958029e-07 1.387500e-01 2.355304e-07 1.387500e-01 2.712672e-07 1.387500e-01 2.246939e-07 
1.312500e-01 4.177431e-07 1.312500e-01 3.045595e-07 1.312500e-01 2.425250e-07 1.312500e-01 2.788309e-07 1.312500e-01 2.311637e-07 
1.237500e-01 4.322050e-07 1.237500e-01 3.155789e-07 1.237500e-01 2.512036e-07 1.237500e-01 2.884824e-07 1.237500e-01 2.392071e-07 
1.175000e-01 4.472867e-07 1.175000e-01 3.269919e-07 1.175000e-01 2.602276e-07 1.175000e-01 2.986854e-07 1.175000e-01 2.474256e-07 
1.125000e-01 4.609223e-07 1.125000e-01 3.372242e-07 1.125000e-01 2.683017e-07 1.125000e-01 3.078249e-07 1.125000e-01 2.549445e-07 
1.075000e-01 4.757974e-07 1.075000e-01 3.482437e-07 1.075000e-01 2.770234e-07 1.075000e-01 3.177128e-07 1.075000e-01 2.629880e-07 
1.025000e-01 4.914990e-07 1.025000e-01 3.601978e-07 1.025000e-01 2.864792e-07 1.025000e-01 3.284280e-07 1.025000e-01 2.717309e-07 
9.800000e-02 5.069939e-07 9.800000e-02 3.719059e-07 9.800000e-02 2.957622e-07 9.800000e-02 3.389068e-07 9.800000e-02 2.802991e-07 
9.400000e-02 5.216624e-07 9.400000e-02 3.833189e-07 9.400000e-02 3.047862e-07 9.400000e-02 3.490704e-07 9.400000e-02 2.888671e-07 
9.000000e-02 5.373640e-07 9.000000e-02 3.955683e-07 9.000000e-02 3.145011e-07 9.000000e-02 3.600219e-07 9.000000e-02 2.979598e-07 
8.600000e-02 5.543051e-07 8.600000e-02 4.088014e-07 8.600000e-02 3.249930e-07 8.600000e-02 3.718008e-07 8.600000e-02 3.079268e-07 
8.200000e-02 5.726923e-07 8.200000e-02 4.231660e-07 8.200000e-02 3.363486e-07 8.200000e-02 3.846038e-07 8.200000e-02 3.185932e-07 
7.799999e-02 5.921126e-07 7.799999e-02 4.381701e-07 7.799999e-02 3.482222e-07 7.799999e-02 3.978796e-07 7.799999e-02 3.296093e-07 
7.400000e-02 6.123594e-07 7.400000e-02 4.538630e-07 7.400000e-02 3.605709e-07 7.400000e-02 4.120615e-07 7.400000e-02 3.408003e-07 
7.050000e-02 6.315730e-07 7.050000e-02 4.686704e-07 7.050000e-02 3.721855e-07 7.050000e-02 4.250615e-07 7.050000e-02 3.514667e-07 
6.750000e-02 6.493405e-07 6.750000e-02 4.823955e-07 6.750000e-02 3.829797e-07 6.750000e-02 4.372737e-07 6.750000e-02 3.612588e-07 
6.450000e-02 6.683476e-07 6.450000e-02 4.973504e-07 6.450000e-02 3.946375e-07 6.450000e-02 4.506676e-07 6.450000e-02 3.717504e-07 
6.150000e-02 6.896273e-07 6.150000e-02 5.135844e-07 6.150000e-02 4.075474e-07 6.150000e-02 4.652434e-07 6.150000e-02 3.838156e-07 
5.875000e-02 7.113202e-07 5.875000e-02 5.303103e-07 5.875000e-02 4.206300e-07 5.875000e-02 4.802131e-07 5.875000e-02 3.964055e-07 
5.625000e-02 7.323934e-07 5.625000e-02 5.465443e-07 5.625000e-02 4.334968e-07 5.625000e-02 4.943950e-07 5.625000e-02 4.086456e-07 
5.375000e-02 7.551192e-07 5.375000e-02 5.637622e-07 5.375000e-02 4.473134e-07 5.375000e-02 5.101526e-07 5.375000e-02 4.219348e-07 
5.125000e-02 7.799111e-07 5.125000e-02 5.829478e-07 5.125000e-02 4.624253e-07 5.125000e-02 5.270920e-07 5.125000e-02 4.362733e-07 
4.875000e-02 8.075953e-07 4.875000e-02 6.041012e-07 4.875000e-02 4.792644e-07 4.875000e-02 5.460011e-07 4.875000e-02 4.520106e-07 
4.625000e-02 8.387918e-07 4.625000e-02 6.277143e-07 4.625000e-02 4.978304e-07 4.625000e-02 5.672739e-07 4.625000e-02 4.694965e-07 
4.375000e-02 8.730872e-07 4.375000e-02 6.532951e-07 4.375000e-02 5.185554e-07 4.375000e-02 5.901225e-07 4.375000e-02 4.885562e-07 
4.125000e-02 9.106883e-07 4.125000e-02 6.818275e-07 4.125000e-02 5.414392e-07 4.125000e-02 6.157285e-07 4.125000e-02 5.097141e-07 
3.900000e-02 9.420912e-07 3.900000e-02 7.054406e-07 3.900000e-02 5.600053e-07 3.900000e-02 6.366073e-07 3.900000e-02 5.268503e-07 
3.700000e-02 9.646105e-07 3.700000e-02 7.231505e-07 3.700000e-02 5.738219e-07 3.700000e-02 6.523650e-07 3.700000e-02 5.389155e-07 
3.500000e-02 9.881629e-07 3.500000e-02 7.418441e-07 3.500000e-02 5.885021e-07 3.500000e-02 6.685165e-07 3.500000e-02 5.515054e-07 
3.300000e-02 1.013781e-06 3.300000e-02 7.615217e-07 3.300000e-02 6.044775e-07 3.300000e-02 6.862438e-07 3.300000e-02 5.653193e-07 
3.100000e-02 1.050969e-06 3.100000e-02 7.905461e-07 3.100000e-02 6.269296e-07 3.100000e-02 7.118500e-07 3.100000e-02 5.857778e-07 
2.900000e-02 1.104271e-06 2.900000e-02 8.313771e-07 2.900000e-02 6.593123e-07 2.900000e-02 7.484864e-07 2.900000e-02 6.158535e-07 
2.750000e-02 1.150343e-06 2.750000e-02 8.667966e-07 2.750000e-02 6.869455e-07 2.750000e-02 7.800016e-07 2.750000e-02 6.419075e-07 
2.625000e-02 1.192696e-06 2.625000e-02 8.987727e-07 2.625000e-02 7.128518e-07 2.625000e-02 8.091532e-07 2.625000e-02 6.658633e-07 
2.475000e-02 1.248891e-06 2.475000e-02 9.425553e-07 2.475000e-02 7.469615e-07 2.475000e-02 8.481533e-07 2.475000e-02 6.980374e-07 
2.350000e-02 1.301160e-06 2.350000e-02 9.833863e-07 2.350000e-02 7.797760e-07 2.350000e-02 8.847897e-07 2.350000e-02 7.279382e-07 
2.250000e-02 1.346819e-06 2.250000e-02 1.019790e-06 2.250000e-02 8.087046e-07 2.250000e-02 9.166989e-07 2.250000e-02 7.543420e-07 
2.150000e-02 1.396402e-06 2.150000e-02 1.059145e-06 2.150000e-02 8.402238e-07 2.150000e-02 9.513656e-07 2.150000e-02 7.828438e-07 
2.050000e-02 1.450118e-06 2.050000e-02 1.102435e-06 2.050000e-02 8.743336e-07 2.050000e-02 9.891838e-07 2.050000e-02 8.139689e-07 
1.950000e-02 1.510858e-06 1.950000e-02 1.149662e-06 1.950000e-02 9.118976e-07 1.950000e-02 1.031336e-06 1.950000e-02 8.484161e-07 
1.850000e-02 1.579449e-06 1.850000e-02 1.202791e-06 1.850000e-02 9.537791e-07 1.850000e-02 1.078214e-06 1.850000e-02 8.868851e-07 
1.750000e-02 1.655477e-06 1.750000e-02 1.261332e-06 1.750000e-02 9.999786e-07 1.750000e-02 1.130214e-06 1.750000e-02 9.293759e-07 
1.650000e-02 1.739976e-06 1.650000e-02 1.326268e-06 1.650000e-02 1.050927e-06 1.650000e-02 1.187730e-06 1.650000e-02 9.765877e-07 
1.550000e-02 1.833979e-06 1.550000e-02 1.400059e-06 1.550000e-02 1.109216e-06 1.550000e-02 1.253124e-06 1.550000e-02 1.030095e-06 
1.462500e-02 1.925296e-06 1.462500e-02 1.472866e-06 1.462500e-02 1.167073e-06 1.462500e-02 1.317730e-06 1.462500e-02 1.083077e-06 
1.387500e-02 2.012067e-06 1.387500e-02 1.542721e-06 1.387500e-02 1.221908e-06 1.387500e-02 1.379972e-06 1.387500e-02 1.133611e-06 
1.312500e-02 2.107310e-06 1.312500e-02 1.619955e-06 1.312500e-02 1.283220e-06 1.312500e-02 1.448518e-06 1.312500e-02 1.189741e-06 
1.237500e-02 2.218873e-06 1.237500e-02 1.710964e-06 1.237500e-02 1.354893e-06 1.237500e-02 1.528488e-06 1.237500e-02 1.254963e-06 
1.175000e-02 2.328371e-06 1.175000e-02 1.799021e-06 1.175000e-02 1.424840e-06 1.175000e-02 1.606488e-06 1.175000e-02 1.318087e-06 
1.125000e-02 2.425472e-06 1.125000e-02 1.878715e-06 1.125000e-02 1.487878e-06 1.125000e-02 1.675822e-06 1.125000e-02 1.374392e-06 
1.075000e-02 2.530837e-06 1.075000e-02 1.964805e-06 1.075000e-02 1.555666e-06 1.075000e-02 1.751458e-06 1.075000e-02 1.435768e-06 
1.025000e-02 2.644467e-06 1.025000e-02 2.060241e-06 1.025000e-02 1.631226e-06 1.025000e-02 1.834973e-06 1.025000e-02 1.503088e-06 
9.800000e-03 2.758096e-06 9.800000e-03 2.151249e-06 9.800000e-03 1.703331e-06 9.800000e-03 1.915337e-06 9.800000e-03 1.568311e-06 
9.400001e-03 2.865528e-06 9.400001e-03 2.238323e-06 9.400001e-03 1.772414e-06 9.400001e-03 1.992156e-06 9.400001e-03 1.631085e-06 
9.000000e-03 2.981223e-06 9.000000e-03 2.332283e-06 9.000000e-03 1.846679e-06 9.000000e-03 2.075277e-06 9.000000e-03 1.699105e-06 
8.600000e-03 3.109314e-06 8.600000e-03 2.435098e-06 8.600000e-03 1.928283e-06 8.600000e-03 2.165883e-06 8.600000e-03 1.773071e-06 
8.200000e-03 3.247736e-06 8.200000e-03 2.547260e-06 8.200000e-03 2.017228e-06 8.200000e-03 2.265550e-06 8.200000e-03 1.853506e-06 
7.800000e-03 3.400619e-06 7.800000e-03 2.670738e-06 7.800000e-03 2.115240e-06 7.800000e-03 2.374672e-06 7.800000e-03 1.942684e-06 
7.400000e-03 3.567964e-06 7.400000e-03 2.807496e-06 7.400000e-03 2.223614e-06 7.400000e-03 2.495217e-06 7.400000e-03 2.042354e-06 
7.050000e-03 3.731177e-06 7.050000e-03 2.939336e-06 7.050000e-03 2.328102e-06 7.050000e-03 2.611430e-06 7.050000e-03 2.136778e-06 
6.750000e-03 3.881995e-06 6.750000e-03 3.062813e-06 6.750000e-03 2.426113e-06 6.750000e-03 2.720551e-06 6.750000e-03 2.225956e-06 
6.450000e-03 4.047274e-06 6.450000e-03 3.197604e-06 6.450000e-03 2.533193e-06 6.450000e-03 2.839915e-06 6.450000e-03 2.323877e-06 
6.150000e-03 4.229081e-06 6.150000e-03 3.345186e-06 6.150000e-03 2.650202e-06 6.150000e-03 2.969915e-06 6.150000e-03 2.430541e-06 
5.875000e-03 4.410888e-06 5.875000e-03 3.493259e-06 5.875000e-03 2.767644e-06 5.875000e-03 3.100703e-06 5.875000e-03 2.535456e-06 
5.625000e-03 4.590629e-06 5.625000e-03 3.640349e-06 5.625000e-03 2.884221e-06 5.625000e-03 3.229916e-06 5.625000e-03 2.642120e-06 
5.375000e-03 4.784833e-06 5.375000e-03 3.800229e-06 5.375000e-03 3.011162e-06 5.375000e-03 3.370946e-06 5.375000e-03 2.757527e-06 
5.125000e-03 4.999695e-06 5.125000e-03 3.975852e-06 5.125000e-03 3.150191e-06 5.125000e-03 3.525765e-06 5.125000e-03 2.883426e-06 
4.875000e-03 5.233152e-06 4.875000e-03 4.168692e-06 4.875000e-03 3.303470e-06 4.875000e-03 3.695947e-06 4.875000e-03 3.021564e-06 
4.625000e-03 5.493467e-06 4.625000e-03 4.383669e-06 4.625000e-03 3.474019e-06 4.625000e-03 3.885038e-06 4.625000e-03 3.177189e-06 
4.375000e-03 5.782705e-06 4.375000e-03 4.625703e-06 4.375000e-03 3.665293e-06 4.375000e-03 4.096978e-06 4.375000e-03 3.348551e-06 
4.125000e-03 6.107065e-06 4.125000e-03 4.897745e-06 4.125000e-03 3.880314e-06 4.125000e-03 4.337282e-06 4.125000e-03 3.544392e-06 
3.900000e-03 6.431425e-06 3.900000e-03 5.170280e-06 3.900000e-03 4.096199e-06 3.900000e-03 4.577585e-06 3.900000e-03 3.738487e-06 
3.700000e-03 6.751654e-06 3.700000e-03 5.440846e-06 3.700000e-03 4.310788e-06 3.700000e-03 4.813950e-06 3.700000e-03 3.932580e-06 
3.500000e-03 7.107004e-06 3.500000e-03 5.745848e-06 3.500000e-03 4.550853e-06 3.500000e-03 5.077890e-06 3.500000e-03 4.147656e-06 
3.300000e-03 7.503674e-06 3.300000e-03 6.085287e-06 3.300000e-03 4.814232e-06 3.300000e-03 5.377284e-06 3.300000e-03 4.388962e-06 
3.100000e-03 7.951994e-06 3.100000e-03 6.464079e-06 3.100000e-03 5.116471e-06 3.100000e-03 5.708194e-06 3.100000e-03 4.658245e-06 
2.900000e-03 8.456096e-06 2.900000e-03 6.896986e-06 2.900000e-03 5.457568e-06 2.900000e-03 6.086376e-06 2.900000e-03 4.965997e-06 
2.750000e-03 8.879623e-06 2.750000e-03 7.261021e-06 2.750000e-03 5.742536e-06 2.750000e-03 6.405468e-06 2.750000e-03 5.224789e-06 
2.625000e-03 9.272161e-06 2.625000e-03 7.600459e-06 2.625000e-03 6.010234e-06 2.625000e-03 6.700923e-06 2.625000e-03 5.462597e-06 
2.475000e-03 9.790724e-06 2.475000e-03 8.043205e-06 2.475000e-03 6.364286e-06 2.475000e-03 7.090923e-06 2.475000e-03 5.780840e-06 
2.350000e-03 1.026797e-05 2.350000e-03 8.461353e-06 2.350000e-03 6.688112e-06 2.350000e-03 7.453349e-06 2.350000e-03 6.072854e-06 
2.250000e-03 1.068943e-05 2.250000e-03 8.825387e-06 2.250000e-03 6.977398e-06 2.250000e-03 7.768501e-06 2.250000e-03 6.331646e-06 
2.150000e-03 1.115015e-05 2.150000e-03 9.223858e-06 2.150000e-03 7.292589e-06 2.150000e-03 8.119108e-06 2.150000e-03 6.614918e-06 
2.050000e-03 1.166045e-05 2.050000e-03 9.661683e-06 2.050000e-03 7.642322e-06 2.050000e-03 8.505168e-06 2.050000e-03 6.927915e-06 
1.950000e-03 1.222446e-05 1.950000e-03 1.014870e-05 1.950000e-03 8.026599e-06 1.950000e-03 8.930625e-06 1.950000e-03 7.274135e-06 
1.850000e-03 1.284632e-05 1.850000e-03 1.068984e-05 1.850000e-03 8.454051e-06 1.850000e-03 9.403353e-06 1.850000e-03 7.655330e-06 
1.750000e-03 1.353636e-05 1.750000e-03 1.128508e-05 1.750000e-03 8.933315e-06 1.750000e-03 9.927293e-06 1.750000e-03 8.081985e-06 
1.650000e-03 1.430904e-05 1.650000e-03 1.195904e-05 1.650000e-03 9.464392e-06 1.650000e-03 1.051426e-05 1.650000e-03 8.559350e-06 
1.550000e-03 1.517883e-05 1.550000e-03 1.271663e-05 1.550000e-03 1.006887e-05 1.550000e-03 1.117608e-05 1.550000e-03 9.097916e-06 
1.462500e-03 1.603001e-05 1.462500e-03 1.345453e-05 1.462500e-03 1.066039e-05 1.462500e-03 1.182609e-05 1.462500e-03 9.625991e-06 
1.387500e-03 1.684608e-05 1.387500e-03 1.416785e-05 1.387500e-03 1.122601e-05 1.387500e-03 1.244851e-05 1.387500e-03 1.013308e-05 
1.312500e-03 1.775305e-05 1.312500e-03 1.496479e-05 1.312500e-03 1.186071e-05 1.312500e-03 1.314579e-05 1.312500e-03 1.069613e-05 
1.237500e-03 1.876538e-05 1.237500e-03 1.585520e-05 1.237500e-03 1.256881e-05 1.237500e-03 1.392184e-05 1.237500e-03 1.132737e-05 
1.175000e-03 1.970128e-05 1.175000e-03 1.667673e-05 1.175000e-03 1.322511e-05 1.175000e-03 1.464276e-05 1.175000e-03 1.191315e-05 
1.125000e-03 2.052561e-05 1.125000e-03 1.739989e-05 1.125000e-03 1.380368e-05 1.125000e-03 1.527700e-05 1.125000e-03 1.242723e-05 
1.075000e-03 2.142431e-05 1.075000e-03 1.819683e-05 1.075000e-03 1.443838e-05 1.075000e-03 1.597034e-05 1.075000e-03 1.299028e-05 
1.025000e-03 2.241599e-05 1.025000e-03 1.906756e-05 1.025000e-03 1.512921e-05 1.025000e-03 1.673064e-05 1.025000e-03 1.360753e-05 
9.800000e-04 2.336634e-05 9.800000e-04 1.992353e-05 9.800000e-04 1.581141e-05 9.800000e-04 1.747913e-05 9.800000e-04 1.421254e-05 
9.400000e-04 2.429604e-05 9.400000e-04 2.074999e-05 9.400000e-04 1.646769e-05 9.400000e-04 1.820004e-05 9.400000e-04 1.479482e-05 
9.000000e-04 2.528771e-05 9.000000e-04 2.165024e-05 9.000000e-04 1.718011e-05 9.000000e-04 1.898398e-05 9.000000e-04 1.543131e-05 
8.600000e-04 2.638269e-05 8.600000e-04 2.263411e-05 8.600000e-04 1.795730e-05 8.600000e-04 1.983883e-05 8.600000e-04 1.612201e-05 
8.200000e-04 2.758097e-05 8.200000e-04 2.371146e-05 8.200000e-04 1.880789e-05 8.200000e-04 2.077641e-05 8.200000e-04 1.688089e-05 
7.800000e-04 2.888253e-05 7.800000e-04 2.489704e-05 7.800000e-04 1.974914e-05 7.800000e-04 2.180853e-05 7.800000e-04 1.771322e-05 
7.400000e-04 3.032873e-05 7.400000e-04 2.621544e-05 7.400000e-04 2.078971e-05 7.400000e-04 2.295096e-05 7.400000e-04 1.863997e-05 
7.050000e-04 3.171294e-05 7.050000e-04 2.748464e-05 7.050000e-04 2.179142e-05 7.050000e-04 2.405005e-05 7.050000e-04 1.953175e-05 
6.750000e-04 3.301452e-05 6.750000e-04 2.867513e-05 6.750000e-04 2.273699e-05 6.750000e-04 2.509005e-05 6.750000e-04 2.037108e-05 
6.450000e-04 3.444004e-05 6.450000e-04 2.997877e-05 6.450000e-04 2.376892e-05 6.450000e-04 2.622066e-05 6.450000e-04 2.128035e-05 
6.150000e-04 3.601019e-05 6.150000e-04 3.140539e-05 6.150000e-04 2.489584e-05 6.150000e-04 2.746157e-05 6.150000e-04 2.227704e-05 
5.875000e-04 3.755969e-05 5.875000e-04 3.284185e-05 5.875000e-04 2.603140e-05 5.875000e-04 2.870642e-05 5.875000e-04 2.329122e-05 
5.625000e-04 3.910919e-05 5.625000e-04 3.425864e-05 5.625000e-04 2.715399e-05 5.625000e-04 2.993945e-05 5.625000e-04 2.428792e-05 
5.375000e-04 4.078263e-05 5.375000e-04 3.582301e-05 5.375000e-04 2.838454e-05 5.375000e-04 3.129067e-05 5.375000e-04 2.537205e-05 
5.125000e-04 4.264202e-05 5.125000e-04 3.752511e-05 5.125000e-04 2.973166e-05 5.125000e-04 3.276795e-05 5.125000e-04 2.657857e-05 
4.875000e-04 4.466670e-05 4.875000e-04 3.940432e-05 4.875000e-04 3.122127e-05 4.875000e-04 3.439886e-05 4.875000e-04 2.789002e-05 
4.625000e-04 4.691862e-05 4.625000e-04 4.149506e-05 4.625000e-04 3.287494e-05 4.625000e-04 3.620704e-05 4.625000e-04 2.934135e-05 
4.375000e-04 4.943913e-05 4.375000e-04 4.382685e-05 4.375000e-04 3.472723e-05 4.375000e-04 3.824372e-05 4.375000e-04 3.098502e-05 
4.125000e-04 5.229019e-05 4.125000e-04 4.645380e-05 4.125000e-04 3.680836e-05 4.125000e-04 4.053644e-05 4.125000e-04 3.283853e-05 
3.900000e-04 5.514127e-05 3.900000e-04 4.909060e-05 3.900000e-04 3.890676e-05 3.900000e-04 4.282130e-05 3.900000e-04 3.469204e-05 
3.700000e-04 5.797167e-05 3.700000e-04 5.170280e-05 3.700000e-04 4.097926e-05 3.700000e-04 4.510616e-05 3.700000e-04 3.654555e-05 
3.500000e-04 6.111198e-05 3.500000e-04 5.460524e-05 3.500000e-04 4.330650e-05 3.500000e-04 4.762737e-05 3.500000e-04 3.859139e-05 
3.300000e-04 6.462415e-05 3.300000e-04 5.790123e-05 3.300000e-04 4.589712e-05 3.300000e-04 5.050313e-05 3.300000e-04 4.089953e-05 
3.100000e-04 6.859086e-05 3.100000e-04 6.159077e-05 3.100000e-04 4.883316e-05 3.100000e-04 5.369405e-05 3.100000e-04 4.348745e-05 
2.900000e-04 7.307405e-05 2.900000e-04 6.577226e-05 2.900000e-04 5.215777e-05 2.900000e-04 5.735769e-05 2.900000e-04 4.644256e-05 
2.750000e-04 7.683415e-05 2.750000e-04 6.926502e-05 2.750000e-04 5.492110e-05 2.750000e-04 6.039103e-05 2.750000e-04 4.890807e-05 
2.625000e-04 8.032568e-05 2.625000e-04 7.256102e-05 2.625000e-04 5.755489e-05 2.625000e-04 6.322740e-05 2.625000e-04 5.121621e-05 
2.475000e-04 8.493284e-05 2.475000e-04 7.689009e-05 2.475000e-04 6.100906e-05 2.475000e-04 6.700923e-05 2.475000e-04 5.425876e-05 
2.350000e-04 8.920943e-05 2.350000e-04 8.092398e-05 2.350000e-04 6.420416e-05 2.350000e-04 7.051530e-05 2.350000e-04 5.709149e-05 
2.250000e-04 9.296954e-05 2.250000e-04 8.446594e-05 2.250000e-04 6.701066e-05 2.250000e-04 7.362742e-05 2.250000e-04 5.959197e-05 
2.150000e-04 9.706019e-05 2.150000e-04 8.835226e-05 2.150000e-04 7.050799e-05 2.150000e-04 7.697592e-05 2.150000e-04 6.231977e-05 
2.050000e-04 1.015641e-04 2.050000e-04 9.268133e-05 2.050000e-04 7.357354e-05 2.050000e-04 8.079714e-05 2.050000e-04 6.534482e-05 
1.950000e-04 1.065018e-04 1.950000e-04 9.745314e-05 1.950000e-04 7.737312e-05 1.950000e-04 8.489412e-05 1.950000e-04 6.870211e-05 
1.850000e-04 1.119560e-04 1.850000e-04 1.027661e-04 1.850000e-04 8.160446e-05 1.850000e-04 8.950322e-05 1.850000e-04 7.242661e-05 
1.750000e-04 1.180093e-04 1.750000e-04 1.087185e-04 1.750000e-04 8.635395e-05 1.750000e-04 9.462444e-05 1.750000e-04 7.655329e-05 
1.650000e-04 1.247858e-04 1.650000e-04 1.153105e-04 1.650000e-04 9.162152e-05 1.650000e-04 1.004154e-04 1.650000e-04 8.120455e-05 
1.550000e-04 1.324093e-04 1.550000e-04 1.228372e-04 1.550000e-04 9.762312e-05 1.550000e-04 1.068760e-04 1.550000e-04 8.645030e-05 
1.462500e-04 1.399088e-04 1.462500e-04 1.302163e-04 1.462500e-04 1.034952e-04 1.462500e-04 1.132972e-04 1.462500e-04 9.160865e-05 
1.387500e-04 1.470778e-04 1.387500e-04 1.373002e-04 1.387500e-04 1.091946e-04 1.387500e-04 1.194033e-04 1.387500e-04 9.655717e-05 
1.312500e-04 1.550319e-04 1.312500e-04 1.451712e-04 1.312500e-04 1.154552e-04 1.312500e-04 1.262184e-04 1.312500e-04 1.020827e-04 
1.237500e-04 1.639363e-04 1.237500e-04 1.540753e-04 1.237500e-04 1.225794e-04 1.237500e-04 1.340579e-04 1.237500e-04 1.082727e-04 
1.175000e-04 1.721796e-04 1.175000e-04 1.622907e-04 1.175000e-04 1.291423e-04 1.175000e-04 1.410306e-04 1.175000e-04 1.140081e-04 
1.125000e-04 1.794312e-04 1.125000e-04 1.695222e-04 1.125000e-04 1.349280e-04 1.125000e-04 1.474124e-04 1.125000e-04 1.190790e-04 
1.075000e-04 1.873233e-04 1.075000e-04 1.774916e-04 1.075000e-04 1.413182e-04 1.075000e-04 1.542670e-04 1.075000e-04 1.246220e-04 
1.025000e-04 1.960004e-04 1.025000e-04 1.862482e-04 1.025000e-04 1.482697e-04 1.025000e-04 1.619094e-04 1.025000e-04 1.307071e-04 
9.800000e-05 2.044916e-04 9.800000e-05 1.949062e-04 9.800000e-05 1.550917e-04 9.800000e-05 1.692761e-04 9.800000e-05 1.365999e-04 
9.400000e-05 2.125903e-04 9.400000e-05 2.030724e-04 9.400000e-05 1.617841e-04 9.400000e-05 1.764458e-04 9.400000e-05 1.425451e-04 
9.000000e-05 2.216807e-04 9.000000e-05 2.121733e-04 9.000000e-05 1.689515e-04 9.000000e-05 1.843246e-04 9.000000e-05 1.488225e-04 
8.600000e-05 2.313908e-04 8.600000e-05 2.221105e-04 8.600000e-05 1.769824e-04 8.600000e-05 1.928731e-04 8.600000e-05 1.557294e-04 
8.200000e-05 2.419274e-04 8.200000e-05 2.330316e-04 8.200000e-05 1.856178e-04 8.200000e-05 2.022883e-04 8.200000e-05 1.632484e-04 
7.800000e-05 2.534969e-04 7.800000e-05 2.448873e-04 7.800000e-05 1.952462e-04 7.800000e-05 2.126883e-04 7.800000e-05 1.716416e-04 
7.400000e-05 2.665126e-04 7.400000e-05 2.581204e-04 7.400000e-05 2.057382e-04 7.400000e-05 2.241914e-04 7.400000e-05 1.808042e-04 
7.050000e-05 2.789086e-04 7.050000e-05 2.709109e-04 7.050000e-05 2.161007e-04 7.050000e-05 2.353005e-04 7.050000e-05 1.898969e-04 
6.750000e-05 2.906847e-04 6.750000e-05 2.829634e-04 6.750000e-05 2.257292e-04 6.750000e-05 2.457399e-04 6.750000e-05 1.982901e-04 
6.450000e-05 3.032873e-04 6.450000e-05 2.965408e-04 6.450000e-05 2.363076e-04 6.450000e-05 2.571642e-04 6.450000e-05 2.075577e-04 
6.150000e-05 3.173360e-04 6.150000e-05 3.108071e-04 6.150000e-05 2.479221e-04 6.150000e-05 2.697309e-04 6.150000e-05 2.175247e-04 
5.875000e-05 3.311782e-04 5.875000e-05 3.255160e-04 5.875000e-05 2.596231e-04 5.875000e-05 2.823370e-04 5.875000e-05 2.274916e-04 
5.625000e-05 3.452269e-04 5.625000e-05 3.396348e-04 5.625000e-05 2.711514e-04 5.625000e-05 2.949036e-04 5.625000e-05 2.378083e-04 
5.375000e-05 3.603086e-04 5.375000e-05 3.557703e-04 5.375000e-05 2.838885e-04 5.375000e-05 3.086127e-04 5.375000e-05 2.488244e-04 
5.125000e-05 3.768365e-04 5.125000e-05 3.731850e-04 5.125000e-05 2.979211e-04 5.125000e-05 3.236613e-04 5.125000e-05 2.607148e-04 
4.875000e-05 3.950172e-04 4.875000e-05 3.920754e-04 4.875000e-05 3.132058e-04 4.875000e-05 3.402856e-04 4.875000e-05 2.741790e-04 
4.625000e-05 4.150573e-04 4.625000e-05 4.137208e-04 4.625000e-05 3.302174e-04 4.625000e-05 3.586826e-04 4.625000e-05 2.890420e-04 
4.375000e-05 4.373700e-04 4.375000e-05 4.373338e-04 4.375000e-05 3.492153e-04 4.375000e-05 3.791674e-04 4.375000e-05 3.053039e-04 
4.125000e-05 4.623685e-04 4.125000e-05 4.637018e-04 4.125000e-05 3.705447e-04 4.125000e-05 4.022130e-04 4.125000e-05 3.240138e-04 
3.900000e-05 4.873670e-04 3.900000e-05 4.903157e-04 3.900000e-05 3.920901e-04 3.900000e-05 4.254555e-04 3.900000e-05 3.425489e-04 
3.700000e-05 5.123654e-04 3.700000e-05 5.175199e-04 3.700000e-05 4.133331e-04 3.700000e-05 4.483039e-04 3.700000e-05 3.610839e-04 
3.500000e-05 5.398431e-04 3.500000e-05 5.470362e-04 3.500000e-05 4.369509e-04 3.500000e-05 4.739101e-04 3.500000e-05 3.815425e-04 
3.300000e-05 5.706264e-04 3.300000e-05 5.799962e-04 3.300000e-05 4.637206e-04 3.300000e-05 5.026677e-04 3.300000e-05 4.046238e-04 
3.100000e-05 6.053349e-04 3.100000e-05 6.173836e-04 3.100000e-05 4.939445e-04 3.100000e-05 5.353648e-04 3.100000e-05 4.308527e-04 
2.900000e-05 6.445887e-04 2.900000e-05 6.601823e-04 2.900000e-05 5.284860e-04 2.900000e-05 5.720012e-04 2.900000e-05 4.604039e-04 
2.750000e-05 6.774380e-04 2.750000e-05 6.956018e-04 2.750000e-05 5.569828e-04 2.750000e-05 6.031225e-04 2.750000e-05 4.854087e-04 
2.625000e-05 7.080146e-04 2.625000e-05 7.295457e-04 2.625000e-05 5.837526e-04 2.625000e-05 6.318801e-04 2.625000e-05 5.083152e-04 
2.475000e-05 7.485079e-04 2.475000e-05 7.743121e-04 2.475000e-05 6.195895e-04 2.475000e-05 6.704863e-04 2.475000e-05 5.392653e-04 
2.350000e-05 7.859025e-04 2.350000e-05 8.146512e-04 2.350000e-05 6.528357e-04 2.350000e-05 7.059408e-04 2.350000e-05 5.677674e-04 
2.250000e-05 8.187517e-04 2.250000e-05 8.510546e-04 2.250000e-05 6.817643e-04 2.250000e-05 7.370621e-04 2.250000e-05 5.931219e-04 
2.150000e-05 8.544934e-04 2.150000e-05 8.913936e-04 2.150000e-05 7.137153e-04 2.150000e-05 7.713350e-04 2.150000e-05 6.202250e-04 
2.050000e-05 8.937471e-04 2.050000e-05 9.351762e-04 2.050000e-05 7.486886e-04 2.050000e-05 8.091531e-04 2.050000e-05 6.503008e-04 
1.950000e-05 9.369263e-04 1.950000e-05 9.833862e-04 1.950000e-05 7.875478e-04 1.950000e-05 8.505170e-04 1.950000e-05 6.835241e-04 
1.850000e-05 9.846507e-04 1.850000e-05 1.035040e-03 1.850000e-05 8.302931e-04 1.850000e-05 8.966079e-04 1.850000e-05 7.207690e-04 
1.750000e-05 1.037747e-03 1.750000e-05 1.096040e-03 1.750000e-05 8.782195e-04 1.750000e-05 9.478203e-04 1.750000e-05 7.615110e-04 
1.650000e-05 1.096834e-03 1.650000e-05 1.161960e-03 1.650000e-05 9.313272e-04 1.650000e-05 1.005335e-03 1.650000e-05 8.080237e-04 
1.550000e-05 1.163565e-03 1.550000e-05 1.237227e-03 1.550000e-05 9.922067e-04 1.550000e-05 1.070336e-03 1.550000e-05 8.599568e-04 
1.462500e-05 1.228851e-03 1.462500e-05 1.310526e-03 1.462500e-05 1.051791e-03 1.462500e-05 1.134154e-03 1.462500e-05 9.110156e-04 
1.387500e-05 1.291450e-03 1.387500e-05 1.381365e-03 1.387500e-05 1.108785e-03 1.387500e-05 1.195609e-03 1.387500e-05 9.601510e-04 
1.312500e-05 1.360867e-03 1.312500e-05 1.462043e-03 1.312500e-05 1.172686e-03 1.312500e-05 1.263760e-03 1.312500e-05 1.014882e-03 
1.237500e-05 1.438549e-03 1.237500e-05 1.550592e-03 1.237500e-05 1.244792e-03 1.237500e-05 1.340579e-03 1.237500e-05 1.075908e-03 
1.175000e-05 1.510445e-03 1.175000e-05 1.631762e-03 1.175000e-05 1.310421e-03 1.175000e-05 1.411882e-03 1.175000e-05 1.133611e-03 
1.125000e-05 1.573664e-03 1.125000e-05 1.705061e-03 1.125000e-05 1.368710e-03 1.125000e-05 1.474518e-03 1.125000e-05 1.184495e-03 
1.075000e-05 1.642462e-03 1.075000e-05 1.784755e-03 1.075000e-05 1.433907e-03 1.075000e-05 1.543064e-03 1.075000e-05 1.237652e-03 
1.025000e-05 1.717870e-03 1.025000e-05 1.872812e-03 1.025000e-05 1.504286e-03 1.025000e-05 1.618306e-03 1.025000e-05 1.298154e-03 
9.800000e-06 1.789973e-03 9.800000e-06 1.955458e-03 9.800000e-06 1.571210e-03 9.800000e-06 1.690791e-03 9.800000e-06 1.356382e-03 
9.400001e-06 1.856911e-03 9.400001e-06 2.033676e-03 9.400001e-06 1.634680e-03 9.400001e-06 1.758549e-03 9.400001e-06 1.410588e-03 
8.999999e-06 1.929428e-03 8.999999e-06 2.118290e-03 8.999999e-06 1.703331e-03 8.999999e-06 1.832610e-03 8.999999e-06 1.469515e-03 
8.600000e-06 2.008348e-03 8.600000e-06 2.210774e-03 8.600000e-06 1.778459e-03 8.600000e-06 1.913368e-03 8.600000e-06 1.533689e-03 
8.200001e-06 2.094913e-03 8.200001e-06 2.311622e-03 8.200001e-06 1.860927e-03 8.200001e-06 2.001610e-03 8.200001e-06 1.603982e-03 
7.800000e-06 2.187883e-03 7.800000e-06 2.422800e-03 7.800000e-06 1.951167e-03 7.800000e-06 2.098520e-03 7.800000e-06 1.681095e-03 
7.400000e-06 2.293248e-03 7.400000e-06 2.545293e-03 7.400000e-06 2.050906e-03 7.400000e-06 2.205671e-03 7.400000e-06 1.766076e-03 
7.050000e-06 2.392416e-03 7.050000e-06 2.663850e-03 7.050000e-06 2.147191e-03 7.050000e-06 2.308883e-03 7.050000e-06 1.848260e-03 
6.750000e-06 2.485385e-03 6.750000e-06 2.774537e-03 6.750000e-06 2.237430e-03 6.750000e-06 2.406187e-03 6.750000e-06 1.925198e-03 
6.450000e-06 2.588685e-03 6.450000e-06 2.895553e-03 6.450000e-06 2.335874e-03 6.450000e-06 2.511763e-03 6.450000e-06 2.010879e-03 
6.150000e-06 2.698182e-03 6.150000e-06 3.027885e-03 6.150000e-06 2.444248e-03 6.150000e-06 2.627581e-03 6.150000e-06 2.101806e-03 
5.875000e-06 2.809746e-03 5.875000e-06 3.160709e-03 5.875000e-06 2.552191e-03 5.875000e-06 2.743794e-03 5.875000e-06 2.194481e-03 
5.625000e-06 2.919243e-03 5.625000e-06 3.292057e-03 5.625000e-06 2.659701e-03 5.625000e-06 2.858824e-03 5.625000e-06 2.285408e-03 
5.375000e-06 3.039071e-03 5.375000e-06 3.435703e-03 5.375000e-06 2.776711e-03 5.375000e-06 2.984885e-03 5.375000e-06 2.386826e-03 
5.125000e-06 3.169228e-03 5.125000e-06 3.592631e-03 5.125000e-06 2.904946e-03 5.125000e-06 3.122370e-03 5.125000e-06 2.495239e-03 
4.875000e-06 3.311781e-03 4.875000e-06 3.765794e-03 4.875000e-06 3.046135e-03 4.875000e-06 3.273643e-03 4.875000e-06 2.615891e-03 
4.625000e-06 3.472929e-03 4.625000e-06 3.960602e-03 4.625000e-06 3.205026e-03 4.625000e-06 3.443825e-03 4.625000e-06 2.750532e-03 
4.375000e-06 3.656802e-03 4.375000e-06 4.186401e-03 4.375000e-06 3.387665e-03 4.375000e-06 3.638825e-03 4.375000e-06 2.904409e-03 
4.125000e-06 3.863401e-03 4.125000e-06 4.439258e-03 4.125000e-06 3.594483e-03 4.125000e-06 3.859433e-03 4.125000e-06 3.082765e-03 
3.900000e-06 4.072065e-03 3.900000e-06 4.697034e-03 3.900000e-06 3.803459e-03 3.900000e-06 4.081221e-03 3.900000e-06 3.255875e-03 
3.700000e-06 4.278664e-03 3.700000e-06 4.948907e-03 3.700000e-06 4.010277e-03 3.700000e-06 4.301827e-03 3.700000e-06 3.439478e-03 
3.500000e-06 4.507990e-03 3.500000e-06 5.234232e-03 3.500000e-06 4.242137e-03 3.500000e-06 4.550010e-03 3.500000e-06 3.631822e-03 
3.300000e-06 4.764172e-03 3.300000e-06 5.553992e-03 3.300000e-06 4.499040e-03 3.300000e-06 4.825768e-03 3.300000e-06 3.850396e-03 
3.100000e-06 5.051345e-03 3.100000e-06 5.913107e-03 3.100000e-06 4.792644e-03 3.100000e-06 5.136981e-03 3.100000e-06 4.100445e-03 
2.900000e-06 5.379837e-03 2.900000e-06 6.321418e-03 2.900000e-06 5.125106e-03 2.900000e-06 5.491526e-03 2.900000e-06 4.378471e-03 
2.750000e-06 5.652547e-03 2.750000e-06 6.665775e-03 2.750000e-06 5.405756e-03 2.750000e-06 5.786981e-03 2.750000e-06 4.614530e-03 
2.625000e-06 5.904599e-03 2.625000e-06 6.990454e-03 2.625000e-06 5.669136e-03 2.625000e-06 6.062740e-03 2.625000e-06 4.838350e-03 
2.475000e-06 6.241355e-03 2.475000e-06 7.413521e-03 2.475000e-06 6.014552e-03 2.475000e-06 6.433044e-03 2.475000e-06 5.130365e-03 
2.350000e-06 6.551253e-03 2.350000e-06 7.807074e-03 2.350000e-06 6.334061e-03 2.350000e-06 6.771833e-03 2.350000e-06 5.408390e-03 
2.250000e-06 6.823964e-03 2.250000e-06 8.156350e-03 2.250000e-06 6.619029e-03 2.250000e-06 7.075166e-03 2.250000e-06 5.642700e-03 
2.150000e-06 7.121466e-03 2.150000e-06 8.530224e-03 2.150000e-06 6.929903e-03 2.150000e-06 7.398197e-03 2.150000e-06 5.904990e-03 
2.050000e-06 7.443761e-03 2.050000e-06 8.948372e-03 2.050000e-06 7.266684e-03 2.050000e-06 7.764561e-03 2.050000e-06 6.191758e-03 
1.950000e-06 7.799111e-03 1.950000e-06 9.400955e-03 1.950000e-06 7.642324e-03 1.950000e-06 8.158502e-03 1.950000e-06 6.506504e-03 
1.850000e-06 8.189582e-03 1.850000e-06 9.912573e-03 1.850000e-06 8.052505e-03 1.850000e-06 8.603654e-03 1.850000e-06 6.857972e-03 
1.750000e-06 8.623442e-03 1.750000e-06 1.047338e-02 1.750000e-06 8.514498e-03 1.750000e-06 9.096080e-03 1.750000e-06 7.247908e-03 
1.650000e-06 9.108949e-03 1.650000e-06 1.110307e-02 1.650000e-06 9.032622e-03 1.650000e-06 9.635778e-03 1.650000e-06 7.685055e-03 
1.550000e-06 9.654369e-03 1.550000e-06 1.181638e-02 1.550000e-06 9.615511e-03 1.550000e-06 1.026214e-02 1.550000e-06 8.178157e-03 
1.462500e-06 1.018946e-02 1.462500e-06 1.251493e-02 1.462500e-06 1.018545e-02 1.462500e-06 1.086881e-02 1.462500e-06 8.664265e-03 
1.387500e-06 1.069976e-02 1.387500e-06 1.318397e-02 1.387500e-06 1.073811e-02 1.387500e-06 1.145184e-02 1.387500e-06 9.127643e-03 
1.312500e-06 1.126791e-02 1.312500e-06 1.393171e-02 1.312500e-06 1.135122e-02 1.312500e-06 1.210578e-02 1.312500e-06 9.645225e-03 
1.237500e-06 1.190010e-02 1.237500e-06 1.477293e-02 1.237500e-06 1.204206e-02 1.237500e-06 1.284245e-02 1.237500e-06 1.023275e-02 
1.175000e-06 1.248684e-02 1.175000e-06 1.555511e-02 1.175000e-06 1.268108e-02 1.175000e-06 1.352003e-02 1.175000e-06 1.076957e-02 
1.125000e-06 1.300127e-02 1.125000e-06 1.623891e-02 1.125000e-06 1.324238e-02 1.125000e-06 1.411882e-02 1.125000e-06 1.124169e-02 
1.075000e-06 1.356322e-02 1.075000e-06 1.698666e-02 1.075000e-06 1.385981e-02 1.075000e-06 1.477276e-02 1.075000e-06 1.176801e-02 
1.025000e-06 1.417682e-02 1.025000e-06 1.780819e-02 1.025000e-06 1.453769e-02 1.025000e-06 1.548973e-02 1.025000e-06 1.233456e-02 
9.800000e-07 1.477802e-02 9.800000e-07 1.861989e-02 9.800000e-07 1.520261e-02 9.800000e-07 1.619882e-02 9.800000e-07 1.289760e-02 
9.399999e-07 1.535650e-02 9.399999e-07 1.940700e-02 9.399999e-07 1.585027e-02 9.399999e-07 1.688034e-02 9.399999e-07 1.343967e-02 
9.000000e-07 1.598456e-02 9.000000e-07 2.025805e-02 9.000000e-07 1.655405e-02 9.000000e-07 1.762095e-02 9.000000e-07 1.403419e-02 
8.600000e-07 1.666841e-02 8.600000e-07 2.118782e-02 8.600000e-07 1.732260e-02 8.600000e-07 1.843246e-02 8.600000e-07 1.467417e-02 
8.200000e-07 1.741836e-02 8.200000e-07 2.221105e-02 8.200000e-07 1.816887e-02 8.200000e-07 1.932671e-02 8.200000e-07 1.538410e-02 
7.800000e-07 1.824062e-02 7.800000e-07 2.333759e-02 7.800000e-07 1.910149e-02 7.800000e-07 2.029974e-02 7.800000e-07 1.616397e-02 
7.400000e-07 1.914759e-02 7.400000e-07 2.458712e-02 7.400000e-07 2.013342e-02 7.400000e-07 2.139095e-02 7.400000e-07 1.702777e-02 
7.050000e-07 2.002151e-02 7.050000e-07 2.578744e-02 7.050000e-07 2.113081e-02 7.050000e-07 2.243884e-02 7.050000e-07 1.785311e-02 
6.750000e-07 2.084583e-02 6.750000e-07 2.691891e-02 6.750000e-07 2.207207e-02 6.750000e-07 2.342368e-02 6.750000e-07 1.863997e-02 
6.450000e-07 2.173421e-02 6.450000e-07 2.815367e-02 6.450000e-07 2.309968e-02 6.450000e-07 2.450308e-02 6.450000e-07 1.949678e-02 
6.150000e-07 2.270523e-02 6.150000e-07 2.951143e-02 6.150000e-07 2.422660e-02 6.150000e-07 2.568490e-02 6.150000e-07 2.044102e-02 
5.875000e-07 2.367624e-02 5.875000e-07 3.087902e-02 5.875000e-07 2.535783e-02 5.875000e-07 2.687854e-02 5.875000e-07 2.138526e-02 
5.625000e-07 2.464726e-02 5.625000e-07 3.223185e-02 5.625000e-07 2.648475e-02 5.625000e-07 2.804460e-02 5.625000e-07 2.232950e-02 
5.375000e-07 2.570091e-02 5.375000e-07 3.371751e-02 5.375000e-07 2.771961e-02 5.375000e-07 2.934461e-02 5.375000e-07 2.334368e-02 
5.125000e-07 2.685787e-02 5.125000e-07 3.533598e-02 5.125000e-07 2.907105e-02 5.125000e-07 3.076279e-02 5.125000e-07 2.448027e-02 
4.875000e-07 2.815944e-02 4.875000e-07 3.712665e-02 4.875000e-07 3.055202e-02 4.875000e-07 3.231886e-02 4.875000e-07 2.572176e-02 
4.625000e-07 2.960563e-02 4.625000e-07 3.914359e-02 4.625000e-07 3.221433e-02 4.625000e-07 3.406401e-02 4.625000e-07 2.710315e-02 
4.375000e-07 3.121711e-02 4.375000e-07 4.138684e-02 4.375000e-07 3.404073e-02 4.375000e-07 3.602977e-02 4.375000e-07 2.865940e-02 
4.125000e-07 3.301452e-02 4.125000e-07 4.386128e-02 4.125000e-07 3.608731e-02 4.125000e-07 3.818069e-02 4.125000e-07 3.037302e-02 
3.900000e-07 3.481193e-02 3.900000e-07 4.638002e-02 3.900000e-07 3.817276e-02 3.900000e-07 4.037887e-02 3.900000e-07 3.213909e-02 
3.700000e-07 3.660934e-02 3.700000e-07 4.889874e-02 3.700000e-07 4.021934e-02 3.700000e-07 4.254554e-02 3.700000e-07 3.385271e-02 
3.500000e-07 3.859269e-02 3.500000e-07 5.165360e-02 3.500000e-07 4.252499e-02 3.500000e-07 4.498797e-02 3.500000e-07 3.579364e-02 
3.300000e-07 4.080329e-02 3.300000e-07 5.480202e-02 3.300000e-07 4.507675e-02 3.300000e-07 4.770616e-02 3.300000e-07 3.796190e-02 
3.100000e-07 4.332380e-02 3.100000e-07 5.829478e-02 3.100000e-07 4.796962e-02 3.100000e-07 5.073950e-02 3.100000e-07 4.037495e-02 
2.900000e-07 4.615421e-02 2.900000e-07 6.232869e-02 2.900000e-07 5.125106e-02 2.900000e-07 5.424557e-02 2.900000e-07 4.313773e-02 
2.750000e-07 4.853010e-02 2.750000e-07 6.567387e-02 2.750000e-07 5.410074e-02 2.750000e-07 5.720012e-02 2.750000e-07 4.551581e-02 
2.625000e-07 5.074071e-02 2.625000e-07 6.882227e-02 2.625000e-07 5.660500e-02 2.625000e-07 5.991830e-02 2.625000e-07 4.764909e-02 
2.475000e-07 4.045208e-02 2.475000e-07 7.295457e-02 2.475000e-07 6.005916e-02 2.475000e-07 1.091214e-02 2.475000e-07 5.051678e-02 
2.350000e-07 2.320107e-02 2.350000e-07 7.684088e-02 2.350000e-07 6.321108e-02 2.350000e-07 3.323280e-05 2.350000e-07 5.320961e-02 
2.250000e-07 1.284839e-02 2.250000e-07 8.023527e-02 2.250000e-07 6.601758e-02 2.250000e-07 7.827592e-08 2.250000e-07 5.557020e-02 
2.150000e-07 6.929329e-03 2.150000e-07 8.397400e-02 2.150000e-07 6.908315e-02 2.150000e-07 1.408336e-10 2.150000e-07 5.815811e-02 
2.050000e-07 3.629944e-03 2.050000e-07 8.810630e-02 2.050000e-07 7.245095e-02 2.050000e-07 1.888549e-13 2.050000e-07 6.099084e-02 
1.950000e-07 1.841416e-03 1.950000e-07 9.258294e-02 1.950000e-07 7.616417e-02 1.950000e-07 1.833398e-16 1.950000e-07 6.412081e-02 
1.850000e-07 1.284426e-03 1.850000e-07 1.002572e-01 1.850000e-07 8.307249e-02 1.850000e-07 7.339106e-19 1.850000e-07 6.990864e-02 
1.750000e-07 1.453837e-03 1.750000e-07 1.126540e-01 1.750000e-07 9.494615e-02 1.750000e-07 1.144396e-18 1.750000e-07 7.987561e-02 
1.650000e-07 1.826128e-03 1.650000e-07 1.283469e-01 1.650000e-07 1.102740e-01 1.650000e-07 4.388494e-18 1.650000e-07 9.276272e-02 
1.550000e-07 2.326304e-03 1.550000e-07 1.474341e-01 1.550000e-07 1.293150e-01 1.550000e-07 1.831034e-17 1.550000e-07 1.087623e-01 
1.462500e-07 2.910979e-03 1.462500e-07 1.676036e-01 1.462500e-07 1.498673e-01 1.462500e-07 6.614257e-17 1.462500e-07 1.259860e-01 
1.387500e-07 3.567964e-03 1.387500e-07 1.883143e-01 1.387500e-07 1.713694e-01 1.387500e-07 2.197793e-16 1.387500e-07 1.440314e-01 
1.312500e-07 4.425350e-03 1.312500e-07 2.130096e-01 1.312500e-07 1.974051e-01 1.312500e-07 7.811834e-16 1.312500e-07 1.658888e-01 
1.237500e-07 5.559578e-03 1.237500e-07 2.426735e-01 1.237500e-07 2.293561e-01 1.237500e-07 2.994340e-15 1.237500e-07 1.926946e-01 
1.175000e-07 6.784711e-03 1.175000e-07 2.719931e-01 1.175000e-07 2.614797e-01 1.175000e-07 9.312747e-15 1.175000e-07 2.196230e-01 
1.125000e-07 8.028436e-03 1.125000e-07 2.994925e-01 1.125000e-07 2.920922e-01 1.125000e-07 2.506248e-14 1.125000e-07 2.453272e-01 
1.075000e-07 9.573796e-03 1.075000e-07 3.312226e-01 1.075000e-07 3.279723e-01 1.075000e-07 7.059409e-14 1.075000e-07 2.754030e-01 
1.025000e-07 1.151376e-02 1.025000e-07 3.681180e-01 1.025000e-07 3.702857e-01 1.025000e-07 2.089065e-13 1.025000e-07 3.107245e-01 
9.800000e-08 1.369131e-02 9.800000e-08 4.064893e-01 9.800000e-08 4.149739e-01 9.800000e-08 5.692437e-13 9.800000e-08 3.483192e-01 
9.400000e-08 1.608786e-02 9.400000e-08 4.457952e-01 9.400000e-08 4.615618e-01 9.400000e-08 1.470185e-12 9.400000e-08 3.871379e-01 
9.000000e-08 1.903809e-02 9.000000e-08 4.908568e-01 9.000000e-08 5.155330e-01 9.000000e-08 3.955160e-12 9.000000e-08 4.324264e-01 
8.600000e-08 2.270523e-02 8.600000e-08 5.431007e-01 8.600000e-08 5.785714e-01 8.600000e-08 1.114457e-11 8.600000e-08 4.854088e-01 
8.200000e-08 2.731238e-02 8.200000e-08 6.031173e-01 8.200000e-08 6.532675e-01 8.200000e-08 3.298462e-11 8.200000e-08 5.478334e-01 
7.800000e-08 3.313847e-02 7.800000e-08 6.739565e-01 7.800000e-08 7.422121e-01 7.800000e-08 1.031336e-10 7.800000e-08 6.221485e-01 
7.400000e-08 4.063801e-02 7.400000e-08 7.575862e-01 7.400000e-08 8.484274e-01 7.400000e-08 3.426098e-10 7.400000e-08 7.113265e-01 
7.050000e-08 4.898461e-02 7.050000e-08 8.426916e-01 7.050000e-08 9.593922e-01 7.050000e-08 1.003366e-09 7.050000e-08 8.041767e-01 
6.750000e-08 5.795101e-02 6.750000e-08 9.282890e-01 6.750000e-08 1.072084e+00 6.750000e-08 2.700460e-09 6.750000e-08 8.980760e-01 
6.450000e-08 6.912801e-02 6.450000e-08 1.026185e+00 6.450000e-08 1.203342e+00 6.450000e-08 7.606985e-09 6.450000e-08 1.008062e+00 
6.150000e-08 8.311476e-02 6.150000e-08 1.140807e+00 6.150000e-08 1.358779e+00 6.150000e-08 2.251368e-08 6.150000e-08 1.137808e+00 
5.875000e-08 9.916750e-02 5.875000e-08 1.261824e+00 5.875000e-08 1.526306e+00 5.875000e-08 6.275467e-08 5.875000e-08 1.277870e+00 
5.625000e-08 1.173689e-01 5.625000e-08 1.389728e+00 5.625000e-08 1.705058e+00 5.625000e-08 1.688822e-07 5.625000e-08 1.427199e+00 
5.375000e-08 1.399708e-01 5.375000e-08 1.536818e+00 5.375000e-08 1.914035e+00 5.375000e-08 4.754858e-07 5.375000e-08 1.602058e+00 
5.125000e-08 1.683162e-01 5.125000e-08 1.708012e+00 5.125000e-08 2.161007e+00 5.125000e-08 1.407942e-06 5.125000e-08 1.808043e+00 
4.875000e-08 2.043057e-01 4.875000e-08 1.907740e+00 4.875000e-08 2.454611e+00 4.875000e-08 4.400312e-06 4.875000e-08 2.052845e+00 
4.625000e-08 2.506046e-01 4.625000e-08 2.143871e+00 4.625000e-08 2.806935e+00 4.625000e-08 1.462306e-05 4.625000e-08 2.346608e+00 
4.375000e-08 3.107249e-01 4.375000e-08 2.424768e+00 4.375000e-08 3.233523e+00 4.375000e-08 5.196072e-05 4.375000e-08 2.703321e+00 
4.125000e-08 3.902654e-01 4.125000e-08 2.762730e+00 4.125000e-08 3.756828e+00 4.125000e-08 1.992156e-04 4.125000e-08 3.140468e+00 
3.900000e-08 4.844746e-01 3.900000e-08 3.126765e+00 3.900000e-08 4.330650e+00 3.900000e-08 6.949106e-04 3.900000e-08 3.619582e+00 
3.700000e-08 5.941786e-01 3.700000e-08 3.513921e+00 3.700000e-08 4.952398e+00 3.700000e-08 2.308883e-03 3.700000e-08 4.137165e+00 
3.500000e-08 7.367319e-01 3.500000e-08 3.974375e+00 3.500000e-08 5.707995e+00 3.500000e-08 8.205775e-03 3.500000e-08 4.766657e+00 
3.300000e-08 9.255634e-01 3.300000e-08 4.527808e+00 3.300000e-08 6.627665e+00 3.300000e-08 3.145219e-02 3.300000e-08 5.536037e+00 
3.100000e-08 1.179267e+00 3.100000e-08 5.199796e+00 3.100000e-08 7.771854e+00 3.100000e-08 1.313003e-01 3.100000e-08 6.489019e+00 
2.900000e-08 1.527386e+00 2.900000e-08 6.031173e+00 2.900000e-08 9.213965e+00 2.900000e-08 6.039104e-01 2.900000e-08 7.688552e+00 
2.750000e-08 1.870754e+00 2.750000e-08 6.774001e+00 2.750000e-08 1.053518e+01 2.750000e-08 1.867671e+00 2.750000e-08 8.788415e+00 
2.625000e-08 2.243665e+00 2.625000e-08 7.511909e+00 2.625000e-08 1.186503e+01 2.625000e-08 5.601830e+00 2.625000e-08 9.898770e+00 
2.475000e-08 2.547365e+00 2.475000e-08 8.018607e+00 2.475000e-08 1.281924e+01 2.475000e-08 1.239336e+01 2.475000e-08 1.069263e+01 
2.350000e-08 2.541167e+00 2.350000e-08 7.861186e+00 2.350000e-08 1.261631e+01 2.350000e-08 1.481215e+01 2.350000e-08 1.051952e+01 
2.250000e-08 2.431670e+00 2.250000e-08 7.526668e+00 2.250000e-08 1.207660e+01 2.250000e-08 1.418185e+01 2.250000e-08 1.007188e+01 
2.150000e-08 2.324239e+00 2.150000e-08 7.192149e+00 2.150000e-08 1.154120e+01 2.150000e-08 1.355154e+01 2.150000e-08 9.624242e+00 
2.050000e-08 2.216807e+00 2.050000e-08 6.857631e+00 2.050000e-08 1.100581e+01 2.050000e-08 1.292124e+01 2.050000e-08 9.176603e+00 
1.950000e-08 2.107310e+00 1.950000e-08 6.523112e+00 1.950000e-08 1.046610e+01 1.950000e-08 1.229093e+01 1.950000e-08 8.728963e+00 
1.850000e-08 1.999671e+00 1.850000e-08 6.188594e+00 1.850000e-08 9.930702e+00 1.850000e-08 1.166063e+01 1.850000e-08 8.281324e+00 
1.750000e-08 1.891620e+00 1.750000e-08 5.854075e+00 1.750000e-08 9.395308e+00 1.750000e-08 1.103033e+01 1.750000e-08 7.833685e+00 
1.650000e-08 1.783569e+00 1.650000e-08 5.519556e+00 1.650000e-08 8.855596e+00 1.650000e-08 1.040002e+01 1.650000e-08 7.386046e+00 
1.550000e-08 1.675518e+00 1.550000e-08 5.185038e+00 1.550000e-08 8.320202e+00 1.550000e-08 9.769717e+00 1.550000e-08 6.938407e+00 
1.462500e-08 1.580895e+00 1.462500e-08 4.892334e+00 1.462500e-08 7.849572e+00 1.462500e-08 9.218201e+00 1.462500e-08 6.546722e+00 
1.387500e-08 1.499702e+00 1.387500e-08 4.641446e+00 1.387500e-08 7.448028e+00 1.387500e-08 8.745472e+00 1.387500e-08 6.210993e+00 
1.312500e-08 1.418715e+00 1.312500e-08 4.390556e+00 1.312500e-08 7.046482e+00 1.312500e-08 8.272744e+00 1.312500e-08 5.875264e+00 
1.237500e-08 1.337728e+00 1.237500e-08 4.139667e+00 1.237500e-08 6.640618e+00 1.237500e-08 7.800016e+00 1.237500e-08 5.539535e+00 
1.175000e-08 1.270170e+00 1.175000e-08 3.930593e+00 1.175000e-08 6.308155e+00 1.175000e-08 7.406076e+00 1.175000e-08 5.259760e+00 
1.125000e-08 1.216041e+00 1.125000e-08 3.763334e+00 1.125000e-08 6.040459e+00 1.125000e-08 7.090924e+00 1.125000e-08 5.035941e+00 
1.075000e-08 1.161912e+00 1.075000e-08 3.596075e+00 1.075000e-08 5.768443e+00 1.075000e-08 6.775772e+00 1.075000e-08 4.812121e+00 
1.025000e-08 1.107990e+00 1.025000e-08 3.428815e+00 1.025000e-08 5.500745e+00 1.025000e-08 6.460619e+00 1.025000e-08 4.588302e+00 
9.800000e-09 1.059233e+00 9.800000e-09 3.278282e+00 9.800000e-09 5.258955e+00 9.800000e-09 6.176982e+00 9.800000e-09 4.387213e+00 
9.400000e-09 1.016054e+00 9.400000e-09 3.144475e+00 9.400000e-09 5.047388e+00 9.400000e-09 5.924860e+00 9.400000e-09 4.207108e+00 
9.000000e-09 9.728746e-01 9.000000e-09 3.010667e+00 9.000000e-09 4.831502e+00 9.000000e-09 5.672739e+00 9.000000e-09 4.028753e+00 
8.600000e-09 9.296954e-01 8.600000e-09 2.876859e+00 8.600000e-09 4.615617e+00 8.600000e-09 5.420617e+00 8.600000e-09 3.850396e+00 
8.200000e-09 8.863095e-01 8.200000e-09 2.743052e+00 8.200000e-09 4.399733e+00 8.200000e-09 5.168496e+00 8.200000e-09 3.670291e+00 
7.800000e-09 8.431303e-01 7.800000e-09 2.609245e+00 7.800000e-09 4.186871e+00 7.800000e-09 4.916374e+00 7.800000e-09 3.491935e+00 
7.400000e-09 7.999513e-01 7.400000e-09 2.475437e+00 7.400000e-09 3.972281e+00 7.400000e-09 4.664252e+00 7.400000e-09 3.311831e+00 
7.050000e-09 7.621436e-01 7.050000e-09 2.358356e+00 7.050000e-09 3.784461e+00 7.050000e-09 4.443645e+00 7.050000e-09 3.156205e+00 
6.750000e-09 7.297075e-01 6.750000e-09 2.258000e+00 6.750000e-09 3.623411e+00 6.750000e-09 4.254554e+00 6.750000e-09 3.021564e+00 
6.450000e-09 6.972715e-01 6.450000e-09 2.157645e+00 6.450000e-09 3.462361e+00 6.450000e-09 4.065463e+00 6.450000e-09 2.886923e+00 
6.150000e-09 6.648355e-01 6.150000e-09 2.057289e+00 6.150000e-09 3.301311e+00 6.150000e-09 3.876372e+00 6.150000e-09 2.752281e+00 
5.875000e-09 6.350852e-01 5.875000e-09 1.965297e+00 5.875000e-09 3.153646e+00 5.875000e-09 3.703038e+00 5.875000e-09 2.629880e+00 
5.625000e-09 6.080207e-01 5.625000e-09 1.881667e+00 5.625000e-09 3.019366e+00 5.625000e-09 3.545462e+00 5.625000e-09 2.517970e+00 
5.375000e-09 5.809562e-01 5.375000e-09 1.798037e+00 5.375000e-09 2.885085e+00 5.375000e-09 3.387886e+00 5.375000e-09 2.406060e+00 
5.125000e-09 5.538918e-01 5.125000e-09 1.714408e+00 5.125000e-09 2.750804e+00 5.125000e-09 3.230310e+00 5.125000e-09 2.294151e+00 
4.875000e-09 5.270339e-01 4.875000e-09 1.630778e+00 4.875000e-09 2.616956e+00 4.875000e-09 3.072733e+00 4.875000e-09 2.182241e+00 
4.625000e-09 4.999695e-01 4.625000e-09 1.547148e+00 4.625000e-09 2.482676e+00 4.625000e-09 2.915158e+00 4.625000e-09 2.070331e+00 
4.375000e-09 4.729050e-01 4.375000e-09 1.463519e+00 4.375000e-09 2.348395e+00 4.375000e-09 2.757581e+00 4.375000e-09 1.958421e+00 
4.125000e-09 4.458406e-01 4.125000e-09 1.379889e+00 4.125000e-09 2.214115e+00 4.125000e-09 2.600005e+00 4.125000e-09 1.846512e+00 
3.900000e-09 4.214619e-01 3.900000e-09 1.304623e+00 3.900000e-09 2.093220e+00 3.900000e-09 2.458187e+00 3.900000e-09 1.745793e+00 
3.700000e-09 3.999756e-01 3.700000e-09 1.237719e+00 3.700000e-09 1.986141e+00 3.700000e-09 2.332126e+00 3.700000e-09 1.656265e+00 
3.500000e-09 3.782827e-01 3.500000e-09 1.170815e+00 3.500000e-09 1.878630e+00 3.500000e-09 2.206065e+00 3.500000e-09 1.566737e+00 
3.300000e-09 3.567964e-01 3.300000e-09 1.103911e+00 3.300000e-09 1.771551e+00 3.300000e-09 2.080004e+00 3.300000e-09 1.477209e+00 
3.100000e-09 3.351035e-01 3.100000e-09 1.037008e+00 3.100000e-09 1.664040e+00 3.100000e-09 1.953943e+00 3.100000e-09 1.387681e+00 
2.900000e-09 3.134106e-01 2.900000e-09 9.701039e-01 2.900000e-09 1.556530e+00 2.900000e-09 1.827883e+00 2.900000e-09 1.298153e+00 
2.750000e-09 2.972959e-01 2.750000e-09 9.199262e-01 2.750000e-09 1.476220e+00 2.750000e-09 1.733337e+00 2.750000e-09 1.231008e+00 
2.625000e-09 2.836604e-01 2.625000e-09 8.781112e-01 2.625000e-09 1.408864e+00 2.625000e-09 1.654549e+00 2.625000e-09 1.175053e+00 
2.475000e-09 2.675457e-01 2.475000e-09 8.279335e-01 2.475000e-09 1.328555e+00 2.475000e-09 1.560003e+00 2.475000e-09 1.107907e+00 
2.350000e-09 2.541167e-01 2.350000e-09 7.861187e-01 2.350000e-09 1.261631e+00 2.350000e-09 1.481215e+00 2.350000e-09 1.051952e+00 
2.250000e-09 2.431670e-01 2.250000e-09 7.526668e-01 2.250000e-09 1.207660e+00 2.250000e-09 1.418185e+00 2.250000e-09 1.007188e+00 
2.150000e-09 2.324238e-01 2.150000e-09 7.192149e-01 2.150000e-09 1.154120e+00 2.150000e-09 1.355154e+00 2.150000e-09 9.624243e-01 
2.050000e-09 2.216807e-01 2.050000e-09 6.857630e-01 2.050000e-09 1.100581e+00 2.050000e-09 1.292124e+00 2.050000e-09 9.176602e-01 
1.950000e-09 2.107310e-01 1.950000e-09 6.523113e-01 1.950000e-09 1.046610e+00 1.950000e-09 1.229094e+00 1.950000e-09 8.728964e-01 
1.850000e-09 1.999672e-01 1.850000e-09 6.188593e-01 1.850000e-09 9.930704e-01 1.850000e-09 1.166063e+00 1.850000e-09 8.281324e-01 
1.750000e-09 1.891620e-01 1.750000e-09 5.854075e-01 1.750000e-09 9.395308e-01 1.750000e-09 1.103033e+00 1.750000e-09 7.833685e-01 
1.650000e-09 1.783569e-01 1.650000e-09 5.519556e-01 1.650000e-09 8.855596e-01 1.650000e-09 1.040002e+00 1.650000e-09 7.386045e-01 
1.550000e-09 1.675518e-01 1.550000e-09 5.185038e-01 1.550000e-09 8.320200e-01 1.550000e-09 9.769717e-01 1.550000e-09 6.938406e-01 
1.462500e-09 1.580895e-01 1.462500e-09 4.892334e-01 1.462500e-09 7.849572e-01 1.462500e-09 9.218201e-01 1.462500e-09 6.546723e-01 
1.387500e-09 1.499702e-01 1.387500e-09 4.641445e-01 1.387500e-09 7.448027e-01 1.387500e-09 8.745473e-01 1.387500e-09 6.210993e-01 
1.312500e-09 1.418715e-01 1.312500e-09 4.390556e-01 1.312500e-09 7.046481e-01 1.312500e-09 8.272744e-01 1.312500e-09 5.875264e-01 
1.237500e-09 1.337728e-01 1.237500e-09 4.139667e-01 1.237500e-09 6.640617e-01 1.237500e-09 7.800016e-01 1.237500e-09 5.539534e-01 
1.175000e-09 1.270170e-01 1.175000e-09 3.930593e-01 1.175000e-09 6.308155e-01 1.175000e-09 7.406076e-01 1.175000e-09 5.259760e-01 
1.125000e-09 1.216042e-01 1.125000e-09 3.763334e-01 1.125000e-09 6.040457e-01 1.125000e-09 7.090924e-01 1.125000e-09 5.035941e-01 
1.075000e-09 1.161913e-01 1.075000e-09 3.596074e-01 1.075000e-09 5.768443e-01 1.075000e-09 6.775771e-01 1.075000e-09 4.812121e-01 
1.025000e-09 1.107990e-01 1.025000e-09 3.428815e-01 1.025000e-09 5.500746e-01 1.025000e-09 6.460620e-01 1.025000e-09 4.588301e-01 
9.800000e-10 1.059233e-01 9.800000e-10 3.278282e-01 9.800000e-10 5.258955e-01 9.800000e-10 6.176983e-01 9.800000e-10 4.387213e-01 
9.400000e-10 1.016054e-01 9.400000e-10 3.144475e-01 9.400000e-10 5.047387e-01 9.400000e-10 5.924861e-01 9.400000e-10 4.207108e-01 
9.000000e-10 9.728745e-02 9.000000e-10 3.010667e-01 9.000000e-10 4.831503e-01 9.000000e-10 5.672739e-01 9.000000e-10 4.028752e-01 
8.600000e-10 9.296954e-02 8.600000e-10 2.876859e-01 8.600000e-10 4.615618e-01 8.600000e-10 5.420618e-01 8.600000e-10 3.850396e-01 
8.200000e-10 8.863095e-02 8.200000e-10 2.743053e-01 8.200000e-10 4.399733e-01 8.200000e-10 5.168496e-01 8.200000e-10 3.670291e-01 
7.800000e-10 8.431303e-02 7.800000e-10 2.609245e-01 7.800000e-10 4.186870e-01 7.800000e-10 4.916374e-01 7.800000e-10 3.491935e-01 
7.400000e-10 7.999512e-02 7.400000e-10 2.475438e-01 7.400000e-10 3.972281e-01 7.400000e-10 4.664252e-01 7.400000e-10 3.311830e-01 
7.050000e-10 7.621435e-02 7.050000e-10 2.358356e-01 7.050000e-10 3.784461e-01 7.050000e-10 4.443646e-01 7.050000e-10 3.156206e-01 
6.750000e-10 7.297076e-02 6.750000e-10 2.258000e-01 6.750000e-10 3.623411e-01 6.750000e-10 4.254555e-01 6.750000e-10 3.021564e-01 
6.450000e-10 6.972715e-02 6.450000e-10 2.157645e-01 6.450000e-10 3.462361e-01 6.450000e-10 4.065463e-01 6.450000e-10 2.886923e-01 
6.150000e-10 6.648355e-02 6.150000e-10 2.057289e-01 6.150000e-10 3.301311e-01 6.150000e-10 3.876372e-01 6.150000e-10 2.752281e-01 
5.875000e-10 6.350852e-02 5.875000e-10 1.965297e-01 5.875000e-10 3.153646e-01 5.875000e-10 3.703038e-01 5.875000e-10 2.629880e-01 
5.625000e-10 6.080208e-02 5.625000e-10 1.881667e-01 5.625000e-10 3.019365e-01 5.625000e-10 3.545462e-01 5.625000e-10 2.517971e-01 
5.375000e-10 5.809563e-02 5.375000e-10 1.798037e-01 5.375000e-10 2.885085e-01 5.375000e-10 3.387886e-01 5.375000e-10 2.406061e-01 
5.125000e-10 5.538918e-02 5.125000e-10 1.714408e-01 5.125000e-10 2.750805e-01 5.125000e-10 3.230310e-01 5.125000e-10 2.294150e-01 
4.875000e-10 5.270340e-02 4.875000e-10 1.630778e-01 4.875000e-10 2.616956e-01 4.875000e-10 3.072734e-01 4.875000e-10 2.182241e-01 
4.625000e-10 4.999695e-02 4.625000e-10 1.547148e-01 4.625000e-10 2.482676e-01 4.625000e-10 2.915157e-01 4.625000e-10 2.070331e-01 
4.375000e-10 4.729050e-02 4.375000e-10 1.463519e-01 4.375000e-10 2.348395e-01 4.375000e-10 2.757581e-01 4.375000e-10 1.958421e-01 
4.125000e-10 4.458406e-02 4.125000e-10 1.379889e-01 4.125000e-10 2.214115e-01 4.125000e-10 2.600006e-01 4.125000e-10 1.846511e-01 
3.900000e-10 4.214619e-02 3.900000e-10 1.304622e-01 3.900000e-10 2.093219e-01 3.900000e-10 2.458187e-01 3.900000e-10 1.745793e-01 
3.700000e-10 3.999756e-02 3.700000e-10 1.237719e-01 3.700000e-10 1.986140e-01 3.700000e-10 2.332126e-01 3.700000e-10 1.656265e-01 
3.500000e-10 3.782827e-02 3.500000e-10 1.170815e-01 3.500000e-10 1.878630e-01 3.500000e-10 2.206066e-01 3.500000e-10 1.566737e-01 
3.300000e-10 3.567964e-02 3.300000e-10 1.103911e-01 3.300000e-10 1.771551e-01 3.300000e-10 2.080004e-01 3.300000e-10 1.477209e-01 
3.100000e-10 3.351035e-02 3.100000e-10 1.037007e-01 3.100000e-10 1.664040e-01 3.100000e-10 1.953943e-01 3.100000e-10 1.387681e-01 
2.900000e-10 3.134106e-02 2.900000e-10 9.701039e-02 2.900000e-10 1.556530e-01 2.900000e-10 1.827883e-01 2.900000e-10 1.298154e-01 
2.750000e-10 2.972959e-02 2.750000e-10 9.199260e-02 2.750000e-10 1.476220e-01 2.750000e-10 1.733337e-01 2.750000e-10 1.231008e-01 
2.625000e-10 2.836604e-02 2.625000e-10 8.781113e-02 2.625000e-10 1.408865e-01 2.625000e-10 1.654549e-01 2.625000e-10 1.175053e-01 
2.475000e-10 2.675457e-02 2.475000e-10 8.279335e-02 2.475000e-10 1.328555e-01 2.475000e-10 1.560003e-01 2.475000e-10 1.107907e-01 
2.350000e-10 2.541167e-02 2.350000e-10 7.861187e-02 2.350000e-10 1.261631e-01 2.350000e-10 1.481215e-01 2.350000e-10 1.051952e-01 
2.250000e-10 2.431670e-02 2.250000e-10 7.526668e-02 2.250000e-10 1.207660e-01 2.250000e-10 1.418185e-01 2.250000e-10 1.007188e-01 
2.150000e-10 2.324238e-02 2.150000e-10 7.192148e-02 2.150000e-10 1.154120e-01 2.150000e-10 1.355155e-01 2.150000e-10 9.624241e-02 
2.050000e-10 2.216807e-02 2.050000e-10 6.857631e-02 2.050000e-10 1.100581e-01 2.050000e-10 1.292124e-01 2.050000e-10 9.176602e-02 
1.950000e-10 2.107309e-02 1.950000e-10 6.523112e-02 1.950000e-10 1.046610e-01 1.950000e-10 1.229094e-01 1.950000e-10 8.728963e-02 
1.850000e-10 1.999672e-02 1.850000e-10 6.188594e-02 1.850000e-10 9.930702e-02 1.850000e-10 1.166063e-01 1.850000e-10 8.281324e-02 
1.750000e-10 1.891620e-02 1.750000e-10 5.854075e-02 1.750000e-10 9.395308e-02 1.750000e-10 1.103033e-01 1.750000e-10 7.833685e-02 
1.650000e-10 1.783569e-02 1.650000e-10 5.519557e-02 1.650000e-10 8.855595e-02 1.650000e-10 1.040002e-01 1.650000e-10 7.386046e-02 
1.550000e-10 1.675517e-02 1.550000e-10 5.185037e-02 1.550000e-10 8.320202e-02 1.550000e-10 9.769716e-02 1.550000e-10 6.938406e-02 
1.462500e-10 1.580895e-02 1.462500e-10 4.892334e-02 1.462500e-10 7.849573e-02 1.462500e-10 9.218201e-02 1.462500e-10 6.546722e-02 
1.387500e-10 1.499702e-02 1.387500e-10 4.641445e-02 1.387500e-10 7.448027e-02 1.387500e-10 8.745473e-02 1.387500e-10 6.210992e-02 
1.312500e-10 1.418715e-02 1.312500e-10 4.390557e-02 1.312500e-10 7.046481e-02 1.312500e-10 8.272745e-02 1.312500e-10 5.875264e-02 
1.237500e-10 1.337728e-02 1.237500e-10 4.139668e-02 1.237500e-10 6.640618e-02 1.237500e-10 7.800017e-02 1.237500e-10 5.539534e-02 
1.175000e-10 1.270170e-02 1.175000e-10 3.930593e-02 1.175000e-10 6.308155e-02 1.175000e-10 7.406076e-02 1.175000e-10 5.259760e-02 
1.125000e-10 1.216041e-02 1.125000e-10 3.763334e-02 1.125000e-10 6.040457e-02 1.125000e-10 7.090923e-02 1.125000e-10 5.035940e-02 
1.075000e-10 1.161913e-02 1.075000e-10 3.596074e-02 1.075000e-10 5.768443e-02 1.075000e-10 6.775773e-02 1.075000e-10 4.812121e-02 
1.025000e-10 1.107990e-02 1.025000e-10 3.428816e-02 1.025000e-10 5.500746e-02 1.025000e-10 6.460620e-02 1.025000e-10 4.588301e-02 
