1.995000e+01 1.365994e-29 1.995000e+01 4.332610e-29 1.995000e+01 3.882749e-28 1.995000e+01 2.189076e-26 1.995000e+01 1.011072e-24 
1.985000e+01 1.418036e-29 1.985000e+01 4.497675e-29 1.985000e+01 4.030675e-28 1.985000e+01 2.272476e-26 1.985000e+01 1.049592e-24 
1.975000e+01 1.418036e-29 1.975000e+01 4.497675e-29 1.975000e+01 4.030675e-28 1.975000e+01 2.272475e-26 1.975000e+01 1.049592e-24 
1.965000e+01 1.418036e-29 1.965000e+01 4.497675e-29 1.965000e+01 4.030675e-28 1.965000e+01 2.272476e-26 1.965000e+01 1.049592e-24 
1.955000e+01 1.418036e-29 1.955000e+01 4.497675e-29 1.955000e+01 4.030675e-28 1.955000e+01 2.272476e-26 1.955000e+01 1.049592e-24 
1.945000e+01 1.418036e-29 1.945000e+01 4.497675e-29 1.945000e+01 4.030675e-28 1.945000e+01 2.272476e-26 1.945000e+01 1.049592e-24 
1.935000e+01 1.418036e-29 1.935000e+01 4.497675e-29 1.935000e+01 4.030675e-28 1.935000e+01 2.272476e-26 1.935000e+01 1.049592e-24 
1.925000e+01 1.418036e-29 1.925000e+01 4.497675e-29 1.925000e+01 4.030675e-28 1.925000e+01 2.272475e-26 1.925000e+01 1.049592e-24 
1.915000e+01 1.418036e-29 1.915000e+01 4.497675e-29 1.915000e+01 4.030675e-28 1.915000e+01 2.272476e-26 1.915000e+01 1.049592e-24 
1.905000e+01 1.418036e-29 1.905000e+01 4.497675e-29 1.905000e+01 4.030675e-28 1.905000e+01 2.272476e-26 1.905000e+01 1.049592e-24 
1.895000e+01 1.418036e-29 1.895000e+01 4.497675e-29 1.895000e+01 4.030675e-28 1.895000e+01 2.272476e-26 1.895000e+01 1.049592e-24 
1.885000e+01 1.418036e-29 1.885000e+01 4.497675e-29 1.885000e+01 4.030675e-28 1.885000e+01 2.272476e-26 1.885000e+01 1.049592e-24 
1.875000e+01 1.418036e-29 1.875000e+01 4.497675e-29 1.875000e+01 4.030675e-28 1.875000e+01 2.272475e-26 1.875000e+01 1.049592e-24 
1.865000e+01 1.418036e-29 1.865000e+01 4.497675e-29 1.865000e+01 4.030675e-28 1.865000e+01 2.272476e-26 1.865000e+01 1.049592e-24 
1.855000e+01 1.418036e-29 1.855000e+01 4.497675e-29 1.855000e+01 4.030675e-28 1.855000e+01 2.272476e-26 1.855000e+01 1.049592e-24 
1.845000e+01 1.418036e-29 1.845000e+01 4.497675e-29 1.845000e+01 4.030675e-28 1.845000e+01 2.272476e-26 1.845000e+01 1.049592e-24 
1.835000e+01 1.418036e-29 1.835000e+01 4.497675e-29 1.835000e+01 4.030675e-28 1.835000e+01 2.272476e-26 1.835000e+01 1.049592e-24 
1.825000e+01 1.418036e-29 1.825000e+01 4.497675e-29 1.825000e+01 4.030675e-28 1.825000e+01 2.272475e-26 1.825000e+01 1.049592e-24 
1.815000e+01 1.418036e-29 1.815000e+01 4.497675e-29 1.815000e+01 4.030675e-28 1.815000e+01 2.272476e-26 1.815000e+01 1.049592e-24 
1.805000e+01 1.418036e-29 1.805000e+01 4.497675e-29 1.805000e+01 4.030675e-28 1.805000e+01 2.272476e-26 1.805000e+01 1.049592e-24 
1.795000e+01 1.418036e-29 1.795000e+01 4.497675e-29 1.795000e+01 4.030675e-28 1.795000e+01 2.272476e-26 1.795000e+01 1.049592e-24 
1.785000e+01 1.418036e-29 1.785000e+01 4.497675e-29 1.785000e+01 4.030675e-28 1.785000e+01 2.272476e-26 1.785000e+01 1.049592e-24 
1.775000e+01 1.418036e-29 1.775000e+01 4.497675e-29 1.775000e+01 4.030675e-28 1.775000e+01 2.272475e-26 1.775000e+01 1.049592e-24 
1.765000e+01 1.418036e-29 1.765000e+01 4.497675e-29 1.765000e+01 4.030675e-28 1.765000e+01 2.272476e-26 1.765000e+01 1.049592e-24 
1.755000e+01 1.418036e-29 1.755000e+01 4.497675e-29 1.755000e+01 4.030675e-28 1.755000e+01 2.272476e-26 1.755000e+01 1.049592e-24 
1.745000e+01 1.418036e-29 1.745000e+01 4.497675e-29 1.745000e+01 4.030675e-28 1.745000e+01 2.272476e-26 1.745000e+01 1.049592e-24 
1.735000e+01 1.418036e-29 1.735000e+01 4.497675e-29 1.735000e+01 4.030675e-28 1.735000e+01 2.272476e-26 1.735000e+01 1.049592e-24 
1.725000e+01 1.418036e-29 1.725000e+01 4.497675e-29 1.725000e+01 4.030675e-28 1.725000e+01 2.272475e-26 1.725000e+01 1.049592e-24 
1.715000e+01 1.418036e-29 1.715000e+01 4.497675e-29 1.715000e+01 4.030675e-28 1.715000e+01 2.272476e-26 1.715000e+01 1.049592e-24 
1.705000e+01 1.418036e-29 1.705000e+01 4.497675e-29 1.705000e+01 4.030675e-28 1.705000e+01 2.272476e-26 1.705000e+01 1.049592e-24 
1.695000e+01 1.418036e-29 1.695000e+01 4.497675e-29 1.695000e+01 4.030675e-28 1.695000e+01 2.272476e-26 1.695000e+01 1.049592e-24 
1.685000e+01 1.418036e-29 1.685000e+01 4.497675e-29 1.685000e+01 4.030675e-28 1.685000e+01 2.272476e-26 1.685000e+01 1.049592e-24 
1.675000e+01 1.418036e-29 1.675000e+01 4.497675e-29 1.675000e+01 4.030675e-28 1.675000e+01 2.272475e-26 1.675000e+01 1.049592e-24 
1.665000e+01 1.418036e-29 1.665000e+01 4.497675e-29 1.665000e+01 4.030675e-28 1.665000e+01 2.272476e-26 1.665000e+01 1.049592e-24 
1.655000e+01 1.418036e-29 1.655000e+01 4.497675e-29 1.655000e+01 4.030675e-28 1.655000e+01 2.272476e-26 1.655000e+01 1.049592e-24 
1.645000e+01 1.418036e-29 1.645000e+01 4.497675e-29 1.645000e+01 4.030675e-28 1.645000e+01 2.272476e-26 1.645000e+01 1.049592e-24 
1.635000e+01 1.418036e-29 1.635000e+01 4.497675e-29 1.635000e+01 4.030675e-28 1.635000e+01 2.272476e-26 1.635000e+01 1.049592e-24 
1.625000e+01 1.418036e-29 1.625000e+01 4.497675e-29 1.625000e+01 4.030675e-28 1.625000e+01 2.272475e-26 1.625000e+01 1.049592e-24 
1.615000e+01 1.418036e-29 1.615000e+01 4.497675e-29 1.615000e+01 4.030675e-28 1.615000e+01 2.272476e-26 1.615000e+01 1.049592e-24 
1.605000e+01 1.418036e-29 1.605000e+01 4.497675e-29 1.605000e+01 4.030675e-28 1.605000e+01 2.272476e-26 1.605000e+01 1.049592e-24 
1.595000e+01 1.418036e-29 1.595000e+01 4.497675e-29 1.595000e+01 4.030675e-28 1.595000e+01 2.272476e-26 1.595000e+01 1.049592e-24 
1.585000e+01 1.418036e-29 1.585000e+01 4.497675e-29 1.585000e+01 4.030675e-28 1.585000e+01 2.272475e-26 1.585000e+01 1.049592e-24 
1.575000e+01 2.848835e-29 1.575000e+01 8.968365e-29 1.575000e+01 7.851755e-28 1.575000e+01 4.060914e-26 1.575000e+01 1.868273e-24 
1.565000e+01 1.013896e-28 1.565000e+01 3.153320e-28 1.565000e+01 2.654602e-27 1.565000e+01 1.186232e-25 1.565000e+01 5.420092e-24 
1.555000e+01 3.638681e-28 1.555000e+01 1.117672e-27 1.555000e+01 9.044834e-27 1.555000e+01 3.488250e-25 1.555000e+01 1.582785e-23 
1.545000e+01 1.316363e-27 1.545000e+01 3.994385e-27 1.545000e+01 3.107247e-26 1.545000e+01 1.033522e-24 1.545000e+01 4.657039e-23 
1.535000e+01 4.802888e-27 1.535000e+01 1.439256e-26 1.535000e+01 1.075787e-25 1.535000e+01 3.083750e-24 1.535000e+01 1.379164e-22 
1.525000e+01 1.766873e-26 1.525000e+01 5.230797e-26 1.525000e+01 3.755379e-25 1.525000e+01 9.262611e-24 1.525000e+01 4.114400e-22 
1.515000e+01 6.558416e-26 1.515000e+01 1.916459e-25 1.515000e+01 1.321658e-24 1.515000e+01 2.801963e-23 1.515000e+01 1.236419e-21 
1.505000e+01 2.454621e-25 1.505000e+01 7.083838e-25 1.505000e+01 4.691706e-24 1.505000e+01 8.544508e-23 1.505000e+01 3.741795e-21 
1.495000e+01 9.272537e-25 1.495000e+01 2.641934e-24 1.495000e+01 1.678776e-23 1.495000e+01 2.624709e-22 1.495000e+01 1.140906e-20 
1.485000e+01 3.533746e-24 1.485000e+01 9.939861e-24 1.485000e+01 6.062135e-23 1.485000e+01 8.121828e-22 1.485000e+01 3.505637e-20 
1.475000e+01 1.358762e-23 1.475000e+01 3.772200e-23 1.475000e+01 2.206795e-22 1.475000e+01 2.531538e-21 1.475000e+01 1.085278e-19 
1.465000e+01 5.273676e-23 1.465000e+01 1.445103e-22 1.465000e+01 8.109718e-22 1.465000e+01 7.958209e-21 1.465000e+01 3.384934e-19 
1.455000e+01 2.066078e-22 1.455000e+01 5.586112e-22 1.455000e+01 3.005271e-21 1.455000e+01 2.520175e-20 1.455000e+01 1.064286e-18 
1.445000e+01 8.167888e-22 1.445000e+01 2.179573e-21 1.445000e+01 1.124155e-20 1.445000e+01 8.046837e-20 1.445000e+01 3.372339e-18 
1.435000e+01 3.260065e-21 1.435000e+01 8.586061e-21 1.435000e+01 4.244301e-20 1.435000e+01 2.590622e-19 1.435000e+01 1.076881e-17 
1.425000e+01 1.314378e-20 1.425000e+01 3.415535e-20 1.425000e+01 1.616704e-19 1.425000e+01 8.403615e-19 1.425000e+01 3.468901e-17 
1.415000e+01 5.350250e-20 1.415000e+01 1.371791e-19 1.415000e+01 6.215301e-19 1.415000e+01 2.749695e-18 1.415000e+01 1.126212e-16 
1.405000e+01 2.199374e-19 1.405000e+01 5.563625e-19 1.405000e+01 2.414375e-18 1.405000e+01 9.073995e-18 1.405000e+01 3.688266e-16 
1.395000e+01 9.137824e-19 1.395000e+01 2.279422e-18 1.395000e+01 9.468056e-18 1.395000e+01 3.020120e-17 1.395000e+01 1.217527e-15 
1.385000e+01 3.834369e-18 1.385000e+01 9.436124e-18 1.385000e+01 3.748528e-17 1.385000e+01 1.013524e-16 1.385000e+01 4.056673e-15 
1.375000e+01 1.626487e-17 1.375000e+01 3.944910e-17 1.375000e+01 1.499008e-16 1.375000e+01 3.433710e-16 1.375000e+01 1.363420e-14 
1.365000e+01 6.966810e-17 1.365000e+01 1.666838e-16 1.365000e+01 6.058105e-16 1.365000e+01 1.172824e-15 1.365000e+01 4.621353e-14 
1.355000e+01 3.017581e-16 1.355000e+01 7.119820e-16 1.355000e+01 2.472416e-15 1.355000e+01 4.045007e-15 1.355000e+01 1.580685e-13 
1.345000e+01 1.321468e-15 1.345000e+01 3.073262e-15 1.345000e+01 1.019761e-14 1.345000e+01 1.407117e-14 1.345000e+01 5.456827e-13 
1.335000e+01 5.850817e-15 1.335000e+01 1.341207e-14 1.335000e+01 4.252362e-14 1.335000e+01 4.942634e-14 1.335000e+01 1.900811e-12 
1.325000e+01 2.619113e-14 1.325000e+01 5.918940e-14 1.325000e+01 1.791635e-13 1.325000e+01 1.752306e-13 1.325000e+01 6.685900e-12 
1.315000e+01 1.186329e-13 1.315000e+01 2.641934e-13 1.315000e+01 7.634098e-13 1.315000e+01 6.274305e-13 1.315000e+01 2.374177e-11 
1.305000e+01 5.433914e-13 1.305000e+01 1.192783e-12 1.305000e+01 3.287821e-12 1.305000e+01 2.267703e-12 1.305000e+01 8.511140e-11 
1.295000e+01 2.518432e-12 1.295000e+01 5.446685e-12 1.295000e+01 1.432099e-11 1.295000e+01 8.278629e-12 1.295000e+01 3.081602e-10 
1.285000e+01 1.181649e-11 1.285000e+01 2.517799e-11 1.285000e+01 6.312037e-11 1.285000e+01 3.054207e-11 1.285000e+01 1.127262e-09 
1.275000e+01 5.609750e-11 1.275000e+01 1.177491e-10 1.275000e+01 2.813411e-10 1.275000e+01 1.137601e-10 1.275000e+01 4.162681e-09 
1.265000e+01 2.697105e-10 1.265000e+01 5.577117e-10 1.265000e+01 1.268857e-09 1.265000e+01 4.281344e-10 1.265000e+01 1.553396e-08 
1.255000e+01 5.696251e-10 1.255000e+01 1.155453e-09 1.255000e+01 2.563509e-09 1.255000e+01 8.389979e-10 1.255000e+01 2.839146e-08 
1.245000e+01 6.426539e-10 1.245000e+01 1.270593e-09 1.245000e+01 2.777135e-09 1.245000e+01 9.826184e-10 1.245000e+01 2.915766e-08 
1.235000e+01 7.260344e-10 1.235000e+01 1.397877e-09 1.235000e+01 3.010914e-09 1.235000e+01 1.152372e-09 1.235000e+01 2.993436e-08 
1.225000e+01 8.207592e-10 1.225000e+01 1.539105e-09 1.225000e+01 3.266056e-09 1.225000e+01 1.353032e-09 1.225000e+01 3.075304e-08 
1.215000e+01 9.289552e-10 1.215000e+01 1.696523e-09 1.215000e+01 3.545784e-09 1.215000e+01 1.590733e-09 1.215000e+01 3.159272e-08 
1.205000e+01 1.052466e-09 1.205000e+01 1.871033e-09 1.205000e+01 3.851310e-09 1.205000e+01 1.872747e-09 1.205000e+01 3.246388e-08 
1.195000e+01 1.193703e-09 1.195000e+01 2.065333e-09 1.195000e+01 4.187871e-09 1.195000e+01 2.207710e-09 1.195000e+01 3.337702e-08 
1.185000e+01 1.355217e-09 1.185000e+01 2.281221e-09 1.185000e+01 4.554662e-09 1.185000e+01 2.606529e-09 1.185000e+01 3.431116e-08 
1.175000e+01 1.539987e-09 1.175000e+01 2.522296e-09 1.175000e+01 4.957730e-09 1.175000e+01 3.081477e-09 1.175000e+01 3.527678e-08 
1.165000e+01 1.752693e-09 1.165000e+01 2.791257e-09 1.165000e+01 5.401105e-09 1.165000e+01 3.647323e-09 1.165000e+01 3.628439e-08 
1.155000e+01 1.996595e-09 1.155000e+01 3.091702e-09 1.155000e+01 5.888817e-09 1.155000e+01 4.324521e-09 1.155000e+01 3.733398e-08 
1.145000e+01 2.275948e-09 1.145000e+01 3.427229e-09 1.145000e+01 6.424896e-09 1.145000e+01 5.135794e-09 1.145000e+01 3.842556e-08 
1.135000e+01 2.599260e-09 1.135000e+01 3.802784e-09 1.135000e+01 7.013374e-09 1.135000e+01 6.106142e-09 1.135000e+01 3.954862e-08 
1.125000e+01 2.970785e-09 1.125000e+01 4.223317e-09 1.125000e+01 7.662313e-09 1.125000e+01 7.271922e-09 1.125000e+01 4.072417e-08 
1.115000e+01 3.400450e-09 1.115000e+01 4.695573e-09 1.115000e+01 8.379773e-09 1.115000e+01 8.674039e-09 1.115000e+01 4.193119e-08 
1.105000e+01 3.895345e-09 1.105000e+01 5.221801e-09 1.105000e+01 9.169786e-09 1.105000e+01 1.036249e-08 1.105000e+01 4.320120e-08 
1.095000e+01 4.468231e-09 1.095000e+01 5.819992e-09 1.095000e+01 1.004444e-08 1.095000e+01 1.240090e-08 1.095000e+01 4.451319e-08 
1.085000e+01 5.133290e-09 1.085000e+01 6.485647e-09 1.085000e+01 1.101180e-08 1.085000e+01 1.486426e-08 1.085000e+01 4.587766e-08 
1.075000e+01 5.903284e-09 1.075000e+01 7.236760e-09 1.075000e+01 1.207993e-08 1.075000e+01 1.784575e-08 1.075000e+01 4.730511e-08 
1.065000e+01 6.798064e-09 1.065000e+01 8.086819e-09 1.065000e+01 1.326495e-08 1.065000e+01 2.146353e-08 1.065000e+01 4.878503e-08 
1.055000e+01 7.840320e-09 1.055000e+01 9.044825e-09 1.055000e+01 1.457895e-08 1.055000e+01 2.586077e-08 1.055000e+01 5.032793e-08 
1.045000e+01 9.052743e-09 1.045000e+01 1.012427e-08 1.045000e+01 1.603805e-08 1.045000e+01 3.120109e-08 1.045000e+01 5.193380e-08 
1.035000e+01 1.046794e-08 1.035000e+01 1.134763e-08 1.035000e+01 1.765839e-08 1.035000e+01 3.774582e-08 1.035000e+01 5.360266e-08 
1.025000e+01 1.212137e-08 1.025000e+01 1.272842e-08 1.025000e+01 1.946010e-08 1.025000e+01 4.569948e-08 1.025000e+01 5.534498e-08 
1.015000e+01 1.405699e-08 1.015000e+01 1.429811e-08 1.015000e+01 2.146737e-08 1.015000e+01 5.547113e-08 1.015000e+01 5.716078e-08 
1.005000e+01 1.632160e-08 1.005000e+01 1.607919e-08 1.005000e+01 2.370843e-08 1.005000e+01 6.744708e-08 1.005000e+01 5.906053e-08 
9.950000e+00 1.799488e-08 9.950000e+00 1.753643e-08 9.950000e+00 2.555851e-08 9.950000e+00 7.465082e-08 9.950000e+00 6.050897e-08 
9.850000e+00 1.885988e-08 9.850000e+00 1.856640e-08 9.850000e+00 2.691282e-08 9.850000e+00 7.540074e-08 9.850000e+00 6.146410e-08 
9.750000e+00 1.976742e-08 9.750000e+00 1.966384e-08 9.750000e+00 2.835580e-08 9.750000e+00 7.612793e-08 9.750000e+00 6.244022e-08 
9.650000e+00 2.074587e-08 9.650000e+00 2.083773e-08 9.650000e+00 2.989148e-08 9.650000e+00 7.692329e-08 9.650000e+00 6.344783e-08 
9.550000e+00 2.176685e-08 9.550000e+00 2.209708e-08 9.550000e+00 3.152391e-08 9.550000e+00 7.774139e-08 9.550000e+00 6.447642e-08 
9.450000e+00 2.285874e-08 9.450000e+00 2.344638e-08 9.450000e+00 3.326919e-08 9.450000e+00 7.849131e-08 9.450000e+00 6.554701e-08 
9.350000e+00 2.400735e-08 9.350000e+00 2.489463e-08 9.350000e+00 3.513136e-08 9.350000e+00 7.930939e-08 9.350000e+00 6.663858e-08 
9.250000e+00 2.524104e-08 9.250000e+00 2.645083e-08 9.250000e+00 3.711446e-08 9.250000e+00 8.015022e-08 9.250000e+00 6.775115e-08 
9.150000e+00 2.654563e-08 9.150000e+00 2.812396e-08 9.150000e+00 3.923459e-08 9.150000e+00 8.099103e-08 9.150000e+00 6.890571e-08 
9.050000e+00 2.792113e-08 9.050000e+00 2.991853e-08 9.050000e+00 4.151596e-08 9.050000e+00 8.187729e-08 9.050000e+00 7.009174e-08 
8.950000e+00 2.939589e-08 8.950000e+00 3.185254e-08 8.950000e+00 4.393436e-08 8.950000e+00 8.274083e-08 8.950000e+00 7.130927e-08 
8.850000e+00 3.096990e-08 8.850000e+00 3.393496e-08 8.850000e+00 4.651399e-08 8.850000e+00 8.364982e-08 8.850000e+00 7.255829e-08 
8.750000e+00 3.264319e-08 8.750000e+00 3.617480e-08 8.750000e+00 4.929516e-08 8.750000e+00 8.458154e-08 8.750000e+00 7.384929e-08 
8.650000e+00 3.442992e-08 8.650000e+00 3.859455e-08 8.650000e+00 5.227785e-08 8.650000e+00 8.555871e-08 8.650000e+00 7.518226e-08 
8.550000e+00 3.633008e-08 8.550000e+00 4.120770e-08 8.550000e+00 5.550240e-08 8.550000e+00 8.651315e-08 8.550000e+00 7.654673e-08 
8.450000e+00 3.837205e-08 8.450000e+00 4.403224e-08 8.450000e+00 5.892847e-08 8.450000e+00 8.749031e-08 8.450000e+00 7.795318e-08 
8.350000e+00 4.054165e-08 8.350000e+00 4.709066e-08 8.350000e+00 6.263669e-08 8.350000e+00 8.851292e-08 8.350000e+00 7.941211e-08 
8.250000e+00 4.288141e-08 8.250000e+00 5.037396e-08 8.250000e+00 6.662705e-08 8.250000e+00 8.955826e-08 8.250000e+00 8.090255e-08 
8.150000e+00 4.536297e-08 8.150000e+00 5.397211e-08 8.150000e+00 7.089957e-08 8.150000e+00 9.064905e-08 8.150000e+00 8.245593e-08 
8.050000e+00 4.804306e-08 8.050000e+00 5.788508e-08 8.050000e+00 7.553484e-08 8.050000e+00 9.169438e-08 8.050000e+00 8.405132e-08 
7.950000e+00 5.053881e-08 7.950000e+00 6.143824e-08 7.950000e+00 7.968645e-08 7.950000e+00 9.278518e-08 7.950000e+00 8.560471e-08 
7.850000e+00 5.229717e-08 7.850000e+00 6.359713e-08 7.850000e+00 8.194363e-08 7.850000e+00 9.376234e-08 7.850000e+00 8.701117e-08 
7.750000e+00 5.355922e-08 7.750000e+00 6.481149e-08 7.750000e+00 8.299160e-08 7.750000e+00 9.469405e-08 7.750000e+00 8.832316e-08 
7.650000e+00 5.486381e-08 7.650000e+00 6.611583e-08 7.650000e+00 8.412018e-08 7.650000e+00 9.564849e-08 7.650000e+00 8.967712e-08 
7.550000e+00 5.622513e-08 7.550000e+00 6.742015e-08 7.550000e+00 8.528908e-08 7.550000e+00 9.662566e-08 7.550000e+00 9.106258e-08 
7.450000e+00 5.764316e-08 7.450000e+00 6.876945e-08 7.450000e+00 8.641768e-08 7.450000e+00 9.760283e-08 7.450000e+00 9.249003e-08 
7.350000e+00 5.911792e-08 7.350000e+00 7.016374e-08 7.350000e+00 8.766718e-08 7.350000e+00 9.862544e-08 7.350000e+00 9.396995e-08 
7.250000e+00 6.064940e-08 7.250000e+00 7.160299e-08 7.250000e+00 8.887638e-08 7.250000e+00 9.967079e-08 7.250000e+00 9.548137e-08 
7.150000e+00 6.223760e-08 7.150000e+00 7.313219e-08 7.150000e+00 9.012589e-08 7.150000e+00 1.007388e-07 7.150000e+00 9.704526e-08 
7.050000e+00 6.389670e-08 7.050000e+00 7.470639e-08 7.050000e+00 9.145601e-08 7.050000e+00 1.018296e-07 7.050000e+00 9.866163e-08 
6.950000e+00 6.561253e-08 6.950000e+00 7.628057e-08 6.950000e+00 9.278613e-08 6.950000e+00 1.029659e-07 6.950000e+00 1.003200e-07 
6.850000e+00 6.741343e-08 6.850000e+00 7.798969e-08 6.850000e+00 9.415657e-08 6.850000e+00 1.041248e-07 6.850000e+00 1.020308e-07 
6.750000e+00 6.928524e-08 6.750000e+00 7.969880e-08 6.750000e+00 9.560761e-08 6.750000e+00 1.053065e-07 6.750000e+00 1.038046e-07 
6.650000e+00 7.124213e-08 6.650000e+00 8.149787e-08 6.650000e+00 9.705865e-08 6.650000e+00 1.065109e-07 6.650000e+00 1.055890e-07 
6.550000e+00 7.328410e-08 6.550000e+00 8.338691e-08 6.550000e+00 9.855000e-08 6.550000e+00 1.077608e-07 6.550000e+00 1.074782e-07 
6.450000e+00 7.541116e-08 6.450000e+00 8.532090e-08 6.450000e+00 1.001220e-07 6.450000e+00 1.090334e-07 6.450000e+00 1.094724e-07 
6.350000e+00 7.762329e-08 6.350000e+00 8.729987e-08 6.350000e+00 1.018148e-07 6.350000e+00 1.103060e-07 6.350000e+00 1.113617e-07 
6.250000e+00 7.977871e-08 6.250000e+00 8.927885e-08 6.250000e+00 1.031450e-07 6.250000e+00 1.111468e-07 6.250000e+00 1.123063e-07 
6.150000e+00 8.189158e-08 6.150000e+00 9.121285e-08 6.150000e+00 1.044348e-07 6.150000e+00 1.115558e-07 6.150000e+00 1.124113e-07 
6.050000e+00 8.408954e-08 6.050000e+00 9.319183e-08 6.050000e+00 1.058052e-07 6.050000e+00 1.119876e-07 6.050000e+00 1.125163e-07 
5.950000e+00 8.637257e-08 5.950000e+00 9.530574e-08 5.950000e+00 1.071757e-07 5.950000e+00 1.124194e-07 5.950000e+00 1.126212e-07 
5.850000e+00 8.876906e-08 5.850000e+00 9.746462e-08 5.850000e+00 1.085864e-07 5.850000e+00 1.128738e-07 5.850000e+00 1.126212e-07 
5.750000e+00 9.127897e-08 5.750000e+00 9.971347e-08 5.750000e+00 1.100777e-07 5.750000e+00 1.133284e-07 5.750000e+00 1.127262e-07 
5.650000e+00 9.390234e-08 5.650000e+00 1.020523e-07 5.650000e+00 1.115691e-07 5.650000e+00 1.137828e-07 5.650000e+00 1.128311e-07 
5.550000e+00 9.665334e-08 5.550000e+00 1.044810e-07 5.550000e+00 1.131410e-07 5.550000e+00 1.142601e-07 5.550000e+00 1.129361e-07 
5.450000e+00 9.953194e-08 5.450000e+00 1.070447e-07 5.450000e+00 1.147533e-07 5.450000e+00 1.147600e-07 5.450000e+00 1.129361e-07 
5.350000e+00 1.025524e-07 5.350000e+00 1.096983e-07 5.350000e+00 1.164462e-07 5.350000e+00 1.152600e-07 5.350000e+00 1.130410e-07 
5.250000e+00 1.057146e-07 5.250000e+00 1.124419e-07 5.250000e+00 1.181391e-07 5.250000e+00 1.157599e-07 5.250000e+00 1.131460e-07 
5.150000e+00 1.090611e-07 5.150000e+00 1.153654e-07 5.150000e+00 1.199529e-07 5.150000e+00 1.162826e-07 5.150000e+00 1.132510e-07 
5.050000e+00 1.125070e-07 5.050000e+00 1.183338e-07 5.050000e+00 1.217667e-07 5.050000e+00 1.168052e-07 5.050000e+00 1.133559e-07 
4.950000e+00 1.156125e-07 4.950000e+00 1.209425e-07 4.950000e+00 1.233386e-07 4.950000e+00 1.172370e-07 4.950000e+00 1.133559e-07 
4.850000e+00 1.183918e-07 4.850000e+00 1.231463e-07 4.850000e+00 1.247091e-07 4.850000e+00 1.176006e-07 4.850000e+00 1.133559e-07 
4.750000e+00 1.212846e-07 4.750000e+00 1.253952e-07 4.750000e+00 1.260795e-07 4.750000e+00 1.179642e-07 4.750000e+00 1.133559e-07 
4.650000e+00 1.243192e-07 4.650000e+00 1.277790e-07 4.650000e+00 1.275305e-07 4.650000e+00 1.183505e-07 4.650000e+00 1.133559e-07 
4.550000e+00 1.274814e-07 4.550000e+00 1.302527e-07 4.550000e+00 1.290219e-07 4.550000e+00 1.187368e-07 4.550000e+00 1.133559e-07 
4.450000e+00 1.308280e-07 4.450000e+00 1.328613e-07 4.450000e+00 1.305939e-07 4.450000e+00 1.191232e-07 4.450000e+00 1.133559e-07 
4.350000e+00 1.343164e-07 4.350000e+00 1.355599e-07 4.350000e+00 1.322061e-07 4.350000e+00 1.195322e-07 4.350000e+00 1.133559e-07 
4.250000e+00 1.379891e-07 4.250000e+00 1.383485e-07 4.250000e+00 1.338587e-07 4.250000e+00 1.199413e-07 4.250000e+00 1.133559e-07 
4.150000e+00 1.418036e-07 4.150000e+00 1.413169e-07 4.150000e+00 1.355919e-07 4.150000e+00 1.203730e-07 4.150000e+00 1.133559e-07 
4.050000e+00 1.459159e-07 4.050000e+00 1.443754e-07 4.050000e+00 1.373654e-07 4.050000e+00 1.208048e-07 4.050000e+00 1.133559e-07 
3.950000e+00 1.493192e-07 3.950000e+00 1.468041e-07 3.950000e+00 1.385746e-07 3.950000e+00 1.208275e-07 3.950000e+00 1.130410e-07 
3.850000e+00 1.515881e-07 3.850000e+00 1.483333e-07 3.850000e+00 1.390583e-07 3.850000e+00 1.203276e-07 3.850000e+00 1.123063e-07 
3.750000e+00 1.537151e-07 3.750000e+00 1.496826e-07 3.750000e+00 1.393807e-07 3.750000e+00 1.196913e-07 3.750000e+00 1.113617e-07 
3.650000e+00 1.561258e-07 3.650000e+00 1.510769e-07 3.650000e+00 1.397032e-07 3.650000e+00 1.190550e-07 3.650000e+00 1.105220e-07 
3.550000e+00 1.583946e-07 3.550000e+00 1.525162e-07 3.550000e+00 1.400660e-07 3.550000e+00 1.183960e-07 3.550000e+00 1.096823e-07 
3.450000e+00 1.609471e-07 3.450000e+00 1.540454e-07 3.450000e+00 1.403884e-07 3.450000e+00 1.177142e-07 3.450000e+00 1.087377e-07 
3.350000e+00 1.634995e-07 3.350000e+00 1.556195e-07 3.350000e+00 1.407512e-07 3.350000e+00 1.170325e-07 3.350000e+00 1.077931e-07 
3.250000e+00 1.661938e-07 3.250000e+00 1.572387e-07 3.250000e+00 1.411139e-07 3.250000e+00 1.163280e-07 3.250000e+00 1.068484e-07 
3.150000e+00 1.686045e-07 3.150000e+00 1.586780e-07 3.150000e+00 1.413961e-07 3.150000e+00 1.156008e-07 3.150000e+00 1.059038e-07 
3.050000e+00 1.703061e-07 3.050000e+00 1.597124e-07 3.050000e+00 1.414767e-07 3.050000e+00 1.148509e-07 3.050000e+00 1.049592e-07 
2.950000e+00 1.717241e-07 2.950000e+00 1.606120e-07 2.950000e+00 1.414767e-07 2.950000e+00 1.140783e-07 2.950000e+00 1.040565e-07 
2.850000e+00 1.731422e-07 2.850000e+00 1.615565e-07 2.850000e+00 1.414767e-07 2.850000e+00 1.133056e-07 2.850000e+00 1.030909e-07 
2.750000e+00 1.747020e-07 2.750000e+00 1.625460e-07 2.750000e+00 1.414767e-07 2.750000e+00 1.124875e-07 2.750000e+00 1.020938e-07 
2.650000e+00 1.762619e-07 2.650000e+00 1.635804e-07 2.650000e+00 1.414767e-07 2.650000e+00 1.116467e-07 2.650000e+00 1.010757e-07 
2.550000e+00 1.778217e-07 2.550000e+00 1.645250e-07 2.550000e+00 1.413961e-07 2.550000e+00 1.107605e-07 2.550000e+00 1.000051e-07 
2.450000e+00 1.782471e-07 2.450000e+00 1.643450e-07 2.450000e+00 1.406302e-07 2.450000e+00 1.094651e-07 2.450000e+00 9.859867e-08 
2.350000e+00 1.773963e-07 2.350000e+00 1.631307e-07 2.350000e+00 1.391389e-07 2.350000e+00 1.077835e-07 2.350000e+00 9.688782e-08 
2.250000e+00 1.766873e-07 2.250000e+00 1.618713e-07 2.250000e+00 1.376072e-07 2.250000e+00 1.060564e-07 2.250000e+00 9.514550e-08 
2.150000e+00 1.758364e-07 2.150000e+00 1.605220e-07 2.150000e+00 1.360353e-07 2.150000e+00 1.042839e-07 2.150000e+00 9.334020e-08 
2.050000e+00 1.749856e-07 2.050000e+00 1.591727e-07 2.050000e+00 1.344230e-07 2.050000e+00 1.024659e-07 2.050000e+00 9.150341e-08 
1.950000e+00 1.731422e-07 1.950000e+00 1.572387e-07 1.950000e+00 1.322868e-07 1.950000e+00 1.003525e-07 1.950000e+00 8.942522e-08 
1.850000e+00 1.703061e-07 1.850000e+00 1.546750e-07 1.850000e+00 1.295862e-07 1.850000e+00 9.792097e-08 1.850000e+00 8.708463e-08 
1.750000e+00 1.671864e-07 1.750000e+00 1.519315e-07 1.750000e+00 1.267647e-07 1.750000e+00 9.537580e-08 1.750000e+00 8.467057e-08 
1.650000e+00 1.639250e-07 1.650000e+00 1.490979e-07 1.650000e+00 1.238223e-07 1.650000e+00 9.276245e-08 1.650000e+00 8.218305e-08 
1.550000e+00 1.598127e-07 1.550000e+00 1.452299e-07 1.550000e+00 1.201947e-07 1.550000e+00 8.969461e-08 1.550000e+00 7.929667e-08 
1.450000e+00 1.544241e-07 1.450000e+00 1.399677e-07 1.450000e+00 1.156804e-07 1.450000e+00 8.603593e-08 1.450000e+00 7.593796e-08 
1.350000e+00 1.486102e-07 1.350000e+00 1.343006e-07 1.350000e+00 1.108436e-07 1.350000e+00 8.217272e-08 1.350000e+00 7.241135e-08 
1.250000e+00 1.423708e-07 1.250000e+00 1.285885e-07 1.250000e+00 1.060068e-07 1.250000e+00 7.828678e-08 1.250000e+00 6.888471e-08 
1.150000e+00 1.356777e-07 1.150000e+00 1.227865e-07 1.150000e+00 1.010893e-07 1.150000e+00 7.440086e-08 1.150000e+00 6.540007e-08 
1.050000e+00 1.285733e-07 1.050000e+00 1.168496e-07 1.050000e+00 9.609128e-08 1.050000e+00 7.044674e-08 1.050000e+00 6.185245e-08 
9.800000e-01 1.233691e-07 9.800000e-01 1.124419e-07 9.800000e-01 9.238307e-08 9.800000e-01 6.756071e-08 9.800000e-01 5.927045e-08 
9.400000e-01 1.201927e-07 9.400000e-01 1.097433e-07 9.400000e-01 9.008559e-08 9.400000e-01 6.583361e-08 9.400000e-01 5.771706e-08 
9.000000e-01 1.169880e-07 9.000000e-01 1.069547e-07 9.000000e-01 8.778810e-08 9.000000e-01 6.408381e-08 9.000000e-01 5.614267e-08 
8.600000e-01 1.137123e-07 8.600000e-01 1.041662e-07 8.600000e-01 8.541001e-08 8.600000e-01 6.231128e-08 8.600000e-01 5.454728e-08 
8.200000e-01 1.103941e-07 8.200000e-01 1.012876e-07 8.200000e-01 8.299160e-08 8.200000e-01 6.049331e-08 8.200000e-01 5.292042e-08 
7.800000e-01 1.068915e-07 7.800000e-01 9.831917e-08 7.800000e-01 8.057320e-08 7.800000e-01 5.865259e-08 7.800000e-01 5.125157e-08 
7.400000e-01 1.032047e-07 7.400000e-01 9.521578e-08 7.400000e-01 7.803387e-08 7.400000e-01 5.674371e-08 7.400000e-01 4.955123e-08 
7.050000e-01 9.990063e-08 7.050000e-01 9.242722e-08 7.050000e-01 7.581699e-08 7.050000e-01 5.506208e-08 7.050000e-01 4.802932e-08 
6.750000e-01 9.702202e-08 6.750000e-01 8.999849e-08 6.750000e-01 7.388227e-08 6.750000e-01 5.356225e-08 6.750000e-01 4.669634e-08 
6.450000e-01 9.411505e-08 6.450000e-01 8.752475e-08 6.450000e-01 7.186694e-08 6.450000e-01 5.206241e-08 6.450000e-01 4.535287e-08 
6.150000e-01 9.122225e-08 6.150000e-01 8.500605e-08 6.150000e-01 6.985161e-08 6.150000e-01 5.051713e-08 6.150000e-01 4.397790e-08 
5.875000e-01 8.858471e-08 5.875000e-01 8.271224e-08 5.875000e-01 6.791687e-08 5.875000e-01 4.906274e-08 5.875000e-01 4.269740e-08 
5.625000e-01 8.614569e-08 5.625000e-01 8.055336e-08 5.625000e-01 6.614337e-08 5.625000e-01 4.772199e-08 5.625000e-01 4.151135e-08 
5.375000e-01 8.366413e-08 5.375000e-01 7.839448e-08 5.375000e-01 6.436988e-08 5.375000e-01 4.635850e-08 5.375000e-01 4.031482e-08 
5.125000e-01 8.115421e-08 5.125000e-01 7.614564e-08 5.125000e-01 6.251577e-08 5.125000e-01 4.494957e-08 5.125000e-01 3.908680e-08 
4.875000e-01 7.858756e-08 4.875000e-01 7.394178e-08 4.875000e-01 6.066166e-08 4.875000e-01 4.356335e-08 4.875000e-01 3.786928e-08 
4.625000e-01 7.599255e-08 4.625000e-01 7.169294e-08 4.625000e-01 5.872693e-08 4.625000e-01 4.215442e-08 4.625000e-01 3.665175e-08 
4.375000e-01 7.335500e-08 4.375000e-01 6.939913e-08 4.375000e-01 5.679221e-08 4.375000e-01 4.072276e-08 4.375000e-01 3.540273e-08 
4.125000e-01 7.064656e-08 4.125000e-01 6.706033e-08 4.125000e-01 5.477687e-08 4.125000e-01 3.926838e-08 4.125000e-01 3.413273e-08 
3.900000e-01 6.819335e-08 3.900000e-01 6.481149e-08 3.900000e-01 5.292276e-08 3.900000e-01 3.790489e-08 3.900000e-01 3.293619e-08 
3.700000e-01 6.599539e-08 3.700000e-01 6.269759e-08 3.700000e-01 5.118957e-08 3.700000e-01 3.667775e-08 3.700000e-01 3.184462e-08 
3.500000e-01 6.375490e-08 3.500000e-01 6.049373e-08 3.500000e-01 4.941608e-08 3.500000e-01 3.540517e-08 3.500000e-01 3.072155e-08 
3.300000e-01 6.147186e-08 3.300000e-01 5.824490e-08 3.300000e-01 4.764258e-08 3.300000e-01 3.410986e-08 3.300000e-01 2.957750e-08 
3.100000e-01 5.918882e-08 3.100000e-01 5.608601e-08 3.100000e-01 4.586909e-08 3.100000e-01 3.283727e-08 3.100000e-01 2.845444e-08 
2.900000e-01 5.691996e-08 2.900000e-01 5.406205e-08 2.900000e-01 4.417620e-08 2.900000e-01 3.158741e-08 2.900000e-01 2.737336e-08 
2.750000e-01 5.518996e-08 2.750000e-01 5.248787e-08 2.750000e-01 4.284608e-08 2.750000e-01 3.065570e-08 2.750000e-01 2.654418e-08 
2.625000e-01 5.370103e-08 2.625000e-01 5.118354e-08 2.625000e-01 4.175779e-08 2.625000e-01 2.983761e-08 2.625000e-01 2.585145e-08 
2.475000e-01 5.195684e-08 2.475000e-01 4.960936e-08 2.475000e-01 4.042767e-08 2.475000e-01 2.890589e-08 2.475000e-01 2.502227e-08 
2.350000e-01 5.051044e-08 2.350000e-01 4.835001e-08 2.350000e-01 3.938775e-08 2.350000e-01 2.815597e-08 2.350000e-01 2.435053e-08 
2.250000e-01 4.936183e-08 2.250000e-01 4.731554e-08 2.250000e-01 3.853728e-08 2.250000e-01 2.754241e-08 2.250000e-01 2.381524e-08 
2.150000e-01 4.817069e-08 2.150000e-01 4.623610e-08 2.150000e-01 3.766666e-08 2.150000e-01 2.692884e-08 2.150000e-01 2.325895e-08 
2.050000e-01 4.696535e-08 2.050000e-01 4.520164e-08 2.050000e-01 3.677991e-08 2.050000e-01 2.629254e-08 2.050000e-01 2.270267e-08 
1.950000e-01 4.577420e-08 1.950000e-01 4.409970e-08 1.950000e-01 3.588510e-08 1.950000e-01 2.565625e-08 1.950000e-01 2.213589e-08 
1.850000e-01 4.459723e-08 1.850000e-01 4.300677e-08 1.850000e-01 3.499029e-08 1.850000e-01 2.501995e-08 1.850000e-01 2.155862e-08 
1.750000e-01 4.339190e-08 1.750000e-01 4.188235e-08 1.750000e-01 3.407130e-08 1.750000e-01 2.433821e-08 1.750000e-01 2.098134e-08 
1.650000e-01 4.215821e-08 1.650000e-01 4.072645e-08 1.650000e-01 3.312408e-08 1.650000e-01 2.367920e-08 1.650000e-01 2.037258e-08 
1.550000e-01 4.086780e-08 1.550000e-01 3.953457e-08 1.550000e-01 3.215269e-08 1.550000e-01 2.295200e-08 1.550000e-01 1.975332e-08 
1.462500e-01 3.970501e-08 1.462500e-01 3.846412e-08 1.462500e-01 3.127804e-08 1.462500e-01 2.229299e-08 1.462500e-01 1.919704e-08 
1.387500e-01 3.868402e-08 1.387500e-01 3.751511e-08 1.387500e-01 3.050415e-08 1.387500e-01 2.170896e-08 1.387500e-01 1.870373e-08 
1.312500e-01 3.762049e-08 1.312500e-01 3.654361e-08 1.312500e-01 2.971010e-08 1.312500e-01 2.110903e-08 1.312500e-01 1.819992e-08 
1.237500e-01 3.669877e-08 1.237500e-01 3.569804e-08 1.237500e-01 2.901683e-08 1.237500e-01 2.059090e-08 1.237500e-01 1.775909e-08 
1.175000e-01 3.607484e-08 1.175000e-01 3.512235e-08 1.175000e-01 2.854121e-08 1.175000e-01 2.024321e-08 1.175000e-01 1.745471e-08 
1.125000e-01 3.559271e-08 1.125000e-01 3.467708e-08 1.125000e-01 2.817442e-08 1.125000e-01 1.997506e-08 1.125000e-01 1.721331e-08 
1.075000e-01 3.509639e-08 1.075000e-01 3.422281e-08 1.075000e-01 2.779957e-08 1.075000e-01 1.970009e-08 1.075000e-01 1.697190e-08 
1.025000e-01 3.458590e-08 1.025000e-01 3.375056e-08 1.025000e-01 2.740859e-08 1.025000e-01 1.941603e-08 1.025000e-01 1.670950e-08 
9.800000e-02 3.410377e-08 9.800000e-02 3.331878e-08 9.800000e-02 2.705389e-08 9.800000e-02 1.915697e-08 9.800000e-02 1.648909e-08 
9.400000e-02 3.365000e-08 9.400000e-02 3.294097e-08 9.400000e-02 2.674353e-08 9.400000e-02 1.892745e-08 9.400000e-02 1.630016e-08 
9.000000e-02 3.319622e-08 9.000000e-02 3.254517e-08 9.000000e-02 2.642108e-08 9.000000e-02 1.868884e-08 9.000000e-02 1.609024e-08 
8.600000e-02 3.271409e-08 8.600000e-02 3.214039e-08 8.600000e-02 2.608653e-08 8.600000e-02 1.844341e-08 8.600000e-02 1.589082e-08 
8.200000e-02 3.223196e-08 8.200000e-02 3.171760e-08 8.200000e-02 2.574392e-08 8.200000e-02 1.818889e-08 8.200000e-02 1.568090e-08 
7.799999e-02 3.169311e-08 7.799999e-02 3.124535e-08 7.799999e-02 2.535295e-08 7.799999e-02 1.790483e-08 7.799999e-02 1.542900e-08 
7.400000e-02 3.109753e-08 7.400000e-02 3.070113e-08 7.400000e-02 2.490554e-08 7.400000e-02 1.758442e-08 7.400000e-02 1.513511e-08 
7.050000e-02 3.055868e-08 7.050000e-02 3.020639e-08 7.050000e-02 2.449441e-08 7.050000e-02 1.728899e-08 7.050000e-02 1.487272e-08 
6.750000e-02 3.007654e-08 6.750000e-02 2.976561e-08 6.750000e-02 2.413165e-08 6.750000e-02 1.702993e-08 6.750000e-02 1.463131e-08 
6.450000e-02 2.959441e-08 6.450000e-02 2.931585e-08 6.450000e-02 2.375680e-08 6.450000e-02 1.676178e-08 6.450000e-02 1.438990e-08 
6.150000e-02 2.911228e-08 6.150000e-02 2.887058e-08 6.150000e-02 2.339404e-08 6.150000e-02 1.650045e-08 6.150000e-02 1.416949e-08 
5.875000e-02 2.867269e-08 5.875000e-02 2.847029e-08 5.875000e-02 2.306755e-08 5.875000e-02 1.626638e-08 5.875000e-02 1.397007e-08 
5.625000e-02 2.827564e-08 5.625000e-02 2.809698e-08 5.625000e-02 2.276122e-08 5.625000e-02 1.604595e-08 5.625000e-02 1.379164e-08 
5.375000e-02 2.785023e-08 5.375000e-02 2.771018e-08 5.375000e-02 2.244683e-08 5.375000e-02 1.581870e-08 5.375000e-02 1.361321e-08 
5.125000e-02 2.742482e-08 5.125000e-02 2.730988e-08 5.125000e-02 2.212034e-08 5.125000e-02 1.558691e-08 5.125000e-02 1.342428e-08 
4.875000e-02 2.701359e-08 4.875000e-02 2.691859e-08 4.875000e-02 2.180595e-08 4.875000e-02 1.535512e-08 4.875000e-02 1.322486e-08 
4.625000e-02 2.661653e-08 4.625000e-02 2.653178e-08 4.625000e-02 2.149559e-08 4.625000e-02 1.512787e-08 4.625000e-02 1.303593e-08 
4.375000e-02 2.620530e-08 4.375000e-02 2.612700e-08 4.375000e-02 2.117313e-08 4.375000e-02 1.489153e-08 4.375000e-02 1.282601e-08 
4.125000e-02 2.577989e-08 4.125000e-02 2.570871e-08 4.125000e-02 2.083859e-08 4.125000e-02 1.464610e-08 4.125000e-02 1.261609e-08 
3.900000e-02 2.521268e-08 3.900000e-02 2.516000e-08 3.900000e-02 2.039119e-08 3.900000e-02 1.432569e-08 3.900000e-02 1.233270e-08 
3.700000e-02 2.448948e-08 3.700000e-02 2.446285e-08 3.700000e-02 1.982689e-08 3.700000e-02 1.392119e-08 3.700000e-02 1.196535e-08 
3.500000e-02 2.373792e-08 3.500000e-02 2.372973e-08 3.500000e-02 1.923035e-08 3.500000e-02 1.349623e-08 3.500000e-02 1.158749e-08 
3.300000e-02 2.295800e-08 3.300000e-02 2.297862e-08 3.300000e-02 1.861769e-08 3.300000e-02 1.305992e-08 3.300000e-02 1.119914e-08 
3.100000e-02 2.236243e-08 3.100000e-02 2.239842e-08 3.100000e-02 1.814207e-08 3.100000e-02 1.272359e-08 3.100000e-02 1.089476e-08 
2.900000e-02 2.197956e-08 2.900000e-02 2.203411e-08 2.900000e-02 1.784380e-08 2.900000e-02 1.251679e-08 2.900000e-02 1.071633e-08 
2.750000e-02 2.171013e-08 2.750000e-02 2.178674e-08 2.750000e-02 1.763823e-08 2.750000e-02 1.237363e-08 2.750000e-02 1.060088e-08 
2.625000e-02 2.148324e-08 2.625000e-02 2.157085e-08 2.625000e-02 1.746088e-08 2.625000e-02 1.225091e-08 2.625000e-02 1.049067e-08 
2.475000e-02 2.121382e-08 2.475000e-02 2.132348e-08 2.475000e-02 1.725935e-08 2.475000e-02 1.210775e-08 2.475000e-02 1.036682e-08 
2.350000e-02 2.098693e-08 2.350000e-02 2.113008e-08 2.350000e-02 1.710618e-08 2.350000e-02 1.199185e-08 2.350000e-02 1.026711e-08 
2.250000e-02 2.080259e-08 2.250000e-02 2.097716e-08 2.250000e-02 1.698526e-08 2.250000e-02 1.189641e-08 2.250000e-02 1.018629e-08 
2.150000e-02 2.060406e-08 2.150000e-02 2.081974e-08 2.150000e-02 1.686031e-08 2.150000e-02 1.179869e-08 2.150000e-02 1.010232e-08 
2.050000e-02 2.040554e-08 2.050000e-02 2.065782e-08 2.050000e-02 1.672730e-08 2.050000e-02 1.169870e-08 2.050000e-02 1.001415e-08 
1.950000e-02 2.022119e-08 1.950000e-02 2.049591e-08 1.950000e-02 1.659832e-08 1.950000e-02 1.159872e-08 1.950000e-02 9.929138e-09 
1.850000e-02 2.005103e-08 1.850000e-02 2.033849e-08 1.850000e-02 1.646531e-08 1.850000e-02 1.150327e-08 1.850000e-02 9.846221e-09 
1.750000e-02 1.988087e-08 1.750000e-02 2.017657e-08 1.750000e-02 1.632827e-08 1.750000e-02 1.140555e-08 1.750000e-02 9.760155e-09 
1.650000e-02 1.969652e-08 1.650000e-02 2.000566e-08 1.650000e-02 1.618719e-08 1.650000e-02 1.130102e-08 1.650000e-02 9.669890e-09 
1.550000e-02 1.951217e-08 1.550000e-02 1.983475e-08 1.550000e-02 1.604612e-08 1.550000e-02 1.120103e-08 1.550000e-02 9.580674e-09 
1.462500e-02 1.932783e-08 1.462500e-02 1.969532e-08 1.462500e-02 1.592923e-08 1.462500e-02 1.111695e-08 1.462500e-02 9.506155e-09 
1.387500e-02 1.915767e-08 1.387500e-02 1.956938e-08 1.387500e-02 1.582443e-08 1.387500e-02 1.104196e-08 1.387500e-02 9.440028e-09 
1.312500e-02 1.898750e-08 1.312500e-02 1.943445e-08 1.312500e-02 1.571963e-08 1.312500e-02 1.096469e-08 1.312500e-02 9.370757e-09 
1.237500e-02 1.884570e-08 1.237500e-02 1.934900e-08 1.237500e-02 1.564708e-08 1.237500e-02 1.091016e-08 1.237500e-02 9.319326e-09 
1.175000e-02 1.877480e-08 1.175000e-02 1.932651e-08 1.175000e-02 1.562693e-08 1.175000e-02 1.088743e-08 1.175000e-02 9.295185e-09 
1.125000e-02 1.871807e-08 1.125000e-02 1.931751e-08 1.125000e-02 1.561887e-08 1.125000e-02 1.087380e-08 1.125000e-02 9.279442e-09 
1.075000e-02 1.866135e-08 1.075000e-02 1.930852e-08 1.075000e-02 1.561080e-08 1.075000e-02 1.086016e-08 1.075000e-02 9.262648e-09 
1.025000e-02 1.860463e-08 1.025000e-02 1.929953e-08 1.025000e-02 1.560274e-08 1.025000e-02 1.084653e-08 1.025000e-02 9.244806e-09 
9.800000e-03 1.854791e-08 9.800000e-03 1.927254e-08 9.800000e-03 1.558259e-08 9.800000e-03 1.082607e-08 9.800000e-03 9.224863e-09 
9.400001e-03 1.847701e-08 9.400001e-03 1.923206e-08 9.400001e-03 1.555035e-08 9.400001e-03 1.080107e-08 9.400001e-03 9.201771e-09 
9.000000e-03 1.842029e-08 9.000000e-03 1.918708e-08 9.000000e-03 1.551407e-08 9.000000e-03 1.077381e-08 9.000000e-03 9.177632e-09 
8.600000e-03 1.834939e-08 8.600000e-03 1.914210e-08 8.600000e-03 1.547779e-08 8.600000e-03 1.074426e-08 8.600000e-03 9.152441e-09 
8.200000e-03 1.827848e-08 8.200000e-03 1.909263e-08 8.200000e-03 1.544152e-08 8.200000e-03 1.071472e-08 8.200000e-03 9.125151e-09 
7.800000e-03 1.819340e-08 7.800000e-03 1.904316e-08 7.800000e-03 1.540121e-08 7.800000e-03 1.068291e-08 7.800000e-03 9.097862e-09 
7.400000e-03 1.812250e-08 7.400000e-03 1.898918e-08 7.400000e-03 1.535687e-08 7.400000e-03 1.064882e-08 7.400000e-03 9.068474e-09 
7.050000e-03 1.805160e-08 7.050000e-03 1.894421e-08 7.050000e-03 1.532060e-08 7.050000e-03 1.061928e-08 7.050000e-03 9.042234e-09 
6.750000e-03 1.798070e-08 6.750000e-03 1.889923e-08 6.750000e-03 1.528432e-08 6.750000e-03 1.059201e-08 6.750000e-03 9.018093e-09 
6.450000e-03 1.792397e-08 6.450000e-03 1.885426e-08 6.450000e-03 1.524804e-08 6.450000e-03 1.056474e-08 6.450000e-03 8.993951e-09 
6.150000e-03 1.785307e-08 6.150000e-03 1.880478e-08 6.150000e-03 1.521177e-08 6.150000e-03 1.053520e-08 6.150000e-03 8.967714e-09 
5.875000e-03 1.778217e-08 5.875000e-03 1.875980e-08 5.875000e-03 1.517549e-08 5.875000e-03 1.050566e-08 5.875000e-03 8.942522e-09 
5.625000e-03 1.771127e-08 5.625000e-03 1.871932e-08 5.625000e-03 1.514325e-08 5.625000e-03 1.047838e-08 5.625000e-03 8.919431e-09 
5.375000e-03 1.765455e-08 5.375000e-03 1.867435e-08 5.375000e-03 1.510697e-08 5.375000e-03 1.045112e-08 5.375000e-03 8.894242e-09 
5.125000e-03 1.758365e-08 5.125000e-03 1.862487e-08 5.125000e-03 1.507069e-08 5.125000e-03 1.042157e-08 5.125000e-03 8.869051e-09 
4.875000e-03 1.751275e-08 4.875000e-03 1.857540e-08 4.875000e-03 1.503039e-08 4.875000e-03 1.039203e-08 4.875000e-03 8.841761e-09 
4.625000e-03 1.744184e-08 4.625000e-03 1.853042e-08 4.625000e-03 1.499411e-08 4.625000e-03 1.036249e-08 4.625000e-03 8.816571e-09 
4.375000e-03 1.735676e-08 4.375000e-03 1.849894e-08 4.375000e-03 1.496590e-08 4.375000e-03 1.033976e-08 4.375000e-03 8.793481e-09 
4.125000e-03 1.728586e-08 4.125000e-03 1.846746e-08 4.125000e-03 1.493768e-08 4.125000e-03 1.031704e-08 4.125000e-03 8.771440e-09 
3.900000e-03 1.721496e-08 3.900000e-03 1.843597e-08 3.900000e-03 1.490947e-08 3.900000e-03 1.029432e-08 3.900000e-03 8.751496e-09 
3.700000e-03 1.714406e-08 3.700000e-03 1.840899e-08 3.700000e-03 1.488528e-08 3.700000e-03 1.027386e-08 3.700000e-03 8.731554e-09 
3.500000e-03 1.707316e-08 3.500000e-03 1.838200e-08 3.500000e-03 1.486110e-08 3.500000e-03 1.025341e-08 3.500000e-03 8.710562e-09 
3.300000e-03 1.698807e-08 3.300000e-03 1.835051e-08 3.300000e-03 1.483288e-08 3.300000e-03 1.023068e-08 3.300000e-03 8.689572e-09 
3.100000e-03 1.691717e-08 3.100000e-03 1.831453e-08 3.100000e-03 1.480064e-08 3.100000e-03 1.020569e-08 3.100000e-03 8.666481e-09 
2.900000e-03 1.683209e-08 2.900000e-03 1.828305e-08 2.900000e-03 1.477242e-08 2.900000e-03 1.018069e-08 2.900000e-03 8.642340e-09 
2.750000e-03 1.676119e-08 2.750000e-03 1.825157e-08 2.750000e-03 1.474421e-08 2.750000e-03 1.016024e-08 2.750000e-03 8.622397e-09 
2.625000e-03 1.670446e-08 2.625000e-03 1.822908e-08 2.625000e-03 1.472405e-08 2.625000e-03 1.014206e-08 2.625000e-03 8.605604e-09 
2.475000e-03 1.661938e-08 2.475000e-03 1.819759e-08 2.475000e-03 1.469584e-08 2.475000e-03 1.011933e-08 2.475000e-03 8.584611e-09 
2.350000e-03 1.656266e-08 2.350000e-03 1.817061e-08 2.350000e-03 1.467166e-08 2.350000e-03 1.010115e-08 2.350000e-03 8.565719e-09 
2.250000e-03 1.650594e-08 2.250000e-03 1.814812e-08 2.250000e-03 1.465150e-08 2.250000e-03 1.008525e-08 2.250000e-03 8.549974e-09 
2.150000e-03 1.644922e-08 2.150000e-03 1.812563e-08 2.150000e-03 1.463538e-08 2.150000e-03 1.006934e-08 2.150000e-03 8.535281e-09 
2.050000e-03 1.640668e-08 2.050000e-03 1.810764e-08 2.050000e-03 1.461926e-08 2.050000e-03 1.005570e-08 2.050000e-03 8.522687e-09 
1.950000e-03 1.634996e-08 1.950000e-03 1.808965e-08 1.950000e-03 1.461120e-08 1.950000e-03 1.004434e-08 1.950000e-03 8.511141e-09 
1.850000e-03 1.630741e-08 1.850000e-03 1.807166e-08 1.850000e-03 1.459911e-08 1.850000e-03 1.003071e-08 1.850000e-03 8.499596e-09 
1.750000e-03 1.625069e-08 1.750000e-03 1.805367e-08 1.750000e-03 1.458701e-08 1.750000e-03 1.001707e-08 1.750000e-03 8.488049e-09 
1.650000e-03 1.619397e-08 1.650000e-03 1.803118e-08 1.650000e-03 1.457492e-08 1.650000e-03 1.000344e-08 1.650000e-03 8.474405e-09 
1.550000e-03 1.613725e-08 1.550000e-03 1.800869e-08 1.550000e-03 1.456283e-08 1.550000e-03 9.989803e-09 1.550000e-03 8.460759e-09 
1.462500e-03 1.609471e-08 1.462500e-03 1.799070e-08 1.462500e-03 1.455074e-08 1.462500e-03 9.976167e-09 1.462500e-03 8.448165e-09 
1.387500e-03 1.603799e-08 1.387500e-03 1.797271e-08 1.387500e-03 1.453865e-08 1.387500e-03 9.962533e-09 1.387500e-03 8.436619e-09 
1.312500e-03 1.599545e-08 1.312500e-03 1.795022e-08 1.312500e-03 1.452655e-08 1.312500e-03 9.948898e-09 1.312500e-03 8.424025e-09 
1.237500e-03 1.593872e-08 1.237500e-03 1.793223e-08 1.237500e-03 1.451446e-08 1.237500e-03 9.935263e-09 1.237500e-03 8.411430e-09 
1.175000e-03 1.588200e-08 1.175000e-03 1.791424e-08 1.175000e-03 1.450237e-08 1.175000e-03 9.923901e-09 1.175000e-03 8.399883e-09 
1.125000e-03 1.585364e-08 1.125000e-03 1.789625e-08 1.125000e-03 1.449431e-08 1.125000e-03 9.912537e-09 1.125000e-03 8.390437e-09 
1.075000e-03 1.581110e-08 1.075000e-03 1.788276e-08 1.075000e-03 1.448625e-08 1.075000e-03 9.901176e-09 1.075000e-03 8.380991e-09 
1.025000e-03 1.576856e-08 1.025000e-03 1.786477e-08 1.025000e-03 1.447416e-08 1.025000e-03 9.892085e-09 1.025000e-03 8.370495e-09 
9.800000e-04 1.571184e-08 9.800000e-04 1.784677e-08 9.800000e-04 1.446206e-08 9.800000e-04 9.878451e-09 9.800000e-04 8.358950e-09 
9.400000e-04 1.566930e-08 9.400000e-04 1.782879e-08 9.400000e-04 1.444594e-08 9.400000e-04 9.867088e-09 9.400000e-04 8.347405e-09 
9.000000e-04 1.562676e-08 9.000000e-04 1.781079e-08 9.000000e-04 1.442982e-08 9.000000e-04 9.853454e-09 9.000000e-04 8.334809e-09 
8.600000e-04 1.557004e-08 8.600000e-04 1.779280e-08 8.600000e-04 1.441369e-08 8.600000e-04 9.839819e-09 8.600000e-04 8.321164e-09 
8.200000e-04 1.551331e-08 8.200000e-04 1.777481e-08 8.200000e-04 1.439757e-08 8.200000e-04 9.826184e-09 8.200000e-04 8.307519e-09 
7.800000e-04 1.545659e-08 7.800000e-04 1.775233e-08 7.800000e-04 1.437742e-08 7.800000e-04 9.810277e-09 7.800000e-04 8.292825e-09 
7.400000e-04 1.539987e-08 7.400000e-04 1.772983e-08 7.400000e-04 1.435726e-08 7.400000e-04 9.794370e-09 7.400000e-04 8.278131e-09 
7.050000e-04 1.534315e-08 7.050000e-04 1.771185e-08 7.050000e-04 1.434114e-08 7.050000e-04 9.780734e-09 7.050000e-04 8.263437e-09 
6.750000e-04 1.530061e-08 6.750000e-04 1.769386e-08 6.750000e-04 1.432502e-08 6.750000e-04 9.767100e-09 6.750000e-04 8.250842e-09 
6.450000e-04 1.524389e-08 6.450000e-04 1.767586e-08 6.450000e-04 1.430890e-08 6.450000e-04 9.753466e-09 6.450000e-04 8.238246e-09 
6.150000e-04 1.520135e-08 6.150000e-04 1.765337e-08 6.150000e-04 1.428874e-08 6.150000e-04 9.739830e-09 6.150000e-04 8.224601e-09 
5.875000e-04 1.514462e-08 5.875000e-04 1.763538e-08 5.875000e-04 1.427262e-08 5.875000e-04 9.726197e-09 5.875000e-04 8.212005e-09 
5.625000e-04 1.510208e-08 5.625000e-04 1.761739e-08 5.625000e-04 1.425650e-08 5.625000e-04 9.714833e-09 5.625000e-04 8.199412e-09 
5.375000e-04 1.504536e-08 5.375000e-04 1.759940e-08 5.375000e-04 1.424037e-08 5.375000e-04 9.701199e-09 5.375000e-04 8.185768e-09 
5.125000e-04 1.498864e-08 5.125000e-04 1.758141e-08 5.125000e-04 1.422425e-08 5.125000e-04 9.687565e-09 5.125000e-04 8.172122e-09 
4.875000e-04 1.494610e-08 4.875000e-04 1.755892e-08 4.875000e-04 1.420410e-08 4.875000e-04 9.671656e-09 4.875000e-04 8.158477e-09 
4.625000e-04 1.488938e-08 4.625000e-04 1.754093e-08 4.625000e-04 1.418798e-08 4.625000e-04 9.658022e-09 4.625000e-04 8.145883e-09 
4.375000e-04 1.484684e-08 4.375000e-04 1.752744e-08 4.375000e-04 1.417991e-08 4.375000e-04 9.648931e-09 4.375000e-04 8.136436e-09 
4.125000e-04 1.480430e-08 4.125000e-04 1.751395e-08 4.125000e-04 1.416782e-08 4.125000e-04 9.639842e-09 4.125000e-04 8.128040e-09 
3.900000e-04 1.476176e-08 3.900000e-04 1.750045e-08 3.900000e-04 1.415976e-08 3.900000e-04 9.633023e-09 3.900000e-04 8.120693e-09 
3.700000e-04 1.471921e-08 3.700000e-04 1.748696e-08 3.700000e-04 1.415170e-08 3.700000e-04 9.623935e-09 3.700000e-04 8.113346e-09 
3.500000e-04 1.467667e-08 3.500000e-04 1.747347e-08 3.500000e-04 1.414364e-08 3.500000e-04 9.617116e-09 3.500000e-04 8.105997e-09 
3.300000e-04 1.463413e-08 3.300000e-04 1.745997e-08 3.300000e-04 1.413558e-08 3.300000e-04 9.608026e-09 3.300000e-04 8.097602e-09 
3.100000e-04 1.459159e-08 3.100000e-04 1.744648e-08 3.100000e-04 1.412348e-08 3.100000e-04 9.598937e-09 3.100000e-04 8.089204e-09 
2.900000e-04 1.453487e-08 2.900000e-04 1.742849e-08 2.900000e-04 1.411542e-08 2.900000e-04 9.587573e-09 2.900000e-04 8.080807e-09 
2.750000e-04 1.450651e-08 2.750000e-04 1.741950e-08 2.750000e-04 1.410736e-08 2.750000e-04 9.580758e-09 2.750000e-04 8.073460e-09 
2.625000e-04 1.446397e-08 2.625000e-04 1.740600e-08 2.625000e-04 1.409930e-08 2.625000e-04 9.573939e-09 2.625000e-04 8.067165e-09 
2.475000e-04 1.442143e-08 2.475000e-04 1.739251e-08 2.475000e-04 1.408721e-08 2.475000e-04 9.564849e-09 2.475000e-04 8.058767e-09 
2.350000e-04 1.439307e-08 2.350000e-04 1.738351e-08 2.350000e-04 1.407915e-08 2.350000e-04 9.558033e-09 2.350000e-04 8.051419e-09 
2.250000e-04 1.435053e-08 2.250000e-04 1.737002e-08 2.250000e-04 1.407512e-08 2.250000e-04 9.551216e-09 2.250000e-04 8.046171e-09 
2.150000e-04 1.432216e-08 2.150000e-04 1.736552e-08 2.150000e-04 1.407109e-08 2.150000e-04 9.546670e-09 2.150000e-04 8.040923e-09 
2.050000e-04 1.429380e-08 2.050000e-04 1.736552e-08 2.050000e-04 1.407512e-08 2.050000e-04 9.546670e-09 2.050000e-04 8.039874e-09 
1.950000e-04 1.425126e-08 1.950000e-04 1.737452e-08 1.950000e-04 1.408318e-08 1.950000e-04 9.546670e-09 1.950000e-04 8.039874e-09 
1.850000e-04 1.420872e-08 1.850000e-04 1.737902e-08 1.850000e-04 1.409124e-08 1.850000e-04 9.548943e-09 1.850000e-04 8.039874e-09 
1.750000e-04 1.417185e-08 1.750000e-04 1.738351e-08 1.750000e-04 1.409930e-08 1.750000e-04 9.551216e-09 1.750000e-04 8.039874e-09 
1.650000e-04 1.412789e-08 1.650000e-04 1.739251e-08 1.650000e-04 1.410736e-08 1.650000e-04 9.551216e-09 1.650000e-04 8.039874e-09 
1.550000e-04 1.408252e-08 1.550000e-04 1.740151e-08 1.550000e-04 1.411945e-08 1.550000e-04 9.553487e-09 1.550000e-04 8.039874e-09 
1.462500e-04 1.404139e-08 1.462500e-04 1.740600e-08 1.462500e-04 1.412752e-08 1.462500e-04 9.555759e-09 1.462500e-04 8.039873e-09 
1.387500e-04 1.400311e-08 1.387500e-04 1.741050e-08 1.387500e-04 1.413558e-08 1.387500e-04 9.558033e-09 1.387500e-04 8.039874e-09 
1.312500e-04 1.396340e-08 1.312500e-04 1.741950e-08 1.312500e-04 1.414364e-08 1.312500e-04 9.558033e-09 1.312500e-04 8.039874e-09 
1.237500e-04 1.392086e-08 1.237500e-04 1.742399e-08 1.237500e-04 1.415573e-08 1.237500e-04 9.560304e-09 1.237500e-04 8.039874e-09 
1.175000e-04 1.388399e-08 1.175000e-04 1.743299e-08 1.175000e-04 1.416379e-08 1.175000e-04 9.562578e-09 1.175000e-04 8.039874e-09 
1.125000e-04 1.385279e-08 1.125000e-04 1.743749e-08 1.125000e-04 1.416782e-08 1.125000e-04 9.562577e-09 1.125000e-04 8.039874e-09 
1.075000e-04 1.382018e-08 1.075000e-04 1.744198e-08 1.075000e-04 1.417589e-08 1.075000e-04 9.564849e-09 1.075000e-04 8.039874e-09 
1.025000e-04 1.378615e-08 1.025000e-04 1.744648e-08 1.025000e-04 1.418395e-08 1.025000e-04 9.567122e-09 1.025000e-04 8.039874e-09 
9.800000e-05 1.375353e-08 9.800000e-05 1.745098e-08 9.800000e-05 1.418798e-08 9.800000e-05 9.567122e-09 9.800000e-05 8.039874e-09 
9.400000e-05 1.372092e-08 9.400000e-05 1.745548e-08 9.400000e-05 1.419201e-08 9.400000e-05 9.567123e-09 9.400000e-05 8.038824e-09 
9.000000e-05 1.368688e-08 9.000000e-05 1.745548e-08 9.000000e-05 1.419604e-08 9.000000e-05 9.567123e-09 9.000000e-05 8.037775e-09 
8.600000e-05 1.365001e-08 8.600000e-05 1.745548e-08 8.600000e-05 1.420007e-08 8.600000e-05 9.567123e-09 8.600000e-05 8.036725e-09 
8.200000e-05 1.361315e-08 8.200000e-05 1.745997e-08 8.200000e-05 1.420410e-08 8.200000e-05 9.567123e-09 8.200000e-05 8.035674e-09 
7.800000e-05 1.357486e-08 7.800000e-05 1.745997e-08 7.800000e-05 1.420813e-08 7.800000e-05 9.567123e-09 7.800000e-05 8.034625e-09 
7.400000e-05 1.353374e-08 7.400000e-05 1.746447e-08 7.400000e-05 1.421619e-08 7.400000e-05 9.567122e-09 7.400000e-05 8.032526e-09 
7.050000e-05 1.349545e-08 7.050000e-05 1.746447e-08 7.050000e-05 1.422022e-08 7.050000e-05 9.567123e-09 7.050000e-05 8.031477e-09 
6.750000e-05 1.346283e-08 6.750000e-05 1.746447e-08 6.750000e-05 1.422022e-08 6.750000e-05 9.567123e-09 6.750000e-05 8.030427e-09 
6.450000e-05 1.342738e-08 6.450000e-05 1.746897e-08 6.450000e-05 1.422425e-08 6.450000e-05 9.567123e-09 6.450000e-05 8.029377e-09 
6.150000e-05 1.339051e-08 6.150000e-05 1.746897e-08 6.150000e-05 1.423231e-08 6.150000e-05 9.567123e-09 6.150000e-05 8.028327e-09 
5.875000e-05 1.335648e-08 5.875000e-05 1.747347e-08 5.875000e-05 1.423231e-08 5.875000e-05 9.567122e-09 5.875000e-05 8.027278e-09 
5.625000e-05 1.332245e-08 5.625000e-05 1.747347e-08 5.625000e-05 1.423634e-08 5.625000e-05 9.567122e-09 5.625000e-05 8.026229e-09 
5.375000e-05 1.328841e-08 5.375000e-05 1.747347e-08 5.375000e-05 1.424038e-08 5.375000e-05 9.567122e-09 5.375000e-05 8.025179e-09 
5.125000e-05 1.325155e-08 5.125000e-05 1.747797e-08 5.125000e-05 1.424440e-08 5.125000e-05 9.567122e-09 5.125000e-05 8.024129e-09 
4.875000e-05 1.321326e-08 4.875000e-05 1.747797e-08 4.875000e-05 1.425247e-08 4.875000e-05 9.567122e-09 4.875000e-05 8.023080e-09 
4.625000e-05 1.317355e-08 4.625000e-05 1.748247e-08 4.625000e-05 1.425650e-08 4.625000e-05 9.567122e-09 4.625000e-05 8.022031e-09 
4.375000e-05 1.313243e-08 4.375000e-05 1.748247e-08 4.375000e-05 1.426053e-08 4.375000e-05 9.567122e-09 4.375000e-05 8.020981e-09 
4.125000e-05 1.308847e-08 4.125000e-05 1.748696e-08 4.125000e-05 1.426456e-08 4.125000e-05 9.567122e-09 4.125000e-05 8.019931e-09 
3.900000e-05 1.304593e-08 3.900000e-05 1.748696e-08 3.900000e-05 1.426859e-08 3.900000e-05 9.567123e-09 3.900000e-05 8.018881e-09 
3.700000e-05 1.300623e-08 3.700000e-05 1.749146e-08 3.700000e-05 1.427665e-08 3.700000e-05 9.567122e-09 3.700000e-05 8.016782e-09 
3.500000e-05 1.296510e-08 3.500000e-05 1.749146e-08 3.500000e-05 1.428068e-08 3.500000e-05 9.567123e-09 3.500000e-05 8.015734e-09 
3.300000e-05 1.292114e-08 3.300000e-05 1.749596e-08 3.300000e-05 1.428471e-08 3.300000e-05 9.567123e-09 3.300000e-05 8.014684e-09 
3.100000e-05 1.287577e-08 3.100000e-05 1.749596e-08 3.100000e-05 1.428874e-08 3.100000e-05 9.567123e-09 3.100000e-05 8.013634e-09 
2.900000e-05 1.282613e-08 2.900000e-05 1.750045e-08 2.900000e-05 1.429681e-08 2.900000e-05 9.567122e-09 2.900000e-05 8.011535e-09 
2.750000e-05 1.278785e-08 2.750000e-05 1.750045e-08 2.750000e-05 1.430083e-08 2.750000e-05 9.567123e-09 2.750000e-05 8.010486e-09 
2.625000e-05 1.275382e-08 2.625000e-05 1.750495e-08 2.625000e-05 1.430486e-08 2.625000e-05 9.567123e-09 2.625000e-05 8.009435e-09 
2.475000e-05 1.270986e-08 2.475000e-05 1.750495e-08 2.475000e-05 1.430890e-08 2.475000e-05 9.567123e-09 2.475000e-05 8.008386e-09 
2.350000e-05 1.267299e-08 2.350000e-05 1.750945e-08 2.350000e-05 1.431293e-08 2.350000e-05 9.567123e-09 2.350000e-05 8.007335e-09 
2.250000e-05 1.264179e-08 2.250000e-05 1.750945e-08 2.250000e-05 1.431696e-08 2.250000e-05 9.567123e-09 2.250000e-05 8.006287e-09 
2.150000e-05 1.260776e-08 2.150000e-05 1.750945e-08 2.150000e-05 1.432099e-08 2.150000e-05 9.567123e-09 2.150000e-05 8.005237e-09 
2.050000e-05 1.257373e-08 2.050000e-05 1.751395e-08 2.050000e-05 1.432502e-08 2.050000e-05 9.567123e-09 2.050000e-05 8.004188e-09 
1.950000e-05 1.253827e-08 1.950000e-05 1.751395e-08 1.950000e-05 1.432905e-08 1.950000e-05 9.567123e-09 1.950000e-05 8.002088e-09 
1.850000e-05 1.249999e-08 1.850000e-05 1.751844e-08 1.850000e-05 1.433711e-08 1.850000e-05 9.567122e-09 1.850000e-05 8.001038e-09 
1.750000e-05 1.246028e-08 1.750000e-05 1.751844e-08 1.750000e-05 1.434114e-08 1.750000e-05 9.567123e-09 1.750000e-05 7.999989e-09 
1.650000e-05 1.241916e-08 1.650000e-05 1.752294e-08 1.650000e-05 1.434517e-08 1.650000e-05 9.567123e-09 1.650000e-05 7.998940e-09 
1.550000e-05 1.237378e-08 1.550000e-05 1.752294e-08 1.550000e-05 1.434920e-08 1.550000e-05 9.567123e-09 1.550000e-05 7.996841e-09 
1.462500e-05 1.233266e-08 1.462500e-05 1.752744e-08 1.462500e-05 1.435726e-08 1.462500e-05 9.567123e-09 1.462500e-05 7.995791e-09 
1.387500e-05 1.229579e-08 1.387500e-05 1.752744e-08 1.387500e-05 1.436130e-08 1.387500e-05 9.567123e-09 1.387500e-05 7.994741e-09 
1.312500e-05 1.225750e-08 1.312500e-05 1.753194e-08 1.312500e-05 1.436533e-08 1.312500e-05 9.567123e-09 1.312500e-05 7.993692e-09 
1.237500e-05 1.221496e-08 1.237500e-05 1.753194e-08 1.237500e-05 1.436936e-08 1.237500e-05 9.567123e-09 1.237500e-05 7.992642e-09 
1.175000e-05 1.217951e-08 1.175000e-05 1.753643e-08 1.175000e-05 1.437339e-08 1.175000e-05 9.567123e-09 1.175000e-05 7.990542e-09 
1.125000e-05 1.214973e-08 1.125000e-05 1.753643e-08 1.125000e-05 1.437742e-08 1.125000e-05 9.567123e-09 1.125000e-05 7.990542e-09 
1.075000e-05 1.211712e-08 1.075000e-05 1.753643e-08 1.075000e-05 1.438145e-08 1.075000e-05 9.567123e-09 1.075000e-05 7.989494e-09 
1.025000e-05 1.208450e-08 1.025000e-05 1.754093e-08 1.025000e-05 1.438548e-08 1.025000e-05 9.567123e-09 1.025000e-05 7.988444e-09 
9.800000e-06 1.203913e-08 9.800000e-06 1.751844e-08 9.800000e-06 1.437339e-08 9.800000e-06 9.555759e-09 9.800000e-06 7.977947e-09 
9.400001e-06 1.197957e-08 9.400001e-06 1.747347e-08 9.400001e-06 1.434114e-08 9.400001e-06 9.535308e-09 9.400001e-06 7.958006e-09 
8.999999e-06 1.191717e-08 8.999999e-06 1.742849e-08 8.999999e-06 1.430890e-08 8.999999e-06 9.512582e-09 8.999999e-06 7.937014e-09 
8.600000e-06 1.185336e-08 8.600000e-06 1.737902e-08 8.600000e-06 1.427665e-08 8.600000e-06 9.489858e-09 8.600000e-06 7.916021e-09 
8.200001e-06 1.178671e-08 8.200001e-06 1.732954e-08 8.200001e-06 1.424038e-08 8.200001e-06 9.464860e-09 8.200001e-06 7.892931e-09 
7.800000e-06 1.171581e-08 7.800000e-06 1.727557e-08 7.800000e-06 1.420410e-08 7.800000e-06 9.439862e-09 7.800000e-06 7.869839e-09 
7.400000e-06 1.164349e-08 7.400000e-06 1.721710e-08 7.400000e-06 1.416379e-08 7.400000e-06 9.412594e-09 7.400000e-06 7.844650e-09 
7.050000e-06 1.157685e-08 7.050000e-06 1.716763e-08 7.050000e-06 1.412752e-08 7.050000e-06 9.389869e-09 7.050000e-06 7.822608e-09 
6.750000e-06 1.151729e-08 6.750000e-06 1.712265e-08 6.750000e-06 1.409527e-08 6.750000e-06 9.367145e-09 6.750000e-06 7.801616e-09 
6.450000e-06 1.145489e-08 6.450000e-06 1.707317e-08 6.450000e-06 1.406302e-08 6.450000e-06 9.344419e-09 6.450000e-06 7.780624e-09 
6.150000e-06 1.138967e-08 6.150000e-06 1.702370e-08 6.150000e-06 1.402675e-08 6.150000e-06 9.319422e-09 6.150000e-06 7.758582e-09 
5.875000e-06 1.132869e-08 5.875000e-06 1.697423e-08 5.875000e-06 1.399450e-08 5.875000e-06 9.296699e-09 5.875000e-06 7.737591e-09 
5.625000e-06 1.127055e-08 5.625000e-06 1.692925e-08 5.625000e-06 1.396226e-08 5.625000e-06 9.276244e-09 5.625000e-06 7.717650e-09 
5.375000e-06 1.120957e-08 5.375000e-06 1.687977e-08 5.375000e-06 1.393001e-08 5.375000e-06 9.253522e-09 5.375000e-06 7.696658e-09 
5.125000e-06 1.114576e-08 5.125000e-06 1.683030e-08 5.125000e-06 1.389374e-08 5.125000e-06 9.228523e-09 5.125000e-06 7.674615e-09 
4.875000e-06 1.108053e-08 4.875000e-06 1.678083e-08 4.875000e-06 1.385746e-08 4.875000e-06 9.203526e-09 4.875000e-06 7.651524e-09 
4.625000e-06 1.102098e-08 4.625000e-06 1.674484e-08 4.625000e-06 1.383328e-08 4.625000e-06 9.185345e-09 4.625000e-06 7.634731e-09 
4.375000e-06 1.097702e-08 4.375000e-06 1.673585e-08 4.375000e-06 1.383328e-08 4.375000e-06 9.180801e-09 4.375000e-06 7.629483e-09 
4.125000e-06 1.093731e-08 4.125000e-06 1.674035e-08 4.125000e-06 1.383731e-08 4.125000e-06 9.180801e-09 4.125000e-06 7.628434e-09 
3.900000e-06 1.089902e-08 3.900000e-06 1.674035e-08 3.900000e-06 1.384537e-08 3.900000e-06 9.180801e-09 3.900000e-06 7.628433e-09 
3.700000e-06 1.086499e-08 3.700000e-06 1.674484e-08 3.700000e-06 1.384940e-08 3.700000e-06 9.180801e-09 3.700000e-06 7.627384e-09 
3.500000e-06 1.082670e-08 3.500000e-06 1.674934e-08 3.500000e-06 1.385343e-08 3.500000e-06 9.180801e-09 3.500000e-06 7.626334e-09 
3.300000e-06 1.078842e-08 3.300000e-06 1.674934e-08 3.300000e-06 1.386149e-08 3.300000e-06 9.180801e-09 3.300000e-06 7.626334e-09 
3.100000e-06 1.074729e-08 3.100000e-06 1.675384e-08 3.100000e-06 1.386955e-08 3.100000e-06 9.180801e-09 3.100000e-06 7.625284e-09 
2.900000e-06 1.070334e-08 2.900000e-06 1.675834e-08 2.900000e-06 1.387358e-08 2.900000e-06 9.180801e-09 2.900000e-06 7.624235e-09 
2.750000e-06 1.066788e-08 2.750000e-06 1.676284e-08 2.750000e-06 1.388164e-08 2.750000e-06 9.180801e-09 2.750000e-06 7.623187e-09 
2.625000e-06 1.063669e-08 2.625000e-06 1.676283e-08 2.625000e-06 1.388567e-08 2.625000e-06 9.180801e-09 2.625000e-06 7.623186e-09 
2.475000e-06 1.059840e-08 2.475000e-06 1.676733e-08 2.475000e-06 1.388971e-08 2.475000e-06 9.180801e-09 2.475000e-06 7.622136e-09 
2.350000e-06 1.056579e-08 2.350000e-06 1.677183e-08 2.350000e-06 1.389777e-08 2.350000e-06 9.180801e-09 2.350000e-06 7.621087e-09 
2.250000e-06 1.053743e-08 2.250000e-06 1.677183e-08 2.250000e-06 1.390180e-08 2.250000e-06 9.180801e-09 2.250000e-06 7.621087e-09 
2.150000e-06 1.050623e-08 2.150000e-06 1.677633e-08 2.150000e-06 1.390583e-08 2.150000e-06 9.180801e-09 2.150000e-06 7.620037e-09 
2.050000e-06 1.047220e-08 2.050000e-06 1.677183e-08 2.050000e-06 1.390583e-08 2.050000e-06 9.178528e-09 2.050000e-06 7.617939e-09 
1.950000e-06 1.043533e-08 1.950000e-06 1.676283e-08 1.950000e-06 1.390583e-08 1.950000e-06 9.178528e-09 1.950000e-06 7.615838e-09 
1.850000e-06 1.039704e-08 1.850000e-06 1.675834e-08 1.850000e-06 1.390583e-08 1.850000e-06 9.176257e-09 1.850000e-06 7.613739e-09 
1.750000e-06 1.035592e-08 1.750000e-06 1.675384e-08 1.750000e-06 1.390583e-08 1.750000e-06 9.173983e-09 1.750000e-06 7.611640e-09 
1.650000e-06 1.031338e-08 1.650000e-06 1.674484e-08 1.650000e-06 1.390583e-08 1.650000e-06 9.173983e-09 1.650000e-06 7.609541e-09 
1.550000e-06 1.026800e-08 1.550000e-06 1.673585e-08 1.550000e-06 1.390583e-08 1.550000e-06 9.171711e-09 1.550000e-06 7.606393e-09 
1.462500e-06 1.022546e-08 1.462500e-06 1.673135e-08 1.462500e-06 1.390583e-08 1.462500e-06 9.169439e-09 1.462500e-06 7.604292e-09 
1.387500e-06 1.018717e-08 1.387500e-06 1.672685e-08 1.387500e-06 1.390583e-08 1.387500e-06 9.167167e-09 1.387500e-06 7.602194e-09 
1.312500e-06 1.014747e-08 1.312500e-06 1.671786e-08 1.312500e-06 1.390583e-08 1.312500e-06 9.167167e-09 1.312500e-06 7.600095e-09 
1.237500e-06 1.010492e-08 1.237500e-06 1.671336e-08 1.237500e-06 1.390583e-08 1.237500e-06 9.164894e-09 1.237500e-06 7.596946e-09 
1.175000e-06 1.006805e-08 1.175000e-06 1.670437e-08 1.175000e-06 1.390583e-08 1.175000e-06 9.162622e-09 1.175000e-06 7.594847e-09 
1.125000e-06 1.003828e-08 1.125000e-06 1.669987e-08 1.125000e-06 1.390583e-08 1.125000e-06 9.162622e-09 1.125000e-06 7.593798e-09 
1.075000e-06 1.000566e-08 1.075000e-06 1.669537e-08 1.075000e-06 1.390583e-08 1.075000e-06 9.160349e-09 1.075000e-06 7.591697e-09 
1.025000e-06 9.971629e-09 1.025000e-06 1.669087e-08 1.025000e-06 1.390583e-08 1.025000e-06 9.158078e-09 1.025000e-06 7.589599e-09 
9.800000e-07 9.939015e-09 9.800000e-07 1.668188e-08 9.800000e-07 1.390583e-08 9.800000e-07 9.155802e-09 9.800000e-07 7.586450e-09 
9.399999e-07 9.906399e-09 9.399999e-07 1.667288e-08 9.399999e-07 1.390583e-08 9.399999e-07 9.151259e-09 9.399999e-07 7.583301e-09 
9.000000e-07 9.872367e-09 9.000000e-07 1.666389e-08 9.000000e-07 1.390583e-08 9.000000e-07 9.146714e-09 9.000000e-07 7.579103e-09 
8.600000e-07 9.838333e-09 8.600000e-07 1.665489e-08 8.600000e-07 1.390583e-08 8.600000e-07 9.142170e-09 8.600000e-07 7.574904e-09 
8.200000e-07 9.801465e-09 8.200000e-07 1.664590e-08 8.200000e-07 1.390583e-08 8.200000e-07 9.137624e-09 8.200000e-07 7.570706e-09 
7.800000e-07 9.763178e-09 7.800000e-07 1.663690e-08 7.800000e-07 1.390583e-08 7.800000e-07 9.133079e-09 7.800000e-07 7.565458e-09 
7.400000e-07 9.723473e-09 7.400000e-07 1.662791e-08 7.400000e-07 1.390583e-08 7.400000e-07 9.128535e-09 7.400000e-07 7.561259e-09 
7.050000e-07 9.686605e-09 7.050000e-07 1.661891e-08 7.050000e-07 1.390583e-08 7.050000e-07 9.123990e-09 7.050000e-07 7.557061e-09 
6.750000e-07 9.653989e-09 6.750000e-07 1.660992e-08 6.750000e-07 1.390583e-08 6.750000e-07 9.119445e-09 6.750000e-07 7.552863e-09 
6.450000e-07 9.619955e-09 6.450000e-07 1.660092e-08 6.450000e-07 1.390583e-08 6.450000e-07 9.114900e-09 6.450000e-07 7.548665e-09 
6.150000e-07 9.583087e-09 6.150000e-07 1.659192e-08 6.150000e-07 1.390583e-08 6.150000e-07 9.110354e-09 6.150000e-07 7.544465e-09 
5.875000e-07 9.549054e-09 5.875000e-07 1.658293e-08 5.875000e-07 1.390583e-08 5.875000e-07 9.105809e-09 5.875000e-07 7.540268e-09 
5.625000e-07 9.516439e-09 5.625000e-07 1.657393e-08 5.625000e-07 1.390583e-08 5.625000e-07 9.101266e-09 5.625000e-07 7.536070e-09 
5.375000e-07 9.483824e-09 5.375000e-07 1.656494e-08 5.375000e-07 1.390583e-08 5.375000e-07 9.096719e-09 5.375000e-07 7.531870e-09 
5.125000e-07 9.448374e-09 5.125000e-07 1.655594e-08 5.125000e-07 1.390583e-08 5.125000e-07 9.092174e-09 5.125000e-07 7.527673e-09 
4.875000e-07 9.418595e-09 4.875000e-07 1.655144e-08 4.875000e-07 1.390583e-08 4.875000e-07 9.089902e-09 4.875000e-07 7.524524e-09 
4.625000e-07 9.394487e-09 4.625000e-07 1.654695e-08 4.625000e-07 1.390180e-08 4.625000e-07 9.087629e-09 4.625000e-07 7.523474e-09 
4.375000e-07 9.368963e-09 4.375000e-07 1.654245e-08 4.375000e-07 1.389777e-08 4.375000e-07 9.085357e-09 4.375000e-07 7.521376e-09 
4.125000e-07 9.342021e-09 4.125000e-07 1.653795e-08 4.125000e-07 1.389374e-08 4.125000e-07 9.083085e-09 4.125000e-07 7.519275e-09 
3.900000e-07 9.316497e-09 3.900000e-07 1.653345e-08 3.900000e-07 1.388971e-08 3.900000e-07 9.080813e-09 3.900000e-07 7.518227e-09 
3.700000e-07 9.292390e-09 3.700000e-07 1.653346e-08 3.700000e-07 1.388971e-08 3.700000e-07 9.080813e-09 3.700000e-07 7.516127e-09 
3.500000e-07 9.268283e-09 3.500000e-07 1.652896e-08 3.500000e-07 1.388567e-08 3.500000e-07 9.078540e-09 3.500000e-07 7.515077e-09 
3.300000e-07 9.241341e-09 3.300000e-07 1.652446e-08 3.300000e-07 1.388164e-08 3.300000e-07 9.076267e-09 3.300000e-07 7.512979e-09 
3.100000e-07 9.212979e-09 3.100000e-07 1.651996e-08 3.100000e-07 1.387761e-08 3.100000e-07 9.073995e-09 3.100000e-07 7.510879e-09 
2.900000e-07 9.183202e-09 2.900000e-07 1.651547e-08 2.900000e-07 1.387358e-08 2.900000e-07 9.071723e-09 2.900000e-07 7.508780e-09 
2.750000e-07 9.160511e-09 2.750000e-07 1.651097e-08 2.750000e-07 1.386955e-08 2.750000e-07 9.069450e-09 2.750000e-07 7.507730e-09 
2.625000e-07 9.139240e-09 2.625000e-07 1.651097e-08 2.625000e-07 1.386955e-08 2.625000e-07 9.069449e-09 2.625000e-07 7.505632e-09 
2.475000e-07 6.891655e-09 2.475000e-07 1.650647e-08 2.475000e-07 1.386552e-08 2.475000e-07 1.588915e-09 2.475000e-07 7.504582e-09 
2.350000e-07 3.747869e-09 2.350000e-07 1.650647e-08 2.350000e-07 1.386552e-08 2.350000e-07 4.569948e-12 2.350000e-07 7.504583e-09 
2.250000e-07 1.988086e-09 2.250000e-07 1.650647e-08 2.250000e-07 1.386552e-08 2.250000e-07 1.031249e-14 2.250000e-07 7.504583e-09 
2.150000e-07 1.025098e-09 2.150000e-07 1.650647e-08 2.150000e-07 1.386552e-08 2.150000e-07 1.775031e-17 2.150000e-07 7.504582e-09 
2.050000e-07 5.121946e-10 2.050000e-07 1.650647e-08 2.050000e-07 1.386552e-08 2.050000e-07 2.271794e-20 2.050000e-07 7.504583e-09 
1.950000e-07 2.471637e-10 1.950000e-07 1.650647e-08 1.950000e-07 1.386552e-08 1.950000e-07 2.100676e-23 1.950000e-07 7.504582e-09 
1.850000e-07 1.630742e-10 1.850000e-07 1.694724e-08 1.850000e-07 1.433711e-08 1.850000e-07 7.849130e-26 1.850000e-07 7.759633e-09 
1.750000e-07 1.744184e-10 1.750000e-07 1.801319e-08 1.750000e-07 1.549795e-08 1.750000e-07 1.148282e-25 1.750000e-07 8.385189e-09 
1.650000e-07 2.066078e-10 1.650000e-07 1.934900e-08 1.650000e-07 1.697317e-08 1.650000e-07 4.147268e-25 1.650000e-07 9.180781e-09 
1.550000e-07 2.471637e-10 1.550000e-07 2.087371e-08 1.550000e-07 1.869427e-08 1.550000e-07 1.624820e-24 1.550000e-07 1.010967e-08 
1.462500e-07 2.918318e-10 1.462500e-07 2.239842e-08 1.462500e-07 2.044761e-08 1.462500e-07 5.553930e-24 1.462500e-07 1.105220e-08 
1.387500e-07 3.394778e-10 1.387500e-07 2.387366e-08 1.387500e-07 2.218081e-08 1.387500e-07 1.749579e-23 1.387500e-07 1.198634e-08 
1.312500e-07 3.983263e-10 1.312500e-07 2.554230e-08 1.312500e-07 2.417196e-08 1.312500e-07 5.878894e-23 1.312500e-07 1.305692e-08 
1.237500e-07 4.716388e-10 1.237500e-07 2.743582e-08 1.237500e-07 2.647347e-08 1.237500e-07 2.122947e-22 1.237500e-07 1.430594e-08 
1.175000e-07 5.467946e-10 1.175000e-07 2.921240e-08 1.175000e-07 2.867019e-08 1.175000e-07 6.290213e-22 1.175000e-07 1.548148e-08 
1.125000e-07 6.195399e-10 1.125000e-07 3.079558e-08 1.125000e-07 3.066538e-08 1.125000e-07 1.620502e-21 1.125000e-07 1.656256e-08 
1.075000e-07 7.058983e-10 1.075000e-07 3.254518e-08 1.075000e-07 3.289837e-08 1.075000e-07 4.358609e-21 1.075000e-07 1.775910e-08 
1.025000e-07 8.094150e-10 1.025000e-07 3.447918e-08 1.025000e-07 3.540948e-08 1.025000e-07 1.229864e-20 1.025000e-07 1.911307e-08 
9.800000e-08 9.204471e-10 9.800000e-08 3.640868e-08 9.800000e-08 3.794880e-08 9.800000e-08 3.208736e-20 9.800000e-08 2.047753e-08 
9.400000e-08 1.037435e-09 9.400000e-08 3.829770e-08 9.400000e-08 4.046798e-08 9.400000e-08 7.944575e-20 9.400000e-08 2.184201e-08 
9.000000e-08 1.175410e-09 9.000000e-08 4.037563e-08 9.000000e-08 4.328945e-08 9.000000e-08 2.046819e-19 9.000000e-08 2.335342e-08 
8.600000e-08 1.339335e-09 8.600000e-08 4.266945e-08 8.600000e-08 4.643337e-08 8.600000e-08 5.506208e-19 8.600000e-08 2.504326e-08 
8.200000e-08 1.535733e-09 8.200000e-08 4.520164e-08 8.200000e-08 4.998037e-08 8.200000e-08 1.553464e-18 8.200000e-08 2.695352e-08 
7.800000e-08 1.772545e-09 7.800000e-08 4.803517e-08 7.800000e-08 5.401105e-08 7.800000e-08 4.617670e-18 7.800000e-08 2.911568e-08 
7.400000e-08 2.061824e-09 7.400000e-08 5.122851e-08 7.400000e-08 5.860601e-08 7.400000e-08 1.454612e-17 7.400000e-08 3.157172e-08 
7.050000e-08 2.368120e-09 7.050000e-08 5.428694e-08 7.050000e-08 6.312037e-08 7.050000e-08 4.067731e-17 7.050000e-08 3.401727e-08 
6.750000e-08 2.682924e-09 6.750000e-08 5.725541e-08 6.750000e-08 6.751381e-08 6.750000e-08 1.047611e-16 6.750000e-08 3.636836e-08 
6.450000e-08 3.057286e-09 6.450000e-08 6.049373e-08 6.450000e-08 7.243123e-08 6.450000e-08 2.817870e-16 6.450000e-08 3.901333e-08 
6.150000e-08 3.505385e-09 6.150000e-08 6.409187e-08 6.150000e-08 7.795325e-08 6.150000e-08 7.951392e-16 6.150000e-08 4.198368e-08 
5.875000e-08 3.997444e-09 5.875000e-08 6.777996e-08 5.875000e-08 8.367682e-08 5.875000e-08 2.119538e-15 5.875000e-08 4.504848e-08 
5.625000e-08 4.527789e-09 5.625000e-08 7.142307e-08 5.625000e-08 8.948098e-08 5.625000e-08 5.460758e-15 5.625000e-08 4.816577e-08 
5.375000e-08 5.160233e-09 5.375000e-08 7.547099e-08 5.375000e-08 9.601068e-08 5.375000e-08 1.468928e-14 5.375000e-08 5.166090e-08 
5.125000e-08 5.916046e-09 5.125000e-08 7.996866e-08 5.125000e-08 1.033465e-07 5.125000e-08 4.144995e-14 5.125000e-08 5.559689e-08 
4.875000e-08 6.830679e-09 4.875000e-08 8.500606e-08 4.875000e-08 1.116497e-07 4.875000e-08 1.231909e-13 4.875000e-08 6.004716e-08 
4.625000e-08 7.945255e-09 4.625000e-08 9.062816e-08 4.625000e-08 1.211218e-07 4.625000e-08 3.881388e-13 4.625000e-08 6.512719e-08 
4.375000e-08 9.320750e-09 4.375000e-08 9.692489e-08 4.375000e-08 1.319643e-07 4.375000e-08 1.303947e-12 4.375000e-08 7.095241e-08 
4.125000e-08 1.103657e-08 4.125000e-08 1.041212e-07 4.125000e-08 1.445400e-07 4.125000e-08 4.708569e-12 4.125000e-08 7.769079e-08 
3.900000e-08 1.295801e-08 3.900000e-08 1.114524e-07 3.900000e-08 1.575994e-07 3.900000e-08 1.555964e-11 3.900000e-08 8.469157e-08 
3.700000e-08 1.507372e-08 3.700000e-08 1.187836e-07 3.700000e-08 1.709812e-07 3.700000e-08 4.901730e-11 3.700000e-08 9.184978e-08 
3.500000e-08 1.768291e-08 3.500000e-08 1.271043e-07 3.500000e-08 1.862978e-07 3.500000e-08 1.646863e-10 3.500000e-08 1.000576e-07 
3.300000e-08 2.094439e-08 3.300000e-08 1.365044e-07 3.300000e-08 2.040731e-07 3.300000e-08 5.947068e-10 3.300000e-08 1.095774e-07 
3.100000e-08 2.505670e-08 3.100000e-08 1.472989e-07 3.100000e-08 2.247908e-07 3.100000e-08 2.329288e-09 3.100000e-08 1.205981e-07 
2.900000e-08 3.036015e-08 2.900000e-08 1.597124e-07 2.900000e-08 2.492167e-07 2.900000e-08 1.001253e-08 2.900000e-08 1.337180e-07 
2.750000e-08 3.529491e-08 2.750000e-08 1.702820e-07 2.750000e-08 2.703374e-07 2.750000e-08 2.956491e-08 2.750000e-08 1.450536e-07 
2.625000e-08 4.037149e-08 2.625000e-08 1.802218e-07 2.625000e-08 2.906117e-07 2.625000e-08 8.428611e-08 2.625000e-08 1.558644e-07 
2.475000e-08 4.415764e-08 2.475000e-08 1.850794e-07 2.475000e-08 3.022200e-07 2.475000e-08 1.804118e-07 2.475000e-08 1.620570e-07 
2.350000e-08 4.359043e-08 2.350000e-08 1.796821e-07 2.350000e-08 2.944005e-07 2.350000e-08 2.136127e-07 2.350000e-08 1.578586e-07 
2.250000e-08 4.173280e-08 2.250000e-08 1.720361e-07 2.250000e-08 2.818651e-07 2.250000e-08 2.045228e-07 2.250000e-08 1.511412e-07 
2.150000e-08 3.987517e-08 2.150000e-08 1.643900e-07 2.150000e-08 2.693297e-07 2.150000e-08 1.954329e-07 2.150000e-08 1.444238e-07 
2.050000e-08 3.801755e-08 2.050000e-08 1.567440e-07 2.050000e-08 2.567943e-07 2.050000e-08 1.863430e-07 2.050000e-08 1.377065e-07 
1.950000e-08 3.617410e-08 1.950000e-08 1.490979e-07 1.950000e-08 2.442992e-07 1.950000e-08 1.772531e-07 1.950000e-08 1.309891e-07 
1.850000e-08 3.431647e-08 1.850000e-08 1.414519e-07 1.850000e-08 2.317638e-07 1.850000e-08 1.681632e-07 1.850000e-08 1.242717e-07 
1.750000e-08 3.245885e-08 1.750000e-08 1.338058e-07 1.750000e-08 2.192284e-07 1.750000e-08 1.590733e-07 1.750000e-08 1.175543e-07 
1.650000e-08 3.060122e-08 1.650000e-08 1.261598e-07 1.650000e-08 2.066930e-07 1.650000e-08 1.499834e-07 1.650000e-08 1.108369e-07 
1.550000e-08 2.874359e-08 1.550000e-08 1.185137e-07 1.550000e-08 1.941576e-07 1.550000e-08 1.408935e-07 1.550000e-08 1.041195e-07 
1.462500e-08 2.712703e-08 1.462500e-08 1.118122e-07 1.462500e-08 1.831942e-07 1.462500e-08 1.329398e-07 1.462500e-08 9.824180e-08 
1.387500e-08 2.573735e-08 1.387500e-08 1.061002e-07 1.387500e-08 1.738027e-07 1.387500e-08 1.261224e-07 1.387500e-08 9.320376e-08 
1.312500e-08 2.434768e-08 1.312500e-08 1.003431e-07 1.312500e-08 1.644112e-07 1.312500e-08 1.193050e-07 1.312500e-08 8.816571e-08 
1.237500e-08 2.295800e-08 1.237500e-08 9.463108e-08 1.237500e-08 1.550198e-07 1.237500e-08 1.124875e-07 1.237500e-08 8.312769e-08 
1.175000e-08 2.179521e-08 1.175000e-08 8.986355e-08 1.175000e-08 1.472002e-07 1.175000e-08 1.068063e-07 1.175000e-08 7.892930e-08 
1.125000e-08 2.085931e-08 1.125000e-08 8.599554e-08 1.125000e-08 1.409124e-07 1.125000e-08 1.022614e-07 1.125000e-08 7.557062e-08 
1.075000e-08 1.993759e-08 1.075000e-08 8.217253e-08 1.075000e-08 1.346648e-07 1.075000e-08 9.771645e-08 1.075000e-08 7.221192e-08 
1.025000e-08 1.901586e-08 1.025000e-08 7.834950e-08 1.025000e-08 1.284173e-07 1.025000e-08 9.317151e-08 1.025000e-08 6.885323e-08 
9.800000e-09 1.817922e-08 9.800000e-09 7.493127e-08 9.800000e-09 1.227744e-07 9.800000e-09 8.908104e-08 9.800000e-09 6.583040e-08 
9.400000e-09 1.744184e-08 9.400000e-09 7.187285e-08 9.400000e-09 1.177763e-07 9.400000e-09 8.544508e-08 9.400000e-09 6.314344e-08 
9.000000e-09 1.669028e-08 9.000000e-09 6.881443e-08 9.000000e-09 1.127380e-07 9.000000e-09 8.180912e-08 9.000000e-09 6.045649e-08 
8.600000e-09 1.595290e-08 8.600000e-09 6.575601e-08 8.600000e-09 1.077399e-07 8.600000e-09 7.817317e-08 8.600000e-09 5.776954e-08 
8.200000e-09 1.521553e-08 8.200000e-09 6.269759e-08 8.200000e-09 1.027419e-07 8.200000e-09 7.453720e-08 8.200000e-09 5.508258e-08 
7.800000e-09 1.446397e-08 7.800000e-09 5.963917e-08 7.800000e-09 9.770356e-08 7.800000e-09 7.090124e-08 7.800000e-09 5.239562e-08 
7.400000e-09 1.372517e-08 7.400000e-09 5.658075e-08 7.400000e-09 9.270553e-08 7.400000e-09 6.726528e-08 7.400000e-09 4.970867e-08 
7.050000e-09 1.307571e-08 7.050000e-09 5.388214e-08 7.050000e-09 8.831209e-08 7.050000e-09 6.408381e-08 7.050000e-09 4.735758e-08 
6.750000e-09 1.251984e-08 6.750000e-09 5.158833e-08 6.750000e-09 8.456356e-08 6.750000e-09 6.135684e-08 6.750000e-09 4.534237e-08 
6.450000e-09 1.196397e-08 6.450000e-09 4.933949e-08 6.450000e-09 8.081503e-08 6.450000e-09 5.862987e-08 6.450000e-09 4.332715e-08 
6.150000e-09 1.140668e-08 6.150000e-09 4.704568e-08 6.150000e-09 7.702620e-08 6.150000e-09 5.590290e-08 6.150000e-09 4.131194e-08 
5.875000e-09 1.089619e-08 5.875000e-09 4.492278e-08 5.875000e-09 7.360012e-08 5.875000e-09 5.340317e-08 5.875000e-09 3.946465e-08 
5.625000e-09 1.043249e-08 5.625000e-09 4.300677e-08 5.625000e-09 7.045620e-08 5.625000e-09 5.113071e-08 5.625000e-09 3.778531e-08 
5.375000e-09 9.970211e-09 5.375000e-09 4.109526e-08 5.375000e-09 6.735258e-08 5.375000e-09 4.885823e-08 5.375000e-09 3.610596e-08 
5.125000e-09 9.505096e-09 5.125000e-09 3.918375e-08 5.125000e-09 6.420865e-08 5.125000e-09 4.658575e-08 5.125000e-09 3.442662e-08 
4.875000e-09 9.041397e-09 4.875000e-09 3.727223e-08 4.875000e-09 6.106472e-08 4.875000e-09 4.431327e-08 4.875000e-09 3.274727e-08 
4.625000e-09 8.579117e-09 4.625000e-09 3.536522e-08 4.625000e-09 5.792080e-08 4.625000e-09 4.204080e-08 4.625000e-09 3.106792e-08 
4.375000e-09 8.114002e-09 4.375000e-09 3.344921e-08 4.375000e-09 5.481718e-08 4.375000e-09 3.976832e-08 4.375000e-09 2.938857e-08 
4.125000e-09 7.651723e-09 4.125000e-09 3.154220e-08 4.125000e-09 5.167325e-08 4.125000e-09 3.749585e-08 4.125000e-09 2.770922e-08 
3.900000e-09 7.233402e-09 3.900000e-09 2.981959e-08 3.900000e-09 4.885178e-08 3.900000e-09 3.545062e-08 3.900000e-09 2.619781e-08 
3.700000e-09 6.863294e-09 3.700000e-09 2.829038e-08 3.700000e-09 4.635276e-08 3.700000e-09 3.363264e-08 3.700000e-09 2.485434e-08 
3.500000e-09 6.491769e-09 3.500000e-09 2.676117e-08 3.500000e-09 4.385375e-08 3.500000e-09 3.181466e-08 3.500000e-09 2.351086e-08 
3.300000e-09 6.120243e-09 3.300000e-09 2.523196e-08 3.300000e-09 4.135473e-08 3.300000e-09 2.999668e-08 3.300000e-09 2.216738e-08 
3.100000e-09 5.750135e-09 3.100000e-09 2.370275e-08 3.100000e-09 3.883556e-08 3.100000e-09 2.817870e-08 3.100000e-09 2.082390e-08 
2.900000e-09 5.378610e-09 2.900000e-09 2.217354e-08 2.900000e-09 3.632848e-08 2.900000e-09 2.636072e-08 2.900000e-09 1.948042e-08 
2.750000e-09 5.100675e-09 2.750000e-09 2.102663e-08 2.750000e-09 3.445018e-08 2.750000e-09 2.499723e-08 2.750000e-09 1.847282e-08 
2.625000e-09 4.869535e-09 2.625000e-09 2.007312e-08 2.625000e-09 3.288628e-08 2.625000e-09 2.386099e-08 2.625000e-09 1.763314e-08 
2.475000e-09 4.590182e-09 2.475000e-09 1.892172e-08 2.475000e-09 3.100395e-08 2.475000e-09 2.249751e-08 2.475000e-09 1.662554e-08 
2.350000e-09 4.359043e-09 2.350000e-09 1.796821e-08 2.350000e-09 2.944005e-08 2.350000e-09 2.136127e-08 2.350000e-09 1.578586e-08 
2.250000e-09 4.173280e-09 2.250000e-09 1.720361e-08 2.250000e-09 2.818651e-08 2.250000e-09 2.045228e-08 2.250000e-09 1.511412e-08 
2.150000e-09 3.987517e-09 2.150000e-09 1.643900e-08 2.150000e-09 2.693297e-08 2.150000e-09 1.954329e-08 2.150000e-09 1.444239e-08 
2.050000e-09 3.801754e-09 2.050000e-09 1.567440e-08 2.050000e-09 2.567943e-08 2.050000e-09 1.863430e-08 2.050000e-09 1.377064e-08 
1.950000e-09 3.617410e-09 1.950000e-09 1.490979e-08 1.950000e-09 2.442992e-08 1.950000e-09 1.772531e-08 1.950000e-09 1.309891e-08 
1.850000e-09 3.431647e-09 1.850000e-09 1.414519e-08 1.850000e-09 2.317638e-08 1.850000e-09 1.681632e-08 1.850000e-09 1.242717e-08 
1.750000e-09 3.245884e-09 1.750000e-09 1.338058e-08 1.750000e-09 2.192284e-08 1.750000e-09 1.590733e-08 1.750000e-09 1.175543e-08 
1.650000e-09 3.060121e-09 1.650000e-09 1.261598e-08 1.650000e-09 2.066930e-08 1.650000e-09 1.499834e-08 1.650000e-09 1.108369e-08 
1.550000e-09 2.874359e-09 1.550000e-09 1.185137e-08 1.550000e-09 1.941576e-08 1.550000e-09 1.408935e-08 1.550000e-09 1.041195e-08 
1.462500e-09 2.712703e-09 1.462500e-09 1.118122e-08 1.462500e-09 1.831942e-08 1.462500e-09 1.329398e-08 1.462500e-09 9.824179e-09 
1.387500e-09 2.573735e-09 1.387500e-09 1.061002e-08 1.387500e-09 1.738027e-08 1.387500e-09 1.261224e-08 1.387500e-09 9.320375e-09 
1.312500e-09 2.434768e-09 1.312500e-09 1.003431e-08 1.312500e-09 1.644112e-08 1.312500e-09 1.193050e-08 1.312500e-09 8.816571e-09 
1.237500e-09 2.295800e-09 1.237500e-09 9.463109e-09 1.237500e-09 1.550198e-08 1.237500e-09 1.124875e-08 1.237500e-09 8.312768e-09 
1.175000e-09 2.179521e-09 1.175000e-09 8.986355e-09 1.175000e-09 1.472003e-08 1.175000e-09 1.068064e-08 1.175000e-09 7.892930e-09 
1.125000e-09 2.085931e-09 1.125000e-09 8.599555e-09 1.125000e-09 1.409124e-08 1.125000e-09 1.022614e-08 1.125000e-09 7.557061e-09 
1.075000e-09 1.993759e-09 1.075000e-09 8.221750e-09 1.075000e-09 1.346649e-08 1.075000e-09 9.771646e-09 1.075000e-09 7.221193e-09 
1.025000e-09 1.901586e-09 1.025000e-09 7.834950e-09 1.025000e-09 1.284173e-08 1.025000e-09 9.317151e-09 1.025000e-09 6.885322e-09 
9.800000e-10 1.817922e-09 9.800000e-10 7.493127e-09 9.800000e-10 1.227744e-08 9.800000e-10 8.908104e-09 9.800000e-10 6.583040e-09 
9.400000e-10 1.744184e-09 9.400000e-10 7.187285e-09 9.400000e-10 1.177763e-08 9.400000e-10 8.544508e-09 9.400000e-10 6.314345e-09 
9.000000e-10 1.669028e-09 9.000000e-10 6.881443e-09 9.000000e-10 1.127380e-08 9.000000e-10 8.180912e-09 9.000000e-10 6.045649e-09 
8.600000e-10 1.595290e-09 8.600000e-10 6.575601e-09 8.600000e-10 1.077399e-08 8.600000e-10 7.817316e-09 8.600000e-10 5.776954e-09 
8.200000e-10 1.521553e-09 8.200000e-10 6.269759e-09 8.200000e-10 1.027419e-08 8.200000e-10 7.453720e-09 8.200000e-10 5.508258e-09 
7.800000e-10 1.446397e-09 7.800000e-10 5.963917e-09 7.800000e-10 9.770355e-09 7.800000e-10 7.090123e-09 7.800000e-10 5.239563e-09 
7.400000e-10 1.372517e-09 7.400000e-10 5.658075e-09 7.400000e-10 9.270552e-09 7.400000e-10 6.726528e-09 7.400000e-10 4.970867e-09 
7.050000e-10 1.307571e-09 7.050000e-10 5.388215e-09 7.050000e-10 8.831210e-09 7.050000e-10 6.408381e-09 7.050000e-10 4.735758e-09 
6.750000e-10 1.251984e-09 6.750000e-10 5.158834e-09 6.750000e-10 8.456356e-09 6.750000e-10 6.135684e-09 6.750000e-10 4.534237e-09 
6.450000e-10 1.196397e-09 6.450000e-10 4.929452e-09 6.450000e-10 8.081503e-09 6.450000e-10 5.862986e-09 6.450000e-10 4.332716e-09 
6.150000e-10 1.140668e-09 6.150000e-10 4.704569e-09 6.150000e-10 7.702620e-09 6.150000e-10 5.590290e-09 6.150000e-10 4.131194e-09 
5.875000e-10 1.089619e-09 5.875000e-10 4.492278e-09 5.875000e-10 7.360013e-09 5.875000e-10 5.340318e-09 5.875000e-10 3.946465e-09 
5.625000e-10 1.043249e-09 5.625000e-10 4.300677e-09 5.625000e-10 7.045620e-09 5.625000e-10 5.113070e-09 5.625000e-10 3.778530e-09 
5.375000e-10 9.968794e-10 5.375000e-10 4.109975e-09 5.375000e-10 6.735258e-09 5.375000e-10 4.885823e-09 5.375000e-10 3.610596e-09 
5.125000e-10 9.505093e-10 5.125000e-10 3.918375e-09 5.125000e-10 6.420866e-09 5.125000e-10 4.658575e-09 5.125000e-10 3.442661e-09 
4.875000e-10 9.042817e-10 4.875000e-10 3.727673e-09 4.875000e-10 6.106472e-09 4.875000e-10 4.431327e-09 4.875000e-10 3.274726e-09 
4.625000e-10 8.577699e-10 4.625000e-10 3.536072e-09 4.625000e-10 5.792080e-09 4.625000e-10 4.204080e-09 4.625000e-10 3.106792e-09 
4.375000e-10 8.114002e-10 4.375000e-10 3.345370e-09 4.375000e-10 5.481718e-09 4.375000e-10 3.976832e-09 4.375000e-10 2.938857e-09 
4.125000e-10 7.650304e-10 4.125000e-10 3.153770e-09 4.125000e-10 5.167325e-09 4.125000e-10 3.749585e-09 4.125000e-10 2.770923e-09 
3.900000e-10 7.233402e-10 3.900000e-10 2.981959e-09 3.900000e-10 4.885178e-09 3.900000e-10 3.545062e-09 3.900000e-10 2.619781e-09 
3.700000e-10 6.863294e-10 3.700000e-10 2.829038e-09 3.700000e-10 4.635276e-09 3.700000e-10 3.363264e-09 3.700000e-10 2.485434e-09 
3.500000e-10 6.491769e-10 3.500000e-10 2.676117e-09 3.500000e-10 4.385374e-09 3.500000e-10 3.181466e-09 3.500000e-10 2.351086e-09 
3.300000e-10 6.120243e-10 3.300000e-10 2.523196e-09 3.300000e-10 4.135472e-09 3.300000e-10 2.999668e-09 3.300000e-10 2.216738e-09 
3.100000e-10 5.750136e-10 3.100000e-10 2.370275e-09 3.100000e-10 3.883555e-09 3.100000e-10 2.817870e-09 3.100000e-10 2.082390e-09 
2.900000e-10 5.378610e-10 2.900000e-10 2.217354e-09 2.900000e-10 3.632847e-09 2.900000e-10 2.636072e-09 2.900000e-10 1.948042e-09 
2.750000e-10 5.100675e-10 2.750000e-10 2.102663e-09 2.750000e-10 3.445018e-09 2.750000e-10 2.499723e-09 2.750000e-10 1.847282e-09 
2.625000e-10 4.869536e-10 2.625000e-10 2.006863e-09 2.625000e-10 3.288628e-09 2.625000e-10 2.386099e-09 2.625000e-10 1.763314e-09 
2.475000e-10 4.590183e-10 2.475000e-10 1.892172e-09 2.475000e-10 3.100395e-09 2.475000e-10 2.249751e-09 2.475000e-10 1.662553e-09 
2.350000e-10 4.359043e-10 2.350000e-10 1.796821e-09 2.350000e-10 2.944005e-09 2.350000e-10 2.136127e-09 2.350000e-10 1.578586e-09 
2.250000e-10 4.173280e-10 2.250000e-10 1.720361e-09 2.250000e-10 2.818651e-09 2.250000e-10 2.045228e-09 2.250000e-10 1.511412e-09 
2.150000e-10 3.987517e-10 2.150000e-10 1.643900e-09 2.150000e-10 2.693297e-09 2.150000e-10 1.954329e-09 2.150000e-10 1.444238e-09 
2.050000e-10 3.801754e-10 2.050000e-10 1.567440e-09 2.050000e-10 2.567943e-09 2.050000e-10 1.863430e-09 2.050000e-10 1.377064e-09 
1.950000e-10 3.617410e-10 1.950000e-10 1.490979e-09 1.950000e-10 2.442992e-09 1.950000e-10 1.772531e-09 1.950000e-10 1.309891e-09 
1.850000e-10 3.431647e-10 1.850000e-10 1.414519e-09 1.850000e-10 2.317638e-09 1.850000e-10 1.681632e-09 1.850000e-10 1.242717e-09 
1.750000e-10 3.245884e-10 1.750000e-10 1.338058e-09 1.750000e-10 2.192284e-09 1.750000e-10 1.590733e-09 1.750000e-10 1.175543e-09 
1.650000e-10 3.060122e-10 1.650000e-10 1.261598e-09 1.650000e-10 2.066930e-09 1.650000e-10 1.499834e-09 1.650000e-10 1.108369e-09 
1.550000e-10 2.874359e-10 1.550000e-10 1.185137e-09 1.550000e-10 1.941576e-09 1.550000e-10 1.408935e-09 1.550000e-10 1.041195e-09 
1.462500e-10 2.712703e-10 1.462500e-10 1.118122e-09 1.462500e-10 1.831942e-09 1.462500e-10 1.329398e-09 1.462500e-10 9.824178e-10 
1.387500e-10 2.573735e-10 1.387500e-10 1.061002e-09 1.387500e-10 1.738027e-09 1.387500e-10 1.261224e-09 1.387500e-10 9.320376e-10 
1.312500e-10 2.434768e-10 1.312500e-10 1.003431e-09 1.312500e-10 1.644112e-09 1.312500e-10 1.193049e-09 1.312500e-10 8.816571e-10 
1.237500e-10 2.295800e-10 1.237500e-10 9.463108e-10 1.237500e-10 1.550198e-09 1.237500e-10 1.124875e-09 1.237500e-10 8.312767e-10 
1.175000e-10 2.179521e-10 1.175000e-10 8.986355e-10 1.175000e-10 1.472003e-09 1.175000e-10 1.068064e-09 1.175000e-10 7.892931e-10 
1.125000e-10 2.085931e-10 1.125000e-10 8.604053e-10 1.125000e-10 1.409124e-09 1.125000e-10 1.022614e-09 1.125000e-10 7.557061e-10 
1.075000e-10 1.993759e-10 1.075000e-10 8.221750e-10 1.075000e-10 1.346648e-09 1.075000e-10 9.771645e-10 1.075000e-10 7.221192e-10 
1.025000e-10 1.901587e-10 1.025000e-10 7.839449e-10 1.025000e-10 1.284173e-09 1.025000e-10 9.317150e-10 1.025000e-10 6.885322e-10 
