   0.1025000E-09      0.4694906E-01
   0.1075000E-09      0.4922219E-01
   0.1125000E-09      0.5149533E-01
   0.1175000E-09      0.5376847E-01
   0.1237500E-09      0.5660990E-01
   0.1312500E-09      0.6001960E-01
   0.1387500E-09      0.6342931E-01
   0.1462500E-09      0.6683902E-01
   0.1550000E-09      0.7081701E-01
   0.1650000E-09      0.7536329E-01
   0.1750000E-09      0.7990956E-01
   0.1850000E-09      0.8445584E-01
   0.1950000E-09      0.8895840E-01
   0.2050000E-09      0.9350468E-01
   0.2150000E-09      0.9800724E-01
   0.2250000E-09      0.1025098    
   0.2350000E-09      0.1070561    
   0.2475000E-09      0.1126952    
   0.2625000E-09      0.1194272    
   0.2750000E-09      0.1250663    
   0.2900000E-09      0.1317983    
   0.3100000E-09      0.1408034    
   0.3300000E-09      0.1497649    
   0.3500000E-09      0.1586826    
   0.3700000E-09      0.1676440    
   0.3900000E-09      0.1765617    
   0.4125000E-09      0.1865722    
   0.4375000E-09      0.1976756    
   0.4625000E-09      0.2087790    
   0.4875000E-09      0.2198387    
   0.5125000E-09      0.2308984    
   0.5375000E-09      0.2419144    
   0.5625000E-09      0.2529304    
   0.5875000E-09      0.2639027    
   0.6150000E-09      0.2759678    
   0.6450000E-09      0.2890820    
   0.6750000E-09      0.3021526    
   0.7050000E-09      0.3152231    
   0.7400000E-09      0.3303920    
   0.7800000E-09      0.3477028    
   0.8200000E-09      0.3649698    
   0.8600000E-09      0.3821495    
   0.9000000E-09      0.3992856    
   0.9400000E-09      0.4163778    
   0.9800000E-09      0.4334264    
   0.1025000E-08      0.4524420    
   0.1075000E-08      0.4738620    
   0.1125000E-08      0.4948448    
   0.1175000E-08      0.5158276    
   0.1237500E-08      0.5416190    
   0.1312500E-08      0.5730932    
   0.1387500E-08      0.6036932    
   0.1462500E-08      0.6347303    
   0.1550000E-08      0.6701388    
   0.1650000E-08      0.7107930    
   0.1750000E-08      0.7505729    
   0.1850000E-08      0.7903528    
   0.1950000E-08      0.8296956    
   0.2050000E-08      0.8690383    
   0.2150000E-08      0.9079440    
   0.2250000E-08      0.9464124    
   0.2350000E-08      0.9844438    
   0.2475000E-08       1.031655    
   0.2625000E-08       1.087609    
   0.2750000E-08       1.133947    
   0.2900000E-08       1.188589    
   0.3100000E-08       1.260718    
   0.3300000E-08       1.331535    
   0.3500000E-08       1.401040    
   0.3700000E-08       1.469234    
   0.3900000E-08       1.536554    
   0.4125000E-08       1.610431    
   0.4375000E-08       1.691303    
   0.4625000E-08       1.770425    
   0.4875000E-08       1.847800    
   0.5125000E-08       1.923425    
   0.5375000E-08       1.997302    
   0.5625000E-08       2.069868    
   0.5875000E-08       2.140248    
   0.6150000E-08       2.216310    
   0.6450000E-08       2.297182    
   0.6750000E-08       2.375430    
   0.7050000E-08       2.451930    
   0.7400000E-08       2.538047    
   0.7800000E-08       2.632906    
   0.8200000E-08       2.724706    
   0.8600000E-08       2.812572    
   0.9000000E-08       2.896940    
   0.9400000E-08       2.978249    
   0.9800000E-08       3.056060    
   0.1025000E-07       3.139991    
   0.1075000E-07       3.228731    
   0.1125000E-07       3.312662    
   0.1175000E-07       3.391785    
   0.1237500E-07       3.484459    
   0.1312500E-07       3.587625    
   0.1387500E-07       3.681610    
   0.1462500E-07       3.766853    
   0.1550000E-07       3.855593    
   0.1650000E-07       3.944770    
   0.1750000E-07       4.021707    
   0.1850000E-07       4.085967    
   0.1950000E-07       4.139735    
   0.2050000E-07       4.183012    
   0.2150000E-07       4.216671    
   0.2250000E-07       4.241152    
   0.2350000E-07       4.257763    
   0.2475000E-07       4.266507    
   0.2625000E-07       4.264321    
   0.2750000E-07       4.252518    
   0.2900000E-07       4.223667    
   0.3100000E-07       4.171209    
   0.3300000E-07       4.102578    
   0.3500000E-07       4.019958    
   0.3700000E-07       3.926410    
   0.3900000E-07       3.823682    
   0.4125000E-07       3.698659    
   0.4375000E-07       3.553528    
   0.4625000E-07       3.402713    
   0.4875000E-07       3.249277    
   0.5125000E-07       3.045131    
   0.5375000E-07       2.809949    
   0.5625000E-07       2.602744    
   0.5875000E-07       2.419144    
   0.6150000E-07       2.239916    
   0.6450000E-07       2.067245    
   0.6750000E-07       1.914682    
   0.7050000E-07       1.786600    
   0.7400000E-07       1.665948    
   0.7800000E-07       1.547046    
   0.8200000E-07       1.441694    
   0.8600000E-07       1.348146    
   0.9000000E-07       1.264652    
   0.9400000E-07       1.189463    
   0.9800000E-07       1.121706    
   0.1025000E-06       1.047830    
   0.1075000E-06      0.9704553    
   0.1125000E-06      0.9013868    
   0.1175000E-06      0.8401870    
   0.1237500E-06      0.7728671    
   0.1312500E-06      0.7029244    
   0.1387500E-06      0.6421617    
   0.1462500E-06      0.5901418    
   0.1550000E-06      0.5372475    
   0.1650000E-06      0.4856648    
   0.1750000E-06      0.4415135    
   0.1850000E-06      0.4034821    
   0.1950000E-06      0.3705216    
   0.2050000E-06      0.3412331    
   0.2150000E-06      0.3150483    
   0.2250000E-06      0.2918797    
   0.2350000E-06      0.2712029    
   0.2475000E-06      0.2485152    
   0.2625000E-06      0.2245599    
   0.2750000E-06      0.2068993    
   0.2900000E-06      0.1887142    
   0.3100000E-06      0.1675128    
   0.3300000E-06      0.1492403    
   0.3500000E-06      0.1338966    
   0.3700000E-06      0.1208698    
   0.3900000E-06      0.1097664    
   0.4125000E-06      0.9910009E-01
   0.4375000E-06      0.8900212E-01
   0.4625000E-06      0.8043414E-01
   0.4875000E-06      0.7309015E-01
   0.5125000E-06      0.6653302E-01
   0.5375000E-06      0.6063160E-01
   0.5625000E-06      0.5551704E-01
   0.5875000E-06      0.5101447E-01
   0.6150000E-06      0.4668676E-01
   0.6450000E-06      0.4255140E-01
   0.6750000E-06      0.3895810E-01
   0.7050000E-06      0.3590684E-01
   0.7400000E-06      0.3297362E-01
   0.7800000E-06      0.3009723E-01
   0.8200000E-06      0.2759678E-01
   0.8600000E-06      0.2541107E-01
   0.9000000E-06      0.2348327E-01
   0.9399999E-06      0.2178279E-01
   0.9800000E-06      0.2026591E-01
   0.1025000E-05      0.1881897E-01
   0.1075000E-05      0.1745508E-01
   0.1125000E-05      0.1624420E-01
   0.1175000E-05      0.1516883E-01
   0.1237500E-05      0.1397980E-01
   0.1312500E-05      0.1273832E-01
   0.1387500E-05      0.1166732E-01
   0.1462500E-05      0.1074058E-01
   0.1550000E-05      0.9800724E-02
   0.1650000E-05      0.8882727E-02
   0.1750000E-05      0.8095870E-02
   0.1850000E-05      0.7413929E-02
   0.1950000E-05      0.6828159E-02
   0.2050000E-05      0.6342931E-02
   0.2150000E-05      0.5940761E-02
   0.2250000E-05      0.5586675E-02
   0.2350000E-05      0.5267561E-02
   0.2475000E-05      0.4909105E-02
   0.2625000E-05      0.4528792E-02
   0.2750000E-05      0.4253829E-02
   0.2900000E-05      0.3961818E-02
   0.3100000E-05      0.3633087E-02
   0.3300000E-05      0.3362934E-02
   0.3500000E-05      0.3128625E-02
   0.3700000E-05      0.2923606E-02
   0.3900000E-05      0.2741755E-02
   0.4125000E-05      0.2559904E-02
   0.4375000E-05      0.2378490E-02
   0.4625000E-05      0.2218059E-02
   0.4875000E-05      0.2075550E-02
   0.5125000E-05      0.1951402E-02
   0.5375000E-05      0.1842117E-02
   0.5625000E-05      0.1743322E-02
   0.5875000E-05      0.1651085E-02
   0.6150000E-05      0.1558411E-02
   0.6450000E-05      0.1467486E-02
   0.6750000E-05      0.1384866E-02
   0.7050000E-05      0.1311863E-02
   0.7400000E-05      0.1239735E-02
   0.7800000E-05      0.1167606E-02
   0.8200001E-05      0.1102909E-02
   0.8600000E-05      0.1044332E-02
   0.8999999E-05      0.9918754E-03
   0.9400001E-05      0.9442267E-03
   0.9800000E-05      0.9009497E-03
   0.1025000E-04      0.8620440E-03
   0.1075000E-04      0.8266356E-03
   0.1125000E-04      0.7942871E-03
   0.1175000E-04      0.7645615E-03
   0.1237500E-04      0.7309015E-03
   0.1312500E-04      0.6946187E-03
   0.1387500E-04      0.6618331E-03
   0.1462500E-04      0.6321074E-03
   0.1550000E-04      0.6015074E-03
   0.1650000E-04      0.5700332E-03
   0.1750000E-04      0.5416190E-03
   0.1850000E-04      0.5162648E-03
   0.1950000E-04      0.4935333E-03
   0.2050000E-04      0.4738620E-03
   0.2150000E-04      0.4568134E-03
   0.2250000E-04      0.4410763E-03
   0.2350000E-04      0.4266069E-03
   0.2475000E-04      0.4100392E-03
   0.2625000E-04      0.3919416E-03
   0.2750000E-04      0.3781715E-03
   0.2900000E-04      0.3631776E-03
   0.3100000E-04      0.3454733E-03
   0.3300000E-04      0.3300422E-03
   0.3500000E-04      0.3161411E-03
   0.3700000E-04      0.3035514E-03
   0.3900000E-04      0.2921420E-03
   0.4125000E-04      0.2808638E-03
   0.4375000E-04      0.2691046E-03
   0.4625000E-04      0.2585258E-03
   0.4875000E-04      0.2490835E-03
   0.5125000E-04      0.2407779E-03
   0.5375000E-04      0.2370621E-03
   0.5625000E-04      0.2313793E-03
   0.5875000E-04      0.2238167E-03
   0.6150000E-04      0.2161667E-03
   0.6450000E-04      0.2084730E-03
   0.6750000E-04      0.2012165E-03
   0.7050000E-04      0.1926485E-03
   0.7400000E-04      0.1860913E-03
   0.7800000E-04      0.1791845E-03
   0.8200000E-04      0.1730645E-03
   0.8600000E-04      0.1676002E-03
   0.9000000E-04      0.1574586E-03
   0.9400000E-04      0.1527374E-03
   0.9800000E-04      0.1518194E-03
   0.1025000E-03      0.1472732E-03
   0.1075000E-03      0.1426394E-03
   0.1125000E-03      0.1385303E-03
   0.1175000E-03      0.1344649E-03
   0.1237500E-03      0.1279078E-03
   0.1312500E-03      0.1240609E-03
   0.1387500E-03      0.1212195E-03
   0.1462500E-03      0.1179846E-03
   0.1550000E-03      0.1136132E-03
   0.1650000E-03      0.1090669E-03
   0.1750000E-03      0.1049141E-03
   0.1850000E-03      0.1006301E-03
   0.1950000E-03      0.9617125E-04
   0.2050000E-03      0.9311125E-04
   0.2150000E-03      0.9040097E-04
   0.2250000E-03      0.8821526E-04
   0.2350000E-03      0.8616069E-04
   0.2475000E-03      0.8323184E-04
   0.2625000E-03      0.8052156E-04
   0.2750000E-03      0.7785499E-04
   0.2900000E-03      0.7510100E-04
   0.3100000E-03      0.7199728E-04
   0.3300000E-03      0.6915587E-04
   0.3500000E-03      0.6653302E-04
   0.3700000E-03      0.6417245E-04
   0.3900000E-03      0.6207417E-04
   0.4125000E-03      0.6001960E-04
   0.4375000E-03      0.5800874E-04
   0.4625000E-03      0.5573561E-04
   0.4875000E-03      0.5381218E-04
   0.5125000E-03      0.5132048E-04
   0.5375000E-03      0.4887248E-04
   0.5625000E-03      0.4655563E-04
   0.5875000E-03      0.4471963E-04
   0.6150000E-03      0.4272189E-04
   0.6450000E-03      0.4089464E-04
   0.6750000E-03      0.3887941E-04
   0.7050000E-03      0.3717019E-04
   0.7400000E-03      0.3570577E-04
   0.7800000E-03      0.3427631E-04
   0.8200000E-03      0.3274631E-04
   0.8600000E-03      0.3152668E-04
   0.9000000E-03      0.3035514E-04
   0.9400000E-03      0.2917923E-04
   0.9800000E-03      0.2837489E-04
   0.1025000E-02      0.2729515E-04
   0.1075000E-02      0.2606240E-04
   0.1125000E-02      0.2492147E-04
   0.1175000E-02      0.2389856E-04
   0.1237500E-02      0.2267018E-04
   0.1312500E-02      0.2137625E-04
   0.1387500E-02      0.2025716E-04
   0.1462500E-02      0.1924299E-04
   0.1550000E-02      0.1819385E-04
   0.1650000E-02      0.1713159E-04
   0.1750000E-02      0.1617425E-04
   0.1850000E-02      0.1533494E-04
   0.1950000E-02      0.1456557E-04
   0.2050000E-02      0.1389237E-04
   0.2150000E-02      0.1331098E-04
   0.2250000E-02      0.1274706E-04
   0.2350000E-02      0.1222686E-04
   0.2475000E-02      0.1164546E-04
   0.2625000E-02      0.1102472E-04
   0.2750000E-02      0.1055698E-04
   0.2900000E-02      0.1005427E-04
   0.3100000E-02      0.9477239E-05
   0.3300000E-02      0.8996382E-05
   0.3500000E-02      0.8576728E-05
   0.3700000E-02      0.8196413E-05
   0.3900000E-02      0.7842328E-05
   0.4125000E-02      0.7483872E-05
   0.4375000E-02      0.7125415E-05
   0.4625000E-02      0.6797559E-05
   0.4875000E-02      0.6500302E-05
   0.5125000E-02      0.6203045E-05
   0.5375000E-02      0.5914532E-05
   0.5625000E-02      0.5647875E-05
   0.5875000E-02      0.5407447E-05
   0.6150000E-02      0.5167019E-05
   0.6450000E-02      0.4930962E-05
   0.6750000E-02      0.4708020E-05
   0.7050000E-02      0.4520049E-05
   0.7400000E-02      0.4348689E-05
   0.7800000E-02      0.4179952E-05
   0.8200000E-02      0.4024330E-05
   0.8600000E-02      0.3886193E-05
   0.9000000E-02      0.3759422E-05
   0.9400001E-02      0.3644016E-05
   0.9800000E-02      0.3536042E-05
   0.1025000E-01      0.3406211E-05
   0.1075000E-01      0.3259331E-05
   0.1125000E-01      0.3126440E-05
   0.1175000E-01      0.3005351E-05
   0.1237500E-01      0.2865903E-05
   0.1312500E-01      0.2715963E-05
   0.1387500E-01      0.2580887E-05
   0.1462500E-01      0.2459361E-05
   0.1550000E-01      0.2332590E-05
   0.1650000E-01      0.2203633E-05
   0.1750000E-01      0.2087791E-05
   0.1850000E-01      0.1984625E-05
   0.1950000E-01      0.1891514E-05
   0.2050000E-01      0.1813265E-05
   0.2150000E-01      0.1746382E-05
   0.2250000E-01      0.1686057E-05
   0.2350000E-01      0.1630540E-05
   0.2475000E-01      0.1566717E-05
   0.2625000E-01      0.1496774E-05
   0.2750000E-01      0.1443880E-05
   0.2900000E-01      0.1385740E-05
   0.3100000E-01      0.1314486E-05
   0.3300000E-01      0.1250663E-05
   0.3500000E-01      0.1192523E-05
   0.3700000E-01      0.1140941E-05
   0.3900000E-01      0.1093729E-05
   0.4125000E-01      0.1046081E-05
   0.4375000E-01      0.9979952E-06
   0.4625000E-01      0.9547183E-06
   0.4875000E-01      0.9149383E-06
   0.5125000E-01      0.8777812E-06
   0.5375000E-01      0.8423727E-06
   0.5625000E-01      0.8100243E-06
   0.5875000E-01      0.7807356E-06
   0.6150000E-01      0.7505728E-06
   0.6450000E-01      0.7204101E-06
   0.6750000E-01      0.6928701E-06
   0.7050000E-01      0.6692644E-06
   0.7400000E-01      0.6482816E-06
   0.7799999E-01      0.6272988E-06
   0.8200000E-01      0.6080646E-06
   0.8600000E-01      0.5897046E-06
   0.9000000E-01      0.5735304E-06
   0.9400000E-01      0.5577933E-06
   0.9800000E-01      0.5429304E-06
   0.1025000          0.5263190E-06
   0.1075000          0.5075219E-06
   0.1125000          0.4900363E-06
   0.1175000          0.4738619E-06
   0.1237500          0.4559392E-06
   0.1312500          0.4358743E-06
   0.1387500          0.4179078E-06
   0.1462500          0.4015587E-06
   0.1550000          0.3842916E-06
   0.1650000          0.3664998E-06
   0.1750000          0.3504568E-06
   0.1850000          0.3359000E-06
   0.1950000          0.3226983E-06
   0.2050000          0.3105020E-06
   0.2150000          0.2992237E-06
   0.2250000          0.2888198E-06
   0.2350000          0.2792026E-06
   0.2475000          0.2682303E-06
   0.2625000          0.2562527E-06
   0.2750000          0.2471164E-06
   0.2900000          0.2371933E-06
   0.3100000          0.2256090E-06
   0.3300000          0.2155984E-06
   0.3500000          0.2065933E-06
   0.3700000          0.1984188E-06
   0.3900000          0.1909436E-06
   0.4125000          0.1833374E-06
   0.4375000          0.1756874E-06
   0.4625000          0.1687368E-06
   0.4875000          0.1623983E-06
   0.5125000          0.1569340E-06
   0.5375000          0.1521692E-06
   0.5625000          0.1477103E-06
   0.5875000          0.1436449E-06
   0.6150000          0.1394483E-06
   0.6450000          0.1352080E-06
   0.6750000          0.1312738E-06
   0.7050000          0.1276018E-06
   0.7400000          0.1235801E-06
   0.7800000          0.1193835E-06
   0.8200000          0.1155366E-06
   0.8600000          0.1119958E-06
   0.9000000          0.1086735E-06
   0.9400000          0.1055698E-06
   0.9800000          0.1025972E-06
    1.050000          0.9713297E-07
    1.150000          0.8996384E-07
    1.250000          0.8384384E-07
    1.350000          0.7855443E-07
    1.450000          0.7396443E-07
    1.550000          0.6994272E-07
    1.650000          0.6640187E-07
    1.750000          0.6329817E-07
    1.850000          0.6050046E-07
    1.950000          0.5827104E-07
    2.050000          0.5586676E-07
    2.150000          0.5298162E-07
    2.250000          0.5027134E-07
    2.350000          0.4773591E-07
    2.450000          0.4506935E-07
    2.550000          0.4252955E-07
    2.650000          0.4018647E-07
    2.750000          0.3815813E-07
    2.850000          0.3658441E-07
    2.950000          0.3515933E-07
    3.050000          0.3315722E-07
    3.150000          0.3097588E-07
    3.250000          0.2896940E-07
    3.350000          0.2702849E-07
    3.450000          0.2527118E-07
    3.550000          0.2361004E-07
    3.650000          0.2193579E-07
    3.750000          0.2052819E-07
    3.850000          0.1932605E-07
    3.950000          0.1827254E-07
    4.050000          0.1743760E-07
    4.150000          0.1669008E-07
    4.250000          0.1584640E-07
    4.350000          0.1496774E-07
    4.450000          0.1411969E-07
    4.550000          0.1332409E-07
    4.650000          0.1257221E-07
    4.750000          0.1192960E-07
    4.850000          0.1135695E-07
    4.950000          0.1083675E-07
    5.050000          0.1033841E-07
    5.150000          0.9875038E-08
    5.250000          0.9459754E-08
    5.350000          0.9083812E-08
    5.450000          0.8738470E-08
    5.550000          0.8414983E-08
    5.650000          0.8095871E-08
    5.750000          0.7785500E-08
    5.850000          0.7479501E-08
    5.950000          0.7173501E-08
    6.050000          0.6670787E-08
    6.150000          0.6010703E-08
    6.250000          0.5416189E-08
    6.350000          0.4874134E-08
    6.450000          0.4393277E-08
    6.550000          0.3968812E-08
    6.650000          0.3591559E-08
    6.750000          0.3256708E-08
    6.850000          0.2959015E-08
    6.950000          0.2691921E-08
    7.050000          0.2452804E-08
    7.150000          0.2237730E-08
    7.250000          0.2044076E-08
    7.350000          0.1870968E-08
    7.450000          0.1714034E-08
    7.550000          0.1572837E-08
    7.650000          0.1445192E-08
    7.750000          0.1329786E-08
    7.850000          0.1224435E-08
    7.950000          0.1129138E-08
    8.050000          0.1045207E-08
    8.150000          0.9713296E-09
    8.250000          0.9022610E-09
    8.350000          0.8384385E-09
    8.450000          0.7785501E-09
    8.550000          0.7230329E-09
    8.650000          0.6718873E-09
    8.750000          0.6242389E-09
    8.850000          0.5796503E-09
    8.950000          0.5389961E-09
    9.050000          0.5005276E-09
    9.150000          0.4655562E-09
    9.250000          0.4325521E-09
    9.350000          0.4021269E-09
    9.450000          0.3738875E-09
    9.550000          0.3476590E-09
    9.650000          0.3233103E-09
    9.750000          0.3006663E-09
    9.850000          0.2797272E-09
    9.950000          0.2602744E-09
    10.05000          0.2421767E-09
    10.15000          0.2253467E-09
    10.25000          0.2096533E-09
    10.35000          0.1949653E-09
    10.45000          0.1813265E-09
    10.55000          0.1686494E-09
    10.65000          0.1568466E-09
    10.75000          0.1458306E-09
    10.85000          0.1356015E-09
    10.95000          0.1260718E-09
    11.05000          0.1171978E-09
    11.15000          0.1089358E-09
    11.25000          0.1012858E-09
    11.35000          0.9416039E-10
    11.45000          0.8755955E-10
    11.55000          0.8139585E-10
    11.65000          0.7566928E-10
    11.75000          0.7037988E-10
    11.85000          0.6539645E-10
    11.95000          0.6076274E-10
    12.05000          0.5647875E-10
    12.15000          0.5245705E-10
    12.25000          0.4874133E-10
    12.35000          0.4533163E-10
    12.45000          0.4211426E-10
    12.55000          0.3912858E-10
    12.65000          0.3635273E-10
    12.75000          0.3376485E-10
    12.85000          0.3135620E-10
    12.95000          0.2912677E-10
    13.05000          0.2705909E-10
    13.15000          0.2514004E-10
    13.25000          0.2335650E-10
    13.35000          0.2170410E-10
    13.45000          0.2016099E-10
    13.55000          0.1872279E-10
    13.65000          0.1738514E-10
    13.75000          0.1614366E-10
    13.85000          0.1498960E-10
    13.95000          0.1391860E-10
    14.05000          0.1292629E-10
    14.15000          0.1200829E-10
    14.25000          0.1115149E-10
    14.35000          0.1035589E-10
    14.45000          0.9617125E-11
    14.55000          0.8930812E-11
    14.65000          0.8288213E-11
    14.75000          0.7693700E-11
    14.85000          0.7142901E-11
    14.95000          0.6631445E-11
    15.05000          0.6154960E-11
    15.15000          0.5717818E-11
    15.25000          0.5306904E-11
    15.35000          0.4926590E-11
    15.45000          0.4572506E-11
    15.55000          0.4241589E-11
    15.65000          0.3935590E-11
    15.75000          0.3651448E-11
    15.85000          0.3388725E-11
    15.95000          0.3144800E-11
    16.05000          0.2918797E-11
    16.15000          0.2708969E-11
    16.25000          0.2514878E-11
    16.35000          0.2335213E-11
    16.45000          0.2168662E-11
    16.55000          0.2013476E-11
    16.65000          0.1869656E-11
    16.75000          0.1735891E-11
    16.85000          0.1611305E-11
    16.95000          0.1495463E-11
    17.05000          0.1387926E-11
    17.15000          0.1288258E-11
    17.25000          0.1195583E-11
    17.35000          0.1110341E-11
    17.45000          0.1030781E-11
    17.55000          0.9573412E-12
    17.65000          0.8887098E-12
    17.75000          0.8253242E-12
    17.85000          0.7663100E-12
    17.95000          0.7116672E-12
    18.05000          0.1000000E-29
    18.15000          0.1000000E-29
    18.25000          0.1000000E-29
    18.35000          0.1000000E-29
    18.45000          0.1000000E-29
    18.55000          0.1000000E-29
    18.65000          0.1000000E-29
    18.75000          0.1000000E-29
    18.85000          0.1000000E-29
    18.95000          0.1000000E-29
    19.05000          0.1000000E-29
    19.15000          0.1000000E-29
    19.25000          0.1000000E-29
    19.35000          0.1000000E-29
    19.45000          0.1000000E-29
    19.55000          0.1000000E-29
    19.65000          0.1000000E-29
    19.75000          0.1000000E-29
    19.85000          0.1000000E-29
    19.95000          0.1000000E-29
