    19.95000          0.1907064E-26
    19.85000          0.1952761E-26
    19.75000          0.1946065E-26
    19.65000          0.2004762E-26
    19.55000          0.2015004E-26
    19.45000          0.1780216E-26
    19.35000          0.2013822E-26
    19.25000          0.2011065E-26
    19.15000          0.2057156E-26
    19.05000          0.2067792E-26
    18.95000          0.2075671E-26
    18.85000          0.2184005E-26
    18.75000          0.2100883E-26
    18.65000          0.2004368E-26
    18.55000          0.1958277E-26
    18.45000          0.1709307E-26
    18.35000          0.2097338E-26
    18.25000          0.2259641E-26
    18.15000          0.2319914E-26
    18.05000          0.2258459E-26
    17.95000          0.2223005E-26
    17.85000          0.2247429E-26
    17.75000          0.2143823E-26
    17.65000          0.2223005E-26
    17.55000          0.2283278E-26
    17.45000          0.2325429E-26
    17.35000          0.2270671E-26
    17.25000          0.2334096E-26
    17.15000          0.2286035E-26
    17.05000          0.2312823E-26
    16.95000          0.2381369E-26
    16.85000          0.2268702E-26
    16.75000          0.2351823E-26
    16.65000          0.2377429E-26
    16.55000          0.2380187E-26
    16.45000          0.2302581E-26
    16.35000          0.2487338E-26
    16.25000          0.2187156E-26
    16.15000          0.2729612E-26
    16.05000          0.2477884E-26
    15.95000          0.2470399E-26
    15.85000          0.2485369E-26
    15.75000          0.4471222E-26
    15.65000          0.1314972E-25
    15.55000          0.3892130E-25
    15.45000          0.1160154E-24
    15.35000          0.3483613E-24
    15.25000          0.1053396E-23
    15.15000          0.3209037E-23
    15.05000          0.9848505E-23
    14.95000          0.3045158E-22
    14.85000          0.9486080E-22
    14.75000          0.2978188E-21
    14.65000          0.9423050E-21
    14.55000          0.3004976E-20
    14.45000          0.9659414E-20
    14.35000          0.3130643E-19
    14.25000          0.1023063E-18
    14.15000          0.3370946E-18
    14.05000          0.1120366E-17
    13.95000          0.3755038E-17
    13.85000          0.1269669E-16
    13.75000          0.4329403E-16
    13.65000          0.1490670E-15
    13.55000          0.5176375E-15
    13.45000          0.1814883E-14
    13.35000          0.6421225E-14
    13.25000          0.2294308E-13
    13.15000          0.8276684E-13
    13.05000          0.3014825E-12
    12.95000          0.1109336E-11
    12.85000          0.4120614E-11
    12.75000          0.1547791E-10
    12.65000          0.5873649E-10
    12.55000          0.1159366E-09
    12.45000          0.1368548E-09
    12.35000          0.1617912E-09
    12.25000          0.1914943E-09
    12.15000          0.2269884E-09
    12.05000          0.2694551E-09
    11.95000          0.3203128E-09
    11.85000          0.3813341E-09
    11.75000          0.4546070E-09
    11.65000          0.5428496E-09
    11.55000          0.6492136E-09
    11.45000          0.7776380E-09
    11.35000          0.9328505E-09
    11.25000          0.1120760E-08
    11.15000          0.1348851E-08
    11.05000          0.1625791E-08
    10.95000          0.1963398E-08
    10.85000          0.2375066E-08
    10.75000          0.2878127E-08
    10.65000          0.3494250E-08
    10.55000          0.4250615E-08
    10.45000          0.5176374E-08
    10.35000          0.6322740E-08
    10.25000          0.7733046E-08
    10.15000          0.9474261E-08
    10.05000          0.1163699E-07
    9.950000          0.1301185E-07
    9.850000          0.1327184E-07
    9.750000          0.1353972E-07
    9.650000          0.1381942E-07
    9.550000          0.1410700E-07
    9.450000          0.1440245E-07
    9.350000          0.1470579E-07
    9.250000          0.1502094E-07
    9.150000          0.1534397E-07
    9.050000          0.1568276E-07
    8.950000          0.1602943E-07
    8.850000          0.1638791E-07
    8.750000          0.1675822E-07
    8.650000          0.1714034E-07
    8.550000          0.1753822E-07
    8.450000          0.1795186E-07
    8.350000          0.1837731E-07
    8.250000          0.1881852E-07
    8.150000          0.1927549E-07
    8.050000          0.1975216E-07
    7.950000          0.2023277E-07
    7.850000          0.2070550E-07
    7.750000          0.2118217E-07
    7.650000          0.2167459E-07
    7.550000          0.2218277E-07
    7.450000          0.2271459E-07
    7.350000          0.2326217E-07
    7.250000          0.2383338E-07
    7.150000          0.2442429E-07
    7.050000          0.2504278E-07
    6.950000          0.2568096E-07
    6.850000          0.2635066E-07
    6.750000          0.2704400E-07
    6.650000          0.2776885E-07
    6.550000          0.2852127E-07
    6.450000          0.2930915E-07
    6.350000          0.3011673E-07
    6.250000          0.3082976E-07
    6.150000          0.3144824E-07
    6.050000          0.3209037E-07
    5.950000          0.3275613E-07
    5.850000          0.3344946E-07
    5.750000          0.3416644E-07
    5.650000          0.3491492E-07
    5.550000          0.3569492E-07
    5.450000          0.3650250E-07
    5.350000          0.3734553E-07
    5.250000          0.3822402E-07
    5.150000          0.3914190E-07
    5.050000          0.4010311E-07
    4.950000          0.4104857E-07
    4.850000          0.4203342E-07
    4.750000          0.4305766E-07
    4.650000          0.4412131E-07
    4.550000          0.4522434E-07
    4.450000          0.4640616E-07
    4.350000          0.4762737E-07
    4.250000          0.4892738E-07
    4.150000          0.5026677E-07
    4.050000          0.5172435E-07
    3.950000          0.5302435E-07
    3.850000          0.5416678E-07
    3.750000          0.5534860E-07
    3.650000          0.5653042E-07
    3.550000          0.5783042E-07
    3.450000          0.5916982E-07
    3.350000          0.6054862E-07
    3.250000          0.6204559E-07
    3.150000          0.6362134E-07
    3.050000          0.6527590E-07
    2.950000          0.6704862E-07
    2.850000          0.6890014E-07
    2.750000          0.7090924E-07
    2.650000          0.7303652E-07
    2.550000          0.7528197E-07
    2.450000          0.7744865E-07
    2.350000          0.7949712E-07
    2.250000          0.8174259E-07
    2.150000          0.8410624E-07
    2.050000          0.8666684E-07
    1.950000          0.8922746E-07
    1.850000          0.9174868E-07
    1.750000          0.9450626E-07
    1.650000          0.9750019E-07
    1.550000          0.1003366E-06
    1.450000          0.1028578E-06
    1.350000          0.1055366E-06
    1.250000          0.1086093E-06
    1.150000          0.1121942E-06
    1.050000          0.1163305E-06
   0.9800000          0.1194821E-06
   0.9400000          0.1214124E-06
   0.9000000          0.1234609E-06
   0.8600000          0.1256275E-06
   0.8200000          0.1279124E-06
   0.7800000          0.1303548E-06
   0.7400000          0.1329548E-06
   0.7050000          0.1353578E-06
   0.6750000          0.1376033E-06
   0.6450000          0.1399669E-06
   0.6150000          0.1424094E-06
   0.5875000          0.1447730E-06
   0.5625000          0.1470579E-06
   0.5375000          0.1495003E-06
   0.5125000          0.1521003E-06
   0.4875000          0.1549367E-06
   0.4625000          0.1580488E-06
   0.4375000          0.1613973E-06
   0.4125000          0.1650216E-06
   0.3900000          0.1685276E-06
   0.3700000          0.1717973E-06
   0.3500000          0.1753428E-06
   0.3300000          0.1791640E-06
   0.3100000          0.1836155E-06
   0.2900000          0.1888550E-06
   0.2750000          0.1931883E-06
   0.2625000          0.1970883E-06
   0.2475000          0.2024459E-06
   0.2350000          0.2076459E-06
   0.2250000          0.2122156E-06
   0.2150000          0.2171005E-06
   0.2050000          0.2223398E-06
   0.1950000          0.2280914E-06
   0.1850000          0.2343944E-06
   0.1750000          0.2412490E-06
   0.1650000          0.2486944E-06
   0.1550000          0.2567309E-06
   0.1462500          0.2642551E-06
   0.1387500          0.2712672E-06
   0.1312500          0.2788309E-06
   0.1237500          0.2884824E-06
   0.1175000          0.2986854E-06
   0.1125000          0.3078249E-06
   0.1075000          0.3177128E-06
   0.1025000          0.3284280E-06
   0.9800000E-01      0.3389068E-06
   0.9400000E-01      0.3490704E-06
   0.9000000E-01      0.3600219E-06
   0.8600000E-01      0.3718008E-06
   0.8200000E-01      0.3846038E-06
   0.7799999E-01      0.3978796E-06
   0.7400000E-01      0.4120615E-06
   0.7050000E-01      0.4250615E-06
   0.6750000E-01      0.4372737E-06
   0.6450000E-01      0.4506676E-06
   0.6150000E-01      0.4652434E-06
   0.5875000E-01      0.4802131E-06
   0.5625000E-01      0.4943950E-06
   0.5375000E-01      0.5101526E-06
   0.5125000E-01      0.5270920E-06
   0.4875000E-01      0.5460011E-06
   0.4625000E-01      0.5672739E-06
   0.4375000E-01      0.5901225E-06
   0.4125000E-01      0.6157285E-06
   0.3900000E-01      0.6366073E-06
   0.3700000E-01      0.6523650E-06
   0.3500000E-01      0.6685165E-06
   0.3300000E-01      0.6862438E-06
   0.3100000E-01      0.7118500E-06
   0.2900000E-01      0.7484864E-06
   0.2750000E-01      0.7800016E-06
   0.2625000E-01      0.8091532E-06
   0.2475000E-01      0.8481533E-06
   0.2350000E-01      0.8847897E-06
   0.2250000E-01      0.9166989E-06
   0.2150000E-01      0.9513656E-06
   0.2050000E-01      0.9891838E-06
   0.1950000E-01      0.1031336E-05
   0.1850000E-01      0.1078214E-05
   0.1750000E-01      0.1130214E-05
   0.1650000E-01      0.1187730E-05
   0.1550000E-01      0.1253124E-05
   0.1462500E-01      0.1317730E-05
   0.1387500E-01      0.1379972E-05
   0.1312500E-01      0.1448518E-05
   0.1237500E-01      0.1528488E-05
   0.1175000E-01      0.1606488E-05
   0.1125000E-01      0.1675822E-05
   0.1075000E-01      0.1751458E-05
   0.1025000E-01      0.1834973E-05
   0.9800000E-02      0.1915337E-05
   0.9400001E-02      0.1992156E-05
   0.9000000E-02      0.2075277E-05
   0.8600000E-02      0.2165883E-05
   0.8200000E-02      0.2265550E-05
   0.7800000E-02      0.2374672E-05
   0.7400000E-02      0.2495217E-05
   0.7050000E-02      0.2611430E-05
   0.6750000E-02      0.2720551E-05
   0.6450000E-02      0.2839915E-05
   0.6150000E-02      0.2969915E-05
   0.5875000E-02      0.3100703E-05
   0.5625000E-02      0.3229916E-05
   0.5375000E-02      0.3370946E-05
   0.5125000E-02      0.3525765E-05
   0.4875000E-02      0.3695947E-05
   0.4625000E-02      0.3885038E-05
   0.4375000E-02      0.4096978E-05
   0.4125000E-02      0.4337282E-05
   0.3900000E-02      0.4577585E-05
   0.3700000E-02      0.4813950E-05
   0.3500000E-02      0.5077890E-05
   0.3300000E-02      0.5377284E-05
   0.3100000E-02      0.5708194E-05
   0.2900000E-02      0.6086376E-05
   0.2750000E-02      0.6405468E-05
   0.2625000E-02      0.6700923E-05
   0.2475000E-02      0.7090923E-05
   0.2350000E-02      0.7453349E-05
   0.2250000E-02      0.7768501E-05
   0.2150000E-02      0.8119108E-05
   0.2050000E-02      0.8505168E-05
   0.1950000E-02      0.8930625E-05
   0.1850000E-02      0.9403353E-05
   0.1750000E-02      0.9927293E-05
   0.1650000E-02      0.1051426E-04
   0.1550000E-02      0.1117608E-04
   0.1462500E-02      0.1182609E-04
   0.1387500E-02      0.1244851E-04
   0.1312500E-02      0.1314579E-04
   0.1237500E-02      0.1392184E-04
   0.1175000E-02      0.1464276E-04
   0.1125000E-02      0.1527700E-04
   0.1075000E-02      0.1597034E-04
   0.1025000E-02      0.1673064E-04
   0.9800000E-03      0.1747913E-04
   0.9400000E-03      0.1820004E-04
   0.9000000E-03      0.1898398E-04
   0.8600000E-03      0.1983883E-04
   0.8200000E-03      0.2077641E-04
   0.7800000E-03      0.2180853E-04
   0.7400000E-03      0.2295096E-04
   0.7050000E-03      0.2405005E-04
   0.6750000E-03      0.2509005E-04
   0.6450000E-03      0.2622066E-04
   0.6150000E-03      0.2746157E-04
   0.5875000E-03      0.2870642E-04
   0.5625000E-03      0.2993945E-04
   0.5375000E-03      0.3129067E-04
   0.5125000E-03      0.3276795E-04
   0.4875000E-03      0.3439886E-04
   0.4625000E-03      0.3620704E-04
   0.4375000E-03      0.3824372E-04
   0.4125000E-03      0.4053644E-04
   0.3900000E-03      0.4282130E-04
   0.3700000E-03      0.4510616E-04
   0.3500000E-03      0.4762737E-04
   0.3300000E-03      0.5050313E-04
   0.3100000E-03      0.5369405E-04
   0.2900000E-03      0.5735769E-04
   0.2750000E-03      0.6039103E-04
   0.2625000E-03      0.6322740E-04
   0.2475000E-03      0.6700923E-04
   0.2350000E-03      0.7051530E-04
   0.2250000E-03      0.7362742E-04
   0.2150000E-03      0.7697592E-04
   0.2050000E-03      0.8079714E-04
   0.1950000E-03      0.8489412E-04
   0.1850000E-03      0.8950322E-04
   0.1750000E-03      0.9462444E-04
   0.1650000E-03      0.1004154E-03
   0.1550000E-03      0.1068760E-03
   0.1462500E-03      0.1132972E-03
   0.1387500E-03      0.1194033E-03
   0.1312500E-03      0.1262184E-03
   0.1237500E-03      0.1340579E-03
   0.1175000E-03      0.1410306E-03
   0.1125000E-03      0.1474124E-03
   0.1075000E-03      0.1542670E-03
   0.1025000E-03      0.1619094E-03
   0.9800000E-04      0.1692761E-03
   0.9400000E-04      0.1764458E-03
   0.9000000E-04      0.1843246E-03
   0.8600000E-04      0.1928731E-03
   0.8200000E-04      0.2022883E-03
   0.7800000E-04      0.2126883E-03
   0.7400000E-04      0.2241914E-03
   0.7050000E-04      0.2353005E-03
   0.6750000E-04      0.2457399E-03
   0.6450000E-04      0.2571642E-03
   0.6150000E-04      0.2697309E-03
   0.5875000E-04      0.2823370E-03
   0.5625000E-04      0.2949036E-03
   0.5375000E-04      0.3086127E-03
   0.5125000E-04      0.3236613E-03
   0.4875000E-04      0.3402856E-03
   0.4625000E-04      0.3586826E-03
   0.4375000E-04      0.3791674E-03
   0.4125000E-04      0.4022130E-03
   0.3900000E-04      0.4254555E-03
   0.3700000E-04      0.4483039E-03
   0.3500000E-04      0.4739101E-03
   0.3300000E-04      0.5026677E-03
   0.3100000E-04      0.5353648E-03
   0.2900000E-04      0.5720012E-03
   0.2750000E-04      0.6031225E-03
   0.2625000E-04      0.6318801E-03
   0.2475000E-04      0.6704863E-03
   0.2350000E-04      0.7059408E-03
   0.2250000E-04      0.7370621E-03
   0.2150000E-04      0.7713350E-03
   0.2050000E-04      0.8091531E-03
   0.1950000E-04      0.8505170E-03
   0.1850000E-04      0.8966079E-03
   0.1750000E-04      0.9478203E-03
   0.1650000E-04      0.1005335E-02
   0.1550000E-04      0.1070336E-02
   0.1462500E-04      0.1134154E-02
   0.1387500E-04      0.1195609E-02
   0.1312500E-04      0.1263760E-02
   0.1237500E-04      0.1340579E-02
   0.1175000E-04      0.1411882E-02
   0.1125000E-04      0.1474518E-02
   0.1075000E-04      0.1543064E-02
   0.1025000E-04      0.1618306E-02
   0.9800000E-05      0.1690791E-02
   0.9400001E-05      0.1758549E-02
   0.8999999E-05      0.1832610E-02
   0.8600000E-05      0.1913368E-02
   0.8200001E-05      0.2001610E-02
   0.7800000E-05      0.2098520E-02
   0.7400000E-05      0.2205671E-02
   0.7050000E-05      0.2308883E-02
   0.6750000E-05      0.2406187E-02
   0.6450000E-05      0.2511763E-02
   0.6150000E-05      0.2627581E-02
   0.5875000E-05      0.2743794E-02
   0.5625000E-05      0.2858824E-02
   0.5375000E-05      0.2984885E-02
   0.5125000E-05      0.3122370E-02
   0.4875000E-05      0.3273643E-02
   0.4625000E-05      0.3443825E-02
   0.4375000E-05      0.3638825E-02
   0.4125000E-05      0.3859433E-02
   0.3900000E-05      0.4081221E-02
   0.3700000E-05      0.4301827E-02
   0.3500000E-05      0.4550010E-02
   0.3300000E-05      0.4825768E-02
   0.3100000E-05      0.5136981E-02
   0.2900000E-05      0.5491526E-02
   0.2750000E-05      0.5786981E-02
   0.2625000E-05      0.6062740E-02
   0.2475000E-05      0.6433044E-02
   0.2350000E-05      0.6771833E-02
   0.2250000E-05      0.7075166E-02
   0.2150000E-05      0.7398197E-02
   0.2050000E-05      0.7764561E-02
   0.1950000E-05      0.8158502E-02
   0.1850000E-05      0.8603654E-02
   0.1750000E-05      0.9096080E-02
   0.1650000E-05      0.9635778E-02
   0.1550000E-05      0.1026214E-01
   0.1462500E-05      0.1086881E-01
   0.1387500E-05      0.1145184E-01
   0.1312500E-05      0.1210578E-01
   0.1237500E-05      0.1284245E-01
   0.1175000E-05      0.1352003E-01
   0.1125000E-05      0.1411882E-01
   0.1075000E-05      0.1477276E-01
   0.1025000E-05      0.1548973E-01
   0.9800000E-06      0.1619882E-01
   0.9399999E-06      0.1688034E-01
   0.9000000E-06      0.1762095E-01
   0.8600000E-06      0.1843246E-01
   0.8200000E-06      0.1932671E-01
   0.7800000E-06      0.2029974E-01
   0.7400000E-06      0.2139095E-01
   0.7050000E-06      0.2243884E-01
   0.6750000E-06      0.2342368E-01
   0.6450000E-06      0.2450308E-01
   0.6150000E-06      0.2568490E-01
   0.5875000E-06      0.2687854E-01
   0.5625000E-06      0.2804460E-01
   0.5375000E-06      0.2934461E-01
   0.5125000E-06      0.3076279E-01
   0.4875000E-06      0.3231886E-01
   0.4625000E-06      0.3406401E-01
   0.4375000E-06      0.3602977E-01
   0.4125000E-06      0.3818069E-01
   0.3900000E-06      0.4037887E-01
   0.3700000E-06      0.4254554E-01
   0.3500000E-06      0.4498797E-01
   0.3300000E-06      0.4770616E-01
   0.3100000E-06      0.5073950E-01
   0.2900000E-06      0.5424557E-01
   0.2750000E-06      0.5720012E-01
   0.2625000E-06      0.5991830E-01
   0.2475000E-06      0.1091214E-01
   0.2350000E-06      0.3323280E-04
   0.2250000E-06      0.7827592E-07
   0.2150000E-06      0.1408336E-09
   0.2050000E-06      0.1888549E-12
   0.1950000E-06      0.1833398E-15
   0.1850000E-06      0.7339106E-18
   0.1750000E-06      0.1144396E-17
   0.1650000E-06      0.4388494E-17
   0.1550000E-06      0.1831034E-16
   0.1462500E-06      0.6614257E-16
   0.1387500E-06      0.2197793E-15
   0.1312500E-06      0.7811834E-15
   0.1237500E-06      0.2994340E-14
   0.1175000E-06      0.9312747E-14
   0.1125000E-06      0.2506248E-13
   0.1075000E-06      0.7059409E-13
   0.1025000E-06      0.2089065E-12
   0.9800000E-07      0.5692437E-12
   0.9400000E-07      0.1470185E-11
   0.9000000E-07      0.3955160E-11
   0.8600000E-07      0.1114457E-10
   0.8200000E-07      0.3298462E-10
   0.7800000E-07      0.1031336E-09
   0.7400000E-07      0.3426098E-09
   0.7050000E-07      0.1003366E-08
   0.6750000E-07      0.2700460E-08
   0.6450000E-07      0.7606985E-08
   0.6150000E-07      0.2251368E-07
   0.5875000E-07      0.6275467E-07
   0.5625000E-07      0.1688822E-06
   0.5375000E-07      0.4754858E-06
   0.5125000E-07      0.1407942E-05
   0.4875000E-07      0.4400312E-05
   0.4625000E-07      0.1462306E-04
   0.4375000E-07      0.5196072E-04
   0.4125000E-07      0.1992156E-03
   0.3900000E-07      0.6949106E-03
   0.3700000E-07      0.2308883E-02
   0.3500000E-07      0.8205775E-02
   0.3300000E-07      0.3145219E-01
   0.3100000E-07      0.1313003    
   0.2900000E-07      0.6039104    
   0.2750000E-07       1.867671    
   0.2625000E-07       5.601830    
   0.2475000E-07       12.39336    
   0.2350000E-07       14.81215    
   0.2250000E-07       14.18185    
   0.2150000E-07       13.55154    
   0.2050000E-07       12.92124    
   0.1950000E-07       12.29093    
   0.1850000E-07       11.66063    
   0.1750000E-07       11.03033    
   0.1650000E-07       10.40002    
   0.1550000E-07       9.769717    
   0.1462500E-07       9.218201    
   0.1387500E-07       8.745472    
   0.1312500E-07       8.272744    
   0.1237500E-07       7.800016    
   0.1175000E-07       7.406076    
   0.1125000E-07       7.090924    
   0.1075000E-07       6.775772    
   0.1025000E-07       6.460619    
   0.9800000E-08       6.176982    
   0.9400000E-08       5.924860    
   0.9000000E-08       5.672739    
   0.8600000E-08       5.420617    
   0.8200000E-08       5.168496    
   0.7800000E-08       4.916374    
   0.7400000E-08       4.664252    
   0.7050000E-08       4.443645    
   0.6750000E-08       4.254554    
   0.6450000E-08       4.065463    
   0.6150000E-08       3.876372    
   0.5875000E-08       3.703038    
   0.5625000E-08       3.545462    
   0.5375000E-08       3.387886    
   0.5125000E-08       3.230310    
   0.4875000E-08       3.072733    
   0.4625000E-08       2.915158    
   0.4375000E-08       2.757581    
   0.4125000E-08       2.600005    
   0.3900000E-08       2.458187    
   0.3700000E-08       2.332126    
   0.3500000E-08       2.206065    
   0.3300000E-08       2.080004    
   0.3100000E-08       1.953943    
   0.2900000E-08       1.827883    
   0.2750000E-08       1.733337    
   0.2625000E-08       1.654549    
   0.2475000E-08       1.560003    
   0.2350000E-08       1.481215    
   0.2250000E-08       1.418185    
   0.2150000E-08       1.355154    
   0.2050000E-08       1.292124    
   0.1950000E-08       1.229094    
   0.1850000E-08       1.166063    
   0.1750000E-08       1.103033    
   0.1650000E-08       1.040002    
   0.1550000E-08      0.9769717    
   0.1462500E-08      0.9218201    
   0.1387500E-08      0.8745473    
   0.1312500E-08      0.8272744    
   0.1237500E-08      0.7800016    
   0.1175000E-08      0.7406076    
   0.1125000E-08      0.7090924    
   0.1075000E-08      0.6775771    
   0.1025000E-08      0.6460620    
   0.9800000E-09      0.6176983    
   0.9400000E-09      0.5924861    
   0.9000000E-09      0.5672739    
   0.8600000E-09      0.5420618    
   0.8200000E-09      0.5168496    
   0.7800000E-09      0.4916374    
   0.7400000E-09      0.4664252    
   0.7050000E-09      0.4443646    
   0.6750000E-09      0.4254555    
   0.6450000E-09      0.4065463    
   0.6150000E-09      0.3876372    
   0.5875000E-09      0.3703038    
   0.5625000E-09      0.3545462    
   0.5375000E-09      0.3387886    
   0.5125000E-09      0.3230310    
   0.4875000E-09      0.3072734    
   0.4625000E-09      0.2915157    
   0.4375000E-09      0.2757581    
   0.4125000E-09      0.2600006    
   0.3900000E-09      0.2458187    
   0.3700000E-09      0.2332126    
   0.3500000E-09      0.2206066    
   0.3300000E-09      0.2080004    
   0.3100000E-09      0.1953943    
   0.2900000E-09      0.1827883    
   0.2750000E-09      0.1733337    
   0.2625000E-09      0.1654549    
   0.2475000E-09      0.1560003    
   0.2350000E-09      0.1481215    
   0.2250000E-09      0.1418185    
   0.2150000E-09      0.1355155    
   0.2050000E-09      0.1292124    
   0.1950000E-09      0.1229094    
   0.1850000E-09      0.1166063    
   0.1750000E-09      0.1103033    
   0.1650000E-09      0.1040002    
   0.1550000E-09      0.9769716E-01
   0.1462500E-09      0.9218201E-01
   0.1387500E-09      0.8745473E-01
   0.1312500E-09      0.8272745E-01
   0.1237500E-09      0.7800017E-01
   0.1175000E-09      0.7406076E-01
   0.1125000E-09      0.7090923E-01
   0.1075000E-09      0.6775773E-01
   0.1025000E-09      0.6460620E-01
