    19.95000          0.8464926E-25
    19.85000          0.8667761E-25
    19.75000          0.8638036E-25
    19.65000          0.8898577E-25
    19.55000          0.8944040E-25
    19.45000          0.7901880E-25
    19.35000          0.8938795E-25
    19.25000          0.8926554E-25
    19.15000          0.9131140E-25
    19.05000          0.9178352E-25
    18.95000          0.9213323E-25
    18.85000          0.9694187E-25
    18.75000          0.9325232E-25
    18.65000          0.8896828E-25
    18.55000          0.8692243E-25
    18.45000          0.7587134E-25
    18.35000          0.9309495E-25
    18.25000          0.1002992E-24
    18.15000          0.1029745E-24
    18.05000          0.1002467E-24
    17.95000          0.9867296E-25
    17.85000          0.9975709E-25
    17.75000          0.9515829E-25
    17.65000          0.9867296E-25
    17.55000          0.1013483E-24
    17.45000          0.1032193E-24
    17.35000          0.1007888E-24
    17.25000          0.1036040E-24
    17.15000          0.1014707E-24
    17.05000          0.1026598E-24
    16.95000          0.1057023E-24
    16.85000          0.1007013E-24
    16.75000          0.1043909E-24
    16.65000          0.1055274E-24
    16.55000          0.1056498E-24
    16.45000          0.1022051E-24
    16.35000          0.1104060E-24
    16.25000          0.9708174E-25
    16.15000          0.1211598E-24
    16.05000          0.1099863E-24
    15.95000          0.1096541E-24
    15.85000          0.1103186E-24
    15.75000          0.1977656E-24
    15.65000          0.5772097E-24
    15.55000          0.1697007E-23
    15.45000          0.5023700E-23
    15.35000          0.1497842E-22
    15.25000          0.4497375E-22
    15.15000          0.1360404E-21
    15.05000          0.4144159E-21
    14.95000          0.1272274E-20
    14.85000          0.3934328E-20
    14.75000          0.1226461E-19
    14.65000          0.3852145E-19
    14.55000          0.1219292E-18
    14.45000          0.3890614E-18
    14.35000          0.1251466E-17
    14.25000          0.4058479E-17
    14.15000          0.1327180E-16
    14.05000          0.4376722E-16
    13.95000          0.1455702E-15
    13.85000          0.4883814E-15
    13.75000          0.1652943E-14
    13.65000          0.5644450E-14
    13.55000          0.1944433E-13
    13.45000          0.6763548E-13
    13.35000          0.2374586E-12
    13.25000          0.8412470E-12
    13.15000          0.3009324E-11
    13.05000          0.1087448E-10
    12.95000          0.3967552E-10
    12.85000          0.1462171E-09
    12.75000          0.5443363E-09
    12.65000          0.2047599E-08
    12.55000          0.3769961E-08
    12.45000          0.3901105E-08
    12.35000          0.4039244E-08
    12.25000          0.4182628E-08
    12.15000          0.4333007E-08
    12.05000          0.4488632E-08
    11.95000          0.4652999E-08
    11.85000          0.4824361E-08
    11.75000          0.5002717E-08
    11.65000          0.5189817E-08
    11.55000          0.5385658E-08
    11.45000          0.5590244E-08
    11.35000          0.5805320E-08
    11.25000          0.6030888E-08
    11.15000          0.6266948E-08
    11.05000          0.6513500E-08
    10.95000          0.6772290E-08
    10.85000          0.7045072E-08
    10.75000          0.7331840E-08
    10.65000          0.7630849E-08
    10.55000          0.7947343E-08
    10.45000          0.8279576E-08
    10.35000          0.8627545E-08
    10.25000          0.8996498E-08
    10.15000          0.9382936E-08
    10.05000          0.9790358E-08
    9.950000          0.1013133E-07
    9.850000          0.1039537E-07
    9.750000          0.1066990E-07
    9.650000          0.1095317E-07
    9.550000          0.1124868E-07
    9.450000          0.1155469E-07
    9.350000          0.1187293E-07
    9.250000          0.1220341E-07
    9.150000          0.1254614E-07
    9.050000          0.1290285E-07
    8.950000          0.1327355E-07
    8.850000          0.1365999E-07
    8.750000          0.1406217E-07
    8.650000          0.1448008E-07
    8.550000          0.1491548E-07
    8.450000          0.1537011E-07
    8.350000          0.1584398E-07
    8.250000          0.1633883E-07
    8.150000          0.1685466E-07
    8.050000          0.1739498E-07
    7.950000          0.1794054E-07
    7.850000          0.1846511E-07
    7.750000          0.1898969E-07
    7.650000          0.1953175E-07
    7.550000          0.2009130E-07
    7.450000          0.2068582E-07
    7.350000          0.2129783E-07
    7.250000          0.2194481E-07
    7.150000          0.2260928E-07
    7.050000          0.2330871E-07
    6.950000          0.2404312E-07
    6.850000          0.2481250E-07
    6.750000          0.2561685E-07
    6.650000          0.2645618E-07
    6.550000          0.2734796E-07
    6.450000          0.2827471E-07
    6.350000          0.2921895E-07
    6.250000          0.2995336E-07
    6.150000          0.3046045E-07
    6.050000          0.3098502E-07
    5.950000          0.3152708E-07
    5.850000          0.3208664E-07
    5.750000          0.3266367E-07
    5.650000          0.3325819E-07
    5.550000          0.3388768E-07
    5.450000          0.3453466E-07
    5.350000          0.3521661E-07
    5.250000          0.3589856E-07
    5.150000          0.3663297E-07
    5.050000          0.3738486E-07
    4.950000          0.3815424E-07
    4.850000          0.3894111E-07
    4.750000          0.3976294E-07
    4.650000          0.4061976E-07
    4.550000          0.4151154E-07
    4.450000          0.4243829E-07
    4.350000          0.4341750E-07
    4.250000          0.4443169E-07
    4.150000          0.4551581E-07
    4.050000          0.4663491E-07
    3.950000          0.4766657E-07
    3.850000          0.4857585E-07
    3.750000          0.4950259E-07
    3.650000          0.5046432E-07
    3.550000          0.5146102E-07
    3.450000          0.5251017E-07
    3.350000          0.5362927E-07
    3.250000          0.5478334E-07
    3.150000          0.5602483E-07
    3.050000          0.5735376E-07
    2.950000          0.5877012E-07
    2.850000          0.6025643E-07
    2.750000          0.6184764E-07
    2.650000          0.6354377E-07
    2.550000          0.6534484E-07
    2.450000          0.6705844E-07
    2.350000          0.6870211E-07
    2.250000          0.7045071E-07
    2.150000          0.7233919E-07
    2.050000          0.7436756E-07
    1.950000          0.7641341E-07
    1.850000          0.7844176E-07
    1.750000          0.8061002E-07
    1.650000          0.8298811E-07
    1.550000          0.8524378E-07
    1.450000          0.8725467E-07
    1.350000          0.8937046E-07
    1.250000          0.9181848E-07
    1.150000          0.9475612E-07
    1.050000          0.9816586E-07
   0.9800000          0.1007538E-06
   0.9400000          0.1023100E-06
   0.9000000          0.1039362E-06
   0.8600000          0.1056673E-06
   0.8200000          0.1075208E-06
   0.7800000          0.1094792E-06
   0.7400000          0.1115601E-06
   0.7050000          0.1134835E-06
   0.6750000          0.1152671E-06
   0.6450000          0.1171381E-06
   0.6150000          0.1191315E-06
   0.5875000          0.1210724E-06
   0.5625000          0.1229609E-06
   0.5375000          0.1249543E-06
   0.5125000          0.1270701E-06
   0.4875000          0.1294306E-06
   0.4625000          0.1320186E-06
   0.4375000          0.1348163E-06
   0.4125000          0.1378414E-06
   0.3900000          0.1407266E-06
   0.3700000          0.1433844E-06
   0.3500000          0.1462346E-06
   0.3300000          0.1493122E-06
   0.3100000          0.1529492E-06
   0.2900000          0.1572682E-06
   0.2750000          0.1608353E-06
   0.2625000          0.1640528E-06
   0.2475000          0.1684417E-06
   0.2350000          0.1726383E-06
   0.2250000          0.1762579E-06
   0.2150000          0.1802797E-06
   0.2050000          0.1844763E-06
   0.1950000          0.1891975E-06
   0.1850000          0.1942684E-06
   0.1750000          0.1996890E-06
   0.1650000          0.2058091E-06
   0.1550000          0.2124537E-06
   0.1462500          0.2187486E-06
   0.1387500          0.2246939E-06
   0.1312500          0.2311637E-06
   0.1237500          0.2392071E-06
   0.1175000          0.2474256E-06
   0.1125000          0.2549445E-06
   0.1075000          0.2629880E-06
   0.1025000          0.2717309E-06
   0.9800000E-01      0.2802991E-06
   0.9400000E-01      0.2888671E-06
   0.9000000E-01      0.2979598E-06
   0.8600000E-01      0.3079268E-06
   0.8200000E-01      0.3185932E-06
   0.7799999E-01      0.3296093E-06
   0.7400000E-01      0.3408003E-06
   0.7050000E-01      0.3514667E-06
   0.6750000E-01      0.3612588E-06
   0.6450000E-01      0.3717504E-06
   0.6150000E-01      0.3838156E-06
   0.5875000E-01      0.3964055E-06
   0.5625000E-01      0.4086456E-06
   0.5375000E-01      0.4219348E-06
   0.5125000E-01      0.4362733E-06
   0.4875000E-01      0.4520106E-06
   0.4625000E-01      0.4694965E-06
   0.4375000E-01      0.4885562E-06
   0.4125000E-01      0.5097141E-06
   0.3900000E-01      0.5268503E-06
   0.3700000E-01      0.5389155E-06
   0.3500000E-01      0.5515054E-06
   0.3300000E-01      0.5653193E-06
   0.3100000E-01      0.5857778E-06
   0.2900000E-01      0.6158535E-06
   0.2750000E-01      0.6419075E-06
   0.2625000E-01      0.6658633E-06
   0.2475000E-01      0.6980374E-06
   0.2350000E-01      0.7279382E-06
   0.2250000E-01      0.7543420E-06
   0.2150000E-01      0.7828438E-06
   0.2050000E-01      0.8139689E-06
   0.1950000E-01      0.8484161E-06
   0.1850000E-01      0.8868851E-06
   0.1750000E-01      0.9293759E-06
   0.1650000E-01      0.9765877E-06
   0.1550000E-01      0.1030095E-05
   0.1462500E-01      0.1083077E-05
   0.1387500E-01      0.1133611E-05
   0.1312500E-01      0.1189741E-05
   0.1237500E-01      0.1254963E-05
   0.1175000E-01      0.1318087E-05
   0.1125000E-01      0.1374392E-05
   0.1075000E-01      0.1435768E-05
   0.1025000E-01      0.1503088E-05
   0.9800000E-02      0.1568311E-05
   0.9400001E-02      0.1631085E-05
   0.9000000E-02      0.1699105E-05
   0.8600000E-02      0.1773071E-05
   0.8200000E-02      0.1853506E-05
   0.7800000E-02      0.1942684E-05
   0.7400000E-02      0.2042354E-05
   0.7050000E-02      0.2136778E-05
   0.6750000E-02      0.2225956E-05
   0.6450000E-02      0.2323877E-05
   0.6150000E-02      0.2430541E-05
   0.5875000E-02      0.2535456E-05
   0.5625000E-02      0.2642120E-05
   0.5375000E-02      0.2757527E-05
   0.5125000E-02      0.2883426E-05
   0.4875000E-02      0.3021564E-05
   0.4625000E-02      0.3177189E-05
   0.4375000E-02      0.3348551E-05
   0.4125000E-02      0.3544392E-05
   0.3900000E-02      0.3738487E-05
   0.3700000E-02      0.3932580E-05
   0.3500000E-02      0.4147656E-05
   0.3300000E-02      0.4388962E-05
   0.3100000E-02      0.4658245E-05
   0.2900000E-02      0.4965997E-05
   0.2750000E-02      0.5224789E-05
   0.2625000E-02      0.5462597E-05
   0.2475000E-02      0.5780840E-05
   0.2350000E-02      0.6072854E-05
   0.2250000E-02      0.6331646E-05
   0.2150000E-02      0.6614918E-05
   0.2050000E-02      0.6927915E-05
   0.1950000E-02      0.7274135E-05
   0.1850000E-02      0.7655330E-05
   0.1750000E-02      0.8081985E-05
   0.1650000E-02      0.8559350E-05
   0.1550000E-02      0.9097916E-05
   0.1462500E-02      0.9625991E-05
   0.1387500E-02      0.1013308E-04
   0.1312500E-02      0.1069613E-04
   0.1237500E-02      0.1132737E-04
   0.1175000E-02      0.1191315E-04
   0.1125000E-02      0.1242723E-04
   0.1075000E-02      0.1299028E-04
   0.1025000E-02      0.1360753E-04
   0.9800000E-03      0.1421254E-04
   0.9400000E-03      0.1479482E-04
   0.9000000E-03      0.1543131E-04
   0.8600000E-03      0.1612201E-04
   0.8200000E-03      0.1688089E-04
   0.7800000E-03      0.1771322E-04
   0.7400000E-03      0.1863997E-04
   0.7050000E-03      0.1953175E-04
   0.6750000E-03      0.2037108E-04
   0.6450000E-03      0.2128035E-04
   0.6150000E-03      0.2227704E-04
   0.5875000E-03      0.2329122E-04
   0.5625000E-03      0.2428792E-04
   0.5375000E-03      0.2537205E-04
   0.5125000E-03      0.2657857E-04
   0.4875000E-03      0.2789002E-04
   0.4625000E-03      0.2934135E-04
   0.4375000E-03      0.3098502E-04
   0.4125000E-03      0.3283853E-04
   0.3900000E-03      0.3469204E-04
   0.3700000E-03      0.3654555E-04
   0.3500000E-03      0.3859139E-04
   0.3300000E-03      0.4089953E-04
   0.3100000E-03      0.4348745E-04
   0.2900000E-03      0.4644256E-04
   0.2750000E-03      0.4890807E-04
   0.2625000E-03      0.5121621E-04
   0.2475000E-03      0.5425876E-04
   0.2350000E-03      0.5709149E-04
   0.2250000E-03      0.5959197E-04
   0.2150000E-03      0.6231977E-04
   0.2050000E-03      0.6534482E-04
   0.1950000E-03      0.6870211E-04
   0.1850000E-03      0.7242661E-04
   0.1750000E-03      0.7655329E-04
   0.1650000E-03      0.8120455E-04
   0.1550000E-03      0.8645030E-04
   0.1462500E-03      0.9160865E-04
   0.1387500E-03      0.9655717E-04
   0.1312500E-03      0.1020827E-03
   0.1237500E-03      0.1082727E-03
   0.1175000E-03      0.1140081E-03
   0.1125000E-03      0.1190790E-03
   0.1075000E-03      0.1246220E-03
   0.1025000E-03      0.1307071E-03
   0.9800000E-04      0.1365999E-03
   0.9400000E-04      0.1425451E-03
   0.9000000E-04      0.1488225E-03
   0.8600000E-04      0.1557294E-03
   0.8200000E-04      0.1632484E-03
   0.7800000E-04      0.1716416E-03
   0.7400000E-04      0.1808042E-03
   0.7050000E-04      0.1898969E-03
   0.6750000E-04      0.1982901E-03
   0.6450000E-04      0.2075577E-03
   0.6150000E-04      0.2175247E-03
   0.5875000E-04      0.2274916E-03
   0.5625000E-04      0.2378083E-03
   0.5375000E-04      0.2488244E-03
   0.5125000E-04      0.2607148E-03
   0.4875000E-04      0.2741790E-03
   0.4625000E-04      0.2890420E-03
   0.4375000E-04      0.3053039E-03
   0.4125000E-04      0.3240138E-03
   0.3900000E-04      0.3425489E-03
   0.3700000E-04      0.3610839E-03
   0.3500000E-04      0.3815425E-03
   0.3300000E-04      0.4046238E-03
   0.3100000E-04      0.4308527E-03
   0.2900000E-04      0.4604039E-03
   0.2750000E-04      0.4854087E-03
   0.2625000E-04      0.5083152E-03
   0.2475000E-04      0.5392653E-03
   0.2350000E-04      0.5677674E-03
   0.2250000E-04      0.5931219E-03
   0.2150000E-04      0.6202250E-03
   0.2050000E-04      0.6503008E-03
   0.1950000E-04      0.6835241E-03
   0.1850000E-04      0.7207690E-03
   0.1750000E-04      0.7615110E-03
   0.1650000E-04      0.8080237E-03
   0.1550000E-04      0.8599568E-03
   0.1462500E-04      0.9110156E-03
   0.1387500E-04      0.9601510E-03
   0.1312500E-04      0.1014882E-02
   0.1237500E-04      0.1075908E-02
   0.1175000E-04      0.1133611E-02
   0.1125000E-04      0.1184495E-02
   0.1075000E-04      0.1237652E-02
   0.1025000E-04      0.1298154E-02
   0.9800000E-05      0.1356382E-02
   0.9400001E-05      0.1410588E-02
   0.8999999E-05      0.1469515E-02
   0.8600000E-05      0.1533689E-02
   0.8200001E-05      0.1603982E-02
   0.7800000E-05      0.1681095E-02
   0.7400000E-05      0.1766076E-02
   0.7050000E-05      0.1848260E-02
   0.6750000E-05      0.1925198E-02
   0.6450000E-05      0.2010879E-02
   0.6150000E-05      0.2101806E-02
   0.5875000E-05      0.2194481E-02
   0.5625000E-05      0.2285408E-02
   0.5375000E-05      0.2386826E-02
   0.5125000E-05      0.2495239E-02
   0.4875000E-05      0.2615891E-02
   0.4625000E-05      0.2750532E-02
   0.4375000E-05      0.2904409E-02
   0.4125000E-05      0.3082765E-02
   0.3900000E-05      0.3255875E-02
   0.3700000E-05      0.3439478E-02
   0.3500000E-05      0.3631822E-02
   0.3300000E-05      0.3850396E-02
   0.3100000E-05      0.4100445E-02
   0.2900000E-05      0.4378471E-02
   0.2750000E-05      0.4614530E-02
   0.2625000E-05      0.4838350E-02
   0.2475000E-05      0.5130365E-02
   0.2350000E-05      0.5408390E-02
   0.2250000E-05      0.5642700E-02
   0.2150000E-05      0.5904990E-02
   0.2050000E-05      0.6191758E-02
   0.1950000E-05      0.6506504E-02
   0.1850000E-05      0.6857972E-02
   0.1750000E-05      0.7247908E-02
   0.1650000E-05      0.7685055E-02
   0.1550000E-05      0.8178157E-02
   0.1462500E-05      0.8664265E-02
   0.1387500E-05      0.9127643E-02
   0.1312500E-05      0.9645225E-02
   0.1237500E-05      0.1023275E-01
   0.1175000E-05      0.1076957E-01
   0.1125000E-05      0.1124169E-01
   0.1075000E-05      0.1176801E-01
   0.1025000E-05      0.1233456E-01
   0.9800000E-06      0.1289760E-01
   0.9399999E-06      0.1343967E-01
   0.9000000E-06      0.1403419E-01
   0.8600000E-06      0.1467417E-01
   0.8200000E-06      0.1538410E-01
   0.7800000E-06      0.1616397E-01
   0.7400000E-06      0.1702777E-01
   0.7050000E-06      0.1785311E-01
   0.6750000E-06      0.1863997E-01
   0.6450000E-06      0.1949678E-01
   0.6150000E-06      0.2044102E-01
   0.5875000E-06      0.2138526E-01
   0.5625000E-06      0.2232950E-01
   0.5375000E-06      0.2334368E-01
   0.5125000E-06      0.2448027E-01
   0.4875000E-06      0.2572176E-01
   0.4625000E-06      0.2710315E-01
   0.4375000E-06      0.2865940E-01
   0.4125000E-06      0.3037302E-01
   0.3900000E-06      0.3213909E-01
   0.3700000E-06      0.3385271E-01
   0.3500000E-06      0.3579364E-01
   0.3300000E-06      0.3796190E-01
   0.3100000E-06      0.4037495E-01
   0.2900000E-06      0.4313773E-01
   0.2750000E-06      0.4551581E-01
   0.2625000E-06      0.4764909E-01
   0.2475000E-06      0.5051678E-01
   0.2350000E-06      0.5320961E-01
   0.2250000E-06      0.5557020E-01
   0.2150000E-06      0.5815811E-01
   0.2050000E-06      0.6099084E-01
   0.1950000E-06      0.6412081E-01
   0.1850000E-06      0.6990864E-01
   0.1750000E-06      0.7987561E-01
   0.1650000E-06      0.9276272E-01
   0.1550000E-06      0.1087623    
   0.1462500E-06      0.1259860    
   0.1387500E-06      0.1440314    
   0.1312500E-06      0.1658888    
   0.1237500E-06      0.1926946    
   0.1175000E-06      0.2196230    
   0.1125000E-06      0.2453272    
   0.1075000E-06      0.2754030    
   0.1025000E-06      0.3107245    
   0.9800000E-07      0.3483192    
   0.9400000E-07      0.3871379    
   0.9000000E-07      0.4324264    
   0.8600000E-07      0.4854088    
   0.8200000E-07      0.5478334    
   0.7800000E-07      0.6221485    
   0.7400000E-07      0.7113265    
   0.7050000E-07      0.8041767    
   0.6750000E-07      0.8980760    
   0.6450000E-07       1.008062    
   0.6150000E-07       1.137808    
   0.5875000E-07       1.277870    
   0.5625000E-07       1.427199    
   0.5375000E-07       1.602058    
   0.5125000E-07       1.808043    
   0.4875000E-07       2.052845    
   0.4625000E-07       2.346608    
   0.4375000E-07       2.703321    
   0.4125000E-07       3.140468    
   0.3900000E-07       3.619582    
   0.3700000E-07       4.137165    
   0.3500000E-07       4.766657    
   0.3300000E-07       5.536037    
   0.3100000E-07       6.489019    
   0.2900000E-07       7.688552    
   0.2750000E-07       8.788415    
   0.2625000E-07       9.898770    
   0.2475000E-07       10.69263    
   0.2350000E-07       10.51952    
   0.2250000E-07       10.07188    
   0.2150000E-07       9.624242    
   0.2050000E-07       9.176603    
   0.1950000E-07       8.728963    
   0.1850000E-07       8.281324    
   0.1750000E-07       7.833685    
   0.1650000E-07       7.386046    
   0.1550000E-07       6.938407    
   0.1462500E-07       6.546722    
   0.1387500E-07       6.210993    
   0.1312500E-07       5.875264    
   0.1237500E-07       5.539535    
   0.1175000E-07       5.259760    
   0.1125000E-07       5.035941    
   0.1075000E-07       4.812121    
   0.1025000E-07       4.588302    
   0.9800000E-08       4.387213    
   0.9400000E-08       4.207108    
   0.9000000E-08       4.028753    
   0.8600000E-08       3.850396    
   0.8200000E-08       3.670291    
   0.7800000E-08       3.491935    
   0.7400000E-08       3.311831    
   0.7050000E-08       3.156205    
   0.6750000E-08       3.021564    
   0.6450000E-08       2.886923    
   0.6150000E-08       2.752281    
   0.5875000E-08       2.629880    
   0.5625000E-08       2.517970    
   0.5375000E-08       2.406060    
   0.5125000E-08       2.294151    
   0.4875000E-08       2.182241    
   0.4625000E-08       2.070331    
   0.4375000E-08       1.958421    
   0.4125000E-08       1.846512    
   0.3900000E-08       1.745793    
   0.3700000E-08       1.656265    
   0.3500000E-08       1.566737    
   0.3300000E-08       1.477209    
   0.3100000E-08       1.387681    
   0.2900000E-08       1.298153    
   0.2750000E-08       1.231008    
   0.2625000E-08       1.175053    
   0.2475000E-08       1.107907    
   0.2350000E-08       1.051952    
   0.2250000E-08       1.007188    
   0.2150000E-08      0.9624243    
   0.2050000E-08      0.9176602    
   0.1950000E-08      0.8728964    
   0.1850000E-08      0.8281324    
   0.1750000E-08      0.7833685    
   0.1650000E-08      0.7386045    
   0.1550000E-08      0.6938406    
   0.1462500E-08      0.6546723    
   0.1387500E-08      0.6210993    
   0.1312500E-08      0.5875264    
   0.1237500E-08      0.5539534    
   0.1175000E-08      0.5259760    
   0.1125000E-08      0.5035941    
   0.1075000E-08      0.4812121    
   0.1025000E-08      0.4588301    
   0.9800000E-09      0.4387213    
   0.9400000E-09      0.4207108    
   0.9000000E-09      0.4028752    
   0.8600000E-09      0.3850396    
   0.8200000E-09      0.3670291    
   0.7800000E-09      0.3491935    
   0.7400000E-09      0.3311830    
   0.7050000E-09      0.3156206    
   0.6750000E-09      0.3021564    
   0.6450000E-09      0.2886923    
   0.6150000E-09      0.2752281    
   0.5875000E-09      0.2629880    
   0.5625000E-09      0.2517971    
   0.5375000E-09      0.2406061    
   0.5125000E-09      0.2294150    
   0.4875000E-09      0.2182241    
   0.4625000E-09      0.2070331    
   0.4375000E-09      0.1958421    
   0.4125000E-09      0.1846511    
   0.3900000E-09      0.1745793    
   0.3700000E-09      0.1656265    
   0.3500000E-09      0.1566737    
   0.3300000E-09      0.1477209    
   0.3100000E-09      0.1387681    
   0.2900000E-09      0.1298154    
   0.2750000E-09      0.1231008    
   0.2625000E-09      0.1175053    
   0.2475000E-09      0.1107907    
   0.2350000E-09      0.1051952    
   0.2250000E-09      0.1007188    
   0.2150000E-09      0.9624241E-01
   0.2050000E-09      0.9176602E-01
   0.1950000E-09      0.8728963E-01
   0.1850000E-09      0.8281324E-01
   0.1750000E-09      0.7833685E-01
   0.1650000E-09      0.7386046E-01
   0.1550000E-09      0.6938406E-01
   0.1462500E-09      0.6546722E-01
   0.1387500E-09      0.6210992E-01
   0.1312500E-09      0.5875264E-01
   0.1237500E-09      0.5539534E-01
   0.1175000E-09      0.5259760E-01
   0.1125000E-09      0.5035940E-01
   0.1075000E-09      0.4812121E-01
   0.1025000E-09      0.4588301E-01
