   0.1025000E-09      0.5109759E-01
   0.1075000E-09      0.5357937E-01
   0.1125000E-09      0.5606115E-01
   0.1175000E-09      0.5854294E-01
   0.1237500E-09      0.6163667E-01
   0.1312500E-09      0.6534235E-01
   0.1387500E-09      0.6904803E-01
   0.1462500E-09      0.7278770E-01
   0.1550000E-09      0.7710534E-01
   0.1650000E-09      0.8203492E-01
   0.1750000E-09      0.8699849E-01
   0.1850000E-09      0.9192806E-01
   0.1950000E-09      0.9685764E-01
   0.2050000E-09      0.1017872    
   0.2150000E-09      0.1066828    
   0.2250000E-09      0.1116123    
   0.2350000E-09      0.1165419    
   0.2475000E-09      0.1226614    
   0.2625000E-09      0.1300048    
   0.2750000E-09      0.1361582    
   0.2900000E-09      0.1435016    
   0.3100000E-09      0.1532588    
   0.3300000E-09      0.1630159    
   0.3500000E-09      0.1727731    
   0.3700000E-09      0.1824962    
   0.3900000E-09      0.1921854    
   0.4125000E-09      0.2030985    
   0.4375000E-09      0.2152014    
   0.4625000E-09      0.2272704    
   0.4875000E-09      0.2393393    
   0.5125000E-09      0.2513403    
   0.5375000E-09      0.2633412    
   0.5625000E-09      0.2753422    
   0.5875000E-09      0.2872752    
   0.6150000E-09      0.3003980    
   0.6450000E-09      0.3146769    
   0.6750000E-09      0.3289216    
   0.7050000E-09      0.3430303    
   0.7400000E-09      0.3596889    
   0.7800000E-09      0.3783873    
   0.8200000E-09      0.3974257    
   0.8600000E-09      0.4161240    
   0.9000000E-09      0.4348224    
   0.9400000E-09      0.4531808    
   0.9800000E-09      0.4718792    
   0.1025000E-08      0.4926174    
   0.1075000E-08      0.5157354    
   0.1125000E-08      0.5385135    
   0.1175000E-08      0.5612915    
   0.1237500E-08      0.5898490    
   0.1312500E-08      0.6235061    
   0.1387500E-08      0.6571631    
   0.1462500E-08      0.6908203    
   0.1550000E-08      0.7295769    
   0.1650000E-08      0.7734331    
   0.1750000E-08      0.8172894    
   0.1850000E-08      0.8604655    
   0.1950000E-08      0.9033020    
   0.2050000E-08      0.9461383    
   0.2150000E-08      0.9882945    
   0.2250000E-08       1.030111    
   0.2350000E-08       1.071587    
   0.2475000E-08       1.122923    
   0.2625000E-08       1.184118    
   0.2750000E-08       1.234433    
   0.2900000E-08       1.293928    
   0.3100000E-08       1.372121    
   0.3300000E-08       1.449295    
   0.3500000E-08       1.525108    
   0.3700000E-08       1.599222    
   0.3900000E-08       1.672655    
   0.4125000E-08       1.753229    
   0.4375000E-08       1.841281    
   0.4625000E-08       1.927294    
   0.4875000E-08       2.011266    
   0.5125000E-08       2.093539    
   0.5375000E-08       2.174112    
   0.5625000E-08       2.252645    
   0.5875000E-08       2.329479    
   0.6150000E-08       2.412091    
   0.6450000E-08       2.499804    
   0.6750000E-08       2.585136    
   0.7050000E-08       2.667749    
   0.7400000E-08       2.761241    
   0.7800000E-08       2.864593    
   0.8200000E-08       2.963864    
   0.8600000E-08       3.059056    
   0.9000000E-08       3.150508    
   0.9400000E-08       3.238220    
   0.9800000E-08       3.322193    
   0.1025000E-07       3.413305    
   0.1075000E-07       3.508497    
   0.1125000E-07       3.596889    
   0.1175000E-07       3.681882    
   0.1237500E-07       3.780473    
   0.1312500E-07       3.892664    
   0.1387500E-07       3.991255    
   0.1462500E-07       4.079647    
   0.1550000E-07       4.174839    
   0.1650000E-07       4.266632    
   0.1750000E-07       4.344824    
   0.1850000E-07       4.412819    
   0.1950000E-07       4.467214    
   0.2050000E-07       4.508010    
   0.2150000E-07       4.542007    
   0.2250000E-07       4.562406    
   0.2350000E-07       4.576004    
   0.2475000E-07       4.582804    
   0.2625000E-07       4.576005    
   0.2750000E-07       4.559006    
   0.2900000E-07       4.525009    
   0.3100000E-07       4.463815    
   0.3300000E-07       4.389020    
   0.3500000E-07       4.297228    
   0.3700000E-07       4.195238    
   0.3900000E-07       4.083047    
   0.4125000E-07       3.950459    
   0.4375000E-07       3.797472    
   0.4625000E-07       3.637686    
   0.4875000E-07       3.474499    
   0.5125000E-07       3.315733    
   0.5375000E-07       3.163086    
   0.5625000E-07       3.026078    
   0.5875000E-07       2.900970    
   0.6150000E-07       2.774841    
   0.6450000E-07       2.649051    
   0.6750000E-07       2.535161    
   0.7050000E-07       2.431130    
   0.7400000E-07       2.319619    
   0.7800000E-07       2.203690    
   0.8200000E-07       2.098639    
   0.8600000E-07       2.003107    
   0.9000000E-07       1.916074    
   0.9400000E-07       1.835841    
   0.9800000E-07       1.762068    
   0.1025000E-06       1.663476    
   0.1075000E-06       1.545846    
   0.1125000E-06       1.441135    
   0.1175000E-06       1.347983    
   0.1237500E-06       1.244632    
   0.1312500E-06       1.136522    
   0.1387500E-06       1.043030    
   0.1462500E-06      0.9614369    
   0.1550000E-06      0.8791639    
   0.1650000E-06      0.7982510    
   0.1750000E-06      0.7288969    
   0.1850000E-06      0.6687222    
   0.1950000E-06      0.6167067    
   0.2050000E-06      0.5504124    
   0.2150000E-06      0.4762988    
   0.2250000E-06      0.4137443    
   0.2350000E-06      0.3593489    
   0.2475000E-06      0.3019619    
   0.2625000E-06      0.2385574    
   0.2750000E-06      0.1906215    
   0.2900000E-06      0.1481252    
   0.3100000E-06      0.1146721    
   0.3300000E-06      0.9440985E-01
   0.3500000E-06      0.7866920E-01
   0.3700000E-06      0.6697421E-01
   0.3900000E-06      0.5799899E-01
   0.4125000E-06      0.5007768E-01
   0.4375000E-06      0.4307427E-01
   0.4625000E-06      0.3743077E-01
   0.4875000E-06      0.3276977E-01
   0.5125000E-06      0.2981202E-01
   0.5375000E-06      0.2811897E-01
   0.5625000E-06      0.2660610E-01
   0.5875000E-06      0.2524282E-01
   0.6150000E-06      0.2389314E-01
   0.6450000E-06      0.2256725E-01
   0.6750000E-06      0.2137395E-01
   0.7050000E-06      0.2040164E-01
   0.7400000E-06      0.1955851E-01
   0.7800000E-06      0.1873238E-01
   0.8200000E-06      0.1798445E-01
   0.8600000E-06      0.1730110E-01
   0.9000000E-06      0.1667556E-01
   0.9399999E-06      0.1610101E-01
   0.9800000E-06      0.1556725E-01
   0.1025000E-05      0.1504710E-01
   0.1075000E-05      0.1453714E-01
   0.1125000E-05      0.1407138E-01
   0.1175000E-05      0.1364642E-01
   0.1237500E-05      0.1315006E-01
   0.1312500E-05      0.1260951E-01
   0.1387500E-05      0.1212335E-01
   0.1462500E-05      0.1168479E-01
   0.1550000E-05      0.1122243E-01
   0.1650000E-05      0.1073967E-01
   0.1750000E-05      0.1031131E-01
   0.1850000E-05      0.9927142E-02
   0.1950000E-05      0.9580372E-02
   0.2050000E-05      0.9175807E-02
   0.2150000E-05      0.8730445E-02
   0.2250000E-05      0.8332680E-02
   0.2350000E-05      0.7979111E-02
   0.2475000E-05      0.7564347E-02
   0.2625000E-05      0.7132583E-02
   0.2750000E-05      0.6823211E-02
   0.2900000E-05      0.6500238E-02
   0.3100000E-05      0.6116071E-02
   0.3300000E-05      0.5793099E-02
   0.3500000E-05      0.5531322E-02
   0.3700000E-05      0.5327339E-02
   0.3900000E-05      0.5157354E-02
   0.4125000E-05      0.4977170E-02
   0.4375000E-05      0.4739191E-02
   0.4625000E-05      0.4467214E-02
   0.4875000E-05      0.4222435E-02
   0.5125000E-05      0.3998055E-02
   0.5375000E-05      0.3787273E-02
   0.5625000E-05      0.3566291E-02
   0.5875000E-05      0.3310634E-02
   0.6150000E-05      0.3057016E-02
   0.6450000E-05      0.2820396E-02
   0.6750000E-05      0.2610635E-02
   0.7050000E-05      0.2425011E-02
   0.7400000E-05      0.2251285E-02
   0.7800000E-05      0.2087760E-02
   0.8200001E-05      0.1948372E-02
   0.8600000E-05      0.1824282E-02
   0.8999999E-05      0.1717192E-02
   0.9400001E-05      0.1622340E-02
   0.9800000E-05      0.1538367E-02
   0.1025000E-04      0.1457794E-02
   0.1075000E-04      0.1381301E-02
   0.1125000E-04      0.1311607E-02
   0.1175000E-04      0.1248712E-02
   0.1237500E-04      0.1179358E-02
   0.1312500E-04      0.1105924E-02
   0.1387500E-04      0.1040990E-02
   0.1462500E-04      0.9828551E-03
   0.1550000E-04      0.9230202E-03
   0.1650000E-04      0.8631854E-03
   0.1750000E-04      0.8101499E-03
   0.1850000E-04      0.7632340E-03
   0.1950000E-04      0.7214177E-03
   0.2050000E-04      0.6836809E-03
   0.2150000E-04      0.6490039E-03
   0.2250000E-04      0.6177267E-03
   0.2350000E-04      0.5891691E-03
   0.2475000E-04      0.5572119E-03
   0.2625000E-04      0.5228748E-03
   0.2750000E-04      0.4970371E-03
   0.2900000E-04      0.4694994E-03
   0.3100000E-04      0.4368622E-03
   0.3300000E-04      0.4089847E-03
   0.3500000E-04      0.3841668E-03
   0.3700000E-04      0.3620687E-03
   0.3900000E-04      0.3423504E-03
   0.4125000E-04      0.3235161E-03
   0.4375000E-04      0.3040357E-03
   0.4625000E-04      0.2868332E-03
   0.4875000E-04      0.2717385E-03
   0.5125000E-04      0.2591256E-03
   0.5375000E-04      0.2683048E-03
   0.5625000E-04      0.2822096E-03
   0.5875000E-04      0.2686788E-03
   0.6150000E-04      0.2552500E-03
   0.6450000E-04      0.2416851E-03
   0.6750000E-04      0.2271004E-03
   0.7050000E-04      0.1921514E-03
   0.7400000E-04      0.1815103E-03
   0.7800000E-04      0.1710732E-03
   0.8200000E-04      0.1619620E-03
   0.8600000E-04      0.1535307E-03
   0.9000000E-04      0.1396259E-03
   0.9400000E-04      0.1334725E-03
   0.9800000E-04      0.1295968E-03
   0.1025000E-03      0.1230694E-03
   0.1075000E-03      0.1163719E-03
   0.1125000E-03      0.1102525E-03
   0.1175000E-03      0.1048469E-03
   0.1237500E-03      0.9896544E-04
   0.1312500E-03      0.9274399E-04
   0.1387500E-03      0.8727045E-04
   0.1462500E-03      0.8244288E-04
   0.1550000E-03      0.7775128E-04
   0.1650000E-03      0.7384161E-04
   0.1750000E-03      0.7098587E-04
   0.1850000E-03      0.6762015E-04
   0.1950000E-03      0.6228263E-04
   0.2050000E-03      0.5997081E-04
   0.2150000E-03      0.5793099E-04
   0.2250000E-03      0.5694507E-04
   0.2350000E-03      0.5708107E-04
   0.2475000E-03      0.5493925E-04
   0.2625000E-03      0.5354537E-04
   0.2750000E-03      0.5116558E-04
   0.2900000E-03      0.4864979E-04
   0.3100000E-03      0.4559006E-04
   0.3300000E-03      0.4324426E-04
   0.3500000E-03      0.4069449E-04
   0.3700000E-03      0.3885864E-04
   0.3900000E-03      0.3695480E-04
   0.4125000E-03      0.3515297E-04
   0.4375000E-03      0.3343271E-04
   0.4625000E-03      0.3163427E-04
   0.4875000E-03      0.3023019E-04
   0.5125000E-03      0.2878191E-04
   0.5375000E-03      0.2764981E-04
   0.5625000E-03      0.2648711E-04
   0.5875000E-03      0.2548420E-04
   0.6150000E-03      0.2439969E-04
   0.6450000E-03      0.2337298E-04
   0.6750000E-03      0.2235987E-04
   0.7050000E-03      0.2150654E-04
   0.7400000E-03      0.2070421E-04
   0.7800000E-03      0.1988828E-04
   0.8200000E-03      0.1909615E-04
   0.8600000E-03      0.1841961E-04
   0.9000000E-03      0.1779406E-04
   0.9400000E-03      0.1717872E-04
   0.9800000E-03      0.1665516E-04
   0.1025000E-02      0.1606361E-04
   0.1075000E-02      0.1541087E-04
   0.1125000E-02      0.1479552E-04
   0.1175000E-02      0.1425837E-04
   0.1237500E-02      0.1345604E-04
   0.1312500E-02      0.1280669E-04
   0.1387500E-02      0.1220835E-04
   0.1462500E-02      0.1164739E-04
   0.1550000E-02      0.1106264E-04
   0.1650000E-02      0.1061388E-04
   0.1750000E-02      0.1008353E-04
   0.1850000E-02      0.9610970E-05
   0.1950000E-02      0.9179207E-05
   0.2050000E-02      0.8778042E-05
   0.2150000E-02      0.8400675E-05
   0.2250000E-02      0.8053905E-05
   0.2350000E-02      0.7730931E-05
   0.2475000E-02      0.7363764E-05
   0.2625000E-02      0.6401647E-05
   0.2750000E-02      0.6170467E-05
   0.2900000E-02      0.5864493E-05
   0.3100000E-02      0.5544921E-05
   0.3300000E-02      0.5269545E-05
   0.3500000E-02      0.5164154E-05
   0.3700000E-02      0.4810584E-05
   0.3900000E-02      0.4331225E-05
   0.4125000E-02      0.4093246E-05
   0.4375000E-02      0.3862066E-05
   0.4625000E-02      0.3681882E-05
   0.4875000E-02      0.3539094E-05
   0.5125000E-02      0.3515296E-05
   0.5375000E-02      0.3426904E-05
   0.5625000E-02      0.3420105E-05
   0.5875000E-02      0.3440503E-05
   0.6150000E-02      0.3384068E-05
   0.6450000E-02      0.3280376E-05
   0.6750000E-02      0.3190624E-05
   0.7050000E-02      0.3082853E-05
   0.7400000E-02      0.2840454E-05
   0.7800000E-02      0.2689168E-05
   0.8200000E-02      0.2608255E-05
   0.8600000E-02      0.2503544E-05
   0.9000000E-02      0.2346817E-05
   0.9400001E-02      0.2353617E-05
   0.9800000E-02      0.2257065E-05
   0.1025000E-01      0.2178192E-05
   0.1075000E-01      0.2073141E-05
   0.1125000E-01      0.2091839E-05
   0.1175000E-01      0.1966050E-05
   0.1237500E-01      0.1964010E-05
   0.1312500E-01      0.1868478E-05
   0.1387500E-01      0.1764108E-05
   0.1462500E-01      0.1666196E-05
   0.1550000E-01      0.1629819E-05
   0.1650000E-01      0.1534967E-05
   0.1750000E-01      0.1450995E-05
   0.1850000E-01      0.1428557E-05
   0.1950000E-01      0.1387420E-05
   0.2050000E-01      0.1323166E-05
   0.2150000E-01      0.1285769E-05
   0.2250000E-01      0.1231034E-05
   0.2350000E-01      0.1173918E-05
   0.2475000E-01      0.1118503E-05
   0.2625000E-01      0.1076687E-05
   0.2750000E-01      0.1027731E-05
   0.2900000E-01      0.9957739E-06
   0.3100000E-01      0.9464782E-06
   0.3300000E-01      0.9067016E-06
   0.3500000E-01      0.8703248E-06
   0.3700000E-01      0.8400674E-06
   0.3900000E-01      0.8104900E-06
   0.4125000E-01      0.7737731E-06
   0.4375000E-01      0.7380762E-06
   0.4625000E-01      0.6959199E-06
   0.4875000E-01      0.6605629E-06
   0.5125000E-01      0.6734818E-06
   0.5375000E-01      0.6490039E-06
   0.5625000E-01      0.6238461E-06
   0.5875000E-01      0.6014080E-06
   0.6150000E-01      0.5793099E-06
   0.6450000E-01      0.5483726E-06
   0.6750000E-01      0.5252547E-06
   0.7050000E-01      0.5048564E-06
   0.7400000E-01      0.4881978E-06
   0.7799999E-01      0.4701794E-06
   0.8200000E-01      0.4545407E-06
   0.8600000E-01      0.4402620E-06
   0.9000000E-01      0.4280230E-06
   0.9400000E-01      0.4140842E-06
   0.9800000E-01      0.4004854E-06
   0.1025000          0.3868866E-06
   0.1075000          0.3736277E-06
   0.1125000          0.3603689E-06
   0.1175000          0.3488098E-06
   0.1237500          0.3352450E-06
   0.1312500          0.3201163E-06
   0.1387500          0.3110052E-06
   0.1462500          0.3112091E-06
   0.1550000          0.3064155E-06
   0.1650000          0.2962504E-06
   0.1750000          0.2858813E-06
   0.1850000          0.2762261E-06
   0.1950000          0.2672509E-06
   0.2050000          0.2593296E-06
   0.2150000          0.2523262E-06
   0.2250000          0.2457648E-06
   0.2350000          0.2396793E-06
   0.2475000          0.2326759E-06
   0.2625000          0.2249586E-06
   0.2750000          0.2190431E-06
   0.2900000          0.2125156E-06
   0.3100000          0.2044583E-06
   0.3300000          0.1970130E-06
   0.3500000          0.1903156E-06
   0.3700000          0.1841621E-06
   0.3900000          0.1785186E-06
   0.4125000          0.1727391E-06
   0.4375000          0.1668236E-06
   0.4625000          0.1614520E-06
   0.4875000          0.1565225E-06
   0.5125000          0.1520349E-06
   0.5375000          0.1478872E-06
   0.5625000          0.1440116E-06
   0.5875000          0.1404079E-06
   0.6150000          0.1367022E-06
   0.6450000          0.1328605E-06
   0.6750000          0.1293588E-06
   0.7050000          0.1261971E-06
   0.7400000          0.1229334E-06
   0.7800000          0.1193977E-06
   0.8200000          0.1161340E-06
   0.8600000          0.1131082E-06
   0.9000000          0.1102865E-06
   0.9400000          0.1073967E-06
   0.9800000          0.1045070E-06
    1.050000          0.1009033E-06
    1.150000          0.9672164E-07
    1.250000          0.9301596E-07
    1.350000          0.8954827E-07
    1.450000          0.8672651E-07
    1.550000          0.8217090E-07
    1.650000          0.7686737E-07
    1.750000          0.7193778E-07
    1.850000          0.6717820E-07
    1.950000          0.6173867E-07
    2.050000          0.5643512E-07
    2.150000          0.5065563E-07
    2.250000          0.4593003E-07
    2.350000          0.4242833E-07
    2.450000          0.3947059E-07
    2.550000          0.3692081E-07
    2.650000          0.3481299E-07
    2.750000          0.3263378E-07
    2.850000          0.3050556E-07
    2.950000          0.2869012E-07
    3.050000          0.2690867E-07
    3.150000          0.2491645E-07
    3.250000          0.2328119E-07
    3.350000          0.2180231E-07
    3.450000          0.2036764E-07
    3.550000          0.1918794E-07
    3.650000          0.1817143E-07
    3.750000          0.1720591E-07
    3.850000          0.1628459E-07
    3.950000          0.1545506E-07
    4.050000          0.1462894E-07
    4.150000          0.1384020E-07
    4.250000          0.1315686E-07
    4.350000          0.1256531E-07
    4.450000          0.1205876E-07
    4.550000          0.1156580E-07
    4.650000          0.1112384E-07
    4.750000          0.1067848E-07
    4.850000          0.1026371E-07
    4.950000          0.9879545E-08
    5.050000          0.9515777E-08
    5.150000          0.9199605E-08
    5.250000          0.8890232E-08
    5.350000          0.8594458E-08
    5.450000          0.8298683E-08
    5.550000          0.8043704E-08
    5.650000          0.7809124E-08
    5.750000          0.7584744E-08
    5.850000          0.7377362E-08
    5.950000          0.7180180E-08
    6.050000          0.6819810E-08
    6.150000          0.6323453E-08
    6.250000          0.5881492E-08
    6.350000          0.5480326E-08
    6.450000          0.5123357E-08
    6.550000          0.4786786E-08
    6.650000          0.4477414E-08
    6.750000          0.4195237E-08
    6.850000          0.3933460E-08
    6.950000          0.3685282E-08
    7.050000          0.3450702E-08
    7.150000          0.3231081E-08
    7.250000          0.3026758E-08
    7.350000          0.2836035E-08
    7.450000          0.2660610E-08
    7.550000          0.2498104E-08
    7.650000          0.2348177E-08
    7.750000          0.2208449E-08
    7.850000          0.2077561E-08
    7.950000          0.1954491E-08
    8.050000          0.1796745E-08
    8.150000          0.1613501E-08
    8.250000          0.1450655E-08
    8.350000          0.1306507E-08
    8.450000          0.1178338E-08
    8.550000          0.1063768E-08
    8.650000          0.9614369E-09
    8.750000          0.8699848E-09
    8.850000          0.7877120E-09
    8.950000          0.7142782E-09
    9.050000          0.6479840E-09
    9.150000          0.5888291E-09
    9.250000          0.5351137E-09
    9.350000          0.4871779E-09
    9.450000          0.4436617E-09
    9.550000          0.4045650E-09
    9.650000          0.3692081E-09
    9.750000          0.3370469E-09
    9.850000          0.3081154E-09
    9.950000          0.2819376E-09
    10.05000          0.2601115E-09
    10.15000          0.2419231E-09
    10.25000          0.2249926E-09
    10.35000          0.2092519E-09
    10.45000          0.1946332E-09
    10.55000          0.1810344E-09
    10.65000          0.1683534E-09
    10.75000          0.1565565E-09
    10.85000          0.1455754E-09
    10.95000          0.1353763E-09
    11.05000          0.1258571E-09
    11.15000          0.1170179E-09
    11.25000          0.1087906E-09
    11.35000          0.1011413E-09
    11.45000          0.9403588E-10
    11.55000          0.8740644E-10
    11.65000          0.8125298E-10
    11.75000          0.7550748E-10
    11.85000          0.7016993E-10
    11.95000          0.6524036E-10
    12.05000          0.6065076E-10
    12.15000          0.5636713E-10
    12.25000          0.5238947E-10
    12.35000          0.4868379E-10
    12.45000          0.4525009E-10
    12.55000          0.4205436E-10
    12.65000          0.3909662E-10
    12.75000          0.3630886E-10
    12.85000          0.3375228E-10
    12.95000          0.3136229E-10
    13.05000          0.2914228E-10
    13.15000          0.2707526E-10
    13.25000          0.2515783E-10
    13.35000          0.2337298E-10
    13.45000          0.2171732E-10
    13.55000          0.2017386E-10
    13.65000          0.1874258E-10
    13.75000          0.1740989E-10
    13.85000          0.1617240E-10
    13.95000          0.1502330E-10
    14.05000          0.1395579E-10
    14.15000          0.1296308E-10
    14.25000          0.1203836E-10
    14.35000          0.1118163E-10
    14.45000          0.1038270E-10
    14.55000          0.9641567E-11
    14.65000          0.8954826E-11
    14.75000          0.8315682E-11
    14.85000          0.7720732E-11
    14.95000          0.7169981E-11
    15.05000          0.6656624E-11
    15.15000          0.6180666E-11
    15.25000          0.5738704E-11
    15.35000          0.5330739E-11
    15.45000          0.4949972E-11
    15.55000          0.4596403E-11
    15.65000          0.4266631E-11
    15.75000          0.3960657E-11
    15.85000          0.3678482E-11
    15.95000          0.3413305E-11
    16.05000          0.3169886E-11
    16.15000          0.2942446E-11
    16.25000          0.2731664E-11
    16.35000          0.2535841E-11
    16.45000          0.2353957E-11
    16.55000          0.2184991E-11
    16.65000          0.2027925E-11
    16.75000          0.1882417E-11
    16.85000          0.1747449E-11
    16.95000          0.1621660E-11
    17.05000          0.1505390E-11
    17.15000          0.1396939E-11
    17.25000          0.1296648E-11
    17.35000          0.1203496E-11
    17.45000          0.1116803E-11
    17.55000          0.1036570E-11
    17.65000          0.9617769E-12
    17.75000          0.8927629E-12
    17.85000          0.8285084E-12
    17.95000          0.7686736E-12
    18.05000          0.7135983E-12
    18.15000          0.6619227E-12
    18.25000          0.6143268E-12
    18.35000          0.5701307E-12
    18.45000          0.5289943E-12
    18.55000          0.4909176E-12
    18.65000          0.4552207E-12
    18.75000          0.4225834E-12
    18.85000          0.3919861E-12
    18.95000          0.3637686E-12
    19.05000          0.3374208E-12
    19.15000          0.3130109E-12
    19.25000          0.2904029E-12
    19.35000          0.2693927E-12
    19.45000          0.2499124E-12
    19.55000          0.2318260E-12
    19.65000          0.2150654E-12
    19.75000          0.1994947E-12
    19.85000          0.1849780E-12
    19.95000          0.1718212E-12
