1.995000e+01 1.464683e-13 1.995000e+01 1.556000e-13 1.995000e+01 1.611041e-13 
1.985000e+01 1.579085e-13 1.985000e+01 1.676920e-13 1.985000e+01 1.733975e-13 
1.975000e+01 1.702045e-13 1.975000e+01 1.807661e-13 1.975000e+01 1.864970e-13 
1.965000e+01 1.834705e-13 1.965000e+01 1.948223e-13 1.965000e+01 2.006848e-13 
1.955000e+01 1.977921e-13 1.955000e+01 2.099833e-13 1.955000e+01 2.160012e-13 
1.945000e+01 2.131978e-13 1.945000e+01 2.263720e-13 1.945000e+01 2.325671e-13 
1.935000e+01 2.298017e-13 1.935000e+01 2.439882e-13 1.935000e+01 2.503825e-13 
1.925000e+01 2.477180e-13 1.925000e+01 2.629548e-13 1.925000e+01 2.696488e-13 
1.915000e+01 2.670322e-13 1.915000e+01 2.834560e-13 1.915000e+01 2.903663e-13 
1.905000e+01 2.878584e-13 1.905000e+01 3.054917e-13 1.905000e+01 3.127362e-13 
1.895000e+01 3.101111e-13 1.895000e+01 3.292460e-13 1.895000e+01 3.367588e-13 
1.885000e+01 3.343608e-13 1.885000e+01 3.548418e-13 1.885000e+01 3.626757e-13 
1.875000e+01 3.603223e-13 1.875000e+01 3.824631e-13 1.875000e+01 3.905676e-13 
1.865000e+01 3.885661e-13 1.865000e+01 4.122326e-13 1.865000e+01 4.207973e-13 
1.855000e+01 4.188069e-13 1.855000e+01 4.442734e-13 1.855000e+01 4.530423e-13 
1.845000e+01 4.513300e-13 1.845000e+01 4.787694e-13 1.845000e+01 4.885118e-13 
1.835000e+01 4.864209e-13 1.835000e+01 5.159661e-13 1.835000e+01 5.263997e-13 
1.825000e+01 5.243645e-13 1.825000e+01 5.560477e-13 1.825000e+01 5.675120e-13 
1.815000e+01 5.651611e-13 1.815000e+01 5.992596e-13 1.815000e+01 6.118489e-13 
1.805000e+01 6.090959e-13 1.805000e+01 6.457247e-13 1.805000e+01 6.594102e-13 
1.795000e+01 6.564541e-13 1.795000e+01 6.960569e-13 1.795000e+01 7.105993e-13 
1.785000e+01 7.075212e-13 1.785000e+01 7.500720e-13 1.785000e+01 7.658188e-13 
1.775000e+01 7.625824e-13 1.775000e+01 8.083836e-13 1.775000e+01 8.254721e-13 
1.765000e+01 8.219229e-13 1.765000e+01 8.709919e-13 1.765000e+01 8.891560e-13 
1.755000e+01 8.855427e-13 1.755000e+01 9.385107e-13 1.755000e+01 9.572735e-13 
1.745000e+01 9.545830e-13 1.745000e+01 1.010940e-12 1.745000e+01 1.029825e-12 
1.735000e+01 1.028473e-12 1.735000e+01 1.089507e-12 1.735000e+01 1.107213e-12 
1.725000e+01 1.108355e-12 1.725000e+01 1.173599e-12 1.725000e+01 1.189841e-12 
1.715000e+01 1.194513e-12 1.715000e+01 1.264442e-12 1.715000e+01 1.278514e-12 
1.705000e+01 1.287232e-12 1.705000e+01 1.362651e-12 1.705000e+01 1.372831e-12 
1.695000e+01 1.387084e-12 1.695000e+01 1.468226e-12 1.695000e+01 1.474000e-12 
1.685000e+01 1.494924e-12 1.685000e+01 1.581780e-12 1.685000e+01 1.581617e-12 
1.675000e+01 1.610752e-12 1.675000e+01 1.703928e-12 1.675000e+01 1.696087e-12 
1.665000e+01 1.735709e-12 1.665000e+01 1.835896e-12 1.665000e+01 1.818618e-12 
1.655000e+01 1.870366e-12 1.655000e+01 1.977686e-12 1.655000e+01 1.949613e-12 
1.645000e+01 2.015295e-12 1.645000e+01 2.129910e-12 1.645000e+01 2.090685e-12 
1.635000e+01 2.171634e-12 1.635000e+01 2.294410e-12 1.635000e+01 2.243043e-12 
1.625000e+01 2.339955e-12 1.625000e+01 2.471800e-12 1.625000e+01 2.408702e-12 
1.615000e+01 2.521115e-12 1.615000e+01 2.662694e-12 1.615000e+01 2.587661e-12 
1.605000e+01 2.716539e-12 1.605000e+01 2.868320e-12 1.605000e+01 2.780325e-12 
1.595000e+01 2.927084e-12 1.595000e+01 3.089290e-12 1.595000e+01 2.987499e-12 
1.585000e+01 3.152463e-12 1.585000e+01 3.327447e-12 1.585000e+01 3.207572e-12 
1.575000e+01 3.397814e-12 1.575000e+01 3.584018e-12 1.575000e+01 3.441348e-12 
1.565000e+01 3.660281e-12 1.565000e+01 3.859617e-12 1.565000e+01 3.690037e-12 
1.555000e+01 3.945572e-12 1.555000e+01 4.156700e-12 1.555000e+01 3.954447e-12 
1.545000e+01 4.250833e-12 1.545000e+01 4.476493e-12 1.545000e+01 4.236187e-12 
1.535000e+01 4.578918e-12 1.535000e+01 4.820225e-12 1.535000e+01 4.546545e-12 
1.525000e+01 4.932678e-12 1.525000e+01 5.190964e-12 1.525000e+01 4.885118e-12 
1.515000e+01 5.314968e-12 1.515000e+01 5.590552e-12 1.515000e+01 5.251905e-12 
1.505000e+01 5.725787e-12 1.505000e+01 6.020217e-12 1.505000e+01 5.646906e-12 
1.495000e+01 6.167987e-12 1.495000e+01 6.481800e-12 1.495000e+01 6.066090e-12 
1.485000e+01 6.647276e-12 1.485000e+01 6.978983e-12 1.485000e+01 6.501399e-12 
1.475000e+01 7.160800e-12 1.475000e+01 7.512995e-12 1.475000e+01 6.956859e-12 
1.465000e+01 7.714264e-12 1.465000e+01 8.089975e-12 1.465000e+01 7.436504e-12 
1.455000e+01 8.307670e-12 1.455000e+01 8.703781e-12 1.455000e+01 7.948394e-12 
1.445000e+01 8.949573e-12 1.445000e+01 9.372832e-12 1.445000e+01 8.508651e-12 
1.435000e+01 9.642830e-12 1.435000e+01 1.008485e-11 1.435000e+01 9.121305e-12 
1.425000e+01 1.039029e-11 1.425000e+01 1.085824e-11 1.425000e+01 9.806512e-12 
1.415000e+01 1.119481e-11 1.415000e+01 1.168074e-11 1.415000e+01 1.056024e-11 
1.405000e+01 1.206210e-11 1.405000e+01 1.257076e-11 1.405000e+01 1.137039e-11 
1.395000e+01 1.299500e-11 1.395000e+01 1.352830e-11 1.395000e+01 1.221280e-11 
1.385000e+01 1.400207e-11 1.385000e+01 1.455336e-11 1.385000e+01 1.309953e-11 
1.375000e+01 1.508618e-11 1.375000e+01 1.565208e-11 1.375000e+01 1.402658e-11 
1.365000e+01 1.625587e-11 1.365000e+01 1.683058e-11 1.365000e+01 1.501005e-11 
1.355000e+01 1.751686e-11 1.355000e+01 1.808889e-11 1.355000e+01 1.607010e-11 
1.345000e+01 1.888055e-11 1.345000e+01 1.944540e-11 1.345000e+01 1.725914e-11 
1.335000e+01 2.035264e-11 1.335000e+01 2.090012e-11 1.335000e+01 1.859731e-11 
1.325000e+01 2.194742e-11 1.325000e+01 2.245919e-11 1.325000e+01 2.005639e-11 
1.315000e+01 2.367058e-11 1.315000e+01 2.411647e-11 1.315000e+01 2.159206e-11 
1.305000e+01 2.553924e-11 1.305000e+01 2.587196e-11 1.305000e+01 2.321237e-11 
1.295000e+01 2.757050e-11 1.295000e+01 2.771951e-11 1.295000e+01 2.492539e-11 
1.285000e+01 2.978436e-11 1.285000e+01 2.964687e-11 1.285000e+01 2.669080e-11 
1.275000e+01 3.218080e-11 1.275000e+01 3.162947e-11 1.275000e+01 2.853280e-11 
1.265000e+01 3.483401e-11 1.265000e+01 3.366117e-11 1.265000e+01 3.056423e-11 
1.255000e+01 3.774397e-11 1.255000e+01 3.569901e-11 1.255000e+01 3.286572e-11 
1.245000e+01 4.096776e-11 1.245000e+01 3.770002e-11 1.245000e+01 3.544935e-11 
1.235000e+01 4.456242e-11 1.235000e+01 3.955986e-11 1.235000e+01 3.834737e-11 
1.225000e+01 4.849944e-11 1.225000e+01 4.135831e-11 1.225000e+01 4.159605e-11 
1.215000e+01 5.272174e-11 1.215000e+01 4.318745e-11 1.215000e+01 4.510270e-11 
1.205000e+01 5.711522e-11 1.205000e+01 4.524984e-11 1.205000e+01 4.852872e-11 
1.195000e+01 6.162281e-11 1.195000e+01 4.782169e-11 1.195000e+01 5.195476e-11 
1.185000e+01 6.618747e-11 1.185000e+01 5.114239e-11 1.185000e+01 5.534049e-11 
1.175000e+01 7.103741e-11 1.175000e+01 5.483751e-11 1.175000e+01 5.896805e-11 
1.165000e+01 7.625824e-11 1.165000e+01 5.887021e-11 1.165000e+01 6.299868e-11 
1.155000e+01 8.196405e-11 1.155000e+01 6.334486e-11 1.155000e+01 6.763390e-11 
1.145000e+01 8.815487e-11 1.145000e+01 6.825533e-11 1.145000e+01 7.291402e-11 
1.135000e+01 9.485919e-11 1.135000e+01 7.353407e-11 1.135000e+01 7.871811e-11 
1.125000e+01 1.020200e-10 1.125000e+01 7.924246e-11 1.125000e+01 8.480436e-11 
1.115000e+01 1.096943e-10 1.115000e+01 8.531916e-11 1.115000e+01 9.113244e-11 
1.105000e+01 1.178822e-10 1.105000e+01 9.176412e-11 1.105000e+01 9.770237e-11 
1.095000e+01 1.266691e-10 1.095000e+01 9.863875e-11 1.095000e+01 1.045544e-10 
1.085000e+01 1.360837e-10 1.085000e+01 1.060044e-10 1.085000e+01 1.117289e-10 
1.075000e+01 1.461830e-10 1.075000e+01 1.138612e-10 1.075000e+01 1.193468e-10 
1.065000e+01 1.570241e-10 1.065000e+01 1.222703e-10 1.065000e+01 1.274081e-10 
1.055000e+01 1.686354e-10 1.055000e+01 1.312319e-10 1.055000e+01 1.359127e-10 
1.045000e+01 1.811026e-10 1.045000e+01 1.408073e-10 1.045000e+01 1.449413e-10 
1.035000e+01 1.945113e-10 1.035000e+01 1.512420e-10 1.035000e+01 1.549373e-10 
1.025000e+01 2.089470e-10 1.025000e+01 1.625974e-10 1.025000e+01 1.659409e-10 
1.015000e+01 2.245239e-10 1.015000e+01 1.749963e-10 1.015000e+01 1.781536e-10 
1.005000e+01 2.412990e-10 1.005000e+01 1.884387e-10 1.005000e+01 1.917771e-10 
9.950000e+00 2.594150e-10 9.950000e+00 2.031087e-10 9.950000e+00 2.068114e-10 
9.850000e+00 2.788147e-10 9.850000e+00 2.188221e-10 9.850000e+00 2.226921e-10 
9.750000e+00 2.995554e-10 9.750000e+00 2.354563e-10 9.750000e+00 2.393385e-10 
9.650000e+00 3.218081e-10 9.650000e+00 2.531339e-10 9.650000e+00 2.565896e-10 
9.550000e+00 3.454871e-10 9.550000e+00 2.719164e-10 9.550000e+00 2.743244e-10 
9.450000e+00 3.708781e-10 9.450000e+00 2.918652e-10 9.450000e+00 2.925428e-10 
9.350000e+00 3.979807e-10 9.350000e+00 3.131029e-10 9.350000e+00 3.114061e-10 
9.250000e+00 4.270804e-10 9.250000e+00 3.357523e-10 9.250000e+00 3.309144e-10 
9.150000e+00 4.581771e-10 9.150000e+00 3.597522e-10 9.150000e+00 3.512691e-10 
9.050000e+00 4.915561e-10 9.050000e+00 3.852252e-10 9.050000e+00 3.727119e-10 
8.950000e+00 5.272174e-10 8.950000e+00 4.124782e-10 8.950000e+00 3.957268e-10 
8.850000e+00 5.657317e-10 8.850000e+00 4.418182e-10 8.850000e+00 4.212004e-10 
8.750000e+00 6.073842e-10 8.750000e+00 4.731837e-10 8.750000e+00 4.486086e-10 
8.650000e+00 6.518895e-10 8.650000e+00 5.066975e-10 8.650000e+00 4.780322e-10 
8.550000e+00 6.998184e-10 8.550000e+00 5.421142e-10 8.550000e+00 5.086649e-10 
8.450000e+00 7.511708e-10 8.450000e+00 5.794337e-10 8.450000e+00 5.392977e-10 
8.350000e+00 8.056612e-10 8.350000e+00 6.187173e-10 8.350000e+00 5.707365e-10 
8.250000e+00 8.647164e-10 8.250000e+00 6.622977e-10 8.250000e+00 6.070122e-10 
8.150000e+00 9.289068e-10 8.150000e+00 7.101745e-10 8.150000e+00 6.489307e-10 
8.050000e+00 9.985177e-10 8.050000e+00 7.635757e-10 8.050000e+00 6.989104e-10 
7.950000e+00 1.066132e-09 7.950000e+00 8.396877e-10 7.950000e+00 7.714616e-10 
7.850000e+00 1.131463e-09 7.850000e+00 9.446488e-10 7.850000e+00 8.726304e-10 
7.750000e+00 1.202786e-09 7.750000e+00 1.064341e-09 7.750000e+00 9.919369e-10 
7.650000e+00 1.281526e-09 7.650000e+00 1.205517e-09 7.650000e+00 1.139458e-09 
7.550000e+00 1.366258e-09 7.550000e+00 1.365720e-09 7.550000e+00 1.308341e-09 
7.450000e+00 1.455554e-09 7.450000e+00 1.545566e-09 7.450000e+00 1.492541e-09 
7.350000e+00 1.551697e-09 7.350000e+00 1.751805e-09 7.350000e+00 1.704955e-09 
7.250000e+00 1.655542e-09 7.250000e+00 1.989962e-09 7.250000e+00 1.955256e-09 
7.150000e+00 1.763668e-09 7.150000e+00 2.254512e-09 7.150000e+00 2.215635e-09 
7.050000e+00 1.876928e-09 7.050000e+00 2.548526e-09 7.050000e+00 2.476013e-09 
6.950000e+00 1.999888e-09 6.950000e+00 2.800801e-09 6.950000e+00 2.681575e-09 
6.850000e+00 2.131693e-09 6.850000e+00 2.993536e-09 6.850000e+00 2.812570e-09 
6.750000e+00 2.274909e-09 6.750000e+00 3.205299e-09 6.750000e+00 2.957270e-09 
6.650000e+00 2.439237e-09 6.650000e+00 3.463712e-09 6.650000e+00 3.193061e-09 
6.550000e+00 2.629525e-09 6.550000e+00 3.779823e-09 6.550000e+00 3.555818e-09 
6.450000e+00 2.843208e-09 6.450000e+00 4.150562e-09 6.450000e+00 4.021355e-09 
6.350000e+00 3.081141e-09 6.350000e+00 4.581454e-09 6.350000e+00 4.594913e-09 
6.250000e+00 3.340755e-09 6.250000e+00 5.056540e-09 6.250000e+00 5.239813e-09 
6.150000e+00 3.600370e-09 6.150000e+00 5.529786e-09 6.150000e+00 5.828285e-09 
6.050000e+00 3.868544e-09 6.050000e+00 6.012852e-09 6.050000e+00 6.372418e-09 
5.950000e+00 4.162393e-09 5.950000e+00 6.438834e-09 5.950000e+00 6.884308e-09 
5.850000e+00 4.481919e-09 5.850000e+00 6.788704e-09 5.850000e+00 7.363953e-09 
5.750000e+00 4.829973e-09 5.750000e+00 7.150850e-09 5.750000e+00 7.908087e-09 
5.650000e+00 5.215116e-09 5.650000e+00 7.537547e-09 5.650000e+00 8.552987e-09 
5.550000e+00 5.643053e-09 5.550000e+00 7.936523e-09 5.550000e+00 9.310745e-09 
5.450000e+00 6.110929e-09 5.450000e+00 8.360049e-09 5.450000e+00 1.015315e-08 
5.350000e+00 6.624453e-09 5.350000e+00 8.808128e-09 5.350000e+00 1.105601e-08 
5.250000e+00 7.195035e-09 5.250000e+00 9.299175e-09 5.250000e+00 1.197499e-08 
5.150000e+00 7.819821e-09 5.150000e+00 9.833187e-09 5.150000e+00 1.282948e-08 
5.050000e+00 8.510225e-09 5.050000e+00 1.041630e-08 5.050000e+00 1.360336e-08 
4.950000e+00 9.229158e-09 4.950000e+00 1.090121e-08 4.950000e+00 1.409913e-08 
4.850000e+00 9.973767e-09 4.850000e+00 1.128177e-08 4.850000e+00 1.430469e-08 
4.750000e+00 1.079826e-08 4.750000e+00 1.169302e-08 4.750000e+00 1.444979e-08 
4.650000e+00 1.170548e-08 4.650000e+00 1.213496e-08 4.650000e+00 1.452637e-08 
4.550000e+00 1.270971e-08 4.550000e+00 1.260145e-08 4.550000e+00 1.453041e-08 
4.450000e+00 1.383375e-08 4.450000e+00 1.309250e-08 4.450000e+00 1.454250e-08 
4.350000e+00 1.509188e-08 4.350000e+00 1.362037e-08 4.350000e+00 1.455862e-08 
4.250000e+00 1.650693e-08 4.250000e+00 1.417894e-08 4.250000e+00 1.459893e-08 
4.150000e+00 1.812453e-08 4.150000e+00 1.479274e-08 4.150000e+00 1.477627e-08 
4.050000e+00 1.998462e-08 4.050000e+00 1.547407e-08 4.050000e+00 1.518337e-08 
3.950000e+00 2.166213e-08 3.950000e+00 1.627816e-08 3.950000e+00 1.563480e-08 
3.850000e+00 2.305435e-08 3.850000e+00 1.722342e-08 3.850000e+00 1.604189e-08 
3.750000e+00 2.457210e-08 3.750000e+00 1.824848e-08 3.750000e+00 1.647317e-08 
3.650000e+00 2.622964e-08 3.650000e+00 1.935333e-08 3.650000e+00 1.687220e-08 
3.550000e+00 2.803267e-08 3.550000e+00 2.052570e-08 3.550000e+00 1.719062e-08 
3.450000e+00 3.006965e-08 3.450000e+00 2.181470e-08 3.450000e+00 1.767429e-08 
3.350000e+00 3.232345e-08 3.350000e+00 2.321418e-08 3.350000e+00 1.830710e-08 
3.250000e+00 3.489107e-08 3.250000e+00 2.474255e-08 3.250000e+00 1.907292e-08 
3.150000e+00 3.780103e-08 3.150000e+00 2.646121e-08 3.150000e+00 2.008461e-08 
3.050000e+00 4.111041e-08 3.050000e+00 2.842540e-08 3.050000e+00 2.133813e-08 
2.950000e+00 4.396332e-08 2.950000e+00 3.048779e-08 2.950000e+00 2.280528e-08 
2.850000e+00 4.624564e-08 2.850000e+00 3.271591e-08 2.850000e+00 2.470773e-08 
2.750000e+00 4.878472e-08 2.750000e+00 3.520796e-08 2.750000e+00 2.695682e-08 
2.650000e+00 5.152352e-08 2.650000e+00 3.793940e-08 2.650000e+00 2.940744e-08 
2.550000e+00 5.454760e-08 2.550000e+00 4.092251e-08 2.550000e+00 3.215633e-08 
2.450000e+00 5.788550e-08 2.450000e+00 4.423092e-08 2.450000e+00 3.536068e-08 
2.350000e+00 6.159429e-08 2.350000e+00 4.797515e-08 2.350000e+00 3.918574e-08 
2.250000e+00 6.578806e-08 2.250000e+00 5.227793e-08 2.250000e+00 4.393382e-08 
2.150000e+00 7.040977e-08 2.150000e+00 5.720680e-08 2.150000e+00 4.957669e-08 
2.050000e+00 7.563060e-08 2.050000e+00 6.291521e-08 2.050000e+00 5.618692e-08 
1.950000e+00 8.079436e-08 1.950000e+00 6.837809e-08 1.950000e+00 6.307929e-08 
1.850000e+00 8.561577e-08 1.850000e+00 7.334992e-08 1.850000e+00 6.964920e-08 
1.750000e+00 9.100776e-08 1.750000e+00 7.881280e-08 1.750000e+00 7.658188e-08 
1.650000e+00 9.717005e-08 1.650000e+00 8.476673e-08 1.650000e+00 8.411915e-08 
1.550000e+00 1.042453e-07 1.550000e+00 9.121170e-08 1.550000e+00 9.242224e-08 
1.450000e+00 1.110637e-07 1.450000e+00 9.679734e-08 1.450000e+00 9.967738e-08 
1.350000e+00 1.178822e-07 1.350000e+00 1.013395e-07 1.350000e+00 1.057233e-07 
1.250000e+00 1.254709e-07 1.250000e+00 1.064341e-07 1.250000e+00 1.126157e-07 
1.150000e+00 1.339440e-07 1.150000e+00 1.125722e-07 1.150000e+00 1.205963e-07 
1.050000e+00 1.435013e-07 1.050000e+00 1.200606e-07 1.050000e+00 1.301892e-07 
9.800000e-01 1.513753e-07 9.800000e-01 1.259532e-07 9.800000e-01 1.377265e-07 
9.400000e-01 1.565391e-07 9.400000e-01 1.293905e-07 9.400000e-01 1.419183e-07 
9.000000e-01 1.616173e-07 9.000000e-01 1.330119e-07 9.000000e-01 1.459086e-07 
8.600000e-01 1.679222e-07 8.600000e-01 1.370017e-07 8.600000e-01 1.499393e-07 
8.200000e-01 1.749688e-07 8.200000e-01 1.412983e-07 8.200000e-01 1.542923e-07 
7.800000e-01 1.824720e-07 7.800000e-01 1.459633e-07 7.800000e-01 1.590485e-07 
7.400000e-01 1.906313e-07 7.400000e-01 1.509965e-07 7.400000e-01 1.640868e-07 
7.050000e-01 1.989618e-07 7.050000e-01 1.555387e-07 7.050000e-01 1.685205e-07 
6.750000e-01 2.058944e-07 6.750000e-01 1.592829e-07 6.750000e-01 1.721077e-07 
6.450000e-01 2.127699e-07 6.450000e-01 1.629657e-07 6.450000e-01 1.758159e-07 
6.150000e-01 2.192745e-07 6.150000e-01 1.670169e-07 6.150000e-01 1.798868e-07 
5.875000e-01 2.261786e-07 5.875000e-01 1.708838e-07 5.875000e-01 1.836756e-07 
5.625000e-01 2.331396e-07 5.625000e-01 1.745667e-07 5.625000e-01 1.870613e-07 
5.375000e-01 2.406428e-07 5.375000e-01 1.784950e-07 5.375000e-01 1.905276e-07 
5.125000e-01 2.489733e-07 5.125000e-01 1.826689e-07 5.125000e-01 1.943567e-07 
4.875000e-01 2.591867e-07 4.875000e-01 1.875794e-07 4.875000e-01 1.986695e-07 
4.625000e-01 2.699992e-07 4.625000e-01 1.934105e-07 4.625000e-01 2.035466e-07 
4.375000e-01 2.815821e-07 4.375000e-01 1.998555e-07 4.375000e-01 2.093507e-07 
4.125000e-01 2.947054e-07 4.125000e-01 2.070985e-07 4.125000e-01 2.158400e-07 
3.900000e-01 3.075435e-07 3.900000e-01 2.142800e-07 3.900000e-01 2.222890e-07 
3.700000e-01 3.203816e-07 3.700000e-01 2.213388e-07 3.700000e-01 2.286171e-07 
3.500000e-01 3.343608e-07 3.500000e-01 2.291341e-07 3.500000e-01 2.361947e-07 
3.300000e-01 3.500519e-07 3.300000e-01 2.379729e-07 3.300000e-01 2.450620e-07 
3.100000e-01 3.677399e-07 3.100000e-01 2.479780e-07 3.100000e-01 2.553401e-07 
2.900000e-01 3.865691e-07 2.900000e-01 2.597631e-07 2.900000e-01 2.648524e-07 
2.750000e-01 4.008336e-07 2.750000e-01 2.700136e-07 2.750000e-01 2.715835e-07 
2.625000e-01 4.139570e-07 2.625000e-01 2.794049e-07 2.625000e-01 2.779520e-07 
2.475000e-01 4.313597e-07 2.475000e-01 2.919879e-07 2.475000e-01 2.858117e-07 
2.350000e-01 4.470507e-07 2.350000e-01 3.034047e-07 2.350000e-01 2.931877e-07 
2.250000e-01 4.601741e-07 2.250000e-01 3.133484e-07 2.250000e-01 3.001607e-07 
2.150000e-01 4.738680e-07 2.150000e-01 3.240900e-07 2.150000e-01 3.073755e-07 
2.050000e-01 4.895590e-07 2.050000e-01 3.359365e-07 2.050000e-01 3.137439e-07 
1.950000e-01 5.075324e-07 1.950000e-01 3.483968e-07 1.950000e-01 3.248684e-07 
1.850000e-01 5.283586e-07 1.850000e-01 3.616550e-07 1.850000e-01 3.406685e-07 
1.750000e-01 5.526083e-07 1.750000e-01 3.762636e-07 1.750000e-01 3.578390e-07 
1.650000e-01 5.799962e-07 1.650000e-01 3.922225e-07 1.650000e-01 3.773875e-07 
1.550000e-01 6.119488e-07 1.550000e-01 4.099002e-07 1.550000e-01 3.992335e-07 
1.462500e-01 6.421895e-07 1.462500e-01 4.270254e-07 1.462500e-01 4.207973e-07 
1.387500e-01 6.681511e-07 1.387500e-01 4.431685e-07 1.387500e-01 4.413534e-07 
1.312500e-01 6.912596e-07 1.312500e-01 4.599868e-07 1.312500e-01 4.671495e-07 
1.237500e-01 7.215004e-07 1.237500e-01 4.796901e-07 1.237500e-01 4.921393e-07 
1.175000e-01 7.480326e-07 1.175000e-01 4.974291e-07 1.175000e-01 5.159200e-07 
1.125000e-01 7.711411e-07 1.125000e-01 5.129584e-07 1.125000e-01 5.368793e-07 
1.075000e-01 7.959613e-07 1.075000e-01 5.298381e-07 1.075000e-01 5.610631e-07 
1.025000e-01 8.287698e-07 1.025000e-01 5.491730e-07 1.025000e-01 5.804101e-07 
9.800000e-02 8.558725e-07 9.800000e-02 5.670348e-07 9.800000e-02 6.017723e-07 
9.400000e-02 8.829751e-07 9.400000e-02 5.843441e-07 9.400000e-02 6.187010e-07 
9.000000e-02 9.123600e-07 9.000000e-02 6.031880e-07 9.000000e-02 6.380480e-07 
8.600000e-02 9.440273e-07 8.600000e-02 6.236278e-07 8.600000e-02 6.590072e-07 
8.200000e-02 9.799741e-07 8.200000e-02 6.463386e-07 8.200000e-02 6.856094e-07 
7.799999e-02 1.017632e-06 7.799999e-02 6.708909e-07 7.799999e-02 7.122115e-07 
7.400000e-02 1.059570e-06 7.400000e-02 6.972845e-07 7.400000e-02 7.428443e-07 
7.050000e-02 1.098655e-06 7.050000e-02 7.230645e-07 7.050000e-02 7.706556e-07 
6.750000e-02 1.131178e-06 6.750000e-02 7.476168e-07 6.750000e-02 7.980639e-07 
6.450000e-02 1.163131e-06 6.450000e-02 7.740104e-07 6.450000e-02 8.258752e-07 
6.150000e-02 1.193371e-06 6.150000e-02 8.028593e-07 6.150000e-02 8.589263e-07 
5.875000e-02 1.220759e-06 5.875000e-02 8.292530e-07 5.875000e-02 8.968141e-07 
5.625000e-02 1.252141e-06 5.625000e-02 8.568744e-07 5.625000e-02 9.274468e-07 
5.375000e-02 1.290370e-06 5.375000e-02 8.863371e-07 5.375000e-02 9.600950e-07 
5.125000e-02 1.331738e-06 5.125000e-02 9.200965e-07 5.125000e-02 9.959675e-07 
4.875000e-02 1.385372e-06 4.875000e-02 9.538559e-07 4.875000e-02 1.033855e-06 
4.625000e-02 1.450989e-06 4.625000e-02 9.919119e-07 4.625000e-02 1.072550e-06 
4.375000e-02 1.513182e-06 4.375000e-02 1.030582e-06 4.375000e-02 1.120514e-06 
4.125000e-02 1.576802e-06 4.125000e-02 1.072321e-06 4.125000e-02 1.172509e-06 
3.900000e-02 1.618740e-06 3.900000e-02 1.105466e-06 3.900000e-02 1.232565e-06 
3.700000e-02 1.679222e-06 3.700000e-02 1.145364e-06 3.700000e-02 1.283351e-06 
3.500000e-02 1.744268e-06 3.500000e-02 1.187716e-06 3.500000e-02 1.338974e-06 
3.300000e-02 1.818729e-06 3.300000e-02 1.236821e-06 3.300000e-02 1.401448e-06 
3.100000e-02 1.898896e-06 3.100000e-02 1.289608e-06 3.100000e-02 1.473194e-06 
2.900000e-02 2.018718e-06 2.900000e-02 1.363879e-06 2.900000e-02 1.542118e-06 
2.750000e-02 2.097173e-06 2.750000e-02 1.420349e-06 2.750000e-02 1.606204e-06 
2.625000e-02 2.172490e-06 2.625000e-02 1.472523e-06 2.625000e-02 1.663036e-06 
2.475000e-02 2.268632e-06 2.475000e-02 1.542497e-06 2.475000e-02 1.750097e-06 
2.350000e-02 2.360782e-06 2.350000e-02 1.604491e-06 2.350000e-02 1.817006e-06 
2.250000e-02 2.435813e-06 2.250000e-02 1.657892e-06 2.250000e-02 1.867389e-06 
2.150000e-02 2.515694e-06 2.150000e-02 1.716818e-06 2.150000e-02 1.929460e-06 
2.050000e-02 2.598429e-06 2.050000e-02 1.782495e-06 2.050000e-02 2.004430e-06 
1.950000e-02 2.686298e-06 1.950000e-02 1.851855e-06 1.950000e-02 2.054006e-06 
1.850000e-02 2.783868e-06 1.850000e-02 1.929809e-06 1.850000e-02 2.135022e-06 
1.750000e-02 2.901408e-06 1.750000e-02 2.013287e-06 1.750000e-02 2.220471e-06 
1.650000e-02 3.026936e-06 1.650000e-02 2.110882e-06 1.650000e-02 2.316400e-06 
1.550000e-02 3.169581e-06 1.550000e-02 2.215843e-06 1.550000e-02 2.424825e-06 
1.462500e-02 3.320785e-06 1.462500e-02 2.316507e-06 1.462500e-02 2.547356e-06 
1.387500e-02 3.440607e-06 1.387500e-02 2.412875e-06 1.387500e-02 2.636835e-06 
1.312500e-02 3.571841e-06 1.312500e-02 2.523360e-06 1.312500e-02 2.749693e-06 
1.237500e-02 3.723045e-06 1.237500e-02 2.638756e-06 1.237500e-02 2.862953e-06 
1.175000e-02 3.851426e-06 1.175000e-02 2.748013e-06 1.175000e-02 2.918979e-06 
1.125000e-02 3.959836e-06 1.125000e-02 2.842539e-06 1.125000e-02 2.999591e-06 
1.075000e-02 4.113893e-06 1.075000e-02 2.948114e-06 1.075000e-02 3.084235e-06 
1.025000e-02 4.265098e-06 1.025000e-02 3.064738e-06 1.025000e-02 3.208378e-06 
9.800000e-03 4.396332e-06 9.800000e-03 3.173381e-06 9.800000e-03 3.247072e-06 
9.400001e-03 4.530418e-06 9.400001e-03 3.270977e-06 9.400001e-03 3.374036e-06 
9.000000e-03 4.678769e-06 9.000000e-03 3.370414e-06 9.000000e-03 3.436108e-06 
8.600000e-03 4.824268e-06 8.600000e-03 3.477216e-06 8.600000e-03 3.555817e-06 
8.200000e-03 4.989736e-06 8.200000e-03 3.596908e-06 8.200000e-03 3.665451e-06 
7.800000e-03 5.166617e-06 7.800000e-03 3.753429e-06 7.800000e-03 3.909707e-06 
7.400000e-03 5.372026e-06 7.400000e-03 3.911177e-06 7.400000e-03 4.050778e-06 
7.050000e-03 5.543201e-06 7.050000e-03 4.078132e-06 7.050000e-03 4.260371e-06 
6.750000e-03 5.728639e-06 6.750000e-03 4.224833e-06 6.750000e-03 4.429657e-06 
6.450000e-03 6.028195e-06 6.450000e-03 4.383808e-06 6.450000e-03 4.639250e-06 
6.150000e-03 6.324897e-06 6.150000e-03 4.521301e-06 6.150000e-03 4.816598e-06 
5.875000e-03 6.658688e-06 5.875000e-03 4.680277e-06 5.875000e-03 5.090680e-06 
5.625000e-03 6.949684e-06 5.625000e-03 4.823294e-06 5.625000e-03 5.284150e-06 
5.375000e-03 7.237828e-06 5.375000e-03 5.034443e-06 5.375000e-03 5.530018e-06 
5.125000e-03 7.511707e-06 5.125000e-03 5.209379e-06 5.125000e-03 5.703335e-06 
4.875000e-03 7.856908e-06 4.875000e-03 5.402728e-06 4.875000e-03 5.824254e-06 
4.625000e-03 8.082288e-06 4.625000e-03 5.607739e-06 4.625000e-03 6.037877e-06 
4.375000e-03 8.376138e-06 4.375000e-03 5.820116e-06 4.375000e-03 6.283745e-06 
4.125000e-03 8.669988e-06 4.125000e-03 6.023900e-06 4.125000e-03 6.577981e-06 
3.900000e-03 8.972396e-06 3.900000e-03 6.260830e-06 3.900000e-03 6.856094e-06 
3.700000e-03 9.097924e-06 3.700000e-03 6.444972e-06 3.700000e-03 7.065687e-06 
3.500000e-03 9.246276e-06 3.500000e-03 6.604561e-06 3.500000e-03 7.440535e-06 
3.300000e-03 9.406038e-06 3.300000e-03 6.800980e-06 3.300000e-03 7.936302e-06 
3.100000e-03 9.759799e-06 3.100000e-03 7.089469e-06 3.100000e-03 8.363548e-06 
2.900000e-03 1.037317e-05 2.900000e-03 7.500720e-06 2.900000e-03 8.964112e-06 
2.750000e-03 1.071838e-05 2.750000e-03 7.911970e-06 2.750000e-03 9.568705e-06 
2.625000e-03 1.108640e-05 2.625000e-03 8.310944e-06 2.625000e-03 1.008866e-05 
2.475000e-03 1.167695e-05 2.475000e-03 8.869509e-06 2.475000e-03 1.077386e-05 
2.350000e-03 1.225895e-05 2.350000e-03 9.421935e-06 2.350000e-03 1.144697e-05 
2.250000e-03 1.274109e-05 2.250000e-03 9.980499e-06 2.250000e-03 1.208785e-05 
2.150000e-03 1.343149e-05 2.150000e-03 1.056362e-05 2.150000e-03 1.288994e-05 
2.050000e-03 1.402775e-05 2.050000e-03 1.107921e-05 2.050000e-03 1.351066e-05 
1.950000e-03 1.473527e-05 1.950000e-03 1.169916e-05 1.950000e-03 1.425632e-05 
1.850000e-03 1.553694e-05 1.850000e-03 1.239890e-05 1.850000e-03 1.495765e-05 
1.750000e-03 1.589355e-05 1.750000e-03 1.318457e-05 1.750000e-03 1.575168e-05 
1.650000e-03 1.665813e-05 1.650000e-03 1.403163e-05 1.650000e-03 1.645704e-05 
1.550000e-03 1.769088e-05 1.550000e-03 1.507510e-05 1.550000e-03 1.758965e-05 
1.462500e-03 1.867229e-05 1.462500e-03 1.605105e-05 1.462500e-03 1.841190e-05 
1.387500e-03 1.961660e-05 1.387500e-03 1.706997e-05 1.387500e-03 1.943164e-05 
1.312500e-03 2.060656e-05 1.312500e-03 1.826076e-05 1.312500e-03 2.054410e-05 
1.237500e-03 2.077488e-05 1.237500e-03 2.036611e-05 1.237500e-03 2.198706e-05 
1.175000e-03 2.135116e-05 1.175000e-03 2.214001e-05 1.175000e-03 2.335344e-05 
1.125000e-03 2.217565e-05 1.125000e-03 2.329397e-05 1.125000e-03 2.441753e-05 
1.075000e-03 2.332823e-05 1.075000e-03 2.447248e-05 1.075000e-03 2.534457e-05 
1.025000e-03 2.437240e-05 1.025000e-03 2.579830e-05 1.025000e-03 2.653361e-05 
9.800000e-04 2.571041e-05 9.800000e-04 2.676198e-05 9.800000e-04 2.738004e-05 
9.400000e-04 2.830941e-05 9.400000e-04 2.612362e-05 9.400000e-04 2.696891e-05 
9.000000e-04 2.989848e-05 9.000000e-04 2.714868e-05 9.000000e-04 2.787178e-05 
8.600000e-04 3.081141e-05 8.600000e-04 2.869547e-05 8.600000e-04 2.995561e-05 
8.200000e-04 3.215227e-05 8.200000e-04 3.004585e-05 8.200000e-04 3.085041e-05 
7.800000e-04 3.369285e-05 7.800000e-04 3.162946e-05 7.800000e-04 3.197898e-05 
7.400000e-04 3.537606e-05 7.400000e-04 3.340951e-05 7.400000e-04 3.338567e-05 
7.050000e-04 3.748721e-05 7.050000e-04 3.504837e-05 7.050000e-04 3.446588e-05 
6.750000e-04 3.897072e-05 6.750000e-04 3.692048e-05 6.750000e-04 3.652150e-05 
6.450000e-04 4.225157e-05 6.450000e-04 3.920998e-05 6.450000e-04 3.952028e-05 
6.150000e-04 4.390625e-05 6.150000e-04 4.100843e-05 6.150000e-04 4.062871e-05 
5.875000e-04 4.553241e-05 5.875000e-04 4.300945e-05 5.875000e-04 4.216034e-05 
5.625000e-04 4.715857e-05 5.625000e-04 4.510867e-05 5.625000e-04 4.401443e-05 
5.375000e-04 4.892737e-05 5.375000e-04 4.775417e-05 5.375000e-04 4.695678e-05 
5.125000e-04 4.787180e-05 5.125000e-04 5.054699e-05 5.125000e-04 4.860934e-05 
4.875000e-04 4.827121e-05 4.875000e-04 5.434646e-05 4.875000e-04 5.344609e-05 
4.625000e-04 4.992590e-05 4.625000e-04 5.799247e-05 4.625000e-04 5.683182e-05 
4.375000e-04 5.169470e-05 4.375000e-04 6.254692e-05 4.375000e-04 6.126551e-05 
4.125000e-04 5.317821e-05 4.125000e-04 6.764151e-05 4.125000e-04 6.557828e-05 
3.900000e-04 5.449055e-05 3.900000e-04 7.292025e-05 3.900000e-04 7.069717e-05 
3.700000e-04 5.685846e-05 3.700000e-04 7.709415e-05 3.700000e-04 7.440533e-05 
3.500000e-04 5.979696e-05 3.500000e-04 8.145217e-05 3.500000e-04 7.843597e-05 
3.300000e-04 6.316338e-05 3.300000e-04 8.611711e-05 3.300000e-04 8.286966e-05 
3.100000e-04 6.690070e-05 3.100000e-04 9.145722e-05 3.100000e-04 8.782732e-05 
2.900000e-04 7.135123e-05 2.900000e-04 9.741114e-05 2.900000e-04 9.298653e-05 
2.750000e-04 7.603000e-05 2.750000e-04 1.012167e-04 2.750000e-04 9.613042e-05 
2.625000e-04 8.076583e-05 2.625000e-04 1.043472e-04 2.625000e-04 9.879063e-05 
2.475000e-04 8.592959e-05 2.475000e-04 1.096259e-04 2.475000e-04 1.030631e-04 
2.350000e-04 9.057984e-05 2.350000e-04 1.154571e-04 2.350000e-04 1.081820e-04 
2.250000e-04 9.448832e-05 2.250000e-04 1.199992e-04 2.250000e-04 1.111646e-04 
2.150000e-04 9.888179e-05 2.150000e-04 1.244800e-04 2.150000e-04 1.133815e-04 
2.050000e-04 1.036747e-04 2.050000e-04 1.300043e-04 2.050000e-04 1.166463e-04 
1.950000e-04 1.087814e-04 1.950000e-04 1.361423e-04 1.950000e-04 1.201529e-04 
1.850000e-04 1.150578e-04 1.850000e-04 1.428329e-04 1.850000e-04 1.245463e-04 
1.750000e-04 1.214483e-04 1.750000e-04 1.506896e-04 1.750000e-04 1.285366e-04 
1.650000e-04 1.279529e-04 1.650000e-04 1.598967e-04 1.650000e-04 1.318417e-04 
1.550000e-04 1.351993e-04 1.550000e-04 1.699017e-04 1.550000e-04 1.345423e-04 
1.462500e-04 1.422175e-04 1.462500e-04 1.793544e-04 1.462500e-04 1.396209e-04 
1.387500e-04 1.488647e-04 1.387500e-04 1.888070e-04 1.387500e-04 1.462311e-04 
1.312500e-04 1.562252e-04 1.312500e-04 1.991189e-04 1.312500e-04 1.536474e-04 
1.237500e-04 1.644416e-04 1.237500e-04 2.110268e-04 1.237500e-04 1.620312e-04 
1.175000e-04 1.720589e-04 1.175000e-04 2.218298e-04 1.175000e-04 1.699312e-04 
1.125000e-04 1.786491e-04 1.125000e-04 2.315280e-04 1.125000e-04 1.788388e-04 
1.075000e-04 1.857814e-04 1.075000e-04 2.416557e-04 1.075000e-04 1.893588e-04 
1.025000e-04 1.936554e-04 1.025000e-04 2.535636e-04 1.025000e-04 1.998787e-04 
9.800000e-05 2.034694e-04 9.800000e-05 2.657170e-04 9.800000e-05 2.105196e-04 
9.400000e-05 2.147384e-04 9.400000e-05 2.773179e-04 9.400000e-05 2.202737e-04 
9.000000e-05 2.278618e-04 9.000000e-05 2.905147e-04 9.000000e-05 2.320834e-04 
8.600000e-05 2.443801e-04 8.600000e-05 3.061055e-04 8.600000e-05 2.478432e-04 
8.200000e-05 2.607843e-04 8.200000e-05 3.220644e-04 8.200000e-05 2.614264e-04 
7.800000e-05 2.792426e-04 7.800000e-05 3.399876e-04 7.800000e-05 2.767830e-04 
7.400000e-05 3.001259e-04 7.400000e-05 3.604888e-04 7.400000e-05 2.938326e-04 
7.050000e-05 3.200963e-04 7.050000e-05 3.796396e-04 7.050000e-05 3.099148e-04 
6.750000e-05 3.466284e-04 6.750000e-05 3.989131e-04 6.750000e-05 3.369200e-04 
6.450000e-05 3.657428e-04 6.450000e-05 4.167135e-04 6.450000e-05 3.544935e-04 
6.150000e-05 3.851426e-04 6.150000e-05 4.358643e-04 6.150000e-05 3.715834e-04 
5.875000e-05 4.048277e-04 5.875000e-05 4.549537e-04 5.875000e-05 3.887941e-04 
5.625000e-05 4.242274e-04 5.625000e-05 4.740430e-04 5.625000e-05 4.058840e-04 
5.375000e-05 4.339273e-04 5.375000e-05 4.912296e-04 5.375000e-05 4.095116e-04 
5.125000e-05 4.533271e-04 5.125000e-05 5.120377e-04 5.125000e-05 4.244249e-04 
4.875000e-05 4.775768e-04 4.875000e-05 5.374493e-04 4.875000e-05 4.478025e-04 
4.625000e-05 5.035383e-04 4.625000e-05 5.668506e-04 4.625000e-05 4.772260e-04 
4.375000e-05 5.323527e-04 4.375000e-05 5.996279e-04 4.375000e-05 5.098741e-04 
4.125000e-05 5.648758e-04 4.125000e-05 6.365178e-04 4.125000e-05 5.473589e-04 
3.900000e-05 5.976844e-04 3.900000e-05 6.733461e-04 3.900000e-05 5.852468e-04 
3.700000e-05 6.302074e-04 3.700000e-05 7.101746e-04 3.700000e-05 6.235377e-04 
3.500000e-05 6.667246e-04 3.500000e-05 7.512996e-04 3.500000e-05 6.666655e-04 
3.300000e-05 7.072359e-04 3.300000e-05 7.973351e-04 3.300000e-05 7.154359e-04 
3.100000e-05 7.531677e-04 3.100000e-05 8.501225e-04 3.100000e-05 7.706556e-04 
2.900000e-05 8.133641e-04 2.900000e-05 9.121170e-04 2.900000e-05 8.303088e-04 
2.750000e-05 8.704223e-04 2.750000e-05 9.673597e-04 2.750000e-05 8.774672e-04 
2.625000e-05 9.243422e-04 2.625000e-05 1.018306e-03 2.625000e-05 9.214010e-04 
2.475000e-05 9.970914e-04 2.475000e-05 1.087052e-03 2.475000e-05 9.798451e-04 
2.350000e-05 1.065276e-03 2.350000e-05 1.150274e-03 2.350000e-05 1.035065e-03 
2.250000e-05 1.126613e-03 2.250000e-05 1.206744e-03 2.250000e-05 1.083029e-03 
2.150000e-05 1.194513e-03 2.150000e-05 1.268739e-03 2.150000e-05 1.135830e-03 
2.050000e-05 1.269829e-03 2.050000e-05 1.337485e-03 2.050000e-05 1.193468e-03 
1.950000e-05 1.349996e-03 1.950000e-05 1.411756e-03 1.950000e-05 1.259570e-03 
1.850000e-05 1.435583e-03 1.850000e-05 1.491551e-03 1.850000e-05 1.334943e-03 
1.750000e-05 1.531727e-03 1.750000e-05 1.581167e-03 1.750000e-05 1.419586e-03 
1.650000e-05 1.640707e-03 1.650000e-05 1.681831e-03 1.650000e-05 1.515112e-03 
1.550000e-05 1.764809e-03 1.550000e-05 1.795385e-03 1.550000e-05 1.623536e-03 
1.462500e-05 1.888340e-03 1.462500e-05 1.908325e-03 1.462500e-05 1.731154e-03 
1.387500e-05 2.007877e-03 1.387500e-05 2.016356e-03 1.387500e-05 1.834741e-03 
1.312500e-05 2.142534e-03 1.312500e-05 2.137275e-03 1.312500e-05 1.951226e-03 
1.237500e-05 2.294594e-03 1.237500e-05 2.273540e-03 1.237500e-05 2.082624e-03 
1.175000e-05 2.436954e-03 1.175000e-05 2.399985e-03 1.175000e-05 2.205155e-03 
1.125000e-05 2.564194e-03 1.125000e-05 2.512312e-03 1.125000e-05 2.313982e-03 
1.075000e-05 2.703986e-03 1.075000e-05 2.635073e-03 1.075000e-05 2.433691e-03 
1.025000e-05 2.858614e-03 1.025000e-05 2.770110e-03 1.025000e-05 2.565896e-03 
9.800000e-06 3.004112e-03 9.800000e-06 2.899623e-03 9.800000e-06 2.698504e-03 
9.400001e-06 3.138199e-03 9.400001e-06 3.020544e-03 9.400001e-06 2.829902e-03 
8.999999e-06 3.283697e-03 8.999999e-06 3.151898e-03 8.999999e-06 2.974601e-03 
8.600000e-06 3.443460e-03 8.600000e-06 3.295529e-03 8.600000e-06 3.134214e-03 
8.200001e-06 3.620340e-03 8.200001e-06 3.453891e-03 8.200001e-06 3.311562e-03 
7.800000e-06 3.814338e-03 7.800000e-06 3.628212e-03 7.800000e-06 3.508659e-03 
7.400000e-06 4.034012e-03 7.400000e-06 3.821561e-03 7.400000e-06 3.730747e-03 
7.050000e-06 4.247980e-03 7.050000e-06 4.017980e-03 7.050000e-06 3.948400e-03 
6.750000e-06 4.459096e-03 6.750000e-06 4.233426e-03 6.750000e-06 4.155575e-03 
6.450000e-06 4.701593e-03 6.450000e-06 4.491839e-03 6.450000e-06 4.385320e-03 
6.150000e-06 4.978325e-03 6.150000e-06 4.783397e-03 6.150000e-06 4.651342e-03 
5.875000e-06 5.283586e-03 5.875000e-06 5.087845e-03 5.875000e-06 4.961700e-03 
5.625000e-06 5.651611e-03 5.625000e-06 5.407638e-03 5.625000e-06 5.360732e-03 
5.375000e-06 6.011078e-03 5.375000e-06 5.742163e-03 5.375000e-06 5.727519e-03 
5.125000e-06 6.330603e-03 5.125000e-06 6.098171e-03 5.125000e-06 6.025786e-03 
4.875000e-06 6.658689e-03 4.875000e-06 6.438834e-03 4.875000e-06 6.340174e-03 
4.625000e-06 7.003889e-03 4.625000e-06 6.770289e-03 4.625000e-06 6.682777e-03 
4.375000e-06 7.380473e-03 4.375000e-06 7.126298e-03 4.375000e-06 7.053595e-03 
4.125000e-06 7.665764e-03 4.125000e-06 7.500720e-03 4.125000e-06 7.275278e-03 
3.900000e-06 7.965321e-03 3.900000e-06 7.862866e-03 3.900000e-06 7.505025e-03 
3.700000e-06 8.316226e-03 3.700000e-06 8.237288e-03 3.700000e-06 7.811353e-03 
3.500000e-06 8.735606e-03 3.500000e-06 8.660815e-03 3.500000e-06 8.202322e-03 
3.300000e-06 9.223452e-03 3.300000e-06 9.139584e-03 3.300000e-06 8.661814e-03 
3.100000e-06 9.779769e-03 3.100000e-06 9.685872e-03 3.100000e-06 9.201918e-03 
2.900000e-06 1.044735e-02 2.900000e-06 1.031195e-02 2.900000e-06 9.814573e-03 
2.750000e-06 1.103505e-02 2.750000e-06 1.083983e-02 2.750000e-06 1.033049e-02 
2.625000e-06 1.158281e-02 2.625000e-06 1.133087e-02 2.625000e-06 1.081014e-02 
2.475000e-06 1.231886e-02 2.475000e-06 1.198765e-02 2.475000e-06 1.145504e-02 
2.350000e-06 1.300070e-02 2.350000e-06 1.259532e-02 2.350000e-06 1.205560e-02 
2.250000e-06 1.360552e-02 2.250000e-06 1.312933e-02 2.250000e-06 1.258361e-02 
2.150000e-06 1.426739e-02 2.150000e-06 1.371245e-02 2.150000e-06 1.316402e-02 
2.050000e-06 1.499774e-02 2.050000e-06 1.435080e-02 2.050000e-06 1.380086e-02 
1.950000e-06 1.575946e-02 1.950000e-06 1.507510e-02 1.950000e-06 1.450622e-02 
1.850000e-06 1.655828e-02 1.850000e-06 1.588532e-02 1.850000e-06 1.528413e-02 
1.750000e-06 1.744553e-02 1.750000e-06 1.679376e-02 1.750000e-06 1.615475e-02 
1.650000e-06 1.843549e-02 1.650000e-06 1.781267e-02 1.650000e-06 1.713016e-02 
1.550000e-06 1.955098e-02 1.550000e-06 1.896049e-02 1.550000e-06 1.823052e-02 
1.462500e-06 2.064079e-02 1.462500e-06 2.009604e-02 1.462500e-06 1.931073e-02 
1.387500e-06 2.168781e-02 1.387500e-06 2.118247e-02 1.387500e-06 2.035063e-02 
1.312500e-06 2.285180e-02 1.312500e-06 2.239167e-02 1.312500e-06 2.150742e-02 
1.237500e-06 2.414986e-02 1.237500e-06 2.374819e-02 1.237500e-06 2.280528e-02 
1.175000e-06 2.535379e-02 1.175000e-06 2.501263e-02 1.175000e-06 2.401043e-02 
1.125000e-06 2.640937e-02 1.125000e-06 2.612362e-02 1.125000e-06 2.507049e-02 
1.075000e-06 2.756195e-02 1.075000e-06 2.734509e-02 1.075000e-06 2.622728e-02 
1.025000e-06 2.881437e-02 1.025000e-06 2.868319e-02 1.025000e-06 2.750096e-02 
9.800000e-07 3.006965e-02 9.800000e-07 3.002743e-02 9.800000e-07 2.876657e-02 
9.399999e-07 3.129640e-02 9.399999e-07 3.137167e-02 9.399999e-07 2.999188e-02 
9.000000e-07 3.260874e-02 9.000000e-07 3.283253e-02 9.000000e-07 3.133006e-02 
8.600000e-07 3.406373e-02 8.600000e-07 3.444070e-02 8.600000e-07 3.278914e-02 
8.200000e-07 3.563282e-02 8.200000e-07 3.620847e-02 8.200000e-07 3.438526e-02 
7.800000e-07 3.737310e-02 7.800000e-07 3.816651e-02 7.800000e-07 3.615471e-02 
7.400000e-07 3.928455e-02 7.400000e-07 4.033939e-02 7.400000e-07 3.810554e-02 
7.050000e-07 4.113893e-02 7.050000e-07 4.249999e-02 7.050000e-07 4.008457e-02 
6.750000e-07 4.282215e-02 6.750000e-07 4.471583e-02 6.750000e-07 4.224095e-02 
6.450000e-07 4.467654e-02 6.450000e-07 4.726313e-02 6.450000e-07 4.486085e-02 
6.150000e-07 4.667358e-02 6.150000e-07 5.009278e-02 6.150000e-07 4.780322e-02 
5.875000e-07 4.869914e-02 5.875000e-07 5.297153e-02 5.875000e-07 5.074557e-02 
5.625000e-07 5.069618e-02 5.625000e-07 5.588711e-02 5.625000e-07 5.372823e-02 
5.375000e-07 5.286438e-02 5.375000e-07 5.912187e-02 5.375000e-07 5.703335e-02 
5.125000e-07 5.523231e-02 5.125000e-07 6.273106e-02 5.125000e-07 6.070122e-02 
4.875000e-07 5.797109e-02 4.875000e-07 6.715047e-02 4.875000e-07 6.469154e-02 
4.625000e-07 6.110929e-02 4.625000e-07 7.261335e-02 4.625000e-07 6.904461e-02 
4.375000e-07 6.461836e-02 4.375000e-07 7.881280e-02 4.375000e-07 7.396197e-02 
4.125000e-07 6.858391e-02 4.125000e-07 8.605573e-02 4.125000e-07 7.956456e-02 
3.900000e-07 7.257799e-02 3.900000e-07 9.360556e-02 3.900000e-07 8.524773e-02 
3.700000e-07 7.654352e-02 3.700000e-07 1.014623e-01 3.700000e-07 9.101152e-02 
3.500000e-07 8.105112e-02 3.500000e-07 1.104852e-01 3.500000e-07 9.762175e-02 
3.300000e-07 8.612930e-02 3.300000e-07 1.207358e-01 3.300000e-07 1.054815e-01 
3.100000e-07 9.189218e-02 3.100000e-07 1.325209e-01 3.100000e-07 1.147922e-01 
2.900000e-07 9.839681e-02 2.900000e-07 1.470067e-01 2.900000e-07 1.280933e-01 
2.750000e-07 1.039029e-01 2.750000e-07 1.600194e-01 2.750000e-07 1.424020e-01 
2.625000e-07 1.090382e-01 2.625000e-07 1.723570e-01 2.625000e-07 1.569122e-01 
2.475000e-07 1.155998e-01 2.475000e-07 1.892980e-01 2.475000e-07 1.756143e-01 
2.350000e-07 1.214768e-01 2.350000e-07 2.056253e-01 2.350000e-07 1.920593e-01 
2.250000e-07 1.266121e-01 2.250000e-07 2.205408e-01 2.250000e-07 2.067711e-01 
2.150000e-07 1.322038e-01 2.150000e-07 2.372977e-01 2.150000e-07 2.228936e-01 
2.050000e-07 1.382805e-01 2.050000e-07 2.562644e-01 2.050000e-07 2.409911e-01 
1.950000e-07 1.452130e-01 1.950000e-07 2.777476e-01 1.950000e-07 2.618698e-01 
1.850000e-07 1.532012e-01 1.850000e-07 3.022999e-01 1.850000e-07 2.860132e-01 
1.750000e-07 1.621308e-01 1.750000e-07 3.305350e-01 1.750000e-07 3.139051e-01 
1.650000e-07 1.720874e-01 1.650000e-07 3.633123e-01 1.650000e-07 3.464726e-01 
1.550000e-07 1.833850e-01 1.550000e-07 4.017366e-01 1.550000e-07 3.848441e-01 
1.462500e-07 1.945113e-01 1.462500e-07 4.409589e-01 1.462500e-07 4.240218e-01 
1.387500e-07 2.052097e-01 1.387500e-07 4.798742e-01 1.387500e-07 4.635219e-01 
1.312500e-07 2.171348e-01 1.312500e-07 5.247436e-01 1.312500e-07 5.086650e-01 
1.237500e-07 2.305150e-01 1.237500e-07 5.769171e-01 1.237500e-07 5.614661e-01 
1.175000e-07 2.429536e-01 1.175000e-07 6.266968e-01 1.175000e-07 6.126551e-01 
1.125000e-07 2.539373e-01 1.125000e-07 6.721185e-01 1.125000e-07 6.590073e-01 
1.075000e-07 2.659196e-01 1.075000e-07 7.230645e-01 1.075000e-07 7.114053e-01 
1.025000e-07 2.791285e-01 1.025000e-07 7.807624e-01 1.025000e-07 7.710587e-01 
9.800000e-08 2.924231e-01 9.800000e-08 8.335497e-01 9.800000e-08 8.399823e-01 
9.400000e-08 3.055464e-01 9.400000e-08 8.789714e-01 9.400000e-08 9.197888e-01 
9.000000e-08 3.200963e-01 9.000000e-08 9.293036e-01 9.000000e-08 1.010881e+00 
8.600000e-08 3.357873e-01 8.600000e-08 9.845462e-01 8.600000e-08 1.115677e+00 
8.200000e-08 3.531900e-01 8.200000e-08 1.045927e+00 8.200000e-08 1.237402e+00 
7.800000e-08 3.725898e-01 7.800000e-08 1.114673e+00 7.800000e-08 1.379683e+00 
7.400000e-08 3.939866e-01 7.400000e-08 1.192013e+00 7.400000e-08 1.547357e+00 
7.050000e-08 4.142422e-01 7.050000e-08 1.268739e+00 7.050000e-08 1.695684e+00 
6.750000e-08 4.322156e-01 6.750000e-08 1.344237e+00 6.750000e-08 1.764205e+00 
6.450000e-08 4.510448e-01 6.450000e-08 1.429556e+00 6.450000e-08 1.788388e+00 
6.150000e-08 4.715857e-01 6.150000e-08 1.524696e+00 6.150000e-08 1.814587e+00 
5.875000e-08 4.921267e-01 5.875000e-08 1.621678e+00 5.875000e-08 1.839578e+00 
5.625000e-08 5.123823e-01 5.625000e-08 1.719887e+00 5.625000e-08 1.863761e+00 
5.375000e-08 5.346351e-01 5.375000e-08 1.829144e+00 5.375000e-08 1.889960e+00 
5.125000e-08 5.588847e-01 5.125000e-08 1.951292e+00 5.125000e-08 1.917369e+00 
4.875000e-08 5.857021e-01 4.875000e-08 2.064846e+00 4.875000e-08 1.977425e+00 
4.625000e-08 6.133752e-01 4.625000e-08 2.162441e+00 4.625000e-08 2.070532e+00 
4.375000e-08 6.404779e-01 4.375000e-08 2.258195e+00 4.375000e-08 2.161221e+00 
4.125000e-08 6.667247e-01 4.125000e-08 2.350266e+00 4.125000e-08 2.248686e+00 
3.900000e-08 6.889774e-01 3.900000e-08 2.429448e+00 3.900000e-08 2.323656e+00 
3.700000e-08 7.075213e-01 3.700000e-08 2.494511e+00 3.700000e-08 2.386131e+00 
3.500000e-08 7.246386e-01 3.500000e-08 2.554050e+00 3.500000e-08 2.442559e+00 
3.300000e-08 7.394738e-01 3.300000e-08 2.606224e+00 3.300000e-08 2.492942e+00 
3.100000e-08 7.517413e-01 3.100000e-08 2.649804e+00 3.100000e-08 2.534861e+00 
2.900000e-08 7.611559e-01 2.900000e-08 2.682950e+00 2.900000e-08 2.567105e+00 
2.750000e-08 7.662911e-01 2.750000e-08 2.700750e+00 2.750000e-08 2.584437e+00 
2.625000e-08 7.685735e-01 2.625000e-08 2.708116e+00 2.625000e-08 2.591692e+00 
2.475000e-08 7.688587e-01 2.475000e-08 2.708730e+00 2.475000e-08 2.592901e+00 
2.350000e-08 7.674323e-01 2.350000e-08 2.703206e+00 2.350000e-08 2.587662e+00 
2.250000e-08 7.642941e-01 2.250000e-08 2.692157e+00 2.250000e-08 2.577585e+00 
2.150000e-08 7.600148e-01 2.150000e-08 2.676198e+00 2.150000e-08 2.562268e+00 
2.050000e-08 7.537383e-01 2.050000e-08 2.654715e+00 2.050000e-08 2.542115e+00 
1.950000e-08 7.460355e-01 1.950000e-08 2.627093e+00 1.950000e-08 2.516320e+00 
1.850000e-08 7.363356e-01 1.850000e-08 2.592720e+00 1.850000e-08 2.484075e+00 
1.750000e-08 7.246386e-01 1.750000e-08 2.551595e+00 1.750000e-08 2.444977e+00 
1.650000e-08 7.109447e-01 1.650000e-08 2.503104e+00 1.650000e-08 2.399028e+00 
1.550000e-08 6.946831e-01 1.550000e-08 2.446021e+00 1.550000e-08 2.345421e+00 
1.462500e-08 6.787068e-01 1.462500e-08 2.389550e+00 1.462500e-08 2.291008e+00 
1.387500e-08 6.633011e-01 1.387500e-08 2.335535e+00 1.387500e-08 2.239012e+00 
1.312500e-08 6.464690e-01 1.312500e-08 2.275382e+00 1.312500e-08 2.182180e+00 
1.237500e-08 6.279250e-01 1.237500e-08 2.209704e+00 1.237500e-08 2.118900e+00 
1.175000e-08 6.110929e-01 1.175000e-08 2.150779e+00 1.175000e-08 2.062068e+00 
1.125000e-08 5.968285e-01 1.125000e-08 2.100447e+00 1.125000e-08 2.014103e+00 
1.075000e-08 5.817080e-01 1.075000e-08 2.047046e+00 1.075000e-08 1.962914e+00 
1.025000e-08 5.657318e-01 1.025000e-08 1.991190e+00 1.025000e-08 1.908904e+00 
9.800000e-09 5.506113e-01 9.800000e-09 1.937788e+00 9.800000e-09 1.858521e+00 
9.400000e-09 5.366320e-01 9.400000e-09 1.888684e+00 9.400000e-09 1.811363e+00 
9.000000e-09 5.220822e-01 9.000000e-09 1.837124e+00 9.000000e-09 1.761786e+00 
8.600000e-09 5.066765e-01 8.600000e-09 1.783109e+00 8.600000e-09 1.710597e+00 
8.200000e-09 4.909855e-01 8.200000e-09 1.727252e+00 8.200000e-09 1.656990e+00 
7.800000e-09 4.744386e-01 7.800000e-09 1.669555e+00 7.800000e-09 1.601367e+00 
7.400000e-09 4.573212e-01 7.400000e-09 1.609402e+00 7.400000e-09 1.543730e+00 
7.050000e-09 4.416301e-01 7.050000e-09 1.554159e+00 7.050000e-09 1.491331e+00 
6.750000e-09 4.279363e-01 6.750000e-09 1.506282e+00 6.750000e-09 1.444576e+00 
6.450000e-09 4.139569e-01 6.450000e-09 1.455950e+00 6.450000e-09 1.396612e+00 
6.150000e-09 3.994071e-01 6.150000e-09 1.405004e+00 6.150000e-09 1.347438e+00 
5.875000e-09 3.857132e-01 5.875000e-09 1.356513e+00 5.875000e-09 1.301086e+00 
5.625000e-09 3.728751e-01 5.625000e-09 1.311705e+00 5.625000e-09 1.257958e+00 
5.375000e-09 3.597517e-01 5.375000e-09 1.266284e+00 5.375000e-09 1.214427e+00 
5.125000e-09 3.466283e-01 5.125000e-09 1.219020e+00 5.125000e-09 1.169284e+00 
4.875000e-09 3.329344e-01 4.875000e-09 1.171143e+00 4.875000e-09 1.123738e+00 
4.625000e-09 3.189551e-01 4.625000e-09 1.122653e+00 4.625000e-09 1.076580e+00 
4.375000e-09 3.046906e-01 4.375000e-09 1.072320e+00 4.375000e-09 1.028213e+00 
4.125000e-09 2.901407e-01 4.125000e-09 1.020761e+00 4.125000e-09 9.794419e-01 
3.900000e-09 2.768463e-01 3.900000e-09 9.741115e-01 3.900000e-09 9.342989e-01 
3.700000e-09 2.647213e-01 3.700000e-09 9.311451e-01 3.700000e-09 8.931866e-01 
3.500000e-09 2.523968e-01 3.500000e-09 8.881785e-01 3.500000e-09 8.516710e-01 
3.300000e-09 2.398725e-01 3.300000e-09 8.439844e-01 3.300000e-09 8.093497e-01 
3.100000e-09 2.271200e-01 3.100000e-09 7.991765e-01 3.100000e-09 7.662218e-01 
2.900000e-09 2.141678e-01 2.900000e-09 7.531410e-01 2.900000e-09 7.222881e-01 
2.750000e-09 2.042968e-01 2.750000e-09 7.187678e-01 2.750000e-09 6.892370e-01 
2.625000e-09 1.959663e-01 2.625000e-09 6.893051e-01 2.625000e-09 6.610225e-01 
2.475000e-09 1.858670e-01 2.475000e-09 6.537043e-01 2.475000e-09 6.271653e-01 
2.350000e-09 1.773653e-01 2.350000e-09 6.242416e-01 2.350000e-09 5.985479e-01 
2.250000e-09 1.704898e-01 2.250000e-09 5.998734e-01 2.250000e-09 5.751703e-01 
2.150000e-09 1.635572e-01 2.150000e-09 5.754439e-01 2.150000e-09 5.517926e-01 
2.050000e-09 1.565676e-01 2.050000e-09 5.508916e-01 2.050000e-09 5.284150e-01 
1.950000e-09 1.495209e-01 1.950000e-09 5.260939e-01 1.950000e-09 5.046343e-01 
1.850000e-09 1.424172e-01 1.850000e-09 5.010506e-01 1.850000e-09 4.804506e-01 
1.750000e-09 1.352564e-01 1.750000e-09 4.758845e-01 1.750000e-09 4.562668e-01 
1.650000e-09 1.280385e-01 1.650000e-09 4.504729e-01 1.650000e-09 4.320831e-01 
1.550000e-09 1.207636e-01 1.550000e-09 4.248157e-01 1.550000e-09 4.070932e-01 
1.462500e-09 1.143446e-01 1.462500e-09 4.021662e-01 1.462500e-09 3.855697e-01 
1.387500e-09 1.087814e-01 1.387500e-09 3.827086e-01 1.387500e-09 3.668675e-01 
1.312500e-09 1.032182e-01 1.312500e-09 3.630668e-01 1.312500e-09 3.480445e-01 
1.237500e-09 9.759799e-02 1.237500e-09 3.433636e-01 1.237500e-09 3.291812e-01 
1.175000e-09 9.291922e-02 1.175000e-09 3.268521e-01 1.175000e-09 3.134214e-01 
1.125000e-09 8.912485e-02 1.125000e-09 3.135939e-01 1.125000e-09 3.006847e-01 
1.075000e-09 8.533048e-02 1.075000e-09 3.002129e-01 1.075000e-09 2.878673e-01 
1.025000e-09 8.153611e-02 1.025000e-09 2.868320e-01 1.025000e-09 2.750499e-01 
9.800000e-10 7.808410e-02 9.800000e-10 2.747400e-01 9.800000e-10 2.634820e-01 
9.400000e-10 7.503148e-02 9.400000e-10 2.639369e-01 9.400000e-10 2.531233e-01 
9.000000e-10 7.195035e-02 9.000000e-10 2.531340e-01 9.000000e-10 2.427243e-01 
8.600000e-10 6.886920e-02 8.600000e-10 2.422696e-01 8.600000e-10 2.323252e-01 
8.200000e-10 6.575954e-02 8.200000e-10 2.313438e-01 8.200000e-10 2.218456e-01 
7.800000e-10 6.264986e-02 7.800000e-10 2.204181e-01 7.800000e-10 2.112854e-01 
7.400000e-10 5.954019e-02 7.400000e-10 2.094309e-01 7.400000e-10 2.007251e-01 
7.050000e-10 5.680140e-02 7.050000e-10 1.997941e-01 7.050000e-10 1.914950e-01 
6.750000e-10 5.443348e-02 6.750000e-10 1.915077e-01 6.750000e-10 1.835950e-01 
6.450000e-10 5.209411e-02 6.450000e-10 1.832213e-01 6.450000e-10 1.756144e-01 
6.150000e-10 4.972619e-02 6.150000e-10 1.748736e-01 6.150000e-10 1.676337e-01 
5.875000e-10 4.755798e-02 5.875000e-10 1.672624e-01 5.875000e-10 1.603383e-01 
5.625000e-10 4.556094e-02 5.625000e-10 1.602650e-01 5.625000e-10 1.536475e-01 
5.375000e-10 4.359244e-02 5.375000e-10 1.533290e-01 5.375000e-10 1.469566e-01 
5.125000e-10 4.159540e-02 5.125000e-10 1.463316e-01 5.125000e-10 1.403061e-01 
4.875000e-10 3.959837e-02 4.875000e-10 1.393341e-01 4.875000e-10 1.336152e-01 
4.625000e-10 3.762986e-02 4.625000e-10 1.323368e-01 4.625000e-10 1.268841e-01 
4.375000e-10 3.563282e-02 4.375000e-10 1.253394e-01 4.375000e-10 1.201530e-01 
4.125000e-10 3.360726e-02 4.125000e-10 1.182806e-01 4.125000e-10 1.134218e-01 
3.900000e-10 3.180993e-02 3.900000e-10 1.118970e-01 3.900000e-10 1.072952e-01 
3.700000e-10 3.021230e-02 3.700000e-10 1.062500e-01 3.700000e-10 1.018539e-01 
3.500000e-10 2.858614e-02 3.500000e-10 1.006029e-01 3.500000e-10 9.641257e-02 
3.300000e-10 2.697995e-02 3.300000e-10 9.489454e-02 3.300000e-10 9.097122e-02 
3.100000e-10 2.536521e-02 3.100000e-10 8.924752e-02 3.100000e-10 8.552987e-02 
2.900000e-10 2.374761e-02 2.900000e-10 8.353912e-02 2.900000e-10 8.008853e-02 
2.750000e-10 2.253227e-02 2.750000e-10 7.924247e-02 2.750000e-10 7.597730e-02 
2.625000e-10 2.151949e-02 2.625000e-10 7.568238e-02 2.625000e-10 7.259157e-02 
2.475000e-10 2.030130e-02 2.475000e-10 7.144712e-02 2.475000e-10 6.848033e-02 
2.350000e-10 1.928566e-02 2.350000e-10 6.782565e-02 2.350000e-10 6.505429e-02 
2.250000e-10 1.847258e-02 2.250000e-10 6.500215e-02 2.250000e-10 6.231347e-02 
2.150000e-10 1.765950e-02 2.150000e-10 6.211725e-02 2.150000e-10 5.957264e-02 
2.050000e-10 1.684357e-02 2.050000e-10 5.925692e-02 2.050000e-10 5.679150e-02 
1.950000e-10 1.602764e-02 1.950000e-10 5.638430e-02 1.950000e-10 5.405069e-02 
1.850000e-10 1.521171e-02 1.850000e-10 5.351168e-02 1.850000e-10 5.130986e-02 
1.750000e-10 1.439578e-02 1.750000e-10 5.063906e-02 1.750000e-10 4.852873e-02 
1.650000e-10 1.357984e-02 1.650000e-10 4.776645e-02 1.650000e-10 4.578790e-02 
1.550000e-10 1.276106e-02 1.550000e-10 4.488770e-02 1.550000e-10 4.300677e-02 
1.462500e-10 1.204498e-02 1.462500e-10 4.237109e-02 1.462500e-10 4.062871e-02 
1.387500e-10 1.143160e-02 1.387500e-10 4.021049e-02 1.387500e-10 3.854487e-02 
1.312500e-10 1.081537e-02 1.312500e-10 3.804989e-02 1.312500e-10 3.648119e-02 
1.237500e-10 1.020200e-02 1.237500e-10 3.588929e-02 1.237500e-10 3.440945e-02 
1.175000e-10 9.688475e-03 1.175000e-10 3.408470e-02 1.175000e-10 3.268031e-02 
1.125000e-10 9.277657e-03 1.125000e-10 3.264225e-02 1.125000e-10 3.129781e-02 
1.075000e-10 8.866839e-03 1.075000e-10 3.119366e-02 1.075000e-10 2.990321e-02 
1.025000e-10 8.456020e-03 1.025000e-10 2.975122e-02 1.025000e-10 2.852071e-02 
