
   0.1025000E-09       374.9743    
   0.1075000E-09       357.5452    
   0.1125000E-09       341.6101    
   0.1175000E-09       327.0692    
   0.1237500E-09       310.6361    
   0.1312500E-09       292.9083    
   0.1387500E-09       277.0727    
   0.1462500E-09       262.8306    
   0.1550000E-09       247.9910    
   0.1650000E-09       232.9522    
   0.1750000E-09       219.7061    
   0.1850000E-09       207.7547    
   0.1950000E-09       197.0981    
   0.2050000E-09       187.5370    
   0.2150000E-09       178.7726    
   0.2250000E-09       170.8050    
   0.2350000E-09       163.5346    
   0.2475000E-09       155.3678    
   0.2625000E-09       146.4043    
   0.2750000E-09       139.7315    
   0.2900000E-09       132.5607    
   0.3100000E-09       123.9955    
   0.3300000E-09       116.5259    
   0.3500000E-09       109.8530    
   0.3700000E-09       103.8773    
   0.3900000E-09       98.55898    
   0.4125000E-09       93.19083    
   0.4375000E-09       87.86251    
   0.4625000E-09       83.11183    
   0.4875000E-09       78.84919    
   0.5125000E-09       74.99487    
   0.5375000E-09       71.50905    
   0.5625000E-09       68.33198    
   0.5875000E-09       65.42381    
   0.6150000E-09       62.49572    
   0.6450000E-09       59.58755    
   0.6750000E-09       56.93833    
   0.7050000E-09       54.51818    
   0.7400000E-09       51.94864    
   0.7800000E-09       49.27949    
   0.8200000E-09       46.87926    
   0.8600000E-09       44.69814    
   0.9000000E-09       42.70624    
   0.9400000E-09       40.89361    
   0.9800000E-09       39.22042    
   0.1025000E-08       37.49743    
   0.1075000E-08       35.75452    
   0.1125000E-08       34.16101    
   0.1175000E-08       32.70692    
   0.1237500E-08       31.06361    
   0.1312500E-08       29.29083    
   0.1387500E-08       27.70727    
   0.1462500E-08       26.28306    
   0.1550000E-08       24.79910    
   0.1650000E-08       23.29522    
   0.1750000E-08       21.97061    
   0.1850000E-08       20.77547    
   0.1950000E-08       19.70981    
   0.2050000E-08       18.75370    
   0.2150000E-08       17.87726    
   0.2250000E-08       17.08050    
   0.2350000E-08       16.35346    
   0.2475000E-08       15.53678    
   0.2625000E-08       14.64043    
   0.2750000E-08       13.97315    
   0.2900000E-08       13.25607    
   0.3100000E-08       12.39955    
   0.3300000E-08       11.65259    
   0.3500000E-08       10.98530    
   0.3700000E-08       10.38774    
   0.3900000E-08       9.855898    
   0.4125000E-08       9.319083    
   0.4375000E-08       8.786251    
   0.4625000E-08       8.311184    
   0.4875000E-08       7.884919    
   0.5125000E-08       7.499486    
   0.5375000E-08       7.150905    
   0.5625000E-08       6.833198    
   0.5875000E-08       6.542381    
   0.6150000E-08       6.249572    
   0.6450000E-08       5.958755    
   0.6750000E-08       5.693833    
   0.7050000E-08       5.451818    
   0.7400000E-08       5.194864    
   0.7800000E-08       4.927949    
   0.8200000E-08       4.687926    
   0.8600000E-08       4.469813    
   0.9000000E-08       4.270624    
   0.9400000E-08       4.089362    
   0.9800000E-08       3.922042    
   0.1025000E-07       3.749743    
   0.1075000E-07       3.575452    
   0.1125000E-07       3.416101    
   0.1175000E-07       3.270693    
   0.1237500E-07       3.106361    
   0.1312500E-07       2.929082    
   0.1387500E-07       2.770727    
   0.1462500E-07       2.628306    
   0.1550000E-07       2.479910    
   0.1650000E-07       2.329521    
   0.1750000E-07       2.197061    
   0.1850000E-07       2.077547    
   0.1950000E-07       1.970981    
   0.2050000E-07       1.875370    
   0.2150000E-07       1.787726    
   0.2250000E-07       1.708050    
   0.2350000E-07       1.635346    
   0.2475000E-07       1.553679    
   0.2625000E-07       1.464043    
   0.2750000E-07       1.397315    
   0.2900000E-07       1.325606    
   0.3100000E-07       1.239955    
   0.3300000E-07       1.165259    
   0.3500000E-07       1.098530    
   0.3700000E-07       1.038774    
   0.3900000E-07      0.9855899    
   0.4125000E-07      0.9319082    
   0.4375000E-07      0.8786250    
   0.4625000E-07      0.8311185    
   0.4875000E-07      0.7884918    
   0.5125000E-07      0.7499487    
   0.5375000E-07      0.7150905    
   0.5625000E-07      0.6833197    
   0.5875000E-07      0.6542380    
   0.6150000E-07      0.6249572    
   0.6450000E-07      0.5958756    
   0.6750000E-07      0.5693833    
   0.7050000E-07      0.5451818    
   0.7400000E-07      0.5194864    
   0.7800000E-07      0.4927949    
   0.8200000E-07      0.4687926    
   0.8600000E-07      0.4469814    
   0.9000000E-07      0.4270624    
   0.9400000E-07      0.4089361    
   0.9800000E-07      0.3922042    
   0.1025000E-06      0.3749743    
   0.1075000E-06      0.3575453    
   0.1125000E-06      0.3416101    
   0.1175000E-06      0.3270693    
   0.1237500E-06      0.3106361    
   0.1312500E-06      0.2929082    
   0.1387500E-06      0.2770726    
   0.1462500E-06      0.2628306    
   0.1550000E-06      0.2479910    
   0.1650000E-06      0.2329522    
   0.1750000E-06      0.2197061    
   0.1850000E-06      0.2077547    
   0.1950000E-06      0.1970981    
   0.2050000E-06      0.1875370    
   0.2150000E-06      0.1787726    
   0.2250000E-06      0.1708051    
   0.2350000E-06      0.1635346    
   0.2475000E-06      0.1553678    
   0.2625000E-06      0.1464043    
   0.2750000E-06      0.1397315    
   0.2900000E-06      0.1325606    
   0.3100000E-06      0.1239955    
   0.3300000E-06      0.1165259    
   0.3500000E-06      0.1098530    
   0.3700000E-06      0.1038773    
   0.3900000E-06      0.9855898E-01
   0.4125000E-06      0.9319083E-01
   0.4375000E-06      0.8786251E-01
   0.4625000E-06      0.8311184E-01
   0.4875000E-06      0.7884918E-01
   0.5125000E-06      0.7499487E-01
   0.5375000E-06      0.7150905E-01
   0.5625000E-06      0.6833197E-01
   0.5875000E-06      0.6542380E-01
   0.6150000E-06      0.6249572E-01
   0.6450000E-06      0.5958755E-01
   0.6750000E-06      0.5693834E-01
   0.7050000E-06      0.5451818E-01
   0.7400000E-06      0.5194864E-01
   0.7800000E-06      0.4927949E-01
   0.8200000E-06      0.4687926E-01
   0.8600000E-06      0.4469813E-01
   0.9000000E-06      0.4270624E-01
   0.9399999E-06      0.4089362E-01
   0.9800000E-06      0.3922042E-01
   0.1025000E-05      0.3749743E-01
   0.1075000E-05      0.3575452E-01
   0.1125000E-05      0.3416101E-01
   0.1175000E-05      0.3270692E-01
   0.1237500E-05      0.3106361E-01
   0.1312500E-05      0.2929083E-01
   0.1387500E-05      0.2770727E-01
   0.1462500E-05      0.2628306E-01
   0.1550000E-05      0.2479910E-01
   0.1650000E-05      0.2329522E-01
   0.1750000E-05      0.2197061E-01
   0.1850000E-05      0.2077547E-01
   0.1950000E-05      0.1970981E-01
   0.2050000E-05      0.1875370E-01
   0.2150000E-05      0.1787726E-01
   0.2250000E-05      0.1708050E-01
   0.2350000E-05      0.1635346E-01
   0.2475000E-05      0.1553679E-01
   0.2625000E-05      0.1464043E-01
   0.2750000E-05      0.1397315E-01
   0.2900000E-05      0.1325606E-01
   0.3100000E-05      0.1239955E-01
   0.3300000E-05      0.1165259E-01
   0.3500000E-05      0.1098530E-01
   0.3700000E-05      0.1038774E-01
   0.3900000E-05      0.9855898E-02
   0.4125000E-05      0.9319083E-02
   0.4375000E-05      0.8786251E-02
   0.4625000E-05      0.8311183E-02
   0.4875000E-05      0.7884919E-02
   0.5125000E-05      0.7499486E-02
   0.5375000E-05      0.7150905E-02
   0.5625000E-05      0.6833197E-02
   0.5875000E-05      0.6542381E-02
   0.6150000E-05      0.6249572E-02
   0.6450000E-05      0.5958756E-02
   0.6750000E-05      0.5693833E-02
   0.7050000E-05      0.5451818E-02
   0.7400000E-05      0.5194863E-02
   0.7800000E-05      0.4927949E-02
   0.8200001E-05      0.4687926E-02
   0.8600000E-05      0.4469813E-02
   0.8999999E-05      0.4270624E-02
   0.9400001E-05      0.4089362E-02
   0.9800000E-05      0.3922042E-02
   0.1025000E-04      0.3749743E-02
   0.1075000E-04      0.3575452E-02
   0.1125000E-04      0.3416101E-02
   0.1175000E-04      0.3270692E-02
   0.1237500E-04      0.3106361E-02
   0.1312500E-04      0.2929082E-02
   0.1387500E-04      0.2770727E-02
   0.1462500E-04      0.2628306E-02
   0.1550000E-04      0.2479910E-02
   0.1650000E-04      0.2329522E-02
   0.1750000E-04      0.2197061E-02
   0.1850000E-04      0.2077547E-02
   0.1950000E-04      0.1970981E-02
   0.2050000E-04      0.1875369E-02
   0.2150000E-04      0.1787726E-02
   0.2250000E-04      0.1708050E-02
   0.2350000E-04      0.1635346E-02
   0.2475000E-04      0.1553679E-02
   0.2625000E-04      0.1464043E-02
   0.2750000E-04      0.1397315E-02
   0.2900000E-04      0.1325606E-02
   0.3100000E-04      0.1239955E-02
   0.3300000E-04      0.1165259E-02
   0.3500000E-04      0.1098530E-02
   0.3700000E-04      0.1038774E-02
   0.3900000E-04      0.9855899E-03
   0.4125000E-04      0.9319083E-03
   0.4375000E-04      0.8786251E-03
   0.4625000E-04      0.8311184E-03
   0.4875000E-04      0.7884919E-03
   0.5125000E-04      0.7499487E-03
   0.5375000E-04      0.7150904E-03
   0.5625000E-04      0.6833197E-03
   0.5875000E-04      0.6542381E-03
   0.6150000E-04      0.6249572E-03
   0.6450000E-04      0.5958756E-03
   0.6750000E-04      0.5693833E-03
   0.7050000E-04      0.5451818E-03
   0.7400000E-04      0.5194863E-03
   0.7800000E-04      0.4927950E-03
   0.8200000E-04      0.4687926E-03
   0.8600000E-04      0.4469813E-03
   0.9000000E-04      0.4270624E-03
   0.9400000E-04      0.4089361E-03
   0.9800000E-04      0.3922042E-03
   0.1025000E-03      0.3749743E-03
   0.1075000E-03      0.3575452E-03
   0.1125000E-03      0.3416101E-03
   0.1175000E-03      0.3270693E-03
   0.1237500E-03      0.3106361E-03
   0.1312500E-03      0.2929082E-03
   0.1387500E-03      0.2770727E-03
   0.1462500E-03      0.2628306E-03
   0.1550000E-03      0.2479910E-03
   0.1650000E-03      0.2329522E-03
   0.1750000E-03      0.2197061E-03
   0.1850000E-03      0.2077547E-03
   0.1950000E-03      0.1970981E-03
   0.2050000E-03      0.1875370E-03
   0.2150000E-03      0.1787726E-03
   0.2250000E-03      0.1708050E-03
   0.2350000E-03      0.1635346E-03
   0.2475000E-03      0.1553678E-03
   0.2625000E-03      0.1464043E-03
   0.2750000E-03      0.1397315E-03
   0.2900000E-03      0.1325607E-03
   0.3100000E-03      0.1239955E-03
   0.3300000E-03      0.1165259E-03
   0.3500000E-03      0.1098530E-03
   0.3700000E-03      0.1038773E-03
   0.3900000E-03      0.9855900E-04
   0.4125000E-03      0.9319083E-04
   0.4375000E-03      0.8786251E-04
   0.4625000E-03      0.8311183E-04
   0.4875000E-03      0.7884917E-04
   0.5125000E-03      0.7499487E-04
   0.5375000E-03      0.7150905E-04
   0.5625000E-03      0.6833198E-04
   0.5875000E-03      0.6542381E-04
   0.6150000E-03      0.6249572E-04
   0.6450000E-03      0.5958755E-04
   0.6750000E-03      0.5693833E-04
   0.7050000E-03      0.5451818E-04
   0.7400000E-03      0.5194863E-04
   0.7800000E-03      0.4927950E-04
   0.8200000E-03      0.4687926E-04
   0.8600000E-03      0.4469814E-04
   0.9000000E-03      0.4270624E-04
   0.9400000E-03      0.4089361E-04
   0.9800000E-03      0.3922042E-04
   0.1025000E-02      0.3749743E-04
   0.1075000E-02      0.3575453E-04
   0.1125000E-02      0.3416101E-04
   0.1175000E-02      0.3270692E-04
   0.1237500E-02      0.3106361E-04
   0.1312500E-02      0.2929082E-04
   0.1387500E-02      0.2770726E-04
   0.1462500E-02      0.2628306E-04
   0.1550000E-02      0.2479910E-04
   0.1650000E-02      0.2329522E-04
   0.1750000E-02      0.2197061E-04
   0.1850000E-02      0.2077547E-04
   0.1950000E-02      0.1970981E-04
   0.2050000E-02      0.1875370E-04
   0.2150000E-02      0.1787726E-04
   0.2250000E-02      0.1708050E-04
   0.2350000E-02      0.1635346E-04
   0.2475000E-02      0.1553679E-04
   0.2625000E-02      0.1464043E-04
   0.2750000E-02      0.1397315E-04
   0.2900000E-02      0.1325607E-04
   0.3100000E-02      0.1239955E-04
   0.3300000E-02      0.1165259E-04
   0.3500000E-02      0.1098530E-04
   0.3700000E-02      0.1038774E-04
   0.3900000E-02      0.9855898E-05
   0.4125000E-02      0.9319083E-05
   0.4375000E-02      0.8786250E-05
   0.4625000E-02      0.8311184E-05
   0.4875000E-02      0.7884918E-05
   0.5125000E-02      0.7499487E-05
   0.5375000E-02      0.7150905E-05
   0.5625000E-02      0.6833197E-05
   0.5875000E-02      0.6542381E-05
   0.6150000E-02      0.6249572E-05
   0.6450000E-02      0.5958755E-05
   0.6750000E-02      0.5693833E-05
   0.7050000E-02      0.5451817E-05
   0.7400000E-02      0.5194863E-05
   0.7800000E-02      0.4927949E-05
   0.8200000E-02      0.4687926E-05
   0.8600000E-02      0.4469813E-05
   0.9000000E-02      0.4270624E-05
   0.9400001E-02      0.4089361E-05
   0.9800000E-02      0.3922042E-05
   0.1025000E-01      0.3749743E-05
   0.1075000E-01      0.3575452E-05
   0.1125000E-01      0.3416101E-05
   0.1175000E-01      0.3270692E-05
   0.1237500E-01      0.3106361E-05
   0.1312500E-01      0.2929082E-05
   0.1387500E-01      0.2770727E-05
   0.1462500E-01      0.2628306E-05
   0.1550000E-01      0.2479910E-05
   0.1650000E-01      0.2329522E-05
   0.1750000E-01      0.2197061E-05
   0.1850000E-01      0.2077547E-05
   0.1950000E-01      0.1970981E-05
   0.2050000E-01      0.1875370E-05
   0.2150000E-01      0.1787726E-05
   0.2250000E-01      0.1708050E-05
   0.2350000E-01      0.1635346E-05
   0.2475000E-01      0.1553679E-05
   0.2625000E-01      0.1464043E-05
   0.2750000E-01      0.1397315E-05
   0.2900000E-01      0.1325606E-05
   0.3100000E-01      0.1239955E-05
   0.3300000E-01      0.1165259E-05
   0.3500000E-01      0.1098530E-05
   0.3700000E-01      0.1038773E-05
   0.3900000E-01      0.9855898E-06
   0.4125000E-01      0.9319082E-06
   0.4375000E-01      0.8786250E-06
   0.4625000E-01      0.8311184E-06
   0.4875000E-01      0.7884918E-06
   0.5125000E-01      0.7499487E-06
   0.5375000E-01      0.7150904E-06
   0.5625000E-01      0.6833197E-06
   0.5875000E-01      0.6542380E-06
   0.6150000E-01      0.6249572E-06
   0.6450000E-01      0.5958755E-06
   0.6750000E-01      0.5693832E-06
   0.7050000E-01      0.5451818E-06
   0.7400000E-01      0.5194864E-06
   0.7799999E-01      0.4927949E-06
   0.8200000E-01      0.4687926E-06
   0.8600000E-01      0.4469814E-06
   0.9000000E-01      0.4270624E-06
   0.9400000E-01      0.4089361E-06
   0.9800000E-01      0.3922042E-06
   0.1025000          0.3749743E-06
   0.1075000          0.3575452E-06
   0.1125000          0.3416101E-06
   0.1175000          0.3270692E-06
   0.1237500          0.3106361E-06
   0.1312500          0.2929082E-06
   0.1387500          0.2770727E-06
   0.1462500          0.2628306E-06
   0.1550000          0.2479910E-06
   0.1650000          0.2329522E-06
   0.1750000          0.2197061E-06
   0.1850000          0.2077547E-06
   0.1950000          0.1970981E-06
   0.2050000          0.1875370E-06
   0.2150000          0.1787726E-06
   0.2250000          0.1708050E-06
   0.2350000          0.1635346E-06
   0.2475000          0.1553679E-06
   0.2625000          0.1464043E-06
   0.2750000          0.1397315E-06
   0.2900000          0.1325606E-06
   0.3100000          0.1239955E-06
   0.3300000          0.1165259E-06
   0.3500000          0.1098530E-06
   0.3700000          0.1038773E-06
   0.3900000          0.9855898E-07
   0.4125000          0.9319083E-07
   0.4375000          0.8786250E-07
   0.4625000          0.8311183E-07
   0.4875000          0.7884919E-07
   0.5125000          0.7499487E-07
   0.5375000          0.7150905E-07
   0.5625000          0.6833197E-07
   0.5875000          0.6542381E-07
   0.6150000          0.6249572E-07
   0.6450000          0.5958755E-07
   0.6750000          0.5693834E-07
   0.7050000          0.5451818E-07
   0.7400000          0.5194863E-07
   0.7800000          0.4927949E-07
   0.8200000          0.4687926E-07
   0.8600000          0.4469813E-07
   0.9000000          0.4270624E-07
   0.9400000          0.4089361E-07
   0.9800000          0.3922042E-07
    1.050000          0.3663096E-07
    1.150000          0.3343397E-07
    1.250000          0.3076483E-07
    1.350000          0.2848410E-07
    1.450000          0.2651213E-07
    1.550000          0.2479910E-07
    1.650000          0.2329522E-07
    1.750000          0.2197061E-07
    1.850000          0.2077547E-07
    1.950000          0.1970981E-07
    2.050000          0.1875369E-07
    2.150000          0.1787726E-07
    2.250000          0.1708050E-07
    2.350000          0.1635346E-07
    2.450000          0.1568618E-07
    2.550000          0.1506869E-07
    2.650000          0.1450100E-07
    2.750000          0.1397315E-07
    2.850000          0.1348513E-07
    2.950000          0.1302700E-07
    3.050000          0.1259874E-07
    3.150000          0.1220036E-07
    3.250000          0.1182190E-07
    3.350000          0.1147332E-07
    3.450000          0.1114466E-07
    3.550000          0.1082595E-07
    3.650000          0.1052717E-07
    3.750000          0.1024830E-07
    3.850000          0.9979397E-08
    3.950000          0.9729414E-08
    4.050000          0.9489390E-08
    4.150000          0.9260321E-08
    4.250000          0.9042210E-08
    4.350000          0.8835052E-08
    4.450000          0.8635863E-08
    4.550000          0.8446633E-08
    4.650000          0.8264374E-08
    4.750000          0.8091080E-08
    4.850000          0.7923759E-08
    4.950000          0.7763413E-08
    5.050000          0.7610037E-08
    5.150000          0.7462637E-08
    5.250000          0.7320216E-08
    5.350000          0.7183771E-08
    5.450000          0.7051310E-08
    5.550000          0.6924825E-08
    5.650000          0.6802323E-08
    5.750000          0.6683805E-08
    5.850000          0.6569271E-08
    5.950000          0.6458721E-08
    6.050000          0.6352154E-08
    6.150000          0.6248575E-08
    6.250000          0.6148981E-08
    6.350000          0.6052374E-08
    6.450000          0.5957760E-08
    6.550000          0.5867128E-08
    6.650000          0.5779486E-08
    6.750000          0.5693834E-08
    6.850000          0.5610173E-08
    6.950000          0.5529502E-08
    7.050000          0.5450822E-08
    7.150000          0.5375130E-08
    7.250000          0.5300434E-08
    7.350000          0.5228726E-08
    7.450000          0.5158013E-08
    7.550000          0.5090289E-08
    7.650000          0.5023561E-08
    7.750000          0.4958823E-08
    7.850000          0.4895083E-08
    7.950000          0.4834331E-08
    8.050000          0.4773578E-08
    8.150000          0.4715812E-08
    8.250000          0.4658048E-08
    8.350000          0.4602275E-08
    8.450000          0.4547497E-08
    8.550000          0.4494712E-08
    8.650000          0.4442923E-08
    8.750000          0.4392130E-08
    8.850000          0.4342332E-08
    8.950000          0.4293531E-08
    9.050000          0.4246721E-08
    9.150000          0.4199912E-08
    9.250000          0.4155094E-08
    9.350000          0.4110276E-08
    9.450000          0.4066455E-08
    9.550000          0.4023629E-08
    9.650000          0.3982795E-08
    9.750000          0.3941961E-08
    9.850000          0.3901127E-08
    9.950000          0.3862285E-08
    10.05000          0.3823443E-08
    10.15000          0.3786594E-08
    10.25000          0.3749743E-08
    10.35000          0.3712893E-08
    10.45000          0.3677039E-08
    10.55000          0.3642181E-08
    10.65000          0.3608319E-08
    10.75000          0.3574457E-08
    10.85000          0.3541590E-08
    10.95000          0.3509720E-08
    11.05000          0.3477850E-08
    11.15000          0.3446975E-08
    11.25000          0.3416101E-08
    11.35000          0.3386222E-08
    11.45000          0.3356344E-08
    11.55000          0.3327461E-08
    11.65000          0.3298579E-08
    11.75000          0.3270692E-08
    11.85000          0.3242806E-08
    11.95000          0.3215915E-08
    12.05000          0.3189024E-08
    12.15000          0.3163130E-08
    12.25000          0.3137235E-08
    12.35000          0.3111341E-08
    12.45000          0.3086442E-08
    12.55000          0.3062540E-08
    12.65000          0.3037641E-08
    12.75000          0.3013737E-08
    12.85000          0.2990831E-08
    12.95000          0.2967924E-08
    13.05000          0.2945017E-08
    13.15000          0.2922111E-08
    13.25000          0.2900200E-08
    13.35000          0.2878289E-08
    13.45000          0.2857374E-08
    13.55000          0.2836459E-08
    13.65000          0.2815544E-08
    13.75000          0.2794629E-08
    13.85000          0.2774710E-08
    13.95000          0.2754792E-08
    14.05000          0.2734873E-08
    14.15000          0.2715949E-08
    14.25000          0.2697026E-08
    14.35000          0.2678104E-08
    14.45000          0.2659180E-08
    14.55000          0.2641253E-08
    14.65000          0.2623326E-08
    14.75000          0.2605399E-08
    14.85000          0.2587472E-08
    14.95000          0.2570542E-08
    15.05000          0.2553610E-08
    15.15000          0.2536679E-08
    15.25000          0.2519748E-08
    15.35000          0.2503813E-08
    15.45000          0.2486881E-08
    15.55000          0.2470947E-08
    15.65000          0.2456007E-08
    15.75000          0.2440072E-08
    15.85000          0.2424137E-08
    15.95000          0.2409198E-08
    16.05000          0.2394258E-08
    16.15000          0.2379319E-08
    16.25000          0.2365376E-08
    16.35000          0.2350437E-08
    16.45000          0.2336493E-08
    16.55000          0.2321554E-08
    16.65000          0.2307611E-08
    16.75000          0.2294664E-08
    16.85000          0.2280720E-08
    16.95000          0.2266777E-08
    17.05000          0.2253830E-08
    17.15000          0.2240882E-08
    17.25000          0.2227935E-08
    17.35000          0.2214988E-08
    17.45000          0.2202041E-08
    17.55000          0.2190089E-08
    17.65000          0.2177142E-08
    17.75000          0.2165190E-08
    17.85000          0.2153239E-08
    17.95000          0.2141288E-08
    18.05000          0.2129336E-08
    18.15000          0.2117385E-08
    18.25000          0.2105433E-08
    18.35000          0.2094478E-08
    18.45000          0.2082527E-08
    18.55000          0.2071571E-08
    18.65000          0.2060616E-08
    18.75000          0.2049660E-08
    18.85000          0.2038705E-08
    18.95000          0.2027750E-08
    19.05000          0.2017790E-08
    19.15000          0.2006835E-08
    19.25000          0.1995879E-08
    19.35000          0.1985920E-08
    19.45000          0.1975960E-08
    19.55000          0.1966001E-08
    19.65000          0.1956041E-08
    19.75000          0.1946082E-08
    19.85000          0.1936122E-08
    19.95000          0.1926163E-08
