1.025000e-10 9.999665e-37 1.025000e-10 3.760066e-04 
1.075000e-10 9.999665e-37 1.075000e-10 3.943594e-04 
1.125000e-10 9.999665e-37 1.125000e-10 4.127123e-04 
1.175000e-10 9.999679e-37 1.175000e-10 4.310652e-04 
1.237500e-10 9.999665e-37 1.237500e-10 4.539684e-04 
1.312500e-10 9.999665e-37 1.312500e-10 4.814219e-04 
1.387500e-10 9.999665e-37 1.387500e-10 5.090270e-04 
1.462500e-10 9.999665e-37 1.462500e-10 5.364805e-04 
1.550000e-10 9.999665e-37 1.550000e-10 5.686359e-04 
1.650000e-10 9.999665e-37 1.650000e-10 6.053417e-04 
1.750000e-10 9.999665e-37 1.750000e-10 6.420476e-04 
1.850000e-10 9.999665e-37 1.850000e-10 6.787532e-04 
1.950000e-10 9.999665e-37 1.950000e-10 7.153074e-04 
2.050000e-10 9.999665e-37 2.050000e-10 7.520131e-04 
2.150000e-10 9.999665e-37 2.150000e-10 7.887189e-04 
2.250000e-10 9.999665e-37 2.250000e-10 8.254246e-04 
2.350000e-10 9.999679e-37 2.350000e-10 8.621304e-04 
2.475000e-10 9.999665e-37 2.475000e-10 9.079368e-04 
2.625000e-10 9.999665e-37 2.625000e-10 9.629953e-04 
2.750000e-10 9.999665e-37 2.750000e-10 1.008802e-03 
2.900000e-10 9.999665e-37 2.900000e-10 1.063860e-03 
3.100000e-10 9.999665e-37 3.100000e-10 1.137272e-03 
3.300000e-10 9.999665e-37 3.300000e-10 1.210683e-03 
3.500000e-10 9.999665e-37 3.500000e-10 1.283943e-03 
3.700000e-10 9.999665e-37 3.700000e-10 1.357355e-03 
3.900000e-10 9.999665e-37 3.900000e-10 1.430766e-03 
4.125000e-10 1.000023e-36 4.125000e-10 1.513279e-03 
4.375000e-10 1.000023e-36 4.375000e-10 1.604739e-03 
4.625000e-10 1.000024e-36 4.625000e-10 1.697262e-03 
4.875000e-10 1.000023e-36 4.875000e-10 1.788268e-03 
5.125000e-10 1.000023e-36 5.125000e-10 1.880791e-03 
5.375000e-10 1.000023e-36 5.375000e-10 1.971797e-03 
5.625000e-10 1.000023e-36 5.625000e-10 2.062803e-03 
5.875000e-10 1.000023e-36 5.875000e-10 2.155326e-03 
6.150000e-10 1.000013e-36 6.150000e-10 2.255433e-03 
6.450000e-10 1.000013e-36 6.450000e-10 2.366157e-03 
6.750000e-10 1.000013e-36 6.750000e-10 2.476881e-03 
7.050000e-10 1.000013e-36 7.050000e-10 2.586088e-03 
7.400000e-10 1.000001e-36 7.400000e-10 2.715013e-03 
7.800000e-10 1.000001e-36 7.800000e-10 2.862139e-03 
8.200000e-10 1.000001e-36 8.200000e-10 3.007749e-03 
8.600000e-10 1.000001e-36 8.600000e-10 3.154875e-03 
9.000000e-10 1.000001e-36 9.000000e-10 3.302002e-03 
9.400000e-10 1.000003e-36 9.400000e-10 3.449128e-03 
9.800000e-10 1.000001e-36 9.800000e-10 3.594738e-03 
1.025000e-09 9.999946e-37 1.025000e-09 3.760066e-03 
1.075000e-09 9.999946e-37 1.075000e-09 3.943594e-03 
1.125000e-09 9.999946e-37 1.125000e-09 4.127123e-03 
1.175000e-09 9.999946e-37 1.175000e-09 4.310652e-03 
1.237500e-09 1.000004e-36 1.237500e-09 4.539684e-03 
1.312500e-09 1.000004e-36 1.312500e-09 4.814219e-03 
1.387500e-09 1.000004e-36 1.387500e-09 5.090270e-03 
1.462500e-09 1.000004e-36 1.462500e-09 5.364805e-03 
1.550000e-09 9.999946e-37 1.550000e-09 5.686360e-03 
1.650000e-09 9.999946e-37 1.650000e-09 6.053417e-03 
1.750000e-09 9.999946e-37 1.750000e-09 6.420474e-03 
1.850000e-09 9.999956e-37 1.850000e-09 6.787532e-03 
1.950000e-09 9.999946e-37 1.950000e-09 7.153074e-03 
2.050000e-09 9.999946e-37 2.050000e-09 7.520131e-03 
2.150000e-09 9.999946e-37 2.150000e-09 7.887188e-03 
2.250000e-09 9.999946e-37 2.250000e-09 8.254246e-03 
2.350000e-09 9.999946e-37 2.350000e-09 8.621303e-03 
2.475000e-09 1.000004e-36 2.475000e-09 9.079368e-03 
2.625000e-09 1.000004e-36 2.625000e-09 9.629954e-03 
2.750000e-09 9.999946e-37 2.750000e-09 1.008802e-02 
2.900000e-09 1.000001e-36 2.900000e-09 1.063860e-02 
3.100000e-09 1.000001e-36 3.100000e-09 1.137272e-02 
3.300000e-09 1.000001e-36 3.300000e-09 1.210683e-02 
3.500000e-09 1.000001e-36 3.500000e-09 1.283943e-02 
3.700000e-09 1.000003e-36 3.700000e-09 1.357355e-02 
3.900000e-09 1.000001e-36 3.900000e-09 1.430766e-02 
4.125000e-09 1.000000e-36 4.125000e-09 1.513278e-02 
4.375000e-09 1.000000e-36 4.375000e-09 1.604740e-02 
4.625000e-09 1.000000e-36 4.625000e-09 1.697263e-02 
4.875000e-09 1.000000e-36 4.875000e-09 1.788268e-02 
5.125000e-09 1.000000e-36 5.125000e-09 1.880791e-02 
5.375000e-09 1.000000e-36 5.375000e-09 1.971797e-02 
5.625000e-09 1.000000e-36 5.625000e-09 2.062803e-02 
5.875000e-09 1.000000e-36 5.875000e-09 2.155326e-02 
6.150000e-09 9.999946e-37 6.150000e-09 2.255433e-02 
6.450000e-09 9.999946e-37 6.450000e-09 2.366157e-02 
6.750000e-09 9.999946e-37 6.750000e-09 2.476881e-02 
7.050000e-09 9.999946e-37 7.050000e-09 2.586088e-02 
7.400000e-09 9.999956e-37 7.400000e-09 2.715013e-02 
7.800000e-09 9.999981e-37 7.800000e-09 2.862139e-02 
8.200000e-09 9.999981e-37 8.200000e-09 3.007749e-02 
8.600000e-09 9.999981e-37 8.600000e-09 3.154875e-02 
9.000000e-09 9.999981e-37 9.000000e-09 3.302002e-02 
9.400000e-09 9.999981e-37 9.400000e-09 3.449128e-02 
9.800000e-09 9.999981e-37 9.800000e-09 3.594738e-02 
1.025000e-08 9.999973e-37 1.025000e-08 3.760065e-02 
1.075000e-08 9.999973e-37 1.075000e-08 3.943595e-02 
1.125000e-08 9.999973e-37 1.125000e-08 4.127124e-02 
1.175000e-08 9.999973e-37 1.175000e-08 4.310652e-02 
1.237500e-08 9.999983e-37 1.237500e-08 4.539684e-02 
1.312500e-08 9.999983e-37 1.312500e-08 4.814218e-02 
1.387500e-08 9.999983e-37 1.387500e-08 5.090270e-02 
1.462500e-08 9.999975e-37 1.462500e-08 5.364805e-02 
1.550000e-08 9.999973e-37 1.550000e-08 5.686360e-02 
1.650000e-08 9.999973e-37 1.650000e-08 6.053417e-02 
1.750000e-08 9.999973e-37 1.750000e-08 6.420474e-02 
1.850000e-08 9.999973e-37 1.850000e-08 6.787532e-02 
1.950000e-08 9.999973e-37 1.950000e-08 7.153074e-02 
2.050000e-08 9.999973e-37 2.050000e-08 7.520130e-02 
2.150000e-08 9.999973e-37 2.150000e-08 7.887189e-02 
2.250000e-08 9.999973e-37 2.250000e-08 8.254247e-02 
2.350000e-08 9.999973e-37 2.350000e-08 8.621304e-02 
2.475000e-08 9.999973e-37 2.475000e-08 9.079368e-02 
2.625000e-08 9.999973e-37 2.625000e-08 9.629954e-02 
2.750000e-08 9.999973e-37 2.750000e-08 1.008802e-01 
2.900000e-08 9.999975e-37 2.900000e-08 1.063860e-01 
3.100000e-08 9.999973e-37 3.100000e-08 1.137272e-01 
3.300000e-08 9.999973e-37 3.300000e-08 1.210683e-01 
3.500000e-08 9.999973e-37 3.500000e-08 1.283943e-01 
3.700000e-08 9.999973e-37 3.700000e-08 1.357355e-01 
3.900000e-08 9.999973e-37 3.900000e-08 1.430766e-01 
4.125000e-08 9.999977e-37 4.125000e-08 1.513278e-01 
4.375000e-08 9.999981e-37 4.375000e-08 1.604740e-01 
4.625000e-08 9.999981e-37 4.625000e-08 1.697262e-01 
4.875000e-08 9.999977e-37 4.875000e-08 1.788269e-01 
5.125000e-08 9.999981e-37 5.125000e-08 1.880791e-01 
5.375000e-08 9.999977e-37 5.375000e-08 1.971797e-01 
5.625000e-08 9.999981e-37 5.625000e-08 2.062803e-01 
5.875000e-08 9.999981e-37 5.875000e-08 2.155326e-01 
6.150000e-08 9.999975e-37 6.150000e-08 2.255433e-01 
6.450000e-08 9.999975e-37 6.450000e-08 2.366157e-01 
6.750000e-08 9.999975e-37 6.750000e-08 2.476880e-01 
7.050000e-08 9.999975e-37 7.050000e-08 2.586088e-01 
7.400000e-08 9.999976e-37 7.400000e-08 2.715013e-01 
7.800000e-08 9.999976e-37 7.800000e-08 2.862139e-01 
8.200000e-08 9.999976e-37 8.200000e-08 3.007749e-01 
8.600000e-08 9.999976e-37 8.600000e-08 3.154876e-01 
9.000000e-08 9.999976e-37 9.000000e-08 3.302002e-01 
9.400000e-08 9.999976e-37 9.400000e-08 3.449129e-01 
9.800000e-08 9.999976e-37 9.800000e-08 3.594738e-01 
1.025000e-07 9.999974e-37 1.025000e-07 3.534067e-01 
1.075000e-07 9.999974e-37 1.075000e-07 3.286834e-01 
1.125000e-07 9.999974e-37 1.125000e-07 3.068420e-01 
1.175000e-07 9.999974e-37 1.175000e-07 2.871240e-01 
1.237500e-07 9.999975e-37 1.237500e-07 2.654342e-01 
1.312500e-07 9.999975e-37 1.312500e-07 2.426827e-01 
1.387500e-07 9.999975e-37 1.387500e-07 2.229647e-01 
1.462500e-07 9.999975e-37 1.462500e-07 2.058253e-01 
1.550000e-07 9.999974e-37 1.550000e-07 1.885342e-01 
1.650000e-07 9.999974e-37 1.650000e-07 1.713947e-01 
1.750000e-07 9.999974e-37 1.750000e-07 1.566820e-01 
1.850000e-07 9.999974e-37 1.850000e-07 1.439867e-01 
1.950000e-07 9.999974e-37 1.950000e-07 1.329143e-01 
2.050000e-07 9.999974e-37 2.050000e-07 1.231615e-01 
2.150000e-07 9.999974e-37 2.150000e-07 1.145614e-01 
2.250000e-07 9.999974e-37 2.250000e-07 1.056580e-01 
2.350000e-07 9.999974e-37 2.350000e-07 9.664840e-02 
2.475000e-07 9.999974e-37 2.475000e-07 8.695626e-02 
2.625000e-07 9.999974e-37 2.625000e-07 7.708210e-02 
2.750000e-07 9.999974e-37 2.750000e-07 7.004430e-02 
2.900000e-07 9.999974e-37 2.900000e-07 6.288516e-02 
3.100000e-07 9.999974e-37 3.100000e-07 5.484630e-02 
3.300000e-07 9.999974e-37 3.300000e-07 4.824836e-02 
3.500000e-07 9.999974e-37 3.500000e-07 4.275766e-02 
3.700000e-07 9.999974e-37 3.700000e-07 3.832870e-02 
3.900000e-07 9.999974e-37 3.900000e-07 3.514349e-02 
4.125000e-07 9.999974e-37 4.125000e-07 3.250431e-02 
4.375000e-07 9.999974e-37 4.375000e-07 2.994098e-02 
4.625000e-07 9.999975e-37 4.625000e-07 2.771134e-02 
4.875000e-07 9.999974e-37 4.875000e-07 2.575470e-02 
5.125000e-07 9.999975e-37 5.125000e-07 2.401042e-02 
5.375000e-07 9.999975e-37 5.375000e-07 2.247849e-02 
5.625000e-07 9.999975e-37 5.625000e-07 2.109823e-02 
5.875000e-07 9.999975e-37 5.875000e-07 1.985448e-02 
6.150000e-07 9.999974e-37 6.150000e-07 1.862590e-02 
6.450000e-07 9.999974e-37 6.450000e-07 1.742765e-02 
6.750000e-07 9.999974e-37 6.750000e-07 1.636592e-02 
7.050000e-07 9.999974e-37 7.050000e-07 1.539519e-02 
7.400000e-07 9.999974e-37 7.400000e-07 1.442749e-02 
7.800000e-07 9.999974e-37 7.800000e-07 1.354473e-02 
8.200000e-07 9.999974e-37 8.200000e-07 1.283337e-02 
8.600000e-07 9.999974e-37 8.600000e-07 1.219026e-02 
9.000000e-07 9.999974e-37 9.000000e-07 1.160630e-02 
9.399999e-07 9.999974e-37 9.399999e-07 1.107543e-02 
9.800000e-07 9.999974e-37 9.800000e-07 1.058855e-02 
1.025000e-06 9.999975e-37 1.025000e-06 1.008954e-02 
1.075000e-06 9.999975e-37 1.075000e-06 9.582935e-03 
1.125000e-06 9.999975e-37 1.125000e-06 9.126388e-03 
1.175000e-06 9.999975e-37 1.175000e-06 8.707760e-03 
1.237500e-06 9.999975e-37 1.237500e-06 8.236045e-03 
1.312500e-06 9.999975e-37 1.312500e-06 7.729445e-03 
1.387500e-06 9.999975e-37 1.387500e-06 7.278965e-03 
1.462500e-06 9.999975e-37 1.462500e-06 6.877021e-03 
1.550000e-06 9.999974e-37 1.550000e-06 6.459911e-03 
1.650000e-06 9.999974e-37 1.650000e-06 6.111055e-03 
1.750000e-06 9.999974e-37 1.750000e-06 5.868372e-03 
1.850000e-06 9.999975e-37 1.850000e-06 5.646924e-03 
1.950000e-06 9.999974e-37 1.950000e-06 5.445193e-03 
2.050000e-06 9.999975e-37 2.050000e-06 5.261665e-03 
2.150000e-06 9.999975e-37 2.150000e-06 5.091787e-03 
2.250000e-06 9.999975e-37 2.250000e-06 4.934044e-03 
2.350000e-06 9.999975e-37 2.350000e-06 4.788434e-03 
2.475000e-06 9.999975e-37 2.475000e-06 4.620072e-03 
2.625000e-06 9.999975e-37 2.625000e-06 4.436544e-03 
2.750000e-06 9.999975e-37 2.750000e-06 4.297001e-03 
2.900000e-06 9.999975e-37 2.900000e-06 4.142291e-03 
3.100000e-06 9.999974e-37 3.100000e-06 3.957245e-03 
3.300000e-06 9.999974e-37 3.300000e-06 3.788884e-03 
3.500000e-06 9.999974e-37 3.500000e-06 3.634174e-03 
3.700000e-06 9.999975e-37 3.700000e-06 3.487047e-03 
3.900000e-06 9.999974e-37 3.900000e-06 3.350538e-03 
4.125000e-06 9.999974e-37 4.125000e-06 3.212513e-03 
4.375000e-06 9.999974e-37 4.375000e-06 3.074487e-03 
4.625000e-06 9.999974e-37 4.625000e-06 2.948595e-03 
4.875000e-06 9.999974e-37 4.875000e-06 2.833321e-03 
5.125000e-06 9.999974e-37 5.125000e-06 2.728664e-03 
5.375000e-06 9.999974e-37 5.375000e-06 2.633108e-03 
5.625000e-06 9.999974e-37 5.625000e-06 2.543618e-03 
5.875000e-06 9.999974e-37 5.875000e-06 2.461713e-03 
6.150000e-06 9.999975e-37 6.150000e-06 2.378291e-03 
6.450000e-06 9.999974e-37 6.450000e-06 2.294868e-03 
6.750000e-06 9.999975e-37 6.750000e-06 2.217514e-03 
7.050000e-06 9.999975e-37 7.050000e-06 2.146226e-03 
7.400000e-06 9.999975e-37 7.400000e-06 2.067354e-03 
7.800000e-06 9.999974e-37 7.800000e-06 1.979381e-03 
8.200001e-06 9.999975e-37 8.200001e-06 1.897476e-03 
8.600000e-06 9.999975e-37 8.600000e-06 1.823154e-03 
8.999999e-06 9.999975e-37 8.999999e-06 1.756416e-03 
9.400001e-06 9.999975e-37 9.400001e-06 1.692712e-03 
9.800000e-06 5.829986e-12 9.800000e-06 1.635075e-03 
1.025000e-05 1.274997e-11 1.025000e-05 1.574404e-03 
1.075000e-05 1.498996e-11 1.075000e-05 1.512824e-03 
1.125000e-05 1.722996e-11 1.125000e-05 1.456400e-03 
1.175000e-05 1.945995e-11 1.175000e-05 1.404223e-03 
1.237500e-05 2.223994e-11 1.237500e-05 1.344766e-03 
1.312500e-05 2.558994e-11 1.312500e-05 1.280000e-03 
1.387500e-05 2.893993e-11 1.387500e-05 1.221756e-03 
1.462500e-05 3.228992e-11 1.462500e-05 1.168972e-03 
1.550000e-05 3.618991e-11 1.550000e-05 1.113610e-03 
1.650000e-05 4.065990e-11 1.650000e-05 1.057945e-03 
1.750000e-05 4.511989e-11 1.750000e-05 1.009560e-03 
1.850000e-05 4.958987e-11 1.850000e-05 9.657256e-04 
1.950000e-05 5.405987e-11 1.950000e-05 9.261380e-04 
2.050000e-05 5.851986e-11 2.050000e-05 8.898872e-04 
2.150000e-05 6.298984e-11 2.150000e-05 8.566700e-04 
2.250000e-05 6.744983e-11 2.250000e-05 8.261831e-04 
2.350000e-05 7.191982e-11 2.350000e-05 7.981228e-04 
2.475000e-05 7.748981e-11 2.475000e-05 7.658157e-04 
2.625000e-05 8.418979e-11 2.625000e-05 7.307784e-04 
2.750000e-05 8.977977e-11 2.750000e-05 7.040832e-04 
2.900000e-05 9.643975e-11 2.900000e-05 6.749613e-04 
3.100000e-05 1.053997e-10 3.100000e-05 6.400758e-04 
3.300000e-05 1.142997e-10 3.300000e-05 6.089819e-04 
3.500000e-05 1.231997e-10 3.500000e-05 5.798601e-04 
3.700000e-05 1.320997e-10 3.700000e-05 5.522549e-04 
3.900000e-05 1.410996e-10 3.900000e-05 5.270766e-04 
4.125000e-05 1.510996e-10 4.125000e-05 5.014432e-04 
4.375000e-05 1.622996e-10 4.375000e-05 4.759615e-04 
4.625000e-05 1.733996e-10 4.625000e-05 4.530583e-04 
4.875000e-05 1.845995e-10 4.875000e-05 4.324303e-04 
5.125000e-05 1.957995e-10 5.125000e-05 4.136224e-04 
5.375000e-05 2.068995e-10 5.375000e-05 3.964829e-04 
5.625000e-05 2.180995e-10 5.625000e-05 3.807085e-04 
5.875000e-05 2.291994e-10 5.875000e-05 3.662993e-04 
6.150000e-05 2.414994e-10 6.150000e-05 3.517383e-04 
6.450000e-05 2.548994e-10 6.450000e-05 3.371773e-04 
6.750000e-05 2.682993e-10 6.750000e-05 3.238297e-04 
7.050000e-05 2.816993e-10 7.050000e-05 3.115439e-04 
7.400000e-05 2.972993e-10 7.400000e-05 2.980447e-04 
7.800000e-05 3.150992e-10 7.800000e-05 2.836354e-04 
8.200000e-05 3.329992e-10 8.200000e-05 2.702879e-04 
8.600000e-05 3.507991e-10 8.600000e-05 2.581537e-04 
9.000000e-05 3.686991e-10 9.000000e-05 2.470814e-04 
9.400000e-05 3.864991e-10 9.400000e-05 2.369190e-04 
9.800000e-05 4.043990e-10 9.800000e-05 2.276667e-04 
1.025000e-04 4.243990e-10 1.025000e-04 2.179594e-04 
1.075000e-04 4.467989e-10 1.075000e-04 2.082521e-04 
1.125000e-04 4.690988e-10 1.125000e-04 1.993032e-04 
1.175000e-04 4.913988e-10 1.175000e-04 1.911126e-04 
1.237500e-04 5.192987e-10 1.237500e-04 1.818604e-04 
1.312500e-04 5.526986e-10 1.312500e-04 1.718497e-04 
1.387500e-04 5.861985e-10 1.387500e-04 1.629008e-04 
1.462500e-04 6.195985e-10 1.462500e-04 1.548619e-04 
1.550000e-04 6.586984e-10 1.550000e-04 1.464287e-04 
1.650000e-04 7.032982e-10 1.650000e-04 1.377073e-04 
1.750000e-04 7.478981e-10 1.750000e-04 1.297898e-04 
1.850000e-04 7.924981e-10 1.850000e-04 1.228733e-04 
1.950000e-04 8.370978e-10 1.950000e-04 1.165332e-04 
2.050000e-04 8.816978e-10 2.050000e-04 1.108302e-04 
2.150000e-04 9.262977e-10 2.150000e-04 1.057187e-04 
2.250000e-04 9.708976e-10 2.250000e-04 1.011229e-04 
2.350000e-04 1.015998e-09 2.350000e-04 9.667873e-05 
2.475000e-04 1.070997e-09 2.475000e-04 9.191607e-05 
2.625000e-04 1.137997e-09 2.625000e-04 8.665290e-05 
2.750000e-04 1.193997e-09 2.750000e-04 8.269415e-05 
2.900000e-04 1.259997e-09 2.900000e-04 7.850785e-05 
3.100000e-04 1.348997e-09 3.100000e-04 7.338119e-05 
3.300000e-04 1.438996e-09 3.300000e-04 6.901290e-05 
3.500000e-04 1.527996e-09 3.500000e-04 6.503897e-05 
3.700000e-04 1.616996e-09 3.700000e-04 6.147457e-05 
3.900000e-04 1.705996e-09 3.900000e-04 5.831970e-05 
4.125000e-04 1.805995e-09 4.125000e-04 5.510415e-05 
4.375000e-04 1.917995e-09 4.375000e-04 5.194928e-05 
4.625000e-04 2.028995e-09 4.625000e-04 4.912808e-05 
4.875000e-04 2.139995e-09 4.875000e-04 4.659508e-05 
5.125000e-04 2.251994e-09 5.125000e-04 4.430477e-05 
5.375000e-04 2.362994e-09 5.375000e-04 4.224197e-05 
5.625000e-04 2.473994e-09 5.625000e-04 4.034600e-05 
5.875000e-04 2.585993e-09 5.875000e-04 3.860172e-05 
6.150000e-04 2.707993e-09 6.150000e-04 3.688777e-05 
6.450000e-04 2.841993e-09 6.450000e-04 3.512833e-05 
6.750000e-04 2.974992e-09 6.750000e-04 3.356606e-05 
7.050000e-04 3.108992e-09 7.050000e-04 3.215546e-05 
7.400000e-04 3.264992e-09 7.400000e-04 3.059319e-05 
7.800000e-04 3.441992e-09 7.800000e-04 2.898542e-05 
8.200000e-04 3.619991e-09 8.200000e-04 2.751415e-05 
8.600000e-04 3.797990e-09 8.600000e-04 2.619456e-05 
9.000000e-04 3.975990e-09 9.000000e-04 2.499632e-05 
9.400000e-04 4.153990e-09 9.400000e-04 2.388908e-05 
9.800000e-04 4.330989e-09 9.800000e-04 2.288801e-05 
1.025000e-03 4.530988e-09 1.025000e-03 2.184144e-05 
1.075000e-03 4.753988e-09 1.075000e-03 2.079488e-05 
1.125000e-03 4.975988e-09 1.125000e-03 1.983931e-05 
1.175000e-03 5.197987e-09 1.175000e-03 1.895959e-05 
1.237500e-03 5.474987e-09 1.237500e-03 1.797369e-05 
1.312500e-03 5.806985e-09 1.312500e-03 1.691195e-05 
1.387500e-03 6.139985e-09 1.387500e-03 1.597156e-05 
1.462500e-03 6.472984e-09 1.462500e-03 1.512520e-05 
1.550000e-03 6.859983e-09 1.550000e-03 1.424092e-05 
1.650000e-03 7.302981e-09 1.650000e-03 1.333693e-05 
1.750000e-03 7.746981e-09 1.750000e-03 1.253153e-05 
1.850000e-03 8.188979e-09 1.850000e-03 1.181561e-05 
1.950000e-03 8.630979e-09 1.950000e-03 1.117554e-05 
2.050000e-03 9.072978e-09 2.050000e-03 1.059917e-05 
2.150000e-03 9.514976e-09 2.150000e-03 1.007892e-05 
2.250000e-03 9.957975e-09 2.250000e-03 9.605687e-06 
2.350000e-03 1.039998e-08 2.350000e-03 9.173407e-06 
2.475000e-03 1.094997e-08 2.475000e-03 8.685008e-06 
2.625000e-03 1.160997e-08 2.625000e-03 8.160207e-06 
2.750000e-03 1.215997e-08 2.750000e-03 7.767364e-06 
2.900000e-03 1.281997e-08 2.900000e-03 7.345703e-06 
3.100000e-03 1.369997e-08 3.100000e-03 6.845170e-06 
3.300000e-03 1.457996e-08 3.300000e-03 6.406824e-06 
3.500000e-03 1.545996e-08 3.500000e-03 5.977579e-06 
3.700000e-03 1.633996e-08 3.700000e-03 5.557434e-06 
3.900000e-03 1.721996e-08 3.900000e-03 5.188861e-06 
4.125000e-03 1.819996e-08 4.125000e-03 4.821803e-06 
4.375000e-03 1.929995e-08 4.375000e-03 4.465362e-06 
4.625000e-03 2.038995e-08 4.625000e-03 4.151391e-06 
4.875000e-03 2.147994e-08 4.875000e-03 3.875340e-06 
5.125000e-03 2.256994e-08 5.125000e-03 3.629624e-06 
5.375000e-03 2.365994e-08 5.375000e-03 3.411209e-06 
5.625000e-03 2.473994e-08 5.625000e-03 3.214029e-06 
5.875000e-03 2.582994e-08 5.875000e-03 3.036568e-06 
6.150000e-03 2.701993e-08 6.150000e-03 2.860623e-06 
6.450000e-03 2.831993e-08 6.450000e-03 2.687711e-06 
6.750000e-03 2.961992e-08 6.750000e-03 2.533001e-06 
7.050000e-03 3.090992e-08 7.050000e-03 2.391942e-06 
7.400000e-03 3.241992e-08 7.400000e-03 2.314587e-06 
7.800000e-03 3.413991e-08 7.800000e-03 2.322171e-06 
8.200000e-03 3.585991e-08 8.200000e-03 2.361606e-06 
8.600000e-03 3.756991e-08 8.600000e-03 2.398009e-06 
9.000000e-03 3.928990e-08 9.000000e-03 2.434411e-06 
9.400001e-03 4.098990e-08 9.400001e-03 2.469297e-06 
9.800000e-03 4.268989e-08 9.800000e-03 2.504182e-06 
1.025000e-02 4.460989e-08 1.025000e-02 2.540585e-06 
1.075000e-02 4.672988e-08 1.075000e-02 2.581538e-06 
1.125000e-02 4.884988e-08 1.125000e-02 2.549685e-06 
1.175000e-02 5.095987e-08 1.175000e-02 2.355539e-06 
1.237500e-02 5.358987e-08 1.237500e-02 2.041568e-06 
1.312500e-02 5.672986e-08 1.312500e-02 1.733665e-06 
1.387500e-02 5.986985e-08 1.387500e-02 1.489920e-06 
1.462500e-02 6.298985e-08 1.462500e-02 1.352046e-06 
1.550000e-02 6.661983e-08 1.550000e-02 1.278028e-06 
1.650000e-02 7.073982e-08 1.650000e-02 1.202796e-06 
1.750000e-02 7.484981e-08 1.750000e-02 1.137424e-06 
1.850000e-02 7.893980e-08 1.850000e-02 1.092224e-06 
1.950000e-02 8.300979e-08 1.950000e-02 1.062799e-06 
2.050000e-02 8.704979e-08 2.050000e-02 1.035649e-06 
2.150000e-02 9.107977e-08 2.150000e-02 1.010319e-06 
2.250000e-02 9.508975e-08 2.250000e-02 9.848369e-07 
2.350000e-02 9.908974e-08 2.350000e-02 9.569283e-07 
2.475000e-02 1.040997e-07 2.475000e-02 9.220427e-07 
2.625000e-02 1.099997e-07 2.625000e-02 8.838202e-07 
2.750000e-02 1.148997e-07 2.750000e-02 8.548499e-07 
2.900000e-02 1.206997e-07 2.900000e-02 8.266379e-07 
3.100000e-02 1.283997e-07 3.100000e-02 7.955444e-07 
3.300000e-02 1.359997e-07 3.300000e-02 7.680908e-07 
3.500000e-02 1.434996e-07 3.500000e-02 7.435193e-07 
3.700000e-02 1.509996e-07 3.700000e-02 7.239530e-07 
3.900000e-02 1.583996e-07 3.900000e-02 7.081786e-07 
4.125000e-02 1.665996e-07 4.125000e-02 6.917974e-07 
4.375000e-02 1.755996e-07 4.375000e-02 6.749613e-07 
4.625000e-02 1.844995e-07 4.625000e-02 6.600970e-07 
4.875000e-02 1.932995e-07 4.875000e-02 6.467495e-07 
5.125000e-02 2.018995e-07 5.125000e-02 6.344637e-07 
5.375000e-02 2.104995e-07 5.375000e-02 6.229363e-07 
5.625000e-02 2.188994e-07 5.625000e-02 6.129255e-07 
5.875000e-02 2.272994e-07 5.875000e-02 6.051901e-07 
6.150000e-02 2.362994e-07 6.150000e-02 5.985163e-07 
6.450000e-02 2.459994e-07 6.450000e-02 5.916908e-07 
6.750000e-02 2.555994e-07 6.750000e-02 5.851687e-07 
7.050000e-02 2.649993e-07 7.050000e-02 5.794050e-07 
7.400000e-02 2.756993e-07 7.400000e-02 5.743997e-07 
7.799999e-02 2.876993e-07 7.799999e-02 5.700011e-07 
8.200000e-02 2.994992e-07 8.200000e-02 5.659058e-07 
8.600000e-02 3.109992e-07 8.600000e-02 5.621138e-07 
9.000000e-02 3.222992e-07 9.000000e-02 5.578669e-07 
9.400000e-02 3.331992e-07 9.400000e-02 5.533166e-07 
9.800000e-02 3.438991e-07 9.800000e-02 5.486146e-07 
1.025000e-01 3.556991e-07 1.025000e-01 5.436092e-07 
1.075000e-01 3.684991e-07 1.075000e-01 5.384522e-07 
1.125000e-01 3.807991e-07 1.125000e-01 5.342053e-07 
1.175000e-01 3.926990e-07 1.175000e-01 5.323852e-07 
1.237500e-01 4.070990e-07 1.237500e-01 5.317785e-07 
1.312500e-01 4.236990e-07 1.312500e-01 5.310201e-07 
1.387500e-01 4.395989e-07 1.387500e-01 5.301101e-07 
1.462500e-01 4.545988e-07 1.462500e-01 5.252564e-07 
1.550000e-01 4.711988e-07 1.550000e-01 5.158524e-07 
1.650000e-01 4.889988e-07 1.650000e-01 5.059935e-07 
1.750000e-01 5.055987e-07 1.750000e-01 4.968929e-07 
1.850000e-01 5.208987e-07 1.850000e-01 4.900674e-07 
1.950000e-01 5.351987e-07 1.950000e-01 4.849104e-07 
2.050000e-01 5.483986e-07 2.050000e-01 4.800568e-07 
2.150000e-01 5.604987e-07 2.150000e-01 4.755065e-07 
2.250000e-01 5.715986e-07 2.250000e-01 4.697428e-07 
2.350000e-01 5.816986e-07 2.350000e-01 4.612488e-07 
2.475000e-01 5.928985e-07 2.475000e-01 4.494181e-07 
2.625000e-01 6.047985e-07 2.625000e-01 4.363739e-07 
2.750000e-01 6.132985e-07 2.750000e-01 4.262115e-07 
2.900000e-01 6.214985e-07 2.900000e-01 4.165042e-07 
3.100000e-01 6.303984e-07 3.100000e-01 4.057352e-07 
3.300000e-01 6.365985e-07 3.300000e-01 3.963312e-07 
3.500000e-01 6.402984e-07 3.500000e-01 3.875340e-07 
3.700000e-01 6.418983e-07 3.700000e-01 3.801018e-07 
3.900000e-01 6.414984e-07 3.900000e-01 3.735798e-07 
4.125000e-01 6.389984e-07 4.125000e-01 3.667543e-07 
4.375000e-01 6.339985e-07 4.375000e-01 3.597771e-07 
4.625000e-01 6.269984e-07 4.625000e-01 3.523450e-07 
4.875000e-01 6.182985e-07 4.875000e-01 3.446095e-07 
5.125000e-01 6.080985e-07 5.125000e-01 3.374807e-07 
5.375000e-01 5.967985e-07 5.375000e-01 3.308069e-07 
5.625000e-01 5.845985e-07 5.625000e-01 3.241331e-07 
5.875000e-01 5.716985e-07 5.875000e-01 3.168526e-07 
6.150000e-01 5.567986e-07 6.150000e-01 3.085104e-07 
6.450000e-01 5.401986e-07 6.450000e-01 3.001682e-07 
6.750000e-01 5.232987e-07 6.750000e-01 2.924327e-07 
7.050000e-01 5.062987e-07 7.050000e-01 2.850006e-07 
7.400000e-01 4.864988e-07 7.400000e-01 2.758999e-07 
7.800000e-01 4.642988e-07 7.800000e-01 2.655859e-07 
8.200000e-01 4.425989e-07 8.200000e-01 2.561819e-07 
8.600000e-01 4.214989e-07 8.600000e-01 2.476880e-07 
9.000000e-01 4.007990e-07 9.000000e-01 2.396492e-07 
9.400000e-01 3.805991e-07 9.400000e-01 2.323687e-07 
9.800000e-01 3.606991e-07 9.800000e-01 2.255433e-07 
1.050000e+00 3.385991e-07 1.050000e+00 2.146226e-07 
1.150000e+00 3.157992e-07 1.150000e+00 2.012750e-07 
1.250000e+00 2.947993e-07 1.250000e+00 1.898992e-07 
1.350000e+00 2.751993e-07 1.350000e+00 1.798886e-07 
1.450000e+00 2.569994e-07 1.450000e+00 1.697262e-07 
1.550000e+00 2.397994e-07 1.550000e+00 1.594122e-07 
1.650000e+00 2.237994e-07 1.650000e+00 1.494016e-07 
1.750000e+00 2.088995e-07 1.750000e+00 1.409683e-07 
1.850000e+00 1.949995e-07 1.850000e+00 1.336878e-07 
1.950000e+00 1.819995e-07 1.950000e+00 1.274236e-07 
2.050000e+00 1.698996e-07 2.050000e+00 1.217357e-07 
2.150000e+00 1.585996e-07 2.150000e+00 1.165635e-07 
2.250000e+00 1.480996e-07 2.250000e+00 1.111184e-07 
2.350000e+00 1.381997e-07 2.350000e+00 1.046569e-07 
2.450000e+00 1.289997e-07 2.450000e+00 9.807416e-08 
2.550000e+00 1.203997e-07 2.550000e+00 9.214359e-08 
2.650000e+00 1.123997e-07 2.650000e+00 8.677424e-08 
2.750000e+00 1.048997e-07 2.750000e+00 8.190542e-08 
2.850000e+00 9.794976e-08 2.850000e+00 7.721861e-08 
2.950000e+00 9.140977e-08 2.950000e+00 7.256214e-08 
3.050000e+00 8.531979e-08 3.050000e+00 6.822417e-08 
3.150000e+00 7.963980e-08 3.150000e+00 6.426542e-08 
3.250000e+00 7.433982e-08 3.250000e+00 6.065551e-08 
3.350000e+00 6.938983e-08 3.350000e+00 5.734896e-08 
3.450000e+00 6.476984e-08 3.450000e+00 5.430026e-08 
3.550000e+00 6.045985e-08 3.550000e+00 5.143357e-08 
3.650000e+00 5.642986e-08 3.650000e+00 4.856688e-08 
3.750000e+00 5.267987e-08 3.750000e+00 4.577603e-08 
3.850000e+00 4.916987e-08 3.850000e+00 4.321269e-08 
3.950000e+00 4.589989e-08 3.950000e+00 4.086170e-08 
4.050000e+00 4.283989e-08 4.050000e+00 3.867756e-08 
4.150000e+00 3.998990e-08 4.150000e+00 3.667542e-08 
4.250000e+00 3.732991e-08 4.250000e+00 3.480980e-08 
4.350000e+00 3.483991e-08 4.350000e+00 3.308069e-08 
4.450000e+00 3.251992e-08 4.450000e+00 3.147291e-08 
4.550000e+00 3.035992e-08 4.550000e+00 2.977414e-08 
4.650000e+00 2.833993e-08 4.650000e+00 2.801469e-08 
4.750000e+00 2.644993e-08 4.750000e+00 2.639175e-08 
4.850000e+00 2.468994e-08 4.850000e+00 2.489015e-08 
4.950000e+00 2.303994e-08 4.950000e+00 2.350989e-08 
5.050000e+00 2.150995e-08 5.050000e+00 2.223580e-08 
5.150000e+00 2.007995e-08 5.150000e+00 2.105273e-08 
5.250000e+00 1.874995e-08 5.250000e+00 1.994549e-08 
5.350000e+00 1.749996e-08 5.350000e+00 1.891408e-08 
5.450000e+00 1.632996e-08 5.450000e+00 1.795852e-08 
5.550000e+00 1.523996e-08 5.550000e+00 1.707880e-08 
5.650000e+00 1.421997e-08 5.650000e+00 1.618390e-08 
5.750000e+00 1.327997e-08 5.750000e+00 1.521317e-08 
5.850000e+00 1.238997e-08 5.850000e+00 1.424699e-08 
5.950000e+00 1.156997e-08 5.950000e+00 1.335362e-08 
6.050000e+00 1.079997e-08 6.050000e+00 1.252849e-08 
6.150000e+00 1.007998e-08 6.150000e+00 1.176859e-08 
6.250000e+00 9.409976e-09 6.250000e+00 1.106482e-08 
6.350000e+00 8.782977e-09 6.350000e+00 1.041261e-08 
6.450000e+00 8.198979e-09 6.450000e+00 9.810449e-09 
6.550000e+00 7.652980e-09 6.550000e+00 9.249246e-09 
6.650000e+00 7.143983e-09 6.650000e+00 8.728994e-09 
6.750000e+00 6.667983e-09 6.750000e+00 8.245145e-09 
6.850000e+00 6.223984e-09 6.850000e+00 7.794665e-09 
6.950000e+00 5.808986e-09 6.950000e+00 7.374521e-09 
7.050000e+00 5.421986e-09 7.050000e+00 6.983195e-09 
7.150000e+00 5.061987e-09 7.150000e+00 6.573669e-09 
7.250000e+00 4.724988e-09 7.250000e+00 6.141389e-09 
7.350000e+00 4.409989e-09 7.350000e+00 5.730346e-09 
7.450000e+00 4.116990e-09 7.450000e+00 5.351155e-09 
7.550000e+00 3.842990e-09 7.550000e+00 5.000780e-09 
7.650000e+00 3.586991e-09 7.650000e+00 4.679226e-09 
7.750000e+00 3.347992e-09 7.750000e+00 4.380423e-09 
7.850000e+00 3.124992e-09 7.850000e+00 4.105889e-09 
7.950000e+00 2.916993e-09 7.950000e+00 3.851071e-09 
8.050000e+00 2.722993e-09 8.050000e+00 3.614456e-09 
8.150000e+00 2.540994e-09 8.150000e+00 3.394525e-09 
8.250000e+00 2.371994e-09 8.250000e+00 3.191278e-09 
8.350000e+00 2.213995e-09 8.350000e+00 3.003199e-09 
8.450000e+00 2.066995e-09 8.450000e+00 2.827254e-09 
8.550000e+00 1.929995e-09 8.550000e+00 2.663443e-09 
8.650000e+00 1.800996e-09 8.650000e+00 2.511766e-09 
8.750000e+00 1.680996e-09 8.750000e+00 2.369190e-09 
8.850000e+00 1.568996e-09 8.850000e+00 2.237231e-09 
8.950000e+00 1.464996e-09 8.950000e+00 2.112857e-09 
9.050000e+00 1.366997e-09 9.050000e+00 1.991515e-09 
9.150000e+00 1.275997e-09 9.150000e+00 1.871691e-09 
9.250000e+00 1.190997e-09 9.250000e+00 1.757933e-09 
9.350000e+00 1.111997e-09 9.350000e+00 1.653276e-09 
9.450000e+00 1.037997e-09 9.450000e+00 1.554686e-09 
9.550000e+00 9.683976e-10 9.550000e+00 1.463984e-09 
9.650000e+00 9.040977e-10 9.650000e+00 1.379196e-09 
9.750000e+00 8.438980e-10 9.750000e+00 1.300021e-09 
9.850000e+00 7.876980e-10 9.850000e+00 1.226003e-09 
9.950000e+00 7.352982e-10 9.950000e+00 1.156990e-09 
1.005000e+01 6.862982e-10 1.005000e+01 1.092527e-09 
1.015000e+01 6.405984e-10 1.015000e+01 1.032160e-09 
1.025000e+01 5.978985e-10 1.025000e+01 9.757362e-10 
1.035000e+01 5.580986e-10 1.035000e+01 9.229527e-10 
1.045000e+01 5.209987e-10 1.045000e+01 8.733544e-10 
1.055000e+01 4.862988e-10 1.055000e+01 8.269414e-10 
1.065000e+01 4.538989e-10 1.065000e+01 7.834102e-10 
1.075000e+01 4.236989e-10 1.075000e+01 7.424575e-10 
1.085000e+01 3.954990e-10 1.085000e+01 7.040833e-10 
1.095000e+01 3.691991e-10 1.095000e+01 6.679842e-10 
1.105000e+01 3.445991e-10 1.105000e+01 6.340086e-10 
1.115000e+01 3.216992e-10 1.115000e+01 6.021565e-10 
1.125000e+01 3.001992e-10 1.125000e+01 5.721245e-10 
1.135000e+01 2.801993e-10 1.135000e+01 5.416375e-10 
1.145000e+01 2.615994e-10 1.145000e+01 5.088753e-10 
1.155000e+01 2.441994e-10 1.155000e+01 4.762648e-10 
1.165000e+01 2.278994e-10 1.165000e+01 4.460812e-10 
1.175000e+01 2.127995e-10 1.175000e+01 4.181727e-10 
1.185000e+01 1.985995e-10 1.185000e+01 3.920843e-10 
1.195000e+01 1.852996e-10 1.195000e+01 3.678160e-10 
1.205000e+01 1.729995e-10 1.205000e+01 3.453679e-10 
1.215000e+01 1.614996e-10 1.215000e+01 3.242848e-10 
1.225000e+01 1.506996e-10 1.225000e+01 3.047185e-10 
1.235000e+01 1.406996e-10 1.235000e+01 2.865173e-10 
1.245000e+01 1.312997e-10 1.245000e+01 2.695295e-10 
1.255000e+01 1.225997e-10 1.255000e+01 2.536034e-10 
1.265000e+01 1.143997e-10 1.265000e+01 2.388908e-10 
1.275000e+01 1.067997e-10 1.275000e+01 2.249366e-10 
1.285000e+01 9.970976e-11 1.285000e+01 2.120440e-10 
1.295000e+01 9.305976e-11 1.295000e+01 1.999099e-10 
1.305000e+01 8.686979e-11 1.305000e+01 1.885341e-10 
1.315000e+01 8.107979e-11 1.315000e+01 1.779168e-10 
1.325000e+01 7.567980e-11 1.325000e+01 1.680578e-10 
1.335000e+01 7.063983e-11 1.335000e+01 1.586538e-10 
1.345000e+01 6.593984e-11 1.345000e+01 1.499628e-10 
1.355000e+01 6.154984e-11 1.355000e+01 1.417722e-10 
1.365000e+01 5.744986e-11 1.365000e+01 1.340822e-10 
1.375000e+01 5.362986e-11 1.375000e+01 1.268472e-10 
1.385000e+01 5.004987e-11 1.385000e+01 1.200673e-10 
1.395000e+01 4.671989e-11 1.395000e+01 1.136817e-10 
1.405000e+01 4.360989e-11 1.405000e+01 1.076905e-10 
1.415000e+01 4.070990e-11 1.415000e+01 1.020481e-10 
1.425000e+01 3.799991e-11 1.425000e+01 9.681524e-11 
1.435000e+01 3.546991e-11 1.435000e+01 9.199193e-11 
1.445000e+01 3.310992e-11 1.445000e+01 8.742645e-11 
1.455000e+01 3.089992e-11 1.455000e+01 8.311884e-11 
1.465000e+01 2.883993e-11 1.465000e+01 7.905390e-11 
1.475000e+01 2.691993e-11 1.475000e+01 7.521647e-11 
1.485000e+01 2.512994e-11 1.485000e+01 7.157624e-11 
1.495000e+01 2.345994e-11 1.495000e+01 6.814834e-11 
1.505000e+01 2.189995e-11 1.505000e+01 6.490247e-11 
1.515000e+01 2.043995e-11 1.515000e+01 6.182343e-11 
1.525000e+01 1.907995e-11 1.525000e+01 5.891123e-11 
1.535000e+01 1.780995e-11 1.535000e+01 5.616588e-11 
1.545000e+01 1.661996e-11 1.545000e+01 5.355704e-11 
1.555000e+01 1.551996e-11 1.555000e+01 5.108471e-11 
1.565000e+01 1.447996e-11 1.565000e+01 4.874889e-11 
1.575000e+01 1.351997e-11 1.575000e+01 4.651924e-11 
1.585000e+01 1.261997e-11 1.585000e+01 4.441094e-11 
1.595000e+01 1.177997e-11 1.595000e+01 4.240881e-11 
1.605000e+01 1.099997e-11 1.605000e+01 4.051285e-11 
1.615000e+01 1.025998e-11 1.615000e+01 3.870790e-11 
1.625000e+01 9.578977e-12 1.625000e+01 3.700911e-11 
1.635000e+01 8.940978e-12 1.635000e+01 3.537101e-11 
1.645000e+01 8.345979e-12 1.645000e+01 3.383907e-11 
1.655000e+01 7.789981e-12 1.655000e+01 3.236781e-11 
1.665000e+01 7.270982e-12 1.665000e+01 3.097238e-11 
1.675000e+01 6.786983e-12 1.675000e+01 2.963763e-11 
1.685000e+01 6.334984e-12 1.685000e+01 2.837871e-11 
1.695000e+01 5.912986e-12 1.695000e+01 2.716530e-11 
1.705000e+01 5.519986e-12 1.705000e+01 2.602773e-11 
1.715000e+01 5.151988e-12 1.715000e+01 2.493565e-11 
1.725000e+01 4.808988e-12 1.725000e+01 2.388908e-11 
1.735000e+01 4.488989e-12 1.735000e+01 2.290318e-11 
1.745000e+01 4.189990e-12 1.745000e+01 2.196279e-11 
1.755000e+01 3.910990e-12 1.755000e+01 2.105273e-11 
1.765000e+01 3.650991e-12 1.765000e+01 2.020334e-11 
1.775000e+01 3.407992e-12 1.775000e+01 1.938428e-11 
1.785000e+01 3.180992e-12 1.785000e+01 1.859556e-11 
1.795000e+01 2.968993e-12 1.795000e+01 1.756416e-11 
1.805000e+01 1.000000e-30 1.805000e+01 1.629008e-11 
1.815000e+01 1.000000e-30 1.815000e+01 1.511610e-11 
1.825000e+01 1.000000e-30 1.825000e+01 1.402706e-11 
1.835000e+01 1.000000e-30 1.835000e+01 1.301538e-11 
1.845000e+01 1.000000e-30 1.845000e+01 1.207498e-11 
1.855000e+01 1.000000e-30 1.855000e+01 1.120436e-11 
1.865000e+01 1.000000e-30 1.865000e+01 1.039592e-11 
1.875000e+01 1.000000e-30 1.875000e+01 9.645122e-12 
1.885000e+01 1.000000e-30 1.885000e+01 8.948925e-12 
1.895000e+01 1.000000e-30 1.895000e+01 8.302783e-12 
1.905000e+01 1.000000e-30 1.905000e+01 7.702144e-12 
1.915000e+01 1.000000e-30 1.915000e+01 7.147006e-12 
1.925000e+01 1.000000e-30 1.925000e+01 6.629789e-12 
1.935000e+01 1.000000e-30 1.935000e+01 6.150490e-12 
1.945000e+01 1.000000e-30 1.945000e+01 5.706078e-12 
1.955000e+01 1.000000e-30 1.955000e+01 5.293517e-12 
1.965000e+01 1.000000e-30 1.965000e+01 4.911292e-12 
1.975000e+01 1.000000e-30 1.975000e+01 4.556368e-12 
1.985000e+01 1.000000e-30 1.985000e+01 4.225713e-12 
1.995000e+01 1.000000e-30 1.995000e+01 3.920842e-12 
