spectrum
 spr iii leakage spectrum at 12".      
 1.000E-10 1.000E+16 1.050E-10 1.049E+16 1.100E-10 1.098E+16 1.150E-10 1.146E+16
 1.200E-10 1.207E+16 1.275E-10 1.280E+16 1.350E-10 1.352E+16 1.425E-10 1.425E+16
 1.500E-10 1.510E+16 1.600E-10 1.607E+16 1.700E-10 1.703E+16 1.800E-10 1.800E+16
 1.900E-10 1.896E+16 2.000E-10 1.993E+16 2.100E-10 2.089E+16 2.200E-10 2.186E+16
 2.300E-10 2.282E+16 2.400E-10 2.402E+16 2.550E-10 2.546E+16 2.700E-10 2.666E+16
 2.800E-10 2.810E+16 3.000E-10 3.001E+16 3.200E-10 3.192E+16 3.400E-10 3.383E+16
 3.600E-10 3.573E+16 3.800E-10 3.764E+16 4.000E-10 3.977E+16 4.250E-10 4.214E+16
 4.500E-10 4.451E+16 4.750E-10 4.687E+16 5.000E-10 4.922E+16 5.250E-10 5.157E+16
 5.500E-10 5.392E+16 5.750E-10 5.626E+16 6.000E-10 5.882E+16 6.300E-10 6.162E+16
 6.600E-10 6.440E+16 6.900E-10 6.718E+16 7.200E-10 7.042E+16 7.600E-10 7.411E+16
 8.000E-10 7.779E+16 8.400E-10 8.146E+16 8.800E-10 8.512E+16 9.200E-10 8.876E+16
 9.600E-10 9.239E+16 1.000E-09 9.646E+16 1.050E-09 1.010E+17 1.100E-09 1.055E+17
 1.150E-09 1.099E+17 1.200E-09 1.155E+17 1.275E-09 1.221E+17 1.350E-09 1.287E+17
 1.425E-09 1.353E+17 1.500E-09 1.429E+17 1.600E-09 1.515E+17 1.700E-09 1.600E+17
 1.800E-09 1.685E+17 1.900E-09 1.769E+17 2.000E-09 1.853E+17 2.100E-09 1.935E+17
 2.200E-09 2.017E+17 2.300E-09 2.099E+17 2.400E-09 2.199E+17 2.550E-09 2.319E+17
 2.700E-09 2.417E+17 2.800E-09 2.534E+17 3.000E-09 2.687E+17 3.200E-09 2.838E+17
 3.400E-09 2.987E+17 3.600E-09 3.132E+17 3.800E-09 3.276E+17 4.000E-09 3.434E+17
 4.250E-09 3.606E+17 4.500E-09 3.774E+17 4.750E-09 3.939E+17 5.000E-09 4.101E+17
 5.250E-09 4.258E+17 5.500E-09 4.412E+17 5.750E-09 4.563E+17 6.000E-09 4.725E+17
 6.300E-09 4.897E+17 6.600E-09 5.065E+17 6.900E-09 5.228E+17 7.200E-09 5.411E+17
 7.600E-09 5.614E+17 8.000E-09 5.809E+17 8.400E-09 5.997E+17 8.800E-09 6.177E+17
 9.200E-09 6.350E+17 9.600E-09 6.517E+17 1.000E-08 6.695E+17 1.050E-08 6.884E+17
 1.100E-08 7.063E+17 1.150E-08 7.233E+17 1.200E-08 7.430E+17 1.275E-08 7.651E+17
 1.350E-08 7.851E+17 1.425E-08 8.034E+17 1.500E-08 8.223E+17 1.600E-08 8.414E+17
 1.700E-08 8.577E+17 1.800E-08 8.715E+17 1.900E-08 8.830E+17 2.000E-08 8.922E+17
 2.100E-08 8.993E+17 2.200E-08 9.046E+17 2.300E-08 9.082E+17 2.400E-08 9.101E+17
 2.550E-08 9.097E+17 2.700E-08 9.072E+17 2.800E-08 9.012E+17 3.000E-08 8.900E+17
 3.200E-08 8.754E+17 3.400E-08 8.578E+17 3.600E-08 8.378E+17 3.800E-08 8.160E+17
 4.000E-08 7.894E+17 4.250E-08 7.585E+17 4.500E-08 7.263E+17 4.750E-08 6.935E+17
 5.000E-08 6.614E+17 5.250E-08 6.303E+17 5.500E-08 6.023E+17 5.750E-08 5.768E+17
 6.000E-08 5.511E+17 6.300E-08 5.255E+17 6.600E-08 5.022E+17 6.900E-08 4.809E+17
 7.200E-08 4.582E+17 7.600E-08 4.348E+17 8.000E-08 4.136E+17 8.400E-08 3.944E+17
 8.800E-08 3.769E+17 9.200E-08 3.609E+17 9.600E-08 3.462E+17 1.000E-07 3.311E+17
 1.050E-07 3.157E+17 1.100E-07 3.017E+17 1.150E-07 2.889E+17 1.200E-07 2.744E+17
 1.275E-07 2.588E+17 1.350E-07 2.448E+17 1.425E-07 2.323E+17 1.500E-07 2.193E+17
 1.600E-07 2.060E+17 1.700E-07 1.943E+17 1.800E-07 1.838E+17 1.900E-07 1.744E+17
 2.000E-07 1.660E+17 2.100E-07 1.583E+17 2.200E-07 1.513E+17 2.300E-07 1.448E+17
 2.400E-07 1.375E+17 2.550E-07 1.292E+17 2.700E-07 1.226E+17 2.800E-07 1.151E+17
 3.000E-07 1.058E+17 3.200E-07 9.728E+16 3.400E-07 8.947E+16 3.600E-07 8.255E+16
 3.800E-07 7.663E+16 4.000E-07 7.105E+16 4.250E-07 6.582E+16 4.500E-07 6.132E+16
 4.750E-07 5.735E+16 5.000E-07 5.402E+16 5.250E-07 5.119E+16 5.500E-07 4.866E+16
 5.750E-07 4.638E+16 6.000E-07 4.413E+16 6.300E-07 4.193E+16 6.600E-07 3.993E+16
 6.900E-07 3.818E+16 7.200E-07 3.645E+16 7.600E-07 3.470E+16 8.000E-07 3.312E+16
 8.400E-07 3.168E+16 8.800E-07 3.037E+16 9.200E-07 2.917E+16 9.600E-07 2.806E+16
 1.000E-06 2.691E+16 1.050E-06 2.574E+16 1.100E-06 2.466E+16 1.150E-06 2.368E+16
 1.200E-06 2.256E+16 1.275E-06 2.136E+16 1.350E-06 2.028E+16 1.425E-06 1.931E+16
 1.500E-06 1.830E+16 1.600E-06 1.726E+16 1.700E-06 1.635E+16 1.800E-06 1.553E+16
 1.900E-06 1.480E+16 2.000E-06 1.412E+16 2.100E-06 1.349E+16 2.200E-06 1.293E+16
 2.300E-06 1.241E+16 2.400E-06 1.182E+16 2.550E-06 1.119E+16 2.700E-06 1.072E+16
 2.800E-06 1.022E+16 3.000E-06 9.607E+15 3.200E-06 9.051E+15 3.400E-06 8.578E+15
 3.600E-06 8.177E+15 3.800E-06 7.830E+15 4.000E-06 7.483E+15 4.250E-06 7.098E+15
 4.500E-06 6.708E+15 4.750E-06 6.357E+15 5.000E-06 6.052E+15 5.250E-06 5.787E+15
 5.500E-06 5.522E+15 5.750E-06 5.234E+15 6.000E-06 4.953E+15 6.300E-06 4.686E+15
 6.600E-06 4.448E+15 6.900E-06 4.237E+15 7.200E-06 4.031E+15 7.600E-06 3.827E+15
 8.000E-06 3.646E+15 8.400E-06 3.482E+15 8.800E-06 3.335E+15 9.200E-06 3.201E+15
 9.600E-06 3.079E+15 1.000E-05 2.957E+15 1.050E-05 2.837E+15 1.100E-05 2.727E+15
 1.150E-05 2.626E+15 1.200E-05 2.511E+15 1.275E-05 2.388E+15 1.350E-05 2.276E+15
 1.425E-05 2.176E+15 1.500E-05 2.070E+15 1.600E-05 1.963E+15 1.700E-05 1.866E+15
 1.800E-05 1.780E+15 1.900E-05 1.702E+15 2.000E-05 1.622E+15 2.100E-05 1.542E+15
 2.200E-05 1.469E+15 2.300E-05 1.402E+15 2.400E-05 1.328E+15 2.550E-05 1.248E+15
 2.700E-05 1.187E+15 2.800E-05 1.122E+15 3.000E-05 1.049E+15 3.200E-05 9.881E+14
 3.400E-05 9.346E+14 3.600E-05 8.870E+14 3.800E-05 8.441E+14 4.000E-05 8.017E+14
 4.250E-05 7.586E+14 4.500E-05 7.202E+14 4.750E-05 6.860E+14 5.000E-05 6.567E+14
 5.250E-05 6.622E+14 5.500E-05 6.472E+14 5.750E-05 6.218E+14 6.000E-05 5.963E+14
 6.300E-05 5.706E+14 6.600E-05 5.430E+14 6.900E-05 5.035E+14 7.200E-05 4.789E+14
 7.600E-05 4.536E+14 8.000E-05 4.315E+14 8.400E-05 4.114E+14 8.800E-05 3.802E+14
 9.200E-05 3.635E+14 9.600E-05 3.555E+14 1.000E-04 3.390E+14 1.050E-04 3.234E+14
 1.100E-04 3.092E+14 1.150E-04 2.958E+14 1.200E-04 2.760E+14 1.275E-04 2.621E+14
 1.350E-04 2.513E+14 1.425E-04 2.411E+14 1.500E-04 2.274E+14 1.600E-04 2.135E+14
 1.700E-04 2.015E+14 1.800E-04 1.895E+14 1.900E-04 1.775E+14 2.000E-04 1.692E+14
 2.100E-04 1.617E+14 2.200E-04 1.552E+14 2.300E-04 1.495E+14 2.400E-04 1.423E+14
 2.550E-04 1.349E+14 2.700E-04 1.287E+14 2.800E-04 1.222E+14 3.000E-04 1.146E+14
 3.200E-04 1.082E+14 3.400E-04 1.024E+14 3.600E-04 9.728E+13 3.800E-04 9.263E+13
 4.000E-04 8.789E+13 4.250E-04 8.326E+13 4.500E-04 7.884E+13 4.750E-04 7.519E+13
 5.000E-04 7.178E+13 5.250E-04 6.947E+13 5.500E-04 6.695E+13 5.750E-04 6.495E+13
 6.000E-04 6.251E+13 6.300E-04 6.060E+13 6.600E-04 5.813E+13 6.900E-04 5.629E+13
 7.200E-04 5.483E+13 7.600E-04 5.335E+13 8.000E-04 5.144E+13 8.400E-04 5.028E+13
 8.800E-04 4.915E+13 9.200E-04 4.786E+13 9.600E-04 4.743E+13 1.000E-03 4.644E+13
 1.050E-03 4.539E+13 1.100E-03 4.436E+13 1.150E-03 4.344E+13 1.200E-03 4.218E+13
 1.275E-03 4.030E+13 1.350E-03 3.896E+13 1.425E-03 3.773E+13 1.500E-03 3.650E+13
 1.600E-03 3.530E+13 1.700E-03 3.410E+13 1.800E-03 3.321E+13 1.900E-03 3.234E+13
 2.000E-03 3.166E+13 2.100E-03 3.119E+13 2.200E-03 3.060E+13 2.300E-03 2.987E+13
 2.400E-03 2.926E+13 2.550E-03 2.866E+13 2.700E-03 2.826E+13 2.800E-03 2.782E+13
 3.000E-03 2.742E+13 3.200E-03 2.716E+13 3.400E-03 2.709E+13 3.600E-03 2.713E+13
 3.800E-03 2.718E+13 4.000E-03 2.723E+13 4.250E-03 2.761E+13 4.500E-03 2.755E+13
 4.750E-03 2.754E+13 5.000E-03 2.754E+13 5.250E-03 2.757E+13 5.500E-03 2.767E+13
 5.750E-03 2.763E+13 6.000E-03 2.758E+13 6.300E-03 2.740E+13 6.600E-03 2.731E+13
 6.900E-03 2.688E+13 7.200E-03 2.698E+13 7.600E-03 2.715E+13 8.000E-03 2.730E+13
 8.400E-03 2.741E+13 8.800E-03 2.819E+13 9.200E-03 2.835E+13 9.600E-03 2.842E+13
 1.000E-02 2.883E+13 1.050E-02 2.918E+13 1.100E-02 2.940E+13 1.150E-02 2.976E+13
 1.200E-02 3.040E+13 1.275E-02 3.068E+13 1.350E-02 3.118E+13 1.425E-02 3.162E+13
 1.500E-02 3.166E+13 1.600E-02 3.203E+13 1.700E-02 3.247E+13 1.800E-02 3.278E+13
 1.900E-02 3.321E+13 2.000E-02 3.401E+13 2.100E-02 3.500E+13 2.200E-02 3.594E+13
 2.300E-02 3.676E+13 2.400E-02 3.782E+13 2.550E-02 3.917E+13 2.700E-02 4.017E+13
 2.800E-02 4.140E+13 3.000E-02 3.930E+13 3.200E-02 4.112E+13 3.400E-02 4.275E+13
 3.600E-02 4.449E+13 3.800E-02 4.618E+13 4.000E-02 5.272E+13 4.250E-02 5.466E+13
 4.500E-02 5.506E+13 4.750E-02 5.383E+13 5.000E-02 5.581E+13 5.250E-02 5.807E+13
 5.500E-02 6.051E+13 5.750E-02 6.323E+13 6.000E-02 7.022E+13 6.300E-02 7.357E+13
 6.600E-02 7.688E+13 6.900E-02 7.953E+13 7.200E-02 8.133E+13 7.600E-02 8.316E+13
 8.000E-02 8.515E+13 8.400E-02 8.686E+13 8.800E-02 8.848E+13 9.200E-02 9.049E+13
 9.600E-02 9.247E+13 1.000E-01 9.365E+13 1.050E-01 8.400E+13 1.100E-01 8.450E+13
 1.150E-01 8.495E+13 1.200E-01 8.540E+13 1.275E-01 8.472E+13 1.350E-01 8.954E+13
 1.425E-01 8.981E+13 1.500E-01 9.010E+13 1.600E-01 9.014E+13 1.700E-01 8.986E+13
 1.800E-01 8.853E+13 1.900E-01 8.819E+13 2.000E-01 8.704E+13 2.100E-01 8.379E+13
 2.200E-01 8.282E+13 2.300E-01 8.229E+13 2.400E-01 8.066E+13 2.550E-01 7.785E+13
 2.700E-01 7.704E+13 2.800E-01 7.616E+13 3.000E-01 7.249E+13 3.200E-01 6.790E+13
 3.400E-01 6.415E+13 3.600E-01 6.117E+13 3.800E-01 5.717E+13 4.000E-01 5.366E+13
 4.250E-01 5.050E+13 4.500E-01 4.802E+13 4.750E-01 4.542E+13 5.000E-01 4.278E+13
 5.250E-01 3.958E+13 5.500E-01 3.657E+13 5.750E-01 3.401E+13 6.000E-01 3.153E+13
 6.300E-01 2.917E+13 6.600E-01 2.708E+13 6.900E-01 2.553E+13 7.200E-01 2.444E+13
 7.600E-01 2.349E+13 8.000E-01 2.263E+13 8.400E-01 2.184E+13 8.800E-01 2.112E+13
 9.200E-01 2.046E+13 9.600E-01 1.985E+13 1.000E+00 1.925E+13 1.100E+00 1.871E+13
 1.200E+00 1.831E+13 1.300E+00 1.801E+13 1.400E+00 1.773E+13 1.500E+00 1.723E+13
 1.600E+00 1.651E+13 1.700E+00 1.580E+13 1.800E+00 1.514E+13 1.900E+00 1.459E+13
 2.000E+00 1.383E+13 2.100E+00 1.285E+13 2.200E+00 1.198E+13 2.300E+00 1.118E+13
 2.400E+00 1.037E+13 2.500E+00 9.602E+12 2.600E+00 8.882E+12 2.700E+00 8.244E+12
 2.800E+00 7.742E+12 2.900E+00 7.307E+12 3.000E+00 6.859E+12 3.100E+00 6.481E+12
 3.200E+00 6.145E+12 3.300E+00 5.807E+12 3.400E+00 5.493E+12 3.500E+00 5.176E+12
 3.600E+00 4.831E+12 3.700E+00 4.544E+12 3.800E+00 4.306E+12 3.900E+00 4.106E+12
 4.000E+00 3.924E+12 4.100E+00 3.724E+12 4.200E+00 3.493E+12 4.300E+00 3.248E+12
 4.400E+00 3.010E+12 4.500E+00 2.783E+12 4.600E+00 2.570E+12 4.700E+00 2.384E+12
 4.800E+00 2.216E+12 4.900E+00 2.062E+12 5.000E+00 1.911E+12 5.100E+00 1.765E+12
 5.200E+00 1.642E+12 5.300E+00 1.542E+12 5.400E+00 1.455E+12 5.500E+00 1.378E+12
 5.600E+00 1.306E+12 5.700E+00 1.238E+12 5.800E+00 1.173E+12 5.900E+00 1.107E+12
 6.000E+00 1.027E+12 6.100E+00 9.345E+11 6.200E+00 8.537E+11 6.300E+00 7.580E+11
 6.400E+00 6.815E+11 6.500E+00 6.132E+11 6.600E+00 5.578E+11 6.700E+00 5.115E+11
 6.800E+00 4.813E+11 6.900E+00 4.480E+11 7.000E+00 4.189E+11 7.100E+00 3.924E+11
 7.200E+00 3.652E+11 7.300E+00 3.351E+11 7.400E+00 3.116E+11 7.500E+00 2.882E+11
 7.600E+00 2.659E+11 7.700E+00 2.439E+11 7.800E+00 2.267E+11 7.900E+00 2.095E+11
 8.000E+00 1.946E+11 8.100E+00 1.808E+11 8.200E+00 1.692E+11 8.300E+00 1.588E+11
 8.400E+00 1.501E+11 8.500E+00 1.421E+11 8.600E+00 1.343E+11 8.700E+00 1.266E+11
 8.800E+00 1.190E+11 8.900E+00 1.117E+11 9.000E+00 1.046E+11 9.100E+00 9.796E+10
 9.200E+00 9.169E+10 9.300E+00 8.569E+10 9.400E+00 8.004E+10 9.500E+00 7.471E+10
 9.600E+00 6.971E+10 9.700E+00 6.501E+10 9.800E+00 6.032E+10 9.900E+00 5.595E+10
 1.000E+01 5.189E+10 1.010E+01 4.811E+10 1.020E+01 4.460E+10 1.030E+01 4.158E+10
 1.040E+01 3.876E+10 1.050E+01 3.611E+10 1.060E+01 3.364E+10 1.070E+01 3.133E+10
 1.080E+01 2.925E+10 1.090E+01 2.731E+10 1.100E+01 2.549E+10 1.110E+01 2.378E+10
 1.120E+01 2.217E+10 1.130E+01 2.056E+10 1.140E+01 1.904E+10 1.150E+01 1.762E+10
 1.160E+01 1.630E+10 1.170E+01 1.507E+10 1.180E+01 1.402E+10 1.190E+01 1.304E+10
 1.200E+01 1.211E+10 1.210E+01 1.124E+10 1.220E+01 1.040E+10 1.230E+01 9.617E+09
 1.240E+01 8.902E+09 1.250E+01 8.260E+09 1.260E+01 7.665E+09 1.270E+01 7.140E+09
 1.280E+01 6.652E+09 1.290E+01 6.184E+09 1.300E+01 5.737E+09 1.310E+01 5.322E+09
 1.320E+01 4.933E+09 1.330E+01 4.571E+09 1.340E+01 4.245E+09 1.350E+01 3.949E+09
 1.360E+01 3.679E+09 1.370E+01 3.433E+09 1.380E+01 3.199E+09 1.390E+01 2.971E+09
 1.400E+01 2.761E+09 1.410E+01 2.557E+09 1.420E+01 2.368E+09 1.430E+01 2.196E+09
 1.440E+01 2.039E+09 1.450E+01 1.893E+09 1.460E+01 1.763E+09 1.470E+01 1.640E+09
 1.480E+01 1.525E+09 1.490E+01 1.415E+09 1.500E+01 1.313E+09 1.510E+01 1.215E+09
 1.520E+01 1.125E+09 1.530E+01 1.046E+09 1.540E+01 9.736E+08 1.550E+01 9.057E+08
 1.560E+01 8.425E+08 1.570E+01 7.837E+08 1.580E+01 7.271E+08 1.590E+01 6.746E+08
 1.600E+01 6.261E+08 1.610E+01 5.812E+08 1.620E+01 5.397E+08 1.630E+01 4.985E+08
 1.640E+01 4.604E+08 1.650E+01 4.254E+08 1.660E+01 3.932E+08 1.670E+01 3.635E+08
 1.680E+01 3.376E+08 1.690E+01 3.136E+08 1.700E+01 2.914E+08 1.710E+01 2.709E+08
 1.720E+01 2.519E+08 1.730E+01 2.328E+08 1.740E+01 2.151E+08 1.750E+01 1.987E+08
 1.760E+01 1.836E+08 1.770E+01 1.697E+08 1.780E+01 1.630E+08 1.790E+01 1.580E+08
 1.800E+01 1.549E+08 1.810E+01 1.541E+08 1.820E+01 1.568E+08 1.830E+01 1.452E+08
 1.840E+01 1.345E+08 1.850E+01 1.245E+08 1.860E+01 1.152E+08 1.870E+01 1.065E+08
 1.880E+01 9.838E+07 1.890E+01 9.086E+07 1.900E+01 8.387E+07 1.910E+01 7.743E+07
 1.920E+01 7.150E+07 1.930E+01 6.606E+07 1.940E+01 6.109E+07 1.950E+01 5.652E+07
 1.960E+01 5.224E+07 1.970E+01 4.821E+07 1.980E+01 4.443E+07 1.990E+01 4.081E+07
 2.000E+01 0.000E+00
