   0.1025000E-09      0.1115709E-03
   0.1075000E-09      0.1169311E-03
   0.1125000E-09      0.1223906E-03
   0.1175000E-09      0.1277507E-03
   0.1237500E-09      0.1345006E-03
   0.1312500E-09      0.1426401E-03
   0.1387500E-09      0.1507796E-03
   0.1462500E-09      0.1588199E-03
   0.1550000E-09      0.1683491E-03
   0.1650000E-09      0.1790694E-03
   0.1750000E-09      0.1898890E-03
   0.1850000E-09      0.2006093E-03
   0.1950000E-09      0.2114289E-03
   0.2050000E-09      0.2221493E-03
   0.2150000E-09      0.2328696E-03
   0.2250000E-09      0.2436892E-03
   0.2350000E-09      0.2544095E-03
   0.2475000E-09      0.2678100E-03
   0.2625000E-09      0.2837912E-03
   0.2750000E-09      0.2971917E-03
   0.2900000E-09      0.3132722E-03
   0.3100000E-09      0.3345143E-03
   0.3300000E-09      0.3558557E-03
   0.3500000E-09      0.3770979E-03
   0.3700000E-09      0.3983400E-03
   0.3900000E-09      0.4195822E-03
   0.4125000E-09      0.4434052E-03
   0.4375000E-09      0.4698089E-03
   0.4625000E-09      0.4961135E-03
   0.4875000E-09      0.5224181E-03
   0.5125000E-09      0.5487226E-03
   0.5375000E-09      0.5749279E-03
   0.5625000E-09      0.6010339E-03
   0.5875000E-09      0.6271399E-03
   0.6150000E-09      0.6557275E-03
   0.6450000E-09      0.6868959E-03
   0.6750000E-09      0.7180643E-03
   0.7050000E-09      0.7490342E-03
   0.7400000E-09      0.7851657E-03
   0.7800000E-09      0.8262603E-03
   0.8200000E-09      0.8672557E-03
   0.8600000E-09      0.9081518E-03
   0.9000000E-09      0.9488494E-03
   0.9400000E-09      0.9895471E-03
   0.9800000E-09      0.1030344E-02
   0.1025000E-08      0.1075012E-02
   0.1075000E-08      0.1125636E-02
   0.1125000E-08      0.1175267E-02
   0.1175000E-08      0.1225891E-02
   0.1237500E-08      0.1287433E-02
   0.1312500E-08      0.1360888E-02
   0.1387500E-08      0.1435334E-02
   0.1462500E-08      0.1507796E-02
   0.1550000E-08      0.1592169E-02
   0.1650000E-08      0.1688453E-02
   0.1750000E-08      0.1783746E-02
   0.1850000E-08      0.1878045E-02
   0.1950000E-08      0.1972344E-02
   0.2050000E-08      0.2065651E-02
   0.2150000E-08      0.2156972E-02
   0.2250000E-08      0.2248294E-02
   0.2350000E-08      0.2339615E-02
   0.2475000E-08      0.2451781E-02
   0.2625000E-08      0.2584793E-02
   0.2750000E-08      0.2694974E-02
   0.2900000E-08      0.2825008E-02
   0.3100000E-08      0.2995739E-02
   0.3300000E-08      0.3163493E-02
   0.3500000E-08      0.3329261E-02
   0.3700000E-08      0.3492052E-02
   0.3900000E-08      0.3650871E-02
   0.4125000E-08      0.3827559E-02
   0.4375000E-08      0.4020127E-02
   0.4625000E-08      0.4207734E-02
   0.4875000E-08      0.4391369E-02
   0.5125000E-08      0.4571034E-02
   0.5375000E-08      0.4746729E-02
   0.5625000E-08      0.4918452E-02
   0.5875000E-08      0.5087199E-02
   0.6150000E-08      0.5266863E-02
   0.6450000E-08      0.5459433E-02
   0.6750000E-08      0.5645054E-02
   0.7050000E-08      0.5826704E-02
   0.7400000E-08      0.6031184E-02
   0.7800000E-08      0.6257502E-02
   0.8200000E-08      0.6475880E-02
   0.8600000E-08      0.6684331E-02
   0.9000000E-08      0.6885834E-02
   0.9400000E-08      0.7078403E-02
   0.9800000E-08      0.7264024E-02
   0.1025000E-07      0.7463540E-02
   0.1075000E-07      0.7673976E-02
   0.1125000E-07      0.7873494E-02
   0.1175000E-07      0.8062094E-02
   0.1237500E-07      0.8282456E-02
   0.1312500E-07      0.8527634E-02
   0.1387500E-07      0.8750974E-02
   0.1462500E-07      0.8954462E-02
   0.1550000E-07      0.9165891E-02
   0.1650000E-07      0.9378312E-02
   0.1750000E-07      0.9560956E-02
   0.1850000E-07      0.9714812E-02
   0.1950000E-07      0.9842861E-02
   0.2050000E-07      0.9946093E-02
   0.2150000E-07      0.1002550E-01
   0.2250000E-07      0.1008506E-01
   0.2350000E-07      0.1012477E-01
   0.2475000E-07      0.1014462E-01
   0.2625000E-07      0.1014462E-01
   0.2750000E-07      0.1011484E-01
   0.2900000E-07      0.1004536E-01
   0.3100000E-07      0.9922270E-02
   0.3300000E-07      0.9758488E-02
   0.3500000E-07      0.9562940E-02
   0.3700000E-07      0.9340593E-02
   0.3900000E-07      0.9096407E-02
   0.4125000E-07      0.8799613E-02
   0.4375000E-07      0.8454178E-02
   0.4625000E-07      0.8095842E-02
   0.4875000E-07      0.7730556E-02
   0.5125000E-07      0.7372220E-02
   0.5375000E-07      0.7024800E-02
   0.5625000E-07      0.6713117E-02
   0.5875000E-07      0.6427241E-02
   0.6150000E-07      0.6140373E-02
   0.6450000E-07      0.5855490E-02
   0.6750000E-07      0.5595422E-02
   0.7050000E-07      0.5358186E-02
   0.7400000E-07      0.5105066E-02
   0.7800000E-07      0.4844005E-02
   0.8200000E-07      0.4607761E-02
   0.8600000E-07      0.4393355E-02
   0.9000000E-07      0.4198800E-02
   0.9400000E-07      0.4020127E-02
   0.9800000E-07      0.3856344E-02
   0.1025000E-06      0.3687599E-02
   0.1075000E-06      0.3515875E-02
   0.1125000E-06      0.3360033E-02
   0.1175000E-06      0.3217094E-02
   0.1237500E-06      0.3055297E-02
   0.1312500E-06      0.2880595E-02
   0.1387500E-06      0.2725746E-02
   0.1462500E-06      0.2585786E-02
   0.1550000E-06      0.2440863E-02
   0.1650000E-06      0.2292962E-02
   0.1750000E-06      0.2161935E-02
   0.1850000E-06      0.2044806E-02
   0.1950000E-06      0.1940580E-02
   0.2050000E-06      0.1846281E-02
   0.2150000E-06      0.1760915E-02
   0.2250000E-06      0.1682498E-02
   0.2350000E-06      0.1611029E-02
   0.2475000E-06      0.1529634E-02
   0.2625000E-06      0.1440298E-02
   0.2750000E-06      0.1370814E-02
   0.2900000E-06      0.1293389E-02
   0.3100000E-06      0.1198097E-02
   0.3300000E-06      0.1108761E-02
   0.3500000E-06      0.1029351E-02
   0.3700000E-06      0.9596690E-03
   0.3900000E-06      0.8986226E-03
   0.4125000E-06      0.8392637E-03
   0.4375000E-06      0.7820886E-03
   0.4625000E-06      0.7320603E-03
   0.4875000E-06      0.6876900E-03
   0.5125000E-06      0.6499703E-03
   0.5375000E-06      0.6176106E-03
   0.5625000E-06      0.5883283E-03
   0.5875000E-06      0.5618252E-03
   0.6150000E-06      0.5353222E-03
   0.6450000E-06      0.5091170E-03
   0.6750000E-06      0.4853932E-03
   0.7050000E-06      0.4644488E-03
   0.7400000E-06      0.4437030E-03
   0.7800000E-06      0.4226593E-03
   0.8200000E-06      0.4035017E-03
   0.8600000E-06      0.3861308E-03
   0.9000000E-06      0.3703480E-03
   0.9399999E-06      0.3557565E-03
   0.9800000E-06      0.3423561E-03
   0.1025000E-05      0.3283600E-03
   0.1075000E-05      0.3139670E-03
   0.1125000E-05      0.3008644E-03
   0.1175000E-05      0.2889529E-03
   0.1237500E-05      0.2752546E-03
   0.1312500E-05      0.2604646E-03
   0.1387500E-05      0.2472627E-03
   0.1462500E-05      0.2354504E-03
   0.1550000E-05      0.2230426E-03
   0.1650000E-05      0.2103370E-03
   0.1750000E-05      0.1991204E-03
   0.1850000E-05      0.1890949E-03
   0.1950000E-05      0.1799627E-03
   0.2050000E-05      0.1717240E-03
   0.2150000E-05      0.1639815E-03
   0.2250000E-05      0.1569339E-03
   0.2350000E-05      0.1504818E-03
   0.2475000E-05      0.1432357E-03
   0.2625000E-05      0.1353939E-03
   0.2750000E-05      0.1294382E-03
   0.2900000E-05      0.1231846E-03
   0.3100000E-05      0.1154422E-03
   0.3300000E-05      0.1083946E-03
   0.3500000E-05      0.1023395E-03
   0.3700000E-05      0.9694960E-04
   0.3900000E-05      0.9218501E-04
   0.4125000E-05      0.8742041E-04
   0.4375000E-05      0.8251684E-04
   0.4625000E-05      0.7796070E-04
   0.4875000E-05      0.7388101E-04
   0.5125000E-05      0.7033735E-04
   0.5375000E-05      0.6725028E-04
   0.5625000E-05      0.6434190E-04
   0.5875000E-05      0.6149306E-04
   0.6150000E-05      0.5866409E-04
   0.6450000E-05      0.5588474E-04
   0.6750000E-05      0.5338332E-04
   0.7050000E-05      0.5112014E-04
   0.7400000E-05      0.4883711E-04
   0.7800000E-05      0.4650444E-04
   0.8200001E-05      0.4440008E-04
   0.8600000E-05      0.4249424E-04
   0.8999999E-05      0.4075715E-04
   0.9400001E-05      0.3916895E-04
   0.9800000E-05      0.3770979E-04
   0.1025000E-04      0.3624070E-04
   0.1075000E-04      0.3479147E-04
   0.1125000E-04      0.3346136E-04
   0.1175000E-04      0.3224043E-04
   0.1237500E-04      0.3084083E-04
   0.1312500E-04      0.2933204E-04
   0.1387500E-04      0.2797215E-04
   0.1462500E-04      0.2674129E-04
   0.1550000E-04      0.2545088E-04
   0.1650000E-04      0.2412076E-04
   0.1750000E-04      0.2293954E-04
   0.1850000E-04      0.2187743E-04
   0.1950000E-04      0.2092452E-04
   0.2050000E-04      0.1994182E-04
   0.2150000E-04      0.1894919E-04
   0.2250000E-04      0.1805583E-04
   0.2350000E-04      0.1723196E-04
   0.2475000E-04      0.1631874E-04
   0.2625000E-04      0.1532612E-04
   0.2750000E-04      0.1458165E-04
   0.2900000E-04      0.1377762E-04
   0.3100000E-04      0.1288426E-04
   0.3300000E-04      0.1213979E-04
   0.3500000E-04      0.1148466E-04
   0.3700000E-04      0.1088909E-04
   0.3900000E-04      0.1036300E-04
   0.4125000E-04      0.9831942E-05
   0.4375000E-04      0.9300888E-05
   0.4625000E-04      0.8825420E-05
   0.4875000E-04      0.8399585E-05
   0.5125000E-04      0.8022388E-05
   0.5375000E-04      0.7851657E-05
   0.5625000E-04      0.7554862E-05
   0.5875000E-04      0.7257074E-05
   0.6150000E-04      0.6956310E-05
   0.6450000E-04      0.6656537E-05
   0.6750000E-04      0.6356765E-05
   0.7050000E-04      0.6025229E-05
   0.7400000E-04      0.5731412E-05
   0.7800000E-04      0.5428661E-05
   0.8200000E-04      0.5158668E-05
   0.8600000E-04      0.4912497E-05
   0.9000000E-04      0.4632577E-05
   0.9400000E-04      0.4429089E-05
   0.9800000E-04      0.4275232E-05
   0.1025000E-03      0.4079685E-05
   0.1075000E-03      0.3888108E-05
   0.1125000E-03      0.3714400E-05
   0.1175000E-03      0.3553594E-05
   0.1237500E-03      0.3349114E-05
   0.1312500E-03      0.3162501E-05
   0.1387500E-03      0.3005666E-05
   0.1462500E-03      0.2861735E-05
   0.1550000E-03      0.2697952E-05
   0.1650000E-03      0.2531192E-05
   0.1750000E-03      0.2386268E-05
   0.1850000E-03      0.2250279E-05
   0.1950000E-03      0.2120245E-05
   0.2050000E-03      0.2017012E-05
   0.2150000E-03      0.1925691E-05
   0.2250000E-03      0.1842310E-05
   0.2350000E-03      0.1768856E-05
   0.2475000E-03      0.1682498E-05
   0.2625000E-03      0.1590184E-05
   0.2750000E-03      0.1515737E-05
   0.2900000E-03      0.1437320E-05
   0.3100000E-03      0.1348976E-05
   0.3300000E-03      0.1273537E-05
   0.3500000E-03      0.1205046E-05
   0.3700000E-03      0.1145488E-05
   0.3900000E-03      0.1090894E-05
   0.4125000E-03      0.1037292E-05
   0.4375000E-03      0.9853779E-06
   0.4625000E-03      0.9345557E-06
   0.4875000E-03      0.8918728E-06
   0.5125000E-03      0.8538553E-06
   0.5375000E-03      0.8247713E-06
   0.5625000E-03      0.7959853E-06
   0.5875000E-03      0.7705742E-06
   0.6150000E-03      0.7429791E-06
   0.6450000E-03      0.7173695E-06
   0.6750000E-03      0.6908663E-06
   0.7050000E-03      0.6698227E-06
   0.7400000E-03      0.6523526E-06
   0.7800000E-03      0.6348824E-06
   0.8200000E-03      0.6166182E-06
   0.8600000E-03      0.6019273E-06
   0.9000000E-03      0.5879312E-06
   0.9400000E-03      0.5732404E-06
   0.9800000E-03      0.5599393E-06
   0.1025000E-02      0.5477300E-06
   0.1075000E-02      0.5353223E-06
   0.1125000E-02      0.5237085E-06
   0.1175000E-02      0.5129882E-06
   0.1237500E-02      0.5004810E-06
   0.1312500E-02      0.4868821E-06
   0.1387500E-02      0.4736802E-06
   0.1462500E-02      0.4610740E-06
   0.1550000E-02      0.4478720E-06
   0.1650000E-02      0.4341738E-06
   0.1750000E-02      0.4212696E-06
   0.1850000E-02      0.4102515E-06
   0.1950000E-02      0.3998290E-06
   0.2050000E-02      0.3919873E-06
   0.2150000E-02      0.3867264E-06
   0.2250000E-02      0.3815647E-06
   0.2350000E-02      0.3763038E-06
   0.2475000E-02      0.3707451E-06
   0.2625000E-02      0.3646901E-06
   0.2750000E-02      0.3601241E-06
   0.2900000E-02      0.3550617E-06
   0.3100000E-02      0.3499993E-06
   0.3300000E-02      0.3463266E-06
   0.3500000E-02      0.3434479E-06
   0.3700000E-02      0.3410657E-06
   0.3900000E-02      0.3387826E-06
   0.4125000E-02      0.3364003E-06
   0.4375000E-02      0.3341173E-06
   0.4625000E-02      0.3313379E-06
   0.4875000E-02      0.3289556E-06
   0.5125000E-02      0.3272681E-06
   0.5375000E-02      0.3261763E-06
   0.5625000E-02      0.3263748E-06
   0.5875000E-02      0.3246874E-06
   0.6150000E-02      0.3233970E-06
   0.6450000E-02      0.3212132E-06
   0.6750000E-02      0.3198235E-06
   0.7050000E-02      0.3184338E-06
   0.7400000E-02      0.3196250E-06
   0.7800000E-02      0.3211139E-06
   0.8200000E-02      0.3228014E-06
   0.8600000E-02      0.3241910E-06
   0.9000000E-02      0.3270696E-06
   0.9400001E-02      0.3284593E-06
   0.9800000E-02      0.3293527E-06
   0.1025000E-01      0.3326283E-06
   0.1075000E-01      0.3364003E-06
   0.1125000E-01      0.3394775E-06
   0.1175000E-01      0.3430509E-06
   0.1237500E-01      0.3482126E-06
   0.1312500E-01      0.3522823E-06
   0.1387500E-01      0.3570469E-06
   0.1462500E-01      0.3615137E-06
   0.1550000E-01      0.3648886E-06
   0.1650000E-01      0.3696532E-06
   0.1750000E-01      0.3746164E-06
   0.1850000E-01      0.3789839E-06
   0.1950000E-01      0.3836492E-06
   0.2050000E-01      0.3915902E-06
   0.2150000E-01      0.4022113E-06
   0.2250000E-01      0.4126338E-06
   0.2350000E-01      0.4224608E-06
   0.2475000E-01      0.4346701E-06
   0.2625000E-01      0.4492617E-06
   0.2750000E-01      0.4608754E-06
   0.2900000E-01      0.4745735E-06
   0.3100000E-01      0.4852939E-06
   0.3300000E-01      0.5065361E-06
   0.3500000E-01      0.5269841E-06
   0.3700000E-01      0.5473330E-06
   0.3900000E-01      0.5673839E-06
   0.4125000E-01      0.6009348E-06
   0.4375000E-01      0.6248569E-06
   0.4625000E-01      0.6445108E-06
   0.4875000E-01      0.6598965E-06
   0.5125000E-01      0.6848114E-06
   0.5375000E-01      0.7119100E-06
   0.5625000E-01      0.7392072E-06
   0.5875000E-01      0.7670007E-06
   0.6150000E-01      0.8071027E-06
   0.6450000E-01      0.8399585E-06
   0.6750000E-01      0.8730129E-06
   0.7050000E-01      0.9002109E-06
   0.7400000E-01      0.9206588E-06
   0.7799999E-01      0.9409084E-06
   0.8200000E-01      0.9611580E-06
   0.8600000E-01      0.9802163E-06
   0.9000000E-01      0.9985798E-06
   0.9400000E-01      0.1018432E-05
   0.9800000E-01      0.1037292E-05
   0.1025000          0.1048211E-05
   0.1075000          0.1025381E-05
   0.1125000          0.1027366E-05
   0.1175000          0.1030344E-05
   0.1237500          0.1032329E-05
   0.1312500          0.1031337E-05
   0.1387500          0.1044241E-05
   0.1462500          0.1046226E-05
   0.1550000          0.1048211E-05
   0.1650000          0.1050196E-05
   0.1750000          0.1050196E-05
   0.1850000          0.1048211E-05
   0.1950000          0.1049204E-05
   0.2050000          0.1037292E-05
   0.2150000          0.1011484E-05
   0.2250000          0.9918300E-06
   0.2350000          0.9744590E-06
   0.2475000          0.9518272E-06
   0.2625000          0.9241331E-06
   0.2750000          0.9060673E-06
   0.2900000          0.8858178E-06
   0.3100000          0.8428372E-06
   0.3300000          0.7898310E-06
   0.3500000          0.7437733E-06
   0.3700000          0.7028772E-06
   0.3900000          0.6636685E-06
   0.4125000          0.6251547E-06
   0.4375000          0.5876335E-06
   0.4625000          0.5543806E-06
   0.4875000          0.5238078E-06
   0.5125000          0.4896615E-06
   0.5375000          0.4525373E-06
   0.5625000          0.4196814E-06
   0.5875000          0.3904983E-06
   0.6150000          0.3622085E-06
   0.6450000          0.3351099E-06
   0.6750000          0.3110884E-06
   0.7050000          0.2931219E-06
   0.7400000          0.2804163E-06
   0.7800000          0.2691004E-06
   0.8200000          0.2589756E-06
   0.8600000          0.2495457E-06
   0.9000000          0.2410091E-06
   0.9400000          0.2332666E-06
   0.9800000          0.2264176E-06
    1.050000          0.2196677E-06
    1.150000          0.2141090E-06
    1.250000          0.2103371E-06
    1.350000          0.2078555E-06
    1.450000          0.2056717E-06
    1.550000          0.2009071E-06
    1.650000          0.1933632E-06
    1.750000          0.1857200E-06
    1.850000          0.1783746E-06
    1.950000          0.1716247E-06
    2.050000          0.1614999E-06
    2.150000          0.1487944E-06
    2.250000          0.1376769E-06
    2.350000          0.1277507E-06
    2.450000          0.1185193E-06
    2.550000          0.1101813E-06
    2.650000          0.1025381E-06
    2.750000          0.9558971E-07
    2.850000          0.8951485E-07
    2.950000          0.8411497E-07
    3.050000          0.7882428E-07
    3.150000          0.7389094E-07
    3.250000          0.6951347E-07
    3.350000          0.6547348E-07
    3.450000          0.6177100E-07
    3.550000          0.5829681E-07
    3.650000          0.5492189E-07
    3.750000          0.5185468E-07
    3.850000          0.4909519E-07
    3.950000          0.4659377E-07
    4.050000          0.4401295E-07
    4.150000          0.4126339E-07
    4.250000          0.3864285E-07
    4.350000          0.3614145E-07
    4.450000          0.3380878E-07
    4.550000          0.3163493E-07
    4.650000          0.2960005E-07
    4.750000          0.2776370E-07
    4.850000          0.2609609E-07
    4.950000          0.2455752E-07
    5.050000          0.2301895E-07
    5.150000          0.2151016E-07
    5.250000          0.2015027E-07
    5.350000          0.1889956E-07
    5.450000          0.1775805E-07
    5.550000          0.1670586E-07
    5.650000          0.1571324E-07
    5.750000          0.1480003E-07
    5.850000          0.1395630E-07
    5.950000          0.1317212E-07
    6.050000          0.1219935E-07
    6.150000          0.1107769E-07
    6.250000          0.1008506E-07
    6.350000          0.9120231E-08
    6.450000          0.8283449E-08
    6.550000          0.7532031E-08
    6.650000          0.6871937E-08
    6.750000          0.6287281E-08
    6.850000          0.5795932E-08
    6.950000          0.5335355E-08
    7.050000          0.4923416E-08
    7.150000          0.4550189E-08
    7.250000          0.4203763E-08
    7.350000          0.3871234E-08
    7.450000          0.3578410E-08
    7.550000          0.3305438E-08
    7.650000          0.3054305E-08
    7.750000          0.2822031E-08
    7.850000          0.2618543E-08
    7.950000          0.2430936E-08
    8.050000          0.2262190E-08
    8.150000          0.2108334E-08
    8.250000          0.1966388E-08
    8.350000          0.1834370E-08
    8.450000          0.1712277E-08
    8.550000          0.1598125E-08
    8.650000          0.1491914E-08
    8.750000          0.1391659E-08
    8.850000          0.1298353E-08
    8.950000          0.1210009E-08
    9.050000          0.1128614E-08
    9.150000          0.1051189E-08
    9.250000          0.9800177E-09
    9.350000          0.9128171E-09
    9.450000          0.8500833E-09
    9.550000          0.7914193E-09
    9.650000          0.7368249E-09
    9.750000          0.6857048E-09
    9.850000          0.6374632E-09
    9.950000          0.5923981E-09
    10.05000          0.5504100E-09
    10.15000          0.5114000E-09
    10.25000          0.4750699E-09
    10.35000          0.4418170E-09
    10.45000          0.4108471E-09
    10.55000          0.3819617E-09
    10.65000          0.3551609E-09
    10.75000          0.3301468E-09
    10.85000          0.3071179E-09
    10.95000          0.2855780E-09
    11.05000          0.2656262E-09
    11.15000          0.2470642E-09
    11.25000          0.2296932E-09
    11.35000          0.2134142E-09
    11.45000          0.1981278E-09
    11.55000          0.1840325E-09
    11.65000          0.1708306E-09
    11.75000          0.1586213E-09
    11.85000          0.1474047E-09
    11.95000          0.1370814E-09
    12.05000          0.1273537E-09
    12.15000          0.1183208E-09
    12.25000          0.1097842E-09
    12.35000          0.1019425E-09
    12.45000          0.9460702E-10
    12.55000          0.8787702E-10
    12.65000          0.8161356E-10
    12.75000          0.7586626E-10
    12.85000          0.7052595E-10
    12.95000          0.6553304E-10
    13.05000          0.6083792E-10
    13.15000          0.5648031E-10
    13.25000          0.5242048E-10
    13.35000          0.4863858E-10
    13.45000          0.4515447E-10
    13.55000          0.4194829E-10
    13.65000          0.3899027E-10
    13.75000          0.3625063E-10
    13.85000          0.3369959E-10
    13.95000          0.3129744E-10
    14.05000          0.2906403E-10
    14.15000          0.2696960E-10
    14.25000          0.2502405E-10
    14.35000          0.2323733E-10
    14.45000          0.2157965E-10
    14.55000          0.2004108E-10
    14.65000          0.1862163E-10
    14.75000          0.1730144E-10
    14.85000          0.1607058E-10
    14.95000          0.1491914E-10
    15.05000          0.1384710E-10
    15.15000          0.1284456E-10
    15.25000          0.1191149E-10
    15.35000          0.1106776E-10
    15.45000          0.1027366E-10
    15.55000          0.9543088E-11
    15.65000          0.8865125E-11
    15.75000          0.8235802E-11
    15.85000          0.7646183E-11
    15.95000          0.7099247E-11
    16.05000          0.6591025E-11
    16.15000          0.6120520E-11
    16.25000          0.5682773E-11
    16.35000          0.5269842E-11
    16.45000          0.4886689E-11
    16.55000          0.4531329E-11
    16.65000          0.4201778E-11
    16.75000          0.3895057E-11
    16.85000          0.3615137E-11
    16.95000          0.3355069E-11
    17.05000          0.3114855E-11
    17.15000          0.2891514E-11
    17.25000          0.2684055E-11
    17.35000          0.2488509E-11
    17.45000          0.2306858E-11
    17.55000          0.2138112E-11
    17.65000          0.1982270E-11
    17.75000          0.1837347E-11
    17.85000          0.1702350E-11
    17.95000          0.1578272E-11
    18.05000          0.1000000E-29
    18.15000          0.1000000E-29
    18.25000          0.1000000E-29
    18.35000          0.1000000E-29
    18.45000          0.1000000E-29
    18.55000          0.1000000E-29
    18.65000          0.1000000E-29
    18.75000          0.1000000E-29
    18.85000          0.1000000E-29
    18.95000          0.1000000E-29
    19.05000          0.1000000E-29
    19.15000          0.1000000E-29
    19.25000          0.1000000E-29
    19.35000          0.1000000E-29
    19.45000          0.1000000E-29
    19.55000          0.1000000E-29
    19.65000          0.1000000E-29
    19.75000          0.1000000E-29
    19.85000          0.1000000E-29
    19.95000          0.1000000E-29
