 640
 SPECTRUM SCR4, SPR III 17" Leakage  J.G. Kelly 1/87
 New Xsec
 1.000E-10 9.369E+15 1.050E-10 9.824E+15 1.100E-10 1.028E+16 1.150E-10 1.073E+16
 1.200E-10 1.130E+16 1.275E-10 1.198E+16 1.350E-10 1.266E+16 1.425E-10 1.334E+16
 1.500E-10 1.414E+16 1.600E-10 1.504E+16 1.700E-10 1.595E+16 1.800E-10 1.685E+16
 1.900E-10 1.776E+16 2.000E-10 1.866E+16 2.100E-10 1.956E+16 2.200E-10 2.047E+16
 2.300E-10 2.137E+16 2.400E-10 2.249E+16 2.550E-10 2.384E+16 2.700E-10 2.496E+16
 2.800E-10 2.631E+16 3.000E-10 2.810E+16 3.200E-10 2.989E+16 3.400E-10 3.168E+16
 3.600E-10 3.346E+16 3.800E-10 3.524E+16 4.000E-10 3.724E+16 4.250E-10 3.946E+16
 4.500E-10 4.167E+16 4.750E-10 4.388E+16 5.000E-10 4.609E+16 5.250E-10 4.829E+16
 5.500E-10 5.048E+16 5.750E-10 5.268E+16 6.000E-10 5.508E+16 6.300E-10 5.770E+16
 6.600E-10 6.031E+16 6.900E-10 6.292E+16 7.200E-10 6.595E+16 7.600E-10 6.941E+16
 8.000E-10 7.285E+16 8.400E-10 7.628E+16 8.800E-10 7.970E+16 9.200E-10 8.311E+16
 9.600E-10 8.651E+16 1.000E-09 9.032E+16 1.050E-09 9.454E+16 1.100E-09 9.875E+16
 1.150E-09 1.029E+17 1.200E-09 1.081E+17 1.275E-09 1.143E+17 1.350E-09 1.205E+17
 1.425E-09 1.267E+17 1.500E-09 1.338E+17 1.600E-09 1.418E+17 1.700E-09 1.498E+17
 1.800E-09 1.578E+17 1.900E-09 1.657E+17 2.000E-09 1.735E+17 2.100E-09 1.812E+17
 2.200E-09 1.889E+17 2.300E-09 1.965E+17 2.400E-09 2.059E+17 2.550E-09 2.171E+17
 2.700E-09 2.263E+17 2.800E-09 2.372E+17 3.000E-09 2.516E+17 3.200E-09 2.657E+17
 3.400E-09 2.796E+17 3.600E-09 2.933E+17 3.800E-09 3.067E+17 4.000E-09 3.215E+17
 4.250E-09 3.376E+17 4.500E-09 3.534E+17 4.750E-09 3.688E+17 5.000E-09 3.839E+17
 5.250E-09 3.987E+17 5.500E-09 4.131E+17 5.750E-09 4.272E+17 6.000E-09 4.424E+17
 6.300E-09 4.585E+17 6.600E-09 4.741E+17 6.900E-09 4.893E+17 7.200E-09 5.065E+17
 7.600E-09 5.255E+17 8.000E-09 5.438E+17 8.400E-09 5.614E+17 8.800E-09 5.782E+17
 9.200E-09 5.944E+17 9.600E-09 6.100E+17 1.000E-08 6.267E+17 1.050E-08 6.444E+17
 1.100E-08 6.611E+17 1.150E-08 6.770E+17 1.200E-08 6.954E+17 1.275E-08 7.160E+17
 1.350E-08 7.347E+17 1.425E-08 7.517E+17 1.500E-08 7.694E+17 1.600E-08 7.873E+17
 1.700E-08 8.025E+17 1.800E-08 8.154E+17 1.900E-08 8.261E+17 2.000E-08 8.348E+17
 2.100E-08 8.415E+17 2.200E-08 8.464E+17 2.300E-08 8.496E+17 2.400E-08 8.514E+17
 2.550E-08 8.508E+17 2.700E-08 8.485E+17 2.800E-08 8.427E+17 3.000E-08 8.322E+17
 3.200E-08 8.185E+17 3.400E-08 8.020E+17 3.600E-08 7.833E+17 3.800E-08 7.628E+17
 4.000E-08 7.379E+17 4.250E-08 7.089E+17 4.500E-08 6.788E+17 4.750E-08 6.481E+17
 5.000E-08 6.182E+17 5.250E-08 5.890E+17 5.500E-08 5.628E+17 5.750E-08 5.389E+17
 6.000E-08 5.149E+17 6.300E-08 4.909E+17 6.600E-08 4.691E+17 6.900E-08 4.492E+17
 7.200E-08 4.280E+17 7.600E-08 4.061E+17 8.000E-08 3.863E+17 8.400E-08 3.683E+17
 8.800E-08 3.520E+17 9.200E-08 3.370E+17 9.600E-08 3.232E+17 1.000E-07 3.090E+17
 1.050E-07 2.947E+17 1.100E-07 2.816E+17 1.150E-07 2.696E+17 1.200E-07 2.560E+17
 1.275E-07 2.413E+17 1.350E-07 2.283E+17 1.425E-07 2.165E+17 1.500E-07 2.043E+17
 1.600E-07 1.919E+17 1.700E-07 1.809E+17 1.800E-07 1.711E+17 1.900E-07 1.623E+17
 2.000E-07 1.544E+17 2.100E-07 1.472E+17 2.200E-07 1.406E+17 2.300E-07 1.345E+17
 2.400E-07 1.276E+17 2.550E-07 1.197E+17 2.700E-07 1.133E+17 2.800E-07 1.062E+17
 3.000E-07 9.707E+16 3.200E-07 8.849E+16 3.400E-07 8.095E+16 3.600E-07 7.440E+16
 3.800E-07 6.879E+16 4.000E-07 6.344E+16 4.250E-07 5.837E+16 4.500E-07 5.399E+16
 4.750E-07 5.016E+16 5.000E-07 4.700E+16 5.250E-07 4.441E+16 5.500E-07 4.208E+16
 5.750E-07 3.998E+16 6.000E-07 3.792E+16 6.300E-07 3.589E+16 6.600E-07 3.406E+16
 6.900E-07 3.247E+16 7.200E-07 3.092E+16 7.600E-07 2.936E+16 8.000E-07 2.796E+16
 8.400E-07 2.668E+16 8.800E-07 2.552E+16 9.200E-07 2.446E+16 9.600E-07 2.348E+16
 1.000E-06 2.248E+16 1.050E-06 2.148E+16 1.100E-06 2.057E+16 1.150E-06 1.973E+16
 1.200E-06 1.878E+16 1.275E-06 1.776E+16 1.350E-06 1.684E+16 1.425E-06 1.602E+16
 1.500E-06 1.516E+16 1.600E-06 1.428E+16 1.700E-06 1.350E+16 1.800E-06 1.281E+16
 1.900E-06 1.218E+16 2.000E-06 1.159E+16 2.100E-06 1.104E+16 2.200E-06 1.053E+16
 2.300E-06 1.007E+16 2.400E-06 9.549E+15 2.550E-06 8.987E+15 2.700E-06 8.566E+15
 2.800E-06 8.113E+15 3.000E-06 7.584E+15 3.200E-06 7.128E+15 3.400E-06 6.723E+15
 3.600E-06 6.362E+15 3.800E-06 6.038E+15 4.000E-06 5.708E+15 4.250E-06 5.382E+15
 4.500E-06 5.095E+15 4.750E-06 4.835E+15 5.000E-06 4.587E+15 5.250E-06 4.349E+15
 5.500E-06 4.134E+15 5.750E-06 3.940E+15 6.000E-06 3.745E+15 6.300E-06 3.552E+15
 6.600E-06 3.376E+15 6.900E-06 3.232E+15 7.200E-06 3.106E+15 7.600E-06 2.982E+15
 8.000E-06 2.868E+15 8.400E-06 2.764E+15 8.800E-06 2.669E+15 9.200E-06 2.580E+15
 9.600E-06 2.498E+15 1.000E-05 2.399E+15 1.050E-05 2.285E+15 1.100E-05 2.182E+15
 1.150E-05 2.088E+15 1.200E-05 1.981E+15 1.275E-05 1.866E+15 1.350E-05 1.763E+15
 1.425E-05 1.672E+15 1.500E-05 1.576E+15 1.600E-05 1.479E+15 1.700E-05 1.393E+15
 1.800E-05 1.317E+15 1.900E-05 1.248E+15 2.000E-05 1.184E+15 2.100E-05 1.124E+15
 2.200E-05 1.070E+15 2.300E-05 1.021E+15 2.400E-05 9.667E+14 2.550E-05 9.069E+14
 2.700E-05 8.620E+14 2.800E-05 8.139E+14 3.000E-05 7.593E+14 3.200E-05 7.127E+14
 3.400E-05 6.721E+14 3.600E-05 6.359E+14 3.800E-05 6.034E+14 4.000E-05 5.706E+14
 4.250E-05 5.381E+14 4.500E-05 5.090E+14 4.750E-05 4.828E+14 5.000E-05 4.603E+14
 5.250E-05 4.420E+14 5.500E-05 4.246E+14 5.750E-05 4.084E+14 6.000E-05 3.921E+14
 6.300E-05 3.757E+14 6.600E-05 3.601E+14 6.900E-05 3.431E+14 7.200E-05 3.261E+14
 7.600E-05 3.082E+14 8.000E-05 2.923E+14 8.400E-05 2.771E+14 8.800E-05 2.614E+14
 9.200E-05 2.476E+14 9.600E-05 2.355E+14 1.000E-04 2.228E+14 1.050E-04 2.106E+14
 1.100E-04 1.978E+14 1.150E-04 1.875E+14 1.200E-04 1.789E+14 1.275E-04 1.698E+14
 1.350E-04 1.617E+14 1.425E-04 1.545E+14 1.500E-04 1.494E+14 1.600E-04 1.480E+14
 1.700E-04 1.465E+14 1.800E-04 1.453E+14 1.900E-04 1.447E+14 2.000E-04 1.432E+14
 2.100E-04 1.416E+14 2.200E-04 1.403E+14 2.300E-04 1.382E+14 2.400E-04 1.358E+14
 2.550E-04 1.331E+14 2.700E-04 1.382E+14 2.800E-04 1.416E+14 3.000E-04 1.341E+14
 3.200E-04 1.247E+14 3.400E-04 1.173E+14 3.600E-04 1.099E+14 3.800E-04 1.016E+14
 4.000E-04 8.643E+13 4.250E-04 7.355E+13 4.500E-04 6.509E+13 4.750E-04 5.771E+13
 5.000E-04 5.307E+13 5.250E-04 5.033E+13 5.500E-04 4.746E+13 5.750E-04 4.495E+13
 6.000E-04 4.273E+13 6.300E-04 4.064E+13 6.600E-04 3.877E+13 6.900E-04 3.702E+13
 7.200E-04 3.522E+13 7.600E-04 3.339E+13 8.000E-04 3.170E+13 8.400E-04 3.042E+13
 8.800E-04 2.953E+13 9.200E-04 2.985E+13 9.600E-04 3.691E+13 1.000E-03 3.682E+13
 1.050E-03 3.525E+13 1.100E-03 3.378E+13 1.150E-03 3.226E+13 1.200E-03 2.890E+13
 1.275E-03 2.057E+13 1.350E-03 1.865E+13 1.425E-03 2.159E+13 1.500E-03 2.023E+13
 1.600E-03 1.887E+13 1.700E-03 1.773E+13 1.800E-03 1.673E+13 1.900E-03 1.356E+13
 2.000E-03 1.324E+13 2.100E-03 1.291E+13 2.200E-03 1.219E+13 2.300E-03 1.134E+13
 2.400E-03 1.072E+13 2.550E-03 1.015E+13 2.700E-03 9.796E+12 2.800E-03 9.487E+12
 3.000E-03 9.230E+12 3.200E-03 9.087E+12 3.400E-03 9.096E+12 3.600E-03 9.138E+12
 3.800E-03 9.064E+12 4.000E-03 8.940E+12 4.250E-03 9.560E+12 4.500E-03 9.491E+12
 4.750E-03 9.490E+12 5.000E-03 9.777E+12 5.250E-03 9.973E+12 5.500E-03 8.635E+12
 5.750E-03 9.560E+12 6.000E-03 9.639E+12 6.300E-03 1.040E+13 6.600E-03 1.065E+13
 6.900E-03 1.016E+13 7.200E-03 9.881E+12 7.600E-03 1.027E+13 8.000E-03 9.796E+12
 8.400E-03 9.628E+12 8.800E-03 9.778E+12 9.200E-03 9.821E+12 9.600E-03 9.460E+12
 1.000E-02 9.161E+12 1.050E-02 9.215E+12 1.100E-02 9.639E+12 1.150E-02 9.685E+12
 1.200E-02 9.652E+12 1.275E-02 1.001E+13 1.350E-02 9.967E+12 1.425E-02 9.926E+12
 1.500E-02 1.077E+13 1.600E-02 1.110E+13 1.700E-02 1.116E+13 1.800E-02 1.165E+13
 1.900E-02 1.171E+13 2.000E-02 1.168E+13 2.100E-02 1.189E+13 2.200E-02 1.217E+13
 2.300E-02 1.263E+13 2.400E-02 1.304E+13 2.550E-02 1.295E+13 2.700E-02 1.311E+13
 2.800E-02 1.344E+13 3.000E-02 1.250E+13 3.200E-02 1.305E+13 3.400E-02 1.349E+13
 3.600E-02 1.415E+13 3.800E-02 1.466E+13 4.000E-02 1.615E+13 4.250E-02 1.654E+13
 4.500E-02 1.690E+13 4.750E-02 1.656E+13 5.000E-02 1.711E+13 5.250E-02 1.792E+13
 5.500E-02 1.877E+13 5.750E-02 1.981E+13 6.000E-02 2.180E+13 6.300E-02 2.316E+13
 6.600E-02 2.391E+13 6.900E-02 2.439E+13 7.200E-02 2.461E+13 7.600E-02 2.502E+13
 8.000E-02 2.494E+13 8.400E-02 2.509E+13 8.800E-02 2.543E+13 9.200E-02 2.562E+13
 9.600E-02 2.563E+13 1.000E-01 2.569E+13 1.050E-01 2.402E+13 1.100E-01 2.409E+13
 1.150E-01 2.410E+13 1.200E-01 2.405E+13 1.275E-01 2.362E+13 1.350E-01 2.439E+13
 1.425E-01 2.416E+13 1.500E-01 2.391E+13 1.600E-01 2.368E+13 1.700E-01 2.350E+13
 1.800E-01 2.313E+13 1.900E-01 2.291E+13 2.000E-01 2.255E+13 2.100E-01 2.183E+13
 2.200E-01 2.151E+13 2.300E-01 2.127E+13 2.400E-01 2.086E+13 2.550E-01 2.029E+13
 2.700E-01 2.004E+13 2.800E-01 1.976E+13 3.000E-01 1.899E+13 3.200E-01 1.800E+13
 3.400E-01 1.717E+13 3.600E-01 1.657E+13 3.800E-01 1.583E+13 4.000E-01 1.519E+13
 4.250E-01 1.463E+13 4.500E-01 1.421E+13 4.750E-01 1.375E+13 5.000E-01 1.338E+13
 5.250E-01 1.286E+13 5.500E-01 1.234E+13 5.750E-01 1.191E+13 6.000E-01 1.146E+13
 6.300E-01 1.099E+13 6.600E-01 1.057E+13 6.900E-01 1.027E+13 7.200E-01 1.001E+13
 7.600E-01 9.724E+12 8.000E-01 9.449E+12 8.400E-01 9.188E+12 8.800E-01 8.924E+12
 9.200E-01 8.667E+12 9.600E-01 8.415E+12 1.000E+00 7.993E+12 1.100E+00 7.419E+12
 1.200E+00 6.880E+12 1.300E+00 6.377E+12 1.400E+00 5.936E+12 1.500E+00 5.471E+12
 1.600E+00 5.010E+12 1.700E+00 4.637E+12 1.800E+00 4.326E+12 1.900E+00 4.068E+12
 2.000E+00 3.811E+12 2.100E+00 3.548E+12 2.200E+00 3.312E+12 2.300E+00 3.099E+12
 2.400E+00 2.894E+12 2.500E+00 2.702E+12 2.600E+00 2.528E+12 2.700E+00 2.375E+12
 2.800E+00 2.250E+12 2.900E+00 2.138E+12 3.000E+00 2.015E+12 3.100E+00 1.899E+12
 3.200E+00 1.790E+12 3.300E+00 1.685E+12 3.400E+00 1.589E+12 3.500E+00 1.497E+12
 3.600E+00 1.405E+12 3.700E+00 1.327E+12 3.800E+00 1.259E+12 3.900E+00 1.200E+12
 4.000E+00 1.146E+12 4.100E+00 1.091E+12 4.200E+00 1.031E+12 4.300E+00 9.707E+11
 4.400E+00 9.123E+11 4.500E+00 8.568E+11 4.600E+00 8.043E+11 4.700E+00 7.571E+11
 4.800E+00 7.131E+11 4.900E+00 6.716E+11 5.000E+00 6.267E+11 5.100E+00 5.794E+11
 5.200E+00 5.370E+11 5.300E+00 4.998E+11 5.400E+00 4.662E+11 5.500E+00 4.363E+11
 5.600E+00 4.104E+11 5.700E+00 3.879E+11 5.800E+00 3.676E+11 5.900E+00 3.487E+11
 6.000E+00 3.243E+11 6.100E+00 2.949E+11 6.200E+00 2.687E+11 6.300E+00 2.418E+11
 6.400E+00 2.194E+11 6.500E+00 1.994E+11 6.600E+00 1.823E+11 6.700E+00 1.675E+11
 6.800E+00 1.561E+11 6.900E+00 1.446E+11 7.000E+00 1.343E+11 7.100E+00 1.248E+11
 7.200E+00 1.156E+11 7.300E+00 1.063E+11 7.400E+00 9.845E+10 7.500E+00 9.100E+10
 7.600E+00 8.402E+10 7.700E+00 7.736E+10 7.800E+00 7.176E+10 7.900E+00 6.637E+10
 8.000E+00 6.170E+10 8.100E+00 5.747E+10 8.200E+00 5.374E+10 8.300E+00 5.033E+10
 8.400E+00 4.731E+10 8.500E+00 4.448E+10 8.600E+00 4.179E+10 8.700E+00 3.920E+10
 8.800E+00 3.671E+10 8.900E+00 3.435E+10 9.000E+00 3.212E+10 9.100E+00 3.003E+10
 9.200E+00 2.807E+10 9.300E+00 2.623E+10 9.400E+00 2.449E+10 9.500E+00 2.285E+10
 9.600E+00 2.131E+10 9.700E+00 1.986E+10 9.800E+00 1.846E+10 9.900E+00 1.716E+10
 1.000E+01 1.595E+10 1.010E+01 1.482E+10 1.020E+01 1.377E+10 1.030E+01 1.284E+10
 1.040E+01 1.196E+10 1.050E+01 1.115E+10 1.060E+01 1.039E+10 1.070E+01 9.676E+09
 1.080E+01 9.026E+09 1.090E+01 8.417E+09 1.100E+01 7.847E+09 1.110E+01 7.313E+09
 1.120E+01 6.813E+09 1.130E+01 6.328E+09 1.140E+01 5.873E+09 1.150E+01 5.449E+09
 1.160E+01 5.053E+09 1.170E+01 4.684E+09 1.180E+01 4.355E+09 1.190E+01 4.050E+09
 1.200E+01 3.763E+09 1.210E+01 3.495E+09 1.220E+01 3.241E+09 1.230E+01 3.005E+09
 1.240E+01 2.787E+09 1.250E+01 2.588E+09 1.260E+01 2.404E+09 1.270E+01 2.237E+09
 1.280E+01 2.082E+09 1.290E+01 1.936E+09 1.300E+01 1.798E+09 1.310E+01 1.670E+09
 1.320E+01 1.551E+09 1.330E+01 1.439E+09 1.340E+01 1.337E+09 1.350E+01 1.243E+09
 1.360E+01 1.157E+09 1.370E+01 1.077E+09 1.380E+01 1.003E+09 1.390E+01 9.315E+08
 1.400E+01 8.656E+08 1.410E+01 8.031E+08 1.420E+01 7.451E+08 1.430E+01 6.919E+08
 1.440E+01 6.427E+08 1.450E+01 5.973E+08 1.460E+01 5.557E+08 1.470E+01 5.168E+08
 1.480E+01 4.806E+08 1.490E+01 4.464E+08 1.500E+01 4.147E+08 1.510E+01 3.847E+08
 1.520E+01 3.568E+08 1.530E+01 3.319E+08 1.540E+01 3.087E+08 1.550E+01 2.871E+08
 1.560E+01 2.670E+08 1.570E+01 2.484E+08 1.580E+01 2.307E+08 1.590E+01 2.143E+08
 1.600E+01 1.991E+08 1.610E+01 1.850E+08 1.620E+01 1.718E+08 1.630E+01 1.592E+08
 1.640E+01 1.476E+08 1.650E+01 1.368E+08 1.660E+01 1.268E+08 1.670E+01 1.176E+08
 1.680E+01 1.093E+08 1.690E+01 1.015E+08 1.700E+01 9.437E+07 1.710E+01 8.771E+07
 1.720E+01 8.153E+07 1.730E+01 7.554E+07 1.740E+01 7.000E+07 1.750E+01 6.486E+07
 1.760E+01 6.009E+07 1.770E+01 5.568E+07 1.780E+01 5.252E+07 1.790E+01 4.969E+07
 1.800E+01 4.719E+07 1.810E+01 4.503E+07 1.820E+01 4.323E+07 1.830E+01 4.009E+07
 1.840E+01 3.718E+07 1.850E+01 3.447E+07 1.860E+01 3.195E+07 1.870E+01 2.961E+07
 1.880E+01 2.743E+07 1.890E+01 2.541E+07 1.900E+01 2.353E+07 1.910E+01 2.179E+07
 1.920E+01 2.018E+07 1.930E+01 1.869E+07 1.940E+01 1.731E+07 1.950E+01 1.604E+07
 1.960E+01 1.485E+07 1.970E+01 1.375E+07 1.980E+01 1.269E+07 1.990E+01 1.179E+07
 2.000E+01 0.000E+00
