 640
 SPECTRUM SCR4, SPR III 17" Leakage  J.G. Kelly 1/87
 New Xsec
 1.000E-10 9.387E+15 1.050E-10 9.843E+15 1.100E-10 1.030E+16 1.150E-10 1.075E+16
 1.200E-10 1.132E+16 1.275E-10 1.201E+16 1.350E-10 1.269E+16 1.425E-10 1.337E+16
 1.500E-10 1.417E+16 1.600E-10 1.507E+16 1.700E-10 1.598E+16 1.800E-10 1.689E+16
 1.900E-10 1.779E+16 2.000E-10 1.870E+16 2.100E-10 1.960E+16 2.200E-10 2.050E+16
 2.300E-10 2.141E+16 2.400E-10 2.254E+16 2.550E-10 2.389E+16 2.700E-10 2.501E+16
 2.800E-10 2.636E+16 3.000E-10 2.816E+16 3.200E-10 2.995E+16 3.400E-10 3.174E+16
 3.600E-10 3.353E+16 3.800E-10 3.531E+16 4.000E-10 3.731E+16 4.250E-10 3.954E+16
 4.500E-10 4.175E+16 4.750E-10 4.397E+16 5.000E-10 4.618E+16 5.250E-10 4.838E+16
 5.500E-10 5.058E+16 5.750E-10 5.278E+16 6.000E-10 5.519E+16 6.300E-10 5.781E+16
 6.600E-10 6.043E+16 6.900E-10 6.304E+16 7.200E-10 6.608E+16 7.600E-10 6.954E+16
 8.000E-10 7.299E+16 8.400E-10 7.643E+16 8.800E-10 7.986E+16 9.200E-10 8.327E+16
 9.600E-10 8.668E+16 1.000E-09 9.050E+16 1.050E-09 9.473E+16 1.100E-09 9.894E+16
 1.150E-09 1.031E+17 1.200E-09 1.083E+17 1.275E-09 1.146E+17 1.350E-09 1.208E+17
 1.425E-09 1.269E+17 1.500E-09 1.340E+17 1.600E-09 1.421E+17 1.700E-09 1.501E+17
 1.800E-09 1.581E+17 1.900E-09 1.660E+17 2.000E-09 1.738E+17 2.100E-09 1.816E+17
 2.200E-09 1.892E+17 2.300E-09 1.969E+17 2.400E-09 2.063E+17 2.550E-09 2.175E+17
 2.700E-09 2.268E+17 2.800E-09 2.377E+17 3.000E-09 2.521E+17 3.200E-09 2.662E+17
 3.400E-09 2.802E+17 3.600E-09 2.938E+17 3.800E-09 3.073E+17 4.000E-09 3.221E+17
 4.250E-09 3.383E+17 4.500E-09 3.541E+17 4.750E-09 3.695E+17 5.000E-09 3.847E+17
 5.250E-09 3.995E+17 5.500E-09 4.139E+17 5.750E-09 4.281E+17 6.000E-09 4.432E+17
 6.300E-09 4.593E+17 6.600E-09 4.750E+17 6.900E-09 4.903E+17 7.200E-09 5.075E+17
 7.600E-09 5.265E+17 8.000E-09 5.448E+17 8.400E-09 5.624E+17 8.800E-09 5.793E+17
 9.200E-09 5.956E+17 9.600E-09 6.112E+17 1.000E-08 6.279E+17 1.050E-08 6.456E+17
 1.100E-08 6.624E+17 1.150E-08 6.782E+17 1.200E-08 6.967E+17 1.275E-08 7.173E+17
 1.350E-08 7.360E+17 1.425E-08 7.531E+17 1.500E-08 7.708E+17 1.600E-08 7.886E+17
 1.700E-08 8.039E+17 1.800E-08 8.168E+17 1.900E-08 8.275E+17 2.000E-08 8.362E+17
 2.100E-08 8.429E+17 2.200E-08 8.478E+17 2.300E-08 8.510E+17 2.400E-08 8.527E+17
 2.550E-08 8.522E+17 2.700E-08 8.498E+17 2.800E-08 8.440E+17 3.000E-08 8.335E+17
 3.200E-08 8.197E+17 3.400E-08 8.032E+17 3.600E-08 7.844E+17 3.800E-08 7.639E+17
 4.000E-08 7.390E+17 4.250E-08 7.099E+17 4.500E-08 6.798E+17 4.750E-08 6.491E+17
 5.000E-08 6.191E+17 5.250E-08 5.899E+17 5.500E-08 5.637E+17 5.750E-08 5.398E+17
 6.000E-08 5.157E+17 6.300E-08 4.917E+17 6.600E-08 4.699E+17 6.900E-08 4.500E+17
 7.200E-08 4.288E+17 7.600E-08 4.068E+17 8.000E-08 3.870E+17 8.400E-08 3.690E+17
 8.800E-08 3.526E+17 9.200E-08 3.376E+17 9.600E-08 3.238E+17 1.000E-07 3.096E+17
 1.050E-07 2.952E+17 1.100E-07 2.821E+17 1.150E-07 2.701E+17 1.200E-07 2.565E+17
 1.275E-07 2.418E+17 1.350E-07 2.287E+17 1.425E-07 2.170E+17 1.500E-07 2.047E+17
 1.600E-07 1.923E+17 1.700E-07 1.813E+17 1.800E-07 1.715E+17 1.900E-07 1.626E+17
 2.000E-07 1.547E+17 2.100E-07 1.475E+17 2.200E-07 1.409E+17 2.300E-07 1.347E+17
 2.400E-07 1.277E+17 2.550E-07 1.196E+17 2.700E-07 1.129E+17 2.800E-07 1.055E+17
 3.000E-07 9.619E+16 3.200E-07 8.754E+16 3.400E-07 7.995E+16 3.600E-07 7.343E+16
 3.800E-07 6.789E+16 4.000E-07 6.262E+16 4.250E-07 5.764E+16 4.500E-07 5.335E+16
 4.750E-07 4.958E+16 5.000E-07 4.649E+16 5.250E-07 4.394E+16 5.500E-07 4.165E+16
 5.750E-07 3.959E+16 6.000E-07 3.755E+16 6.300E-07 3.556E+16 6.600E-07 3.375E+16
 6.900E-07 3.218E+16 7.200E-07 3.065E+16 7.600E-07 2.910E+16 8.000E-07 2.771E+16
 8.400E-07 2.645E+16 8.800E-07 2.530E+16 9.200E-07 2.425E+16 9.600E-07 2.328E+16
 1.000E-06 2.230E+16 1.050E-06 2.131E+16 1.100E-06 2.040E+16 1.150E-06 1.957E+16
 1.200E-06 1.863E+16 1.275E-06 1.761E+16 1.350E-06 1.671E+16 1.425E-06 1.589E+16
 1.500E-06 1.503E+16 1.600E-06 1.417E+16 1.700E-06 1.339E+16 1.800E-06 1.271E+16
 1.900E-06 1.209E+16 2.000E-06 1.150E+16 2.100E-06 1.095E+16 2.200E-06 1.045E+16
 2.300E-06 9.995E+15 2.400E-06 9.479E+15 2.550E-06 8.923E+15 2.700E-06 8.507E+15
 2.800E-06 8.059E+15 3.000E-06 7.537E+15 3.200E-06 7.087E+15 3.400E-06 6.691E+15
 3.600E-06 6.340E+15 3.800E-06 6.031E+15 4.000E-06 5.722E+15 4.250E-06 5.411E+15
 4.500E-06 5.123E+15 4.750E-06 4.862E+15 5.000E-06 4.613E+15 5.250E-06 4.373E+15
 5.500E-06 4.149E+15 5.750E-06 3.938E+15 6.000E-06 3.732E+15 6.300E-06 3.532E+15
 6.600E-06 3.352E+15 6.900E-06 3.205E+15 7.200E-06 3.077E+15 7.600E-06 2.953E+15
 8.000E-06 2.839E+15 8.400E-06 2.735E+15 8.800E-06 2.640E+15 9.200E-06 2.552E+15
 9.600E-06 2.470E+15 1.000E-05 2.371E+15 1.050E-05 2.258E+15 1.100E-05 2.156E+15
 1.150E-05 2.062E+15 1.200E-05 1.956E+15 1.275E-05 1.842E+15 1.350E-05 1.740E+15
 1.425E-05 1.649E+15 1.500E-05 1.554E+15 1.600E-05 1.458E+15 1.700E-05 1.373E+15
 1.800E-05 1.297E+15 1.900E-05 1.229E+15 2.000E-05 1.166E+15 2.100E-05 1.106E+15
 2.200E-05 1.053E+15 2.300E-05 1.004E+15 2.400E-05 9.498E+14 2.550E-05 8.906E+14
 2.700E-05 8.461E+14 2.800E-05 7.984E+14 3.000E-05 7.444E+14 3.200E-05 6.986E+14
 3.400E-05 6.585E+14 3.600E-05 6.225E+14 3.800E-05 5.903E+14 4.000E-05 5.580E+14
 4.250E-05 5.258E+14 4.500E-05 4.972E+14 4.750E-05 4.713E+14 5.000E-05 4.492E+14
 5.250E-05 4.338E+14 5.500E-05 4.227E+14 5.750E-05 4.066E+14 6.000E-05 3.904E+14
 6.300E-05 3.740E+14 6.600E-05 3.578E+14 6.900E-05 3.360E+14 7.200E-05 3.193E+14
 7.600E-05 3.019E+14 8.000E-05 2.865E+14 8.400E-05 2.718E+14 8.800E-05 2.557E+14
 9.200E-05 2.429E+14 9.600E-05 2.322E+14 1.000E-04 2.205E+14 1.050E-04 2.093E+14
 1.100E-04 1.981E+14 1.150E-04 1.888E+14 1.200E-04 1.801E+14 1.275E-04 1.709E+14
 1.350E-04 1.628E+14 1.425E-04 1.555E+14 1.500E-04 1.493E+14 1.600E-04 1.451E+14
 1.700E-04 1.410E+14 1.800E-04 1.365E+14 1.900E-04 1.315E+14 2.000E-04 1.272E+14
 2.100E-04 1.230E+14 2.200E-04 1.192E+14 2.300E-04 1.155E+14 2.400E-04 1.108E+14
 2.550E-04 1.059E+14 2.700E-04 1.026E+14 2.800E-04 9.866E+13 3.000E-04 9.232E+13
 3.200E-04 8.597E+13 3.400E-04 8.043E+13 3.600E-04 7.547E+13 3.800E-04 7.089E+13
 4.000E-04 6.600E+13 4.250E-04 6.111E+13 4.500E-04 5.692E+13 4.750E-04 5.324E+13
 5.000E-04 5.035E+13 5.250E-04 4.703E+13 5.500E-04 4.486E+13 5.750E-04 4.312E+13
 6.000E-04 4.119E+13 6.300E-04 3.960E+13 6.600E-04 3.774E+13 6.900E-04 3.610E+13
 7.200E-04 3.440E+13 7.600E-04 3.262E+13 8.000E-04 3.072E+13 8.400E-04 2.937E+13
 8.800E-04 2.818E+13 9.200E-04 2.722E+13 9.600E-04 2.781E+13 1.000E-03 2.677E+13
 1.050E-03 2.563E+13 1.100E-03 2.455E+13 1.150E-03 2.356E+13 1.200E-03 2.204E+13
 1.275E-03 1.944E+13 1.350E-03 1.819E+13 1.425E-03 1.717E+13 1.500E-03 1.620E+13
 1.600E-03 1.527E+13 1.700E-03 1.441E+13 1.800E-03 1.373E+13 1.900E-03 1.312E+13
 2.000E-03 1.266E+13 2.100E-03 1.233E+13 2.200E-03 1.191E+13 2.300E-03 1.142E+13
 2.400E-03 1.099E+13 2.550E-03 1.054E+13 2.700E-03 1.023E+13 2.800E-03 1.000E+13
 3.000E-03 9.788E+12 3.200E-03 9.662E+12 3.400E-03 9.801E+12 3.600E-03 1.001E+13
 3.800E-03 9.856E+12 4.000E-03 9.630E+12 4.250E-03 9.646E+12 4.500E-03 9.527E+12
 4.750E-03 9.329E+12 5.000E-03 9.037E+12 5.250E-03 8.966E+12 5.500E-03 8.586E+12
 5.750E-03 8.930E+12 6.000E-03 9.345E+12 6.300E-03 9.410E+12 6.600E-03 9.376E+12
 6.900E-03 9.281E+12 7.200E-03 9.306E+12 7.600E-03 9.220E+12 8.000E-03 9.561E+12
 8.400E-03 9.630E+12 8.800E-03 9.795E+12 9.200E-03 9.812E+12 9.600E-03 9.948E+12
 1.000E-02 9.839E+12 1.050E-02 9.968E+12 1.100E-02 1.001E+13 1.150E-02 1.002E+13
 1.200E-02 9.799E+12 1.275E-02 1.007E+13 1.350E-02 1.018E+13 1.425E-02 1.024E+13
 1.500E-02 1.076E+13 1.600E-02 1.096E+13 1.700E-02 1.105E+13 1.800E-02 1.129E+13
 1.900E-02 1.153E+13 2.000E-02 1.147E+13 2.100E-02 1.165E+13 2.200E-02 1.182E+13
 2.300E-02 1.188E+13 2.400E-02 1.209E+13 2.550E-02 1.258E+13 2.700E-02 1.274E+13
 2.800E-02 1.303E+13 3.000E-02 1.267E+13 3.200E-02 1.322E+13 3.400E-02 1.362E+13
 3.600E-02 1.426E+13 3.800E-02 1.482E+13 4.000E-02 1.622E+13 4.250E-02 1.682E+13
 4.500E-02 1.719E+13 4.750E-02 1.708E+13 5.000E-02 1.755E+13 5.250E-02 1.828E+13
 5.500E-02 1.904E+13 5.750E-02 1.986E+13 6.000E-02 2.155E+13 6.300E-02 2.266E+13
 6.600E-02 2.340E+13 6.900E-02 2.394E+13 7.200E-02 2.434E+13 7.600E-02 2.478E+13
 8.000E-02 2.498E+13 8.400E-02 2.525E+13 8.800E-02 2.550E+13 9.200E-02 2.554E+13
 9.600E-02 2.520E+13 1.000E-01 2.510E+13 1.050E-01 2.413E+13 1.100E-01 2.408E+13
 1.150E-01 2.408E+13 1.200E-01 2.405E+13 1.275E-01 2.386E+13 1.350E-01 2.429E+13
 1.425E-01 2.420E+13 1.500E-01 2.406E+13 1.600E-01 2.388E+13 1.700E-01 2.370E+13
 1.800E-01 2.342E+13 1.900E-01 2.325E+13 2.000E-01 2.291E+13 2.100E-01 2.231E+13
 2.200E-01 2.193E+13 2.300E-01 2.159E+13 2.400E-01 2.113E+13 2.550E-01 2.055E+13
 2.700E-01 2.020E+13 2.800E-01 1.981E+13 3.000E-01 1.899E+13 3.200E-01 1.803E+13
 3.400E-01 1.720E+13 3.600E-01 1.652E+13 3.800E-01 1.584E+13 4.000E-01 1.521E+13
 4.250E-01 1.462E+13 4.500E-01 1.416E+13 4.750E-01 1.373E+13 5.000E-01 1.333E+13
 5.250E-01 1.283E+13 5.500E-01 1.235E+13 5.750E-01 1.192E+13 6.000E-01 1.148E+13
 6.300E-01 1.102E+13 6.600E-01 1.062E+13 6.900E-01 1.032E+13 7.200E-01 1.006E+13
 7.600E-01 9.785E+12 8.000E-01 9.509E+12 8.400E-01 9.246E+12 8.800E-01 8.980E+12
 9.200E-01 8.723E+12 9.600E-01 8.467E+12 1.000E+00 8.039E+12 1.100E+00 7.456E+12
 1.200E+00 6.905E+12 1.300E+00 6.387E+12 1.400E+00 5.935E+12 1.500E+00 5.460E+12
 1.600E+00 4.994E+12 1.700E+00 4.619E+12 1.800E+00 4.307E+12 1.900E+00 4.051E+12
 2.000E+00 3.798E+12 2.100E+00 3.538E+12 2.200E+00 3.305E+12 2.300E+00 3.093E+12
 2.400E+00 2.889E+12 2.500E+00 2.698E+12 2.600E+00 2.524E+12 2.700E+00 2.372E+12
 2.800E+00 2.248E+12 2.900E+00 2.137E+12 3.000E+00 2.016E+12 3.100E+00 1.900E+12
 3.200E+00 1.793E+12 3.300E+00 1.688E+12 3.400E+00 1.592E+12 3.500E+00 1.500E+12
 3.600E+00 1.407E+12 3.700E+00 1.328E+12 3.800E+00 1.261E+12 3.900E+00 1.202E+12
 4.000E+00 1.149E+12 4.100E+00 1.094E+12 4.200E+00 1.035E+12 4.300E+00 9.739E+11
 4.400E+00 9.149E+11 4.500E+00 8.587E+11 4.600E+00 8.055E+11 4.700E+00 7.578E+11
 4.800E+00 7.132E+11 4.900E+00 6.713E+11 5.000E+00 6.259E+11 5.100E+00 5.782E+11
 5.200E+00 5.355E+11 5.300E+00 4.982E+11 5.400E+00 4.644E+11 5.500E+00 4.346E+11
 5.600E+00 4.087E+11 5.700E+00 3.863E+11 5.800E+00 3.661E+11 5.900E+00 3.473E+11
 6.000E+00 3.232E+11 6.100E+00 2.939E+11 6.200E+00 2.678E+11 6.300E+00 2.408E+11
 6.400E+00 2.183E+11 6.500E+00 1.983E+11 6.600E+00 1.813E+11 6.700E+00 1.666E+11
 6.800E+00 1.555E+11 6.900E+00 1.441E+11 7.000E+00 1.339E+11 7.100E+00 1.245E+11
 7.200E+00 1.154E+11 7.300E+00 1.061E+11 7.400E+00 9.833E+10 7.500E+00 9.089E+10
 7.600E+00 8.391E+10 7.700E+00 7.722E+10 7.800E+00 7.164E+10 7.900E+00 6.625E+10
 8.000E+00 6.159E+10 8.100E+00 5.737E+10 8.200E+00 5.366E+10 8.300E+00 5.027E+10
 8.400E+00 4.729E+10 8.500E+00 4.450E+10 8.600E+00 4.182E+10 8.700E+00 3.925E+10
 8.800E+00 3.678E+10 8.900E+00 3.443E+10 9.000E+00 3.220E+10 9.100E+00 3.012E+10
 9.200E+00 2.817E+10 9.300E+00 2.632E+10 9.400E+00 2.458E+10 9.500E+00 2.294E+10
 9.600E+00 2.140E+10 9.700E+00 1.995E+10 9.800E+00 1.854E+10 9.900E+00 1.724E+10
 1.000E+01 1.602E+10 1.010E+01 1.488E+10 1.020E+01 1.383E+10 1.030E+01 1.289E+10
 1.040E+01 1.202E+10 1.050E+01 1.120E+10 1.060E+01 1.044E+10 1.070E+01 9.723E+09
 1.080E+01 9.073E+09 1.090E+01 8.463E+09 1.100E+01 7.892E+09 1.110E+01 7.356E+09
 1.120E+01 6.854E+09 1.130E+01 6.365E+09 1.140E+01 5.908E+09 1.150E+01 5.480E+09
 1.160E+01 5.081E+09 1.170E+01 4.710E+09 1.180E+01 4.380E+09 1.190E+01 4.073E+09
 1.200E+01 3.784E+09 1.210E+01 3.515E+09 1.220E+01 3.259E+09 1.230E+01 3.021E+09
 1.240E+01 2.802E+09 1.250E+01 2.602E+09 1.260E+01 2.416E+09 1.270E+01 2.249E+09
 1.280E+01 2.093E+09 1.290E+01 1.947E+09 1.300E+01 1.808E+09 1.310E+01 1.679E+09
 1.320E+01 1.559E+09 1.330E+01 1.447E+09 1.340E+01 1.344E+09 1.350E+01 1.250E+09
 1.360E+01 1.164E+09 1.370E+01 1.084E+09 1.380E+01 1.009E+09 1.390E+01 9.371E+08
 1.400E+01 8.709E+08 1.410E+01 8.079E+08 1.420E+01 7.496E+08 1.430E+01 6.960E+08
 1.440E+01 6.466E+08 1.450E+01 6.009E+08 1.460E+01 5.592E+08 1.470E+01 5.201E+08
 1.480E+01 4.837E+08 1.490E+01 4.494E+08 1.500E+01 4.174E+08 1.510E+01 3.872E+08
 1.520E+01 3.591E+08 1.530E+01 3.340E+08 1.540E+01 3.107E+08 1.550E+01 2.891E+08
 1.560E+01 2.689E+08 1.570E+01 2.501E+08 1.580E+01 2.324E+08 1.590E+01 2.159E+08
 1.600E+01 2.006E+08 1.610E+01 1.863E+08 1.620E+01 1.731E+08 1.630E+01 1.604E+08
 1.640E+01 1.486E+08 1.650E+01 1.378E+08 1.660E+01 1.277E+08 1.670E+01 1.184E+08
 1.680E+01 1.100E+08 1.690E+01 1.023E+08 1.700E+01 9.506E+07 1.710E+01 8.837E+07
 1.720E+01 8.215E+07 1.730E+01 7.611E+07 1.740E+01 7.052E+07 1.750E+01 6.533E+07
 1.760E+01 6.053E+07 1.770E+01 5.608E+07 1.780E+01 5.296E+07 1.790E+01 5.020E+07
 1.800E+01 4.776E+07 1.810E+01 4.568E+07 1.820E+01 4.397E+07 1.830E+01 4.078E+07
 1.840E+01 3.782E+07 1.850E+01 3.506E+07 1.860E+01 3.250E+07 1.870E+01 3.012E+07
 1.880E+01 2.791E+07 1.890E+01 2.585E+07 1.900E+01 2.394E+07 1.910E+01 2.217E+07
 1.920E+01 2.054E+07 1.930E+01 1.902E+07 1.940E+01 1.762E+07 1.950E+01 1.633E+07
 1.960E+01 1.512E+07 1.970E+01 1.400E+07 1.980E+01 1.294E+07 1.990E+01 1.196E+07
 2.000E+01 0.000E+00
