    19.95000          0.4404000E-12
    19.85000          0.4737356E-12
    19.75000          0.5096639E-12
    19.65000          0.5485553E-12
    19.55000          0.5900397E-12
    19.45000          0.6348575E-12
    19.35000          0.6830089E-12
    19.25000          0.7344938E-12
    19.15000          0.7904236E-12
    19.05000          0.8500572E-12
    18.95000          0.9148762E-12
    18.85000          0.9845107E-12
    18.75000          0.1059701E-11
    18.65000          0.1140447E-11
    18.55000          0.1228231E-11
    18.45000          0.1322681E-11
    18.35000          0.1424540E-11
    18.25000          0.1534548E-11
    18.15000          0.1653445E-11
    18.05000          0.1781231E-11
    17.95000          0.1919388E-11
    17.85000          0.2067917E-11
    17.75000          0.2227927E-11
    17.65000          0.2399791E-11
    17.55000          0.2583507E-11
    17.45000          0.2780187E-11
    17.35000          0.2990201E-11
    17.25000          0.3215402E-11
    17.15000          0.3456158E-11
    17.05000          0.3715064E-11
    16.95000          0.3992861E-11
    16.85000          0.4289178E-11
    16.75000          0.4607717E-11
    16.65000          0.4952185E-11
    16.55000          0.5318876E-11
    16.45000          0.5715199E-11
    16.35000          0.6141154E-11
    16.25000          0.6604148E-11
    16.15000          0.7104181E-11
    16.05000          0.7641254E-11
    15.95000          0.8215367E-11
    15.85000          0.8833928E-11
    15.75000          0.9496934E-11
    15.65000          0.1020439E-10
    15.55000          0.1096000E-10
    15.45000          0.1177487E-10
    15.35000          0.1265641E-10
    15.25000          0.1361203E-10
    15.15000          0.1464913E-10
    15.05000          0.1576032E-10
    14.95000          0.1694929E-10
    14.85000          0.1821234E-10
    14.75000          0.1955687E-10
    14.65000          0.2098660E-10
    14.55000          0.2252373E-10
    14.45000          0.2417570E-10
    14.35000          0.2597212E-10
    14.25000          0.2792410E-10
    14.15000          0.3005387E-10
    14.05000          0.3234661E-10
    13.95000          0.3478752E-10
    13.85000          0.3737288E-10
    13.75000          0.4015085E-10
    13.65000          0.4311401E-10
    13.55000          0.4629941E-10
    13.45000          0.4978113E-10
    13.35000          0.5355915E-10
    13.25000          0.5763351E-10
    13.15000          0.6196713E-10
    13.05000          0.6659707E-10
    12.95000          0.7152333E-10
    12.85000          0.7674591E-10
    12.75000          0.8230183E-10
    12.65000          0.8833927E-10
    12.55000          0.9496935E-10
    12.45000          0.1021921E-09
    12.35000          0.1100815E-09
    12.25000          0.1186746E-09
    12.15000          0.1278975E-09
    12.05000          0.1375278E-09
    11.95000          0.1475284E-09
    11.85000          0.1580106E-09
    11.75000          0.1691965E-09
    11.65000          0.1813085E-09
    11.55000          0.1945316E-09
    11.45000          0.2089770E-09
    11.35000          0.2246077E-09
    11.25000          0.2412384E-09
    11.15000          0.2589063E-09
    11.05000          0.2776112E-09
    10.95000          0.2974644E-09
    10.85000          0.3186141E-09
    10.75000          0.3412081E-09
    10.65000          0.3653579E-09
    10.55000          0.3911374E-09
    10.45000          0.4189170E-09
    10.35000          0.4485486E-09
    10.25000          0.4804027E-09
    10.15000          0.5148494E-09
    10.05000          0.5518889E-09
    9.950000          0.5922620E-09
    9.850000          0.6352279E-09
    9.750000          0.6811569E-09
    9.650000          0.7300491E-09
    9.550000          0.7815339E-09
    9.450000          0.8359821E-09
    9.350000          0.8937639E-09
    9.250000          0.9552494E-09
    9.150000          0.1020809E-08
    9.050000          0.1091185E-08
    8.950000          0.1167116E-08
    8.850000          0.1249343E-08
    8.750000          0.1338238E-08
    8.650000          0.1434541E-08
    8.550000          0.1536770E-08
    8.450000          0.1645296E-08
    8.350000          0.1760489E-08
    8.250000          0.1884571E-08
    8.150000          0.2019395E-08
    8.050000          0.2167183E-08
    7.950000          0.2334231E-08
    7.850000          0.2523874E-08
    7.750000          0.2735739E-08
    7.650000          0.2976126E-08
    7.550000          0.3240958E-08
    7.450000          0.3523941E-08
    7.350000          0.3833591E-08
    7.250000          0.4178059E-08
    7.150000          0.4537342E-08
    7.050000          0.4904033E-08
    6.950000          0.5307764E-08
    6.850000          0.5741127E-08
    6.750000          0.6218937E-08
    6.650000          0.6793050E-08
    6.550000          0.7500504E-08
    6.450000          0.8330191E-08
    6.350000          0.9293217E-08
    6.250000          0.1037847E-07
    6.150000          0.1150448E-07
    6.050000          0.1266011E-07
    5.950000          0.1357499E-07
    5.850000          0.1422318E-07
    5.750000          0.1494915E-07
    5.650000          0.1581217E-07
    5.550000          0.1684187E-07
    5.450000          0.1804936E-07
    5.350000          0.1936426E-07
    5.250000          0.2070880E-07
    5.150000          0.2206815E-07
    5.050000          0.2345713E-07
    4.950000          0.2470907E-07
    4.850000          0.2583136E-07
    4.750000          0.2704256E-07
    4.650000          0.2830561E-07
    4.550000          0.2959088E-07
    4.450000          0.3100579E-07
    4.350000          0.3256885E-07
    4.250000          0.3432453E-07
    4.150000          0.3640615E-07
    4.050000          0.3892854E-07
    3.950000          0.4152131E-07
    3.850000          0.4392888E-07
    3.750000          0.4641053E-07
    3.650000          0.4900329E-07
    3.550000          0.5159606E-07
    3.450000          0.5478146E-07
    3.350000          0.5841133E-07
    3.250000          0.6248568E-07
    3.150000          0.6711562E-07
    3.050000          0.7222707E-07
    2.950000          0.7700518E-07
    2.850000          0.8189441E-07
    2.750000          0.8715401E-07
    2.650000          0.9248770E-07
    2.550000          0.9833995E-07
    2.450000          0.1050441E-06
    2.350000          0.1128224E-06
    2.250000          0.1222675E-06
    2.150000          0.1330830E-06
    2.050000          0.1454542E-06
    1.950000          0.1575662E-06
    1.850000          0.1688632E-06
    1.750000          0.1811233E-06
    1.650000          0.1954946E-06
    1.550000          0.2127551E-06
    1.450000          0.2296821E-06
    1.350000          0.2453498E-06
    1.250000          0.2632399E-06
    1.150000          0.2828709E-06
    1.050000          0.3040945E-06
   0.9800000          0.3198363E-06
   0.9400000          0.3289110E-06
   0.9000000          0.3376894E-06
   0.8600000          0.3466159E-06
   0.8200000          0.3557276E-06
   0.7800000          0.3654320E-06
   0.7400000          0.3752104E-06
   0.7050000          0.3844703E-06
   0.6750000          0.3952117E-06
   0.6450000          0.4092867E-06
   0.6150000          0.4259546E-06
   0.5875000          0.4418816E-06
   0.5625000          0.4570678E-06
   0.5375000          0.4748467E-06
   0.5125000          0.4926257E-06
   0.4875000          0.5063304E-06
   0.4625000          0.5218869E-06
   0.4375000          0.5378139E-06
   0.4125000          0.5589264E-06
   0.3900000          0.5822614E-06
   0.3700000          0.6074482E-06
   0.3500000          0.6315240E-06
   0.3300000          0.6618964E-06
   0.3100000          0.6974543E-06
   0.2900000          0.7274563E-06
   0.2750000          0.7415314E-06
   0.2625000          0.7537543E-06
   0.2475000          0.7759781E-06
   0.2350000          0.7926459E-06
   0.2250000          0.8041281E-06
   0.2150000          0.8174624E-06
   0.2050000          0.8411676E-06
   0.1950000          0.8541315E-06
   0.1850000          0.8611690E-06
   0.1750000          0.8730217E-06
   0.1650000          0.8804295E-06
   0.1550000          0.8874671E-06
   0.1462500          0.8930231E-06
   0.1387500          0.8959862E-06
   0.1312500          0.8748736E-06
   0.1237500          0.8830224E-06
   0.1175000          0.8837631E-06
   0.1125000          0.8833927E-06
   0.1075000          0.8848743E-06
   0.1025000          0.9308033E-06
   0.9800000E-01      0.9348777E-06
   0.9400000E-01      0.9489527E-06
   0.9000000E-01      0.9478414E-06
   0.8600000E-01      0.9385816E-06
   0.8200000E-01      0.9289514E-06
   0.7799999E-01      0.9215433E-06
   0.7400000E-01      0.9048757E-06
   0.7050000E-01      0.8896895E-06
   0.6750000E-01      0.8704289E-06
   0.6450000E-01      0.8426493E-06
   0.6150000E-01      0.8004242E-06
   0.5875000E-01      0.7304195E-06
   0.5625000E-01      0.6993063E-06
   0.5375000E-01      0.6711562E-06
   0.5125000E-01      0.6441173E-06
   0.4875000E-01      0.6278200E-06
   0.4625000E-01      0.6378207E-06
   0.4375000E-01      0.6263384E-06
   0.4125000E-01      0.6041146E-06
   0.3900000E-01      0.5452218E-06
   0.3700000E-01      0.5241093E-06
   0.3500000E-01      0.4996632E-06
   0.3300000E-01      0.4855882E-06
   0.3100000E-01      0.4652165E-06
   0.2900000E-01      0.4855882E-06
   0.2750000E-01      0.4744763E-06
   0.2625000E-01      0.4689204E-06
   0.2475000E-01      0.4496599E-06
   0.2350000E-01      0.4422519E-06
   0.2250000E-01      0.4407703E-06
   0.2150000E-01      0.4344737E-06
   0.2050000E-01      0.4274361E-06
   0.1950000E-01      0.4300289E-06
   0.1850000E-01      0.4211394E-06
   0.1750000E-01      0.4122499E-06
   0.1650000E-01      0.4089163E-06
   0.1550000E-01      0.4018788E-06
   0.1462500E-01      0.3818775E-06
   0.1387500E-01      0.3796551E-06
   0.1312500E-01      0.3755808E-06
   0.1237500E-01      0.3654690E-06
   0.1175000E-01      0.3740992E-06
   0.1125000E-01      0.3740992E-06
   0.1075000E-01      0.3729880E-06
   0.1025000E-01      0.3679877E-06
   0.9800000E-02      0.3722473E-06
   0.9400001E-02      0.3671358E-06
   0.9000000E-02      0.3665802E-06
   0.8600000E-02      0.3595057E-06
   0.8200000E-02      0.3568017E-06
   0.7800000E-02      0.3426156E-06
   0.7400000E-02      0.3464678E-06
   0.7050000E-02      0.3451343E-06
   0.6750000E-02      0.3493197E-06
   0.6450000E-02      0.3505421E-06
   0.6150000E-02      0.3485049E-06
   0.5875000E-02      0.3313556E-06
   0.5625000E-02      0.3177251E-06
   0.5375000E-02      0.3316890E-06
   0.5125000E-02      0.3343928E-06
   0.4875000E-02      0.3460233E-06
   0.4625000E-02      0.3533571E-06
   0.4375000E-02      0.3572832E-06
   0.4125000E-02      0.3558758E-06
   0.3900000E-02      0.3639133E-06
   0.3700000E-02      0.3687655E-06
   0.3500000E-02      0.3590612E-06
   0.3300000E-02      0.3522089E-06
   0.3100000E-02      0.3563943E-06
   0.2900000E-02      0.3637651E-06
   0.2750000E-02      0.3718768E-06
   0.2625000E-02      0.3829887E-06
   0.2475000E-02      0.3996565E-06
   0.2350000E-02      0.4155835E-06
   0.2250000E-02      0.4341032E-06
   0.2150000E-02      0.4504006E-06
   0.2050000E-02      0.4626237E-06
   0.1950000E-02      0.4792915E-06
   0.1850000E-02      0.5015152E-06
   0.1750000E-02      0.5267021E-06
   0.1650000E-02      0.5585561E-06
   0.1550000E-02      0.5930029E-06
   0.1462500E-02      0.6289312E-06
   0.1387500E-02      0.6674524E-06
   0.1312500E-02      0.7144925E-06
   0.1237500E-02      0.8141288E-06
   0.1175000E-02      0.8711697E-06
   0.1125000E-02      0.9078387E-06
   0.1075000E-02      0.9474712E-06
   0.1025000E-02      0.9900665E-06
   0.9800000E-03      0.1028217E-05
   0.9400000E-03      0.1002290E-05
   0.9000000E-03      0.1037847E-05
   0.8600000E-03      0.1081925E-05
   0.8200000E-03      0.1131557E-05
   0.7800000E-03      0.1203044E-05
   0.7400000E-03      0.1268604E-05
   0.7050000E-03      0.1331571E-05
   0.6750000E-03      0.1391945E-05
   0.6450000E-03      0.1461950E-05
   0.6150000E-03      0.1519361E-05
   0.5875000E-03      0.1590848E-05
   0.5625000E-03      0.1654926E-05
   0.5375000E-03      0.1735672E-05
   0.5125000E-03      0.1863459E-05
   0.4875000E-03      0.1970503E-05
   0.4625000E-03      0.2106438E-05
   0.4375000E-03      0.2261263E-05
   0.4125000E-03      0.2442016E-05
   0.3900000E-03      0.2622028E-05
   0.3700000E-03      0.2791669E-05
   0.3500000E-03      0.2975015E-05
   0.3300000E-03      0.3179844E-05
   0.3100000E-03      0.3415044E-05
   0.2900000E-03      0.3649134E-05
   0.2750000E-03      0.3792847E-05
   0.2625000E-03      0.3915078E-05
   0.2475000E-03      0.4096572E-05
   0.2350000E-03      0.4270657E-05
   0.2250000E-03      0.4404000E-05
   0.2150000E-03      0.4544750E-05
   0.2050000E-03      0.4700316E-05
   0.1950000E-03      0.4859586E-05
   0.1850000E-03      0.5048488E-05
   0.1750000E-03      0.5215165E-05
   0.1650000E-03      0.5370731E-05
   0.1550000E-03      0.5526298E-05
   0.1462500E-03      0.5755942E-05
   0.1387500E-03      0.6026331E-05
   0.1312500E-03      0.6330056E-05
   0.1237500E-03      0.6670819E-05
   0.1175000E-03      0.6989358E-05
   0.1125000E-03      0.7333826E-05
   0.1075000E-03      0.7744965E-05
   0.1025000E-03      0.8159808E-05
   0.9800000E-04      0.8589466E-05
   0.9400000E-04      0.8985789E-05
   0.9000000E-04      0.9456192E-05
   0.8600000E-04      0.1005253E-04
   0.8200000E-04      0.1059330E-04
   0.7800000E-04      0.1116371E-04
   0.7400000E-04      0.1180820E-04
   0.7050000E-04      0.1242676E-04
   0.6750000E-04      0.1323793E-04
   0.6450000E-04      0.1382686E-04
   0.6150000E-04      0.1443060E-04
   0.5875000E-04      0.1503064E-04
   0.5625000E-04      0.1562698E-04
   0.5375000E-04      0.1601959E-04
   0.5125000E-04      0.1660852E-04
   0.4875000E-04      0.1742339E-04
   0.4625000E-04      0.1837901E-04
   0.4375000E-04      0.1944205E-04
   0.4125000E-04      0.2063102E-04
   0.3900000E-04      0.2182739E-04
   0.3700000E-04      0.2301636E-04
   0.3500000E-04      0.2434608E-04
   0.3300000E-04      0.2583137E-04
   0.3100000E-04      0.2752407E-04
   0.2900000E-04      0.2952050E-04
   0.2750000E-04      0.3128359E-04
   0.2625000E-04      0.3292814E-04
   0.2475000E-04      0.3512088E-04
   0.2350000E-04      0.3711360E-04
   0.2250000E-04      0.3892854E-04
   0.2150000E-04      0.4092868E-04
   0.2050000E-04      0.4311401E-04
   0.1950000E-04      0.4544750E-04
   0.1850000E-04      0.4796619E-04
   0.1750000E-04      0.5078119E-04
   0.1650000E-04      0.5392955E-04
   0.1550000E-04      0.5748535E-04
   0.1462500E-04      0.6100410E-04
   0.1387500E-04      0.6437470E-04
   0.1312500E-04      0.6811569E-04
   0.1237500E-04      0.7233820E-04
   0.1175000E-04      0.7626439E-04
   0.1125000E-04      0.7974610E-04
   0.1075000E-04      0.8352414E-04
   0.1025000E-04      0.8770960E-04
   0.9800000E-05      0.9133947E-04
   0.9400001E-05      0.9437672E-04
   0.8999999E-05      0.9763620E-04
   0.8600000E-05      0.1011920E-03
   0.8200001E-05      0.1050441E-03
   0.7800000E-05      0.1092296E-03
   0.7400000E-05      0.1138595E-03
   0.7050000E-05      0.1185635E-03
   0.6750000E-05      0.1240083E-03
   0.6450000E-05      0.1306754E-03
   0.6150000E-05      0.1380834E-03
   0.5875000E-05      0.1457135E-03
   0.5625000E-05      0.1535659E-03
   0.5375000E-05      0.1618627E-03
   0.5125000E-05      0.1707522E-03
   0.4875000E-05      0.1799751E-03
   0.4625000E-05      0.1896424E-03
   0.4375000E-05      0.2003098E-03
   0.4125000E-05      0.2117550E-03
   0.3900000E-05      0.2231631E-03
   0.3700000E-05      0.2346084E-03
   0.3500000E-05      0.2475722E-03
   0.3300000E-05      0.2622398E-03
   0.3100000E-05      0.2788706E-03
   0.2900000E-05      0.2981682E-03
   0.2750000E-05      0.3147619E-03
   0.2625000E-05      0.3301704E-03
   0.2475000E-05      0.3507273E-03
   0.2350000E-05      0.3698026E-03
   0.2250000E-05      0.3866927E-03
   0.2150000E-05      0.4052124E-03
   0.2050000E-05      0.4255841E-03
   0.1950000E-05      0.4470671E-03
   0.1850000E-05      0.4700316E-03
   0.1750000E-05      0.4955889E-03
   0.1650000E-05      0.5241092E-03
   0.1550000E-05      0.5563337E-03
   0.1462500E-05      0.5878172E-03
   0.1387500E-05      0.6181897E-03
   0.1312500E-05      0.6518957E-03
   0.1237500E-05      0.6893057E-03
   0.1175000E-05      0.7241227E-03
   0.1125000E-05      0.7548656E-03
   0.1075000E-05      0.7885715E-03
   0.1025000E-05      0.8252407E-03
   0.9800000E-06      0.8619097E-03
   0.9399999E-06      0.8974678E-03
   0.9000000E-06      0.9363593E-03
   0.8600000E-06      0.9789546E-03
   0.8200000E-06      0.1025995E-02
   0.7800000E-06      0.1077480E-02
   0.7400000E-06      0.1134521E-02
   0.7050000E-06      0.1191562E-02
   0.6750000E-06      0.1249714E-02
   0.6450000E-06      0.1316755E-02
   0.6150000E-06      0.1390834E-02
   0.5875000E-06      0.1466395E-02
   0.5625000E-06      0.1543067E-02
   0.5375000E-06      0.1627887E-02
   0.5125000E-06      0.1722338E-02
   0.4875000E-06      0.1837161E-02
   0.4625000E-06      0.1976799E-02
   0.4375000E-06      0.2135699E-02
   0.4125000E-06      0.2320526E-02
   0.3900000E-06      0.2515725E-02
   0.3700000E-06      0.2721664E-02
   0.3500000E-06      0.2963533E-02
   0.3300000E-06      0.3244663E-02
   0.3100000E-06      0.3564684E-02
   0.2900000E-06      0.3907670E-02
   0.2750000E-06      0.4181763E-02
   0.2625000E-06      0.4429927E-02
   0.2475000E-06      0.4722540E-02
   0.2350000E-06      0.4981817E-02
   0.2250000E-06      0.5207757E-02
   0.2150000E-06      0.5452219E-02
   0.2050000E-06      0.5718903E-02
   0.1950000E-06      0.6011514E-02
   0.1850000E-06      0.6337463E-02
   0.1750000E-06      0.6700450E-02
   0.1650000E-06      0.7107885E-02
   0.1550000E-06      0.7567175E-02
   0.1462500E-06      0.8019058E-02
   0.1387500E-06      0.8452420E-02
   0.1312500E-06      0.8937637E-02
   0.1237500E-06      0.9482119E-02
   0.1175000E-06      0.9982152E-02
   0.1125000E-06      0.1042663E-01
   0.1075000E-06      0.1091184E-01
   0.1025000E-06      0.1144521E-01
   0.9800000E-07      0.1197118E-01
   0.9400000E-07      0.1247862E-01
   0.9000000E-07      0.1303421E-01
   0.8600000E-07      0.1364166E-01
   0.8200000E-07      0.1430837E-01
   0.7800000E-07      0.1503805E-01
   0.7400000E-07      0.1585292E-01
   0.7050000E-07      0.1663816E-01
   0.6750000E-07      0.1737524E-01
   0.6450000E-07      0.1818270E-01
   0.6150000E-07      0.1906795E-01
   0.5875000E-07      0.1995690E-01
   0.5625000E-07      0.2084585E-01
   0.5375000E-07      0.2181258E-01
   0.5125000E-07      0.2289413E-01
   0.4875000E-07      0.2400532E-01
   0.4625000E-07      0.2513873E-01
   0.4375000E-07      0.2625362E-01
   0.4125000E-07      0.2732776E-01
   0.3900000E-07      0.2825005E-01
   0.3700000E-07      0.2900936E-01
   0.3500000E-07      0.2970200E-01
   0.3300000E-07      0.3031315E-01
   0.3100000E-07      0.3082059E-01
   0.2900000E-07      0.3120951E-01
   0.2750000E-07      0.3142433E-01
   0.2625000E-07      0.3150953E-01
   0.2475000E-07      0.3152805E-01
   0.2350000E-07      0.3146508E-01
   0.2250000E-07      0.3134655E-01
   0.2150000E-07      0.3116506E-01
   0.2050000E-07      0.3091689E-01
   0.1950000E-07      0.3059465E-01
   0.1850000E-07      0.3020203E-01
   0.1750000E-07      0.2972422E-01
   0.1650000E-07      0.2915752E-01
   0.1550000E-07      0.2849821E-01
   0.1462500E-07      0.2784261E-01
   0.1387500E-07      0.2720924E-01
   0.1312500E-07      0.2651660E-01
   0.1237500E-07      0.2575358E-01
   0.1175000E-07      0.2507205E-01
   0.1125000E-07      0.2448683E-01
   0.1075000E-07      0.2386457E-01
   0.1025000E-07      0.2321267E-01
   0.9800000E-08      0.2259041E-01
   0.9400000E-08      0.2201629E-01
   0.9000000E-08      0.2141625E-01
   0.8600000E-08      0.2079029E-01
   0.8200000E-08      0.2013839E-01
   0.7800000E-08      0.1946427E-01
   0.7400000E-08      0.1876052E-01
   0.7050000E-08      0.1812344E-01
   0.6750000E-08      0.1756044E-01
   0.6450000E-08      0.1697892E-01
   0.6150000E-08      0.1638258E-01
   0.5875000E-08      0.1582329E-01
   0.5625000E-08      0.1530103E-01
   0.5375000E-08      0.1476396E-01
   0.5125000E-08      0.1421948E-01
   0.4875000E-08      0.1366018E-01
   0.4625000E-08      0.1308606E-01
   0.4375000E-08      0.1250454E-01
   0.4125000E-08      0.1190450E-01
   0.3900000E-08      0.1135632E-01
   0.3700000E-08      0.1085999E-01
   0.3500000E-08      0.1035625E-01
   0.3300000E-08      0.9841402E-02
   0.3100000E-08      0.9319145E-02
   0.2900000E-08      0.8785775E-02
   0.2750000E-08      0.8382045E-02
   0.2625000E-08      0.8041280E-02
   0.2475000E-08      0.7626439E-02
   0.2350000E-08      0.7278267E-02
   0.2250000E-08      0.6996767E-02
   0.2150000E-08      0.6711562E-02
   0.2050000E-08      0.6422654E-02
   0.1950000E-08      0.6133746E-02
   0.1850000E-08      0.5844838E-02
   0.1750000E-08      0.5548521E-02
   0.1650000E-08      0.5252205E-02
   0.1550000E-08      0.4955889E-02
   0.1462500E-08      0.4692908E-02
   0.1387500E-08      0.4463263E-02
   0.1312500E-08      0.4233618E-02
   0.1237500E-08      0.4003973E-02
   0.1175000E-08      0.3811367E-02
   0.1125000E-08      0.3656913E-02
   0.1075000E-08      0.3501346E-02
   0.1025000E-08      0.3345040E-02
   0.9800000E-09      0.3203919E-02
   0.9400000E-09      0.3077985E-02
   0.9000000E-09      0.2951680E-02
   0.8600000E-09      0.2825005E-02
   0.8200000E-09      0.2697959E-02
   0.7800000E-09      0.2570543E-02
   0.7400000E-09      0.2442386E-02
   0.7050000E-09      0.2330157E-02
   0.6750000E-09      0.2233854E-02
   0.6450000E-09      0.2137181E-02
   0.6150000E-09      0.2040137E-02
   0.5875000E-09      0.1950872E-02
   0.5625000E-09      0.1869755E-02
   0.5375000E-09      0.1788268E-02
   0.5125000E-09      0.1706781E-02
   0.4875000E-09      0.1625295E-02
   0.4625000E-09      0.1543437E-02
   0.4375000E-09      0.1461580E-02
   0.4125000E-09      0.1379352E-02
   0.3900000E-09      0.1305273E-02
   0.3700000E-09      0.1239343E-02
   0.3500000E-09      0.1173412E-02
   0.3300000E-09      0.1107111E-02
   0.3100000E-09      0.1040811E-02
   0.2900000E-09      0.9745099E-03
   0.2750000E-09      0.9245066E-03
   0.2625000E-09      0.8830223E-03
   0.2475000E-09      0.8330190E-03
   0.2350000E-09      0.7911642E-03
   0.2250000E-09      0.7578288E-03
   0.2150000E-09      0.7244932E-03
   0.2050000E-09      0.6911576E-03
   0.1950000E-09      0.6578220E-03
   0.1850000E-09      0.6241160E-03
   0.1750000E-09      0.5907805E-03
   0.1650000E-09      0.5570744E-03
   0.1550000E-09      0.5237389E-03
   0.1462500E-09      0.4941073E-03
   0.1387500E-09      0.4689204E-03
   0.1312500E-09      0.4437335E-03
   0.1237500E-09      0.4185467E-03
   0.1175000E-09      0.3974341E-03
   0.1125000E-09      0.3807663E-03
   0.1075000E-09      0.3638393E-03
   0.1025000E-09      0.3469863E-03
