    19.95000          0.1158433E-12
    19.85000          0.1247818E-12
    19.75000          0.1342055E-12
    19.65000          0.1446764E-12
    19.55000          0.1560411E-12
    19.45000          0.1681719E-12
    19.35000          0.1813243E-12
    19.25000          0.1954982E-12
    19.15000          0.2108214E-12
    19.05000          0.2272939E-12
    18.95000          0.2449155E-12
    18.85000          0.2640695E-12
    18.75000          0.2846281E-12
    18.65000          0.3068467E-12
    18.55000          0.3308530E-12
    18.45000          0.3566471E-12
    18.35000          0.3843565E-12
    18.25000          0.4143644E-12
    18.15000          0.4465431E-12
    18.05000          0.4812756E-12
    17.95000          0.5186897E-12
    17.85000          0.5590408E-12
    17.75000          0.6024564E-12
    17.65000          0.6493198E-12
    17.55000          0.6997586E-12
    17.45000          0.7541560E-12
    17.35000          0.8127671E-12
    17.25000          0.8758476E-12
    17.15000          0.9439080E-12
    17.05000          0.1017204E-11
    16.95000          0.1096246E-11
    16.85000          0.1181162E-11
    16.75000          0.1272846E-11
    16.65000          0.1371425E-11
    16.55000          0.1477410E-11
    16.45000          0.1592334E-11
    16.35000          0.1714919E-11
    16.25000          0.1847720E-11
    16.15000          0.1990737E-11
    16.05000          0.2145245E-11
    15.95000          0.2311247E-11
    15.85000          0.2490017E-11
    15.75000          0.2682834E-11
    15.65000          0.2890974E-11
    15.55000          0.3114437E-11
    15.45000          0.3355777E-11
    15.35000          0.3614994E-11
    15.25000          0.3893365E-11
    15.15000          0.4194721E-11
    15.05000          0.4519062E-11
    14.95000          0.4867664E-11
    14.85000          0.5243082E-11
    14.75000          0.5647869E-11
    14.65000          0.6083303E-11
    14.55000          0.6551937E-11
    14.45000          0.7057602E-11
    14.35000          0.7600299E-11
    14.25000          0.8186410E-11
    14.15000          0.8815938E-11
    14.05000          0.9493988E-11
    13.95000          0.1022439E-10
    13.85000          0.1100971E-10
    13.75000          0.1185504E-10
    13.65000          0.1276421E-10
    13.55000          0.1373979E-10
    13.45000          0.1479964E-10
    13.35000          0.1593611E-10
    13.25000          0.1714920E-10
    13.15000          0.1846443E-10
    13.05000          0.1988183E-10
    12.95000          0.2140138E-10
    12.85000          0.2304862E-10
    12.75000          0.2481078E-10
    12.65000          0.2670065E-10
    12.55000          0.2874373E-10
    12.45000          0.3094006E-10
    12.35000          0.3330238E-10
    12.25000          0.3583071E-10
    12.15000          0.3856334E-10
    12.05000          0.4150028E-10
    11.95000          0.4466708E-10
    11.85000          0.4807648E-10
    11.75000          0.5174128E-10
    11.65000          0.5567423E-10
    11.55000          0.5991364E-10
    11.45000          0.6447229E-10
    11.35000          0.6936294E-10
    11.25000          0.7463666E-10
    11.15000          0.8029347E-10
    11.05000          0.8639720E-10
    10.95000          0.9294788E-10
    10.85000          0.9999653E-10
    10.75000          0.1075687E-09
    10.65000          0.1157156E-09
    10.55000          0.1244881E-09
    10.45000          0.1339501E-09
    10.35000          0.1440379E-09
    10.25000          0.1548918E-09
    10.15000          0.1666396E-09
    10.05000          0.1791536E-09
    9.950000          0.1942213E-09
    9.850000          0.2123538E-09
    9.750000          0.2322739E-09
    9.650000          0.2544925E-09
    9.550000          0.2788819E-09
    9.450000          0.3060806E-09
    9.350000          0.3362161E-09
    9.250000          0.3696718E-09
    9.150000          0.4068305E-09
    9.050000          0.4482031E-09
    8.950000          0.4944280E-09
    8.850000          0.5458884E-09
    8.750000          0.6033504E-09
    8.650000          0.6677077E-09
    8.550000          0.7397267E-09
    8.450000          0.8206841E-09
    8.350000          0.9114740E-09
    8.250000          0.1013756E-08
    8.150000          0.1128808E-08
    8.050000          0.1258672E-08
    7.950000          0.1371425E-08
    7.850000          0.1460810E-08
    7.750000          0.1556580E-08
    7.650000          0.1661288E-08
    7.550000          0.1773658E-08
    7.450000          0.1894967E-08
    7.350000          0.2027768E-08
    7.250000          0.2170784E-08
    7.150000          0.2326570E-08
    7.050000          0.2496402E-08
    6.950000          0.2681557E-08
    6.850000          0.2882035E-08
    6.750000          0.3101667E-08
    6.650000          0.3341731E-08
    6.550000          0.3603501E-08
    6.450000          0.3892088E-08
    6.350000          0.4207490E-08
    6.250000          0.4553539E-08
    6.150000          0.4935341E-08
    6.050000          0.5355452E-08
    5.950000          0.5663193E-08
    5.850000          0.5835578E-08
    5.750000          0.6016902E-08
    5.650000          0.6207166E-08
    5.550000          0.6408921E-08
    5.450000          0.6620891E-08
    5.350000          0.6841800E-08
    5.250000          0.7074203E-08
    5.150000          0.7316820E-08
    5.050000          0.7570929E-08
    4.950000          0.7863346E-08
    4.850000          0.8196626E-08
    4.750000          0.8554166E-08
    4.650000          0.8934692E-08
    4.550000          0.9338203E-08
    4.450000          0.9772358E-08
    4.350000          0.1023844E-07
    4.250000          0.1073900E-07
    4.150000          0.1128169E-07
    4.050000          0.1187291E-07
    3.950000          0.1250244E-07
    3.850000          0.1316517E-07
    3.750000          0.1388025E-07
    3.650000          0.1465918E-07
    3.550000          0.1548918E-07
    3.450000          0.1640858E-07
    3.350000          0.1740458E-07
    3.250000          0.1850274E-07
    3.150000          0.1970306E-07
    3.050000          0.2104384E-07
    2.950000          0.2230800E-07
    2.850000          0.2349555E-07
    2.750000          0.2479802E-07
    2.650000          0.2618987E-07
    2.550000          0.2772219E-07
    2.450000          0.2940774E-07
    2.350000          0.3128483E-07
    2.250000          0.3340454E-07
    2.150000          0.3579240E-07
    2.050000          0.3849950E-07
    1.950000          0.4100228E-07
    1.850000          0.4316029E-07
    1.750000          0.4549708E-07
    1.650000          0.4812756E-07
    1.550000          0.5107728E-07
    1.450000          0.5346514E-07
    1.350000          0.5517623E-07
    1.250000          0.5710439E-07
    1.150000          0.5924964E-07
    1.050000          0.6176519E-07
   0.9800000          0.6419137E-07
   0.9400000          0.6656645E-07
   0.9000000          0.6932463E-07
   0.8600000          0.7150819E-07
   0.8200000          0.7393435E-07
   0.7800000          0.7657761E-07
   0.7400000          0.7956562E-07
   0.7050000          0.8264302E-07
   0.6750000          0.8593751E-07
   0.6450000          0.8975554E-07
   0.6150000          0.9402049E-07
   0.5875000          0.9883453E-07
   0.5625000          0.1044019E-06
   0.5375000          0.1109143E-06
   0.5125000          0.1173628E-06
   0.4875000          0.1236964E-06
   0.4625000          0.1294809E-06
   0.4375000          0.1344609E-06
   0.4125000          0.1391856E-06
   0.3900000          0.1439102E-06
   0.3700000          0.1483795E-06
   0.3500000          0.1533595E-06
   0.3300000          0.1588503E-06
   0.3100000          0.1648519E-06
   0.2900000          0.1713642E-06
   0.2750000          0.1765997E-06
   0.2625000          0.1813243E-06
   0.2475000          0.1875813E-06
   0.2350000          0.1931998E-06
   0.2250000          0.1980521E-06
   0.2150000          0.2032875E-06
   0.2050000          0.2089061E-06
   0.1950000          0.2152907E-06
   0.1850000          0.2225692E-06
   0.1750000          0.2306139E-06
   0.1650000          0.2394247E-06
   0.1550000          0.2490017E-06
   0.1462500          0.2583234E-06
   0.1387500          0.2671342E-06
   0.1312500          0.2767111E-06
   0.1237500          0.2873097E-06
   0.1175000          0.2968866E-06
   0.1125000          0.3050590E-06
   0.1075000          0.3139976E-06
   0.1025000          0.3237022E-06
   0.9800000E-01      0.3334069E-06
   0.9400000E-01      0.3429839E-06
   0.9000000E-01      0.3534547E-06
   0.8600000E-01      0.3646917E-06
   0.8200000E-01      0.3768226E-06
   0.7799999E-01      0.3899750E-06
   0.7400000E-01      0.4042766E-06
   0.7050000E-01      0.4185783E-06
   0.6750000E-01      0.4337737E-06
   0.6450000E-01      0.4516508E-06
   0.6150000E-01      0.4711879E-06
   0.5875000E-01      0.4907250E-06
   0.5625000E-01      0.5100066E-06
   0.5375000E-01      0.5310760E-06
   0.5125000E-01      0.5539330E-06
   0.4875000E-01      0.5785778E-06
   0.4625000E-01      0.6052657E-06
   0.4375000E-01      0.6347629E-06
   0.4125000E-01      0.6675800E-06
   0.3900000E-01      0.7003971E-06
   0.3700000E-01      0.7327035E-06
   0.3500000E-01      0.7684576E-06
   0.3300000E-01      0.8081701E-06
   0.3100000E-01      0.8526073E-06
   0.2900000E-01      0.9027908E-06
   0.2750000E-01      0.9448019E-06
   0.2625000E-01      0.9834929E-06
   0.2475000E-01      0.1034570E-05
   0.2350000E-01      0.1081561E-05
   0.2250000E-01      0.1122678E-05
   0.2150000E-01      0.1167499E-05
   0.2050000E-01      0.1216278E-05
   0.1950000E-01      0.1269909E-05
   0.1850000E-01      0.1329286E-05
   0.1750000E-01      0.1394410E-05
   0.1650000E-01      0.1468472E-05
   0.1550000E-01      0.1550195E-05
   0.1462500E-01      0.1629365E-05
   0.1387500E-01      0.1705981E-05
   0.1312500E-01      0.1790259E-05
   0.1237500E-01      0.1883475E-05
   0.1175000E-01      0.1970306E-05
   0.1125000E-01      0.2045645E-05
   0.1075000E-01      0.2128646E-05
   0.1025000E-01      0.2218031E-05
   0.9800000E-02      0.2303585E-05
   0.9400001E-02      0.2384032E-05
   0.9000000E-02      0.2469586E-05
   0.8600000E-02      0.2564079E-05
   0.8200000E-02      0.2666234E-05
   0.7800000E-02      0.2777327E-05
   0.7400000E-02      0.2899912E-05
   0.7050000E-02      0.3017390E-05
   0.6750000E-02      0.3128483E-05
   0.6450000E-02      0.3249792E-05
   0.6150000E-02      0.3381315E-05
   0.5875000E-02      0.3514117E-05
   0.5625000E-02      0.3644363E-05
   0.5375000E-02      0.3786103E-05
   0.5125000E-02      0.3939334E-05
   0.4875000E-02      0.4104059E-05
   0.4625000E-02      0.4278998E-05
   0.4375000E-02      0.4470538E-05
   0.4125000E-02      0.4685063E-05
   0.3900000E-02      0.4897034E-05
   0.3700000E-02      0.5107728E-05
   0.3500000E-02      0.5338852E-05
   0.3300000E-02      0.5592962E-05
   0.3100000E-02      0.5878994E-05
   0.2900000E-02      0.6226320E-05
   0.2750000E-02      0.6537891E-05
   0.2625000E-02      0.6826478E-05
   0.2475000E-02      0.7207004E-05
   0.2350000E-02      0.7555606E-05
   0.2250000E-02      0.7865900E-05
   0.2150000E-02      0.8204288E-05
   0.2050000E-02      0.8574597E-05
   0.1950000E-02      0.8970446E-05
   0.1850000E-02      0.9395665E-05
   0.1750000E-02      0.9863022E-05
   0.1650000E-02      0.1038146E-04
   0.1550000E-02      0.1096246E-04
   0.1462500E-02      0.1153197E-04
   0.1387500E-02      0.1207467E-04
   0.1312500E-02      0.1267610E-04
   0.1237500E-02      0.1334394E-04
   0.1175000E-02      0.1396963E-04
   0.1125000E-02      0.1449318E-04
   0.1075000E-02      0.1510610E-04
   0.1025000E-02      0.1575734E-04
   0.9800000E-03      0.1634473E-04
   0.9400000E-03      0.1686827E-04
   0.9000000E-03      0.1745566E-04
   0.8600000E-03      0.1806858E-04
   0.8200000E-03      0.1873259E-04
   0.7800000E-03      0.1948598E-04
   0.7400000E-03      0.2030322E-04
   0.7050000E-03      0.2109491E-04
   0.6750000E-03      0.2195046E-04
   0.6450000E-03      0.2293370E-04
   0.6150000E-03      0.2399355E-04
   0.5875000E-03      0.2507894E-04
   0.5625000E-03      0.2612602E-04
   0.5375000E-03      0.2728804E-04
   0.5125000E-03      0.2853943E-04
   0.4875000E-03      0.2999513E-04
   0.4625000E-03      0.3150191E-04
   0.4375000E-03      0.3330238E-04
   0.4125000E-03      0.3523055E-04
   0.3900000E-03      0.3715872E-04
   0.3700000E-03      0.3901027E-04
   0.3500000E-03      0.4111721E-04
   0.3300000E-03      0.4346676E-04
   0.3100000E-03      0.4612278E-04
   0.2900000E-03      0.4935342E-04
   0.2750000E-03      0.5220097E-04
   0.2625000E-03      0.5486976E-04
   0.2475000E-03      0.5838132E-04
   0.2350000E-03      0.6170134E-04
   0.2250000E-03      0.6452336E-04
   0.2150000E-03      0.6804770E-04
   0.2050000E-03      0.7154648E-04
   0.1950000E-03      0.7536451E-04
   0.1850000E-03      0.8003809E-04
   0.1750000E-03      0.8505642E-04
   0.1650000E-03      0.9070047E-04
   0.1550000E-03      0.9718729E-04
   0.1462500E-03      0.1036741E-03
   0.1387500E-03      0.1097395E-03
   0.1312500E-03      0.1168520E-03
   0.1237500E-03      0.1241561E-03
   0.1175000E-03      0.1321624E-03
   0.1125000E-03      0.1386748E-03
   0.1075000E-03      0.1456979E-03
   0.1025000E-03      0.1536149E-03
   0.9800000E-04      0.1612765E-03
   0.9400000E-04      0.1684273E-03
   0.9000000E-04      0.1699596E-03
   0.8600000E-04      0.1836228E-03
   0.8200000E-04      0.1928167E-03
   0.7800000E-04      0.2029045E-03
   0.7400000E-04      0.2142692E-03
   0.7050000E-04      0.2237184E-03
   0.6750000E-04      0.2357216E-03
   0.6450000E-04      0.2492571E-03
   0.6150000E-04      0.2627926E-03
   0.5875000E-04      0.2763280E-03
   0.5625000E-04      0.2903743E-03
   0.5375000E-04      0.3152745E-03
   0.5125000E-04      0.3203822E-03
   0.4875000E-04      0.3380039E-03
   0.4625000E-04      0.3575409E-03
   0.4375000E-04      0.3792488E-03
   0.4125000E-04      0.4038935E-03
   0.3900000E-04      0.4285383E-03
   0.3700000E-04      0.4533108E-03
   0.3500000E-04      0.4808925E-03
   0.3300000E-04      0.5120496E-03
   0.3100000E-04      0.5497191E-03
   0.2900000E-04      0.5904533E-03
   0.2750000E-04      0.6249304E-03
   0.2625000E-04      0.6571092E-03
   0.2475000E-04      0.7000141E-03
   0.2350000E-04      0.7371728E-03
   0.2250000E-04      0.7724161E-03
   0.2150000E-04      0.8113625E-03
   0.2050000E-04      0.8546505E-03
   0.1950000E-04      0.9013861E-03
   0.1850000E-04      0.9529743E-03
   0.1750000E-04      0.1010692E-02
   0.1650000E-04      0.1075687E-02
   0.1550000E-04      0.1148983E-02
   0.1462500E-04      0.1221641E-02
   0.1387500E-04      0.1292255E-02
   0.1312500E-04      0.1370148E-02
   0.1237500E-04      0.1458256E-02
   0.1175000E-04      0.1539980E-02
   0.1125000E-04      0.1612765E-02
   0.1075000E-04      0.1693211E-02
   0.1025000E-04      0.1780043E-02
   0.9800000E-05      0.1870705E-02
   0.9400001E-05      0.1961367E-02
   0.8999999E-05      0.2060968E-02
   0.8600000E-05      0.2169507E-02
   0.8200001E-05      0.2290816E-02
   0.7800000E-05      0.2424894E-02
   0.7400000E-05      0.2573017E-02
   0.7050000E-05      0.2718588E-02
   0.6750000E-05      0.2855219E-02
   0.6450000E-05      0.3005898E-02
   0.6150000E-05      0.3173176E-02
   0.5875000E-05      0.3337900E-02
   0.5625000E-05      0.3512840E-02
   0.5375000E-05      0.3701825E-02
   0.5125000E-05      0.3908688E-02
   0.4875000E-05      0.4130875E-02
   0.4625000E-05      0.4370938E-02
   0.4375000E-05      0.4639093E-02
   0.4125000E-05      0.4939172E-02
   0.3900000E-05      0.5244359E-02
   0.3700000E-05      0.5548269E-02
   0.3500000E-05      0.5889209E-02
   0.3300000E-05      0.6272289E-02
   0.3100000E-05      0.6707723E-02
   0.2900000E-05      0.7218495E-02
   0.2750000E-05      0.7662868E-02
   0.2625000E-05      0.8077870E-02
   0.2475000E-05      0.8632059E-02
   0.2350000E-05      0.9150494E-02
   0.2250000E-05      0.9611466E-02
   0.2150000E-05      0.1011841E-01
   0.2050000E-05      0.1067770E-01
   0.1950000E-05      0.1118720E-01
   0.1850000E-05      0.1163413E-01
   0.1750000E-05      0.1212447E-01
   0.1650000E-05      0.1266589E-01
   0.1550000E-05      0.1326732E-01
   0.1462500E-05      0.1385471E-01
   0.1387500E-05      0.1441656E-01
   0.1312500E-05      0.1502949E-01
   0.1237500E-05      0.1570626E-01
   0.1175000E-05      0.1633196E-01
   0.1125000E-05      0.1688104E-01
   0.1075000E-05      0.1746843E-01
   0.1025000E-05      0.1810689E-01
   0.9800000E-06      0.1877090E-01
   0.9399999E-06      0.1944767E-01
   0.9000000E-06      0.2020106E-01
   0.8600000E-06      0.2100553E-01
   0.8200000E-06      0.2189938E-01
   0.7800000E-06      0.2288262E-01
   0.7400000E-06      0.2398078E-01
   0.7050000E-06      0.2511725E-01
   0.6750000E-06      0.2644526E-01
   0.6450000E-06      0.2807973E-01
   0.6150000E-06      0.2990574E-01
   0.5875000E-06      0.3180837E-01
   0.5625000E-06      0.3381316E-01
   0.5375000E-06      0.3613717E-01
   0.5125000E-06      0.3881873E-01
   0.4875000E-06      0.4339015E-01
   0.4625000E-06      0.5057927E-01
   0.4375000E-06      0.5949225E-01
   0.4125000E-06      0.7090802E-01
   0.3900000E-06      0.8445627E-01
   0.3700000E-06      0.1004179    
   0.3500000E-06      0.1207339    
   0.3300000E-06      0.1455702    
   0.3100000E-06      0.1745566    
   0.2900000E-06      0.2155461    
   0.2750000E-06      0.2573017    
   0.2625000E-06      0.2991851    
   0.2475000E-06      0.3593286    
   0.2350000E-06      0.4206213    
   0.2250000E-06      0.4802541    
   0.2150000E-06      0.5515069    
   0.2050000E-06      0.6374444    
   0.1950000E-06      0.7139326    
   0.1850000E-06      0.7744592    
   0.1750000E-06      0.8439242    
   0.1650000E-06      0.9242433    
   0.1550000E-06       1.017970    
   0.1462500E-06       1.113357    
   0.1387500E-06       1.207722    
   0.1312500E-06       1.316517    
   0.1237500E-06       1.441656    
   0.1175000E-06       1.560411    
   0.1125000E-06       1.668950    
   0.1075000E-06       1.790259    
   0.1025000E-06       1.926890    
   0.9800000E-07       2.043091    
   0.9400000E-07       2.129922    
   0.9000000E-07       2.224415    
   0.8600000E-07       2.327847    
   0.8200000E-07       2.441494    
   0.7800000E-07       2.566633    
   0.7400000E-07       2.704542    
   0.7050000E-07       2.838620    
   0.6750000E-07       2.965035    
   0.6450000E-07       3.102945    
   0.6150000E-07       3.253623    
   0.5875000E-07       3.405577    
   0.5625000E-07       3.557532    
   0.5375000E-07       3.722256    
   0.5125000E-07       3.906134    
   0.4875000E-07       4.096397    
   0.4625000E-07       4.290491    
   0.4375000E-07       4.480754    
   0.4125000E-07       4.663355    
   0.3900000E-07       4.820417    
   0.3700000E-07       4.950665    
   0.3500000E-07       5.068142    
   0.3300000E-07       5.172852    
   0.3100000E-07       5.259683    
   0.2900000E-07       5.324806    
   0.2750000E-07       5.361837    
   0.2625000E-07       5.375884    
   0.2475000E-07       5.379714    
   0.2350000E-07       5.368220    
   0.2250000E-07       5.347791    
   0.2150000E-07       5.315867    
   0.2050000E-07       5.273728    
   0.1950000E-07       5.218820    
   0.1850000E-07       5.151143    
   0.1750000E-07       5.069420    
   0.1650000E-07       4.973649    
   0.1550000E-07       4.860003    
   0.1462500E-07       4.748909    
   0.1387500E-07       4.640370    
   0.1312500E-07       4.521616    
   0.1237500E-07       4.392645    
   0.1175000E-07       4.275168    
   0.1125000E-07       4.175567    
   0.1075000E-07       4.069582    
   0.1025000E-07       3.958488    
   0.9800000E-08       3.852504    
   0.9400000E-08       3.754179    
   0.9000000E-08       3.652025    
   0.8600000E-08       3.544763    
   0.8200000E-08       3.433670    
   0.7800000E-08       3.318746    
   0.7400000E-08       3.198714    
   0.7050000E-08       3.090175    
   0.6750000E-08       2.994405    
   0.6450000E-08       2.894804    
   0.6150000E-08       2.793927    
   0.5875000E-08       2.698157    
   0.5625000E-08       2.608772    
   0.5375000E-08       2.518110    
   0.5125000E-08       2.424894    
   0.4875000E-08       2.329124    
   0.4625000E-08       2.232077    
   0.4375000E-08       2.132476    
   0.4125000E-08       2.030322    
   0.3900000E-08       1.937106    
   0.3700000E-08       1.851551    
   0.3500000E-08       1.765997    
   0.3300000E-08       1.677889    
   0.3100000E-08       1.588503    
   0.2900000E-08       1.497841    
   0.2750000E-08       1.428887    
   0.2625000E-08       1.371425    
   0.2475000E-08       1.299917    
   0.2350000E-08       1.240795    
   0.2250000E-08       1.192782    
   0.2150000E-08       1.144259    
   0.2050000E-08       1.095352    
   0.1950000E-08       1.046062    
   0.1850000E-08      0.9963899    
   0.1750000E-08      0.9462065    
   0.1650000E-08      0.8957677    
   0.1550000E-08      0.8448181    
   0.1462500E-08      0.7998702    
   0.1387500E-08      0.7610514    
   0.1312500E-08      0.7221050    
   0.1237500E-08      0.6829031    
   0.1175000E-08      0.6499583    
   0.1125000E-08      0.6235258    
   0.1075000E-08      0.5969656    
   0.1025000E-08      0.5704054    
   0.9800000E-09      0.5462714    
   0.9400000E-09      0.5248190    
   0.9000000E-09      0.5033665    
   0.8600000E-09      0.4816587    
   0.8200000E-09      0.4600785    
   0.7800000E-09      0.4382430    
   0.7400000E-09      0.4164075    
   0.7050000E-09      0.3972535    
   0.6750000E-09      0.3809088    
   0.6450000E-09      0.3643087    
   0.6150000E-09      0.3478362    
   0.5875000E-09      0.3326407    
   0.5625000E-09      0.3188499    
   0.5375000E-09      0.3049313    
   0.5125000E-09      0.2910128    
   0.4875000E-09      0.2770942    
   0.4625000E-09      0.2631757    
   0.4375000E-09      0.2491294    
   0.4125000E-09      0.2352109    
   0.3900000E-09      0.2225692    
   0.3700000E-09      0.2113322    
   0.3500000E-09      0.2000952    
   0.3300000E-09      0.1887305    
   0.3100000E-09      0.1774935    
   0.2900000E-09      0.1661288    
   0.2750000E-09      0.1577011    
   0.2625000E-09      0.1505503    
   0.2475000E-09      0.1419948    
   0.2350000E-09      0.1349717    
   0.2250000E-09      0.1292255    
   0.2150000E-09      0.1235432    
   0.2050000E-09      0.1178353    
   0.1950000E-09      0.1121402    
   0.1850000E-09      0.1064323    
   0.1750000E-09      0.1007116    
   0.1650000E-09      0.9500372E-01
   0.1550000E-09      0.8927030E-01
   0.1462500E-09      0.8426473E-01
   0.1387500E-09      0.7996146E-01
   0.1312500E-09      0.7567099E-01
   0.1237500E-09      0.7136773E-01
   0.1175000E-09      0.6777954E-01
   0.1125000E-09      0.6490645E-01
   0.1075000E-09      0.6203336E-01
   0.1025000E-09      0.5916025E-01
