    19.95000          0.3575738E-12
    19.85000          0.3556321E-12
    19.75000          0.3975282E-12
    19.65000          0.4301639E-12
    19.55000          0.4652641E-12
    19.45000          0.5030528E-12
    19.35000          0.5437540E-12
    19.25000          0.5876667E-12
    19.15000          0.6349399E-12
    19.05000          0.6858725E-12
    18.95000          0.7407632E-12
    18.85000          0.7998361E-12
    18.75000          0.8640619E-12
    18.65000          0.9320218E-12
    18.55000          0.1006703E-11
    18.45000          0.1085865E-11
    18.35000          0.1171749E-11
    18.25000          0.1264353E-11
    18.15000          0.1363680E-11
    18.05000          0.1471220E-11
    17.95000          0.1586976E-11
    17.85000          0.1711694E-11
    17.75000          0.1846120E-11
    17.65000          0.1991002E-11
    17.55000          0.2147086E-11
    17.45000          0.2314372E-11
    17.35000          0.2495100E-11
    17.25000          0.2690018E-11
    17.15000          0.2899872E-11
    17.05000          0.3126157E-11
    16.95000          0.3369617E-11
    16.85000          0.3631749E-11
    16.75000          0.3914790E-11
    16.65000          0.4218743E-11
    16.55000          0.4546594E-11
    16.45000          0.4899836E-11
    16.35000          0.5279963E-11
    16.25000          0.5689217E-11
    16.15000          0.6130583E-11
    16.05000          0.6605556E-11
    15.95000          0.7117122E-11
    15.85000          0.7669763E-11
    15.75000          0.8259744E-11
    15.65000          0.8902004E-11
    15.55000          0.9589071E-11
    15.45000          0.1032842E-10
    15.35000          0.1112750E-10
    15.25000          0.1198634E-10
    15.15000          0.1291239E-10
    15.05000          0.1391312E-10
    14.95000          0.1498106E-10
    14.85000          0.1613862E-10
    14.75000          0.1738579E-10
    14.65000          0.1872259E-10
    14.55000          0.2016393E-10
    14.45000          0.2171730E-10
    14.35000          0.2339016E-10
    14.25000          0.2518998E-10
    14.15000          0.2712422E-10
    14.05000          0.2920783E-10
    13.95000          0.3145574E-10
    13.85000          0.3387541E-10
    13.75000          0.3647432E-10
    13.65000          0.3927486E-10
    13.55000          0.4228452E-10
    13.45000          0.4553315E-10
    13.35000          0.4902076E-10
    13.25000          0.5277723E-10
    13.15000          0.5682495E-10
    13.05000          0.6117141E-10
    12.95000          0.6585391E-10
    12.85000          0.7089490E-10
    12.75000          0.7632422E-10
    12.65000          0.8214936E-10
    12.55000          0.8842258E-10
    12.45000          0.9521859E-10
    12.35000          0.1024627E-09
    12.25000          0.1103042E-09
    12.15000          0.1186685E-09
    12.05000          0.1277049E-09
    11.95000          0.1374881E-09
    11.85000          0.1479435E-09
    11.75000          0.1592204E-09
    11.65000          0.1713188E-09
    11.55000          0.1843133E-09
    11.45000          0.1983534E-09
    11.35000          0.2134389E-09
    11.25000          0.2295701E-09
    11.15000          0.2470455E-09
    11.05000          0.2657906E-09
    10.95000          0.2858798E-09
    10.85000          0.3075374E-09
    10.75000          0.3308379E-09
    10.65000          0.3558561E-09
    10.55000          0.3827413E-09
    10.45000          0.4117176E-09
    10.35000          0.4427850E-09
    10.25000          0.4761676E-09
    10.15000          0.5120893E-09
    10.05000          0.5506995E-09
    9.950000          0.5921475E-09
    9.850000          0.6367323E-09
    9.750000          0.6846029E-09
    9.650000          0.7359836E-09
    9.550000          0.7916211E-09
    9.450000          0.8506194E-09
    9.350000          0.9140984E-09
    9.250000          0.9828051E-09
    9.150000          0.1056739E-08
    9.050000          0.1135155E-08
    8.950000          0.1220291E-08
    8.850000          0.1311403E-08
    8.750000          0.1409235E-08
    8.650000          0.1513789E-08
    8.550000          0.1626557E-08
    8.450000          0.1747541E-08
    8.350000          0.1877486E-08
    8.250000          0.2017140E-08
    8.150000          0.2166503E-08
    8.050000          0.2326320E-08
    7.950000          0.2501821E-08
    7.850000          0.2695246E-08
    7.750000          0.2905847E-08
    7.650000          0.3135865E-08
    7.550000          0.3388288E-08
    7.450000          0.3663861E-08
    7.350000          0.3967067E-08
    7.250000          0.4299399E-08
    7.150000          0.4664590E-08
    7.050000          0.5067122E-08
    6.950000          0.5509982E-08
    6.850000          0.5999891E-08
    6.750000          0.6541330E-08
    6.650000          0.7140272E-08
    6.550000          0.7804190E-08
    6.450000          0.8543534E-08
    6.350000          0.9365027E-08
    6.250000          0.1027614E-07
    6.150000          0.1129927E-07
    6.050000          0.1244189E-07
    5.950000          0.1347996E-07
    5.850000          0.1438361E-07
    5.750000          0.1535446E-07
    5.650000          0.1641494E-07
    5.550000          0.1756503E-07
    5.450000          0.1882714E-07
    5.350000          0.2020128E-07
    5.250000          0.2170237E-07
    5.150000          0.2334535E-07
    5.050000          0.2515264E-07
    4.950000          0.2669107E-07
    4.850000          0.2788598E-07
    4.750000          0.2916303E-07
    4.650000          0.3052969E-07
    4.550000          0.3198597E-07
    4.450000          0.3355428E-07
    4.350000          0.3523461E-07
    4.250000          0.3704190E-07
    4.150000          0.3898361E-07
    4.050000          0.4108215E-07
    3.950000          0.4319563E-07
    3.850000          0.4532404E-07
    3.750000          0.4761676E-07
    3.650000          0.5008871E-07
    3.550000          0.5276229E-07
    3.450000          0.5566739E-07
    3.350000          0.5881894E-07
    3.250000          0.6225428E-07
    3.150000          0.6600328E-07
    3.050000          0.7011074E-07
    2.950000          0.7475592E-07
    2.850000          0.7998361E-07
    2.750000          0.8580873E-07
    2.650000          0.9230602E-07
    2.550000          0.9955009E-07
    2.450000          0.1076903E-06
    2.350000          0.1168761E-06
    2.250000          0.1272568E-06
    2.150000          0.1390565E-06
    2.050000          0.1524244E-06
    1.950000          0.1627304E-06
    1.850000          0.1686302E-06
    1.750000          0.1746794E-06
    1.650000          0.1792350E-06
    1.550000          0.1794590E-06
    1.450000          0.1799071E-06
    1.350000          0.1802058E-06
    1.250000          0.1839399E-06
    1.150000          0.1947686E-06
    1.050000          0.2114973E-06
   0.9800000          0.2261348E-06
   0.9400000          0.2359927E-06
   0.9000000          0.2477177E-06
   0.8600000          0.2628033E-06
   0.8200000          0.2795319E-06
   0.7800000          0.2982769E-06
   0.7400000          0.3194117E-06
   0.7050000          0.3387541E-06
   0.6750000          0.3529436E-06
   0.6450000          0.3655646E-06
   0.6150000          0.3792313E-06
   0.5875000          0.3928234E-06
   0.5625000          0.4062659E-06
   0.5375000          0.4207541E-06
   0.5125000          0.4365119E-06
   0.4875000          0.4504025E-06
   0.4625000          0.4622769E-06
   0.4375000          0.4750474E-06
   0.4125000          0.4890128E-06
   0.3900000          0.5026795E-06
   0.3700000          0.5158980E-06
   0.3500000          0.5301621E-06
   0.3300000          0.5457705E-06
   0.3100000          0.5627978E-06
   0.2900000          0.5816922E-06
   0.2750000          0.5970765E-06
   0.2625000          0.6110419E-06
   0.2475000          0.6291147E-06
   0.2350000          0.6453952E-06
   0.2250000          0.6594353E-06
   0.2150000          0.6744463E-06
   0.2050000          0.6905775E-06
   0.1950000          0.7052150E-06
   0.1850000          0.7182841E-06
   0.1750000          0.7322495E-06
   0.1650000          0.7475592E-06
   0.1550000          0.7639890E-06
   0.1462500          0.7796721E-06
   0.1387500          0.7938615E-06
   0.1312500          0.8095447E-06
   0.1237500          0.8259744E-06
   0.1175000          0.8409108E-06
   0.1125000          0.8536065E-06
   0.1075000          0.8677961E-06
   0.1025000          0.8819855E-06
   0.9800000E-01      0.8961749E-06
   0.9400000E-01      0.9103643E-06
   0.9000000E-01      0.9253005E-06
   0.8600000E-01      0.9409835E-06
   0.8200000E-01      0.9581602E-06
   0.7799999E-01      0.9760838E-06
   0.7400000E-01      0.9955011E-06
   0.7050000E-01      0.1012678E-05
   0.6750000E-01      0.1023133E-05
   0.6450000E-01      0.1032095E-05
   0.6150000E-01      0.1041057E-05
   0.5875000E-01      0.1049271E-05
   0.5625000E-01      0.1057486E-05
   0.5375000E-01      0.1066448E-05
   0.5125000E-01      0.1075410E-05
   0.4875000E-01      0.1086612E-05
   0.4625000E-01      0.1098561E-05
   0.4375000E-01      0.1112004E-05
   0.4125000E-01      0.1126193E-05
   0.3900000E-01      0.1140383E-05
   0.3700000E-01      0.1153825E-05
   0.3500000E-01      0.1167268E-05
   0.3300000E-01      0.1182951E-05
   0.3100000E-01      0.1198634E-05
   0.2900000E-01      0.1222532E-05
   0.2750000E-01      0.1245683E-05
   0.2625000E-01      0.1267341E-05
   0.2475000E-01      0.1294226E-05
   0.2350000E-01      0.1318871E-05
   0.2250000E-01      0.1339781E-05
   0.2150000E-01      0.1362186E-05
   0.2050000E-01      0.1385337E-05
   0.1950000E-01      0.1410729E-05
   0.1850000E-01      0.1436867E-05
   0.1750000E-01      0.1464499E-05
   0.1650000E-01      0.1495118E-05
   0.1550000E-01      0.1527978E-05
   0.1462500E-01      0.1558597E-05
   0.1387500E-01      0.1587723E-05
   0.1312500E-01      0.1619089E-05
   0.1237500E-01      0.1651949E-05
   0.1175000E-01      0.1682568E-05
   0.1125000E-01      0.1707960E-05
   0.1075000E-01      0.1734845E-05
   0.1025000E-01      0.1763971E-05
   0.9800000E-02      0.1793097E-05
   0.9400001E-02      0.1820729E-05
   0.9000000E-02      0.1850601E-05
   0.8600000E-02      0.1882714E-05
   0.8200000E-02      0.1916320E-05
   0.7800000E-02      0.1952914E-05
   0.7400000E-02      0.1991748E-05
   0.7050000E-02      0.2026849E-05
   0.6750000E-02      0.2052987E-05
   0.6450000E-02      0.2078379E-05
   0.6150000E-02      0.2104517E-05
   0.5875000E-02      0.2130656E-05
   0.5625000E-02      0.2155301E-05
   0.5375000E-02      0.2181439E-05
   0.5125000E-02      0.2209818E-05
   0.4875000E-02      0.2241931E-05
   0.4625000E-02      0.2278525E-05
   0.4375000E-02      0.2318106E-05
   0.4125000E-02      0.2360674E-05
   0.3900000E-02      0.2401749E-05
   0.3700000E-02      0.2441330E-05
   0.3500000E-02      0.2483898E-05
   0.3300000E-02      0.2529453E-05
   0.3100000E-02      0.2579490E-05
   0.2900000E-02      0.2657905E-05
   0.2750000E-02      0.2741548E-05
   0.2625000E-02      0.2817723E-05
   0.2475000E-02      0.2917049E-05
   0.2350000E-02      0.3006666E-05
   0.2250000E-02      0.3084335E-05
   0.2150000E-02      0.3167231E-05
   0.2050000E-02      0.3256848E-05
   0.1950000E-02      0.3382313E-05
   0.1850000E-02      0.3548852E-05
   0.1750000E-02      0.3734062E-05
   0.1650000E-02      0.3940929E-05
   0.1550000E-02      0.4173188E-05
   0.1462500E-02      0.4399471E-05
   0.1387500E-02      0.4616794E-05
   0.1312500E-02      0.4858015E-05
   0.1237500E-02      0.5126120E-05
   0.1175000E-02      0.5374062E-05
   0.1125000E-02      0.5592131E-05
   0.1075000E-02      0.5829617E-05
   0.1025000E-02      0.6089508E-05
   0.9800000E-03      0.6355373E-05
   0.9400000E-03      0.6625719E-05
   0.9000000E-03      0.6920710E-05
   0.8600000E-03      0.7242586E-05
   0.8200000E-03      0.7595082E-05
   0.7800000E-03      0.7983424E-05
   0.7400000E-03      0.8416577E-05
   0.7050000E-03      0.8827322E-05
   0.6750000E-03      0.9193262E-05
   0.6450000E-03      0.9581602E-05
   0.6150000E-03      0.1000729E-04
   0.5875000E-03      0.1043297E-04
   0.5625000E-03      0.1085118E-04
   0.5375000E-03      0.1130674E-04
   0.5125000E-03      0.1180710E-04
   0.4875000E-03      0.1242696E-04
   0.4625000E-03      0.1319617E-04
   0.4375000E-03      0.1406248E-04
   0.4125000E-03      0.1504080E-04
   0.3900000E-03      0.1602659E-04
   0.3700000E-03      0.1701986E-04
   0.3500000E-03      0.1813260E-04
   0.3300000E-03      0.1938725E-04
   0.3100000E-03      0.2082113E-04
   0.2900000E-03      0.2228488E-04
   0.2750000E-03      0.2336776E-04
   0.2625000E-03      0.2437596E-04
   0.2475000E-03      0.2570528E-04
   0.2350000E-03      0.2693005E-04
   0.2250000E-03      0.2800547E-04
   0.2150000E-03      0.2917796E-04
   0.2050000E-03      0.3045501E-04
   0.1950000E-03      0.3185155E-04
   0.1850000E-03      0.3338998E-04
   0.1750000E-03      0.3508525E-04
   0.1650000E-03      0.3698215E-04
   0.1550000E-03      0.3911056E-04
   0.1462500E-03      0.4118670E-04
   0.1387500E-03      0.4317322E-04
   0.1312500E-03      0.4536885E-04
   0.1237500E-03      0.4781840E-04
   0.1175000E-03      0.5007377E-04
   0.1125000E-03      0.5206029E-04
   0.1075000E-03      0.5421858E-04
   0.1025000E-03      0.5657104E-04
   0.9800000E-04      0.5901312E-04
   0.9400000E-04      0.6152987E-04
   0.9000000E-04      0.6426320E-04
   0.8600000E-04      0.6725046E-04
   0.8200000E-04      0.7053644E-04
   0.7800000E-04      0.7415100E-04
   0.7400000E-04      0.7819126E-04
   0.7050000E-04      0.8200001E-04
   0.6750000E-04      0.8528597E-04
   0.6450000E-04      0.8879599E-04
   0.6150000E-04      0.9260474E-04
   0.5875000E-04      0.9641347E-04
   0.5625000E-04      0.1002222E-03
   0.5375000E-04      0.1043297E-03
   0.5125000E-04      0.1088106E-03
   0.4875000E-04      0.1140382E-03
   0.4625000E-04      0.1201621E-03
   0.4375000E-04      0.1269581E-03
   0.4125000E-04      0.1345009E-03
   0.3900000E-04      0.1421931E-03
   0.3700000E-04      0.1498106E-03
   0.3500000E-04      0.1582496E-03
   0.3300000E-04      0.1677340E-03
   0.3100000E-04      0.1784882E-03
   0.2900000E-04      0.1912586E-03
   0.2750000E-04      0.2025355E-03
   0.2625000E-04      0.2130656E-03
   0.2475000E-04      0.2271057E-03
   0.2350000E-04      0.2401749E-03
   0.2250000E-04      0.2517505E-03
   0.2150000E-04      0.2644463E-03
   0.2050000E-04      0.2784863E-03
   0.1950000E-04      0.2934226E-03
   0.1850000E-04      0.3096284E-03
   0.1750000E-04      0.3276266E-03
   0.1650000E-04      0.3477905E-03
   0.1550000E-04      0.3706430E-03
   0.1462500E-04      0.3930473E-03
   0.1387500E-04      0.4147050E-03
   0.1312500E-04      0.4388269E-03
   0.1237500E-04      0.4658616E-03
   0.1175000E-04      0.4909544E-03
   0.1125000E-04      0.5131348E-03
   0.1075000E-04      0.5374062E-03
   0.1025000E-04      0.5641420E-03
   0.9800000E-05      0.5874426E-03
   0.9400001E-05      0.6067104E-03
   0.8999999E-05      0.6275465E-03
   0.8600000E-05      0.6501002E-03
   0.8200001E-05      0.6745956E-03
   0.7800000E-05      0.7012569E-03
   0.7400000E-05      0.7304571E-03
   0.7050000E-05      0.7602550E-03
   0.6750000E-05      0.7946084E-03
   0.6450000E-05      0.8356831E-03
   0.6150000E-05      0.8819854E-03
   0.5875000E-05      0.9282879E-03
   0.5625000E-05      0.9745901E-03
   0.5375000E-05      0.1025373E-02
   0.5125000E-05      0.1082131E-02
   0.4875000E-05      0.1140383E-02
   0.4625000E-05      0.1201621E-02
   0.4375000E-05      0.1269581E-02
   0.4125000E-05      0.1345756E-02
   0.3900000E-05      0.1421931E-02
   0.3700000E-05      0.1498106E-02
   0.3500000E-05      0.1582496E-02
   0.3300000E-05      0.1677341E-02
   0.3100000E-05      0.1784881E-02
   0.2900000E-05      0.1908852E-02
   0.2750000E-05      0.2015647E-02
   0.2625000E-05      0.2114973E-02
   0.2475000E-05      0.2246412E-02
   0.2350000E-05      0.2368889E-02
   0.2250000E-05      0.2477924E-02
   0.2150000E-05      0.2595920E-02
   0.2050000E-05      0.2726612E-02
   0.1950000E-05      0.2864772E-02
   0.1850000E-05      0.3011895E-02
   0.1750000E-05      0.3174700E-02
   0.1650000E-05      0.3357668E-02
   0.1550000E-05      0.3563042E-02
   0.1462500E-05      0.3764682E-02
   0.1387500E-05      0.3958106E-02
   0.1312500E-05      0.4172441E-02
   0.1237500E-05      0.4412915E-02
   0.1175000E-05      0.4634718E-02
   0.1125000E-05      0.4830382E-02
   0.1075000E-05      0.5043224E-02
   0.1025000E-05      0.5276976E-02
   0.9800000E-06      0.5508489E-02
   0.9399999E-06      0.5734772E-02
   0.9000000E-06      0.5981220E-02
   0.8600000E-06      0.6250072E-02
   0.8200000E-06      0.6545064E-02
   0.7800000E-06      0.6869180E-02
   0.7400000E-06      0.7228397E-02
   0.7050000E-06      0.7580146E-02
   0.6750000E-06      0.7946083E-02
   0.6450000E-06      0.8356831E-02
   0.6150000E-06      0.8819854E-02
   0.5875000E-06      0.9282878E-02
   0.5625000E-06      0.9745901E-02
   0.5375000E-06      0.1025373E-01
   0.5125000E-06      0.1082131E-01
   0.4875000E-06      0.1149344E-01
   0.4625000E-06      0.1230747E-01
   0.4375000E-06      0.1323352E-01
   0.4125000E-06      0.1428652E-01
   0.3900000E-06      0.1536940E-01
   0.3700000E-06      0.1645228E-01
   0.3500000E-06      0.1769199E-01
   0.3300000E-06      0.1909599E-01
   0.3100000E-06      0.2071658E-01
   0.2900000E-06      0.2235956E-01
   0.2750000E-06      0.2356940E-01
   0.2625000E-06      0.2469709E-01
   0.2475000E-06      0.2619818E-01
   0.2350000E-06      0.2758725E-01
   0.2250000E-06      0.2881202E-01
   0.2150000E-06      0.3014882E-01
   0.2050000E-06      0.3162004E-01
   0.1950000E-06      0.3324809E-01
   0.1850000E-06      0.3504044E-01
   0.1750000E-06      0.3704936E-01
   0.1650000E-06      0.3929727E-01
   0.1550000E-06      0.4182896E-01
   0.1462500E-06      0.4433079E-01
   0.1387500E-06      0.4672804E-01
   0.1312500E-06      0.4939417E-01
   0.1237500E-06      0.5238889E-01
   0.1175000E-06      0.5516703E-01
   0.1125000E-06      0.5762404E-01
   0.1075000E-06      0.6030510E-01
   0.1025000E-06      0.6324755E-01
   0.9800000E-07      0.6614517E-01
   0.9400000E-07      0.6896066E-01
   0.9000000E-07      0.7203005E-01
   0.8600000E-07      0.7535337E-01
   0.8200000E-07      0.7908743E-01
   0.7800000E-07      0.8312021E-01
   0.7400000E-07      0.8760110E-01
   0.7050000E-07      0.9193261E-01
   0.6750000E-07      0.9604007E-01
   0.6450000E-07      0.1005209    
   0.6150000E-07      0.1053752    
   0.5875000E-07      0.1103042    
   0.5625000E-07      0.1152331    
   0.5375000E-07      0.1206102    
   0.5125000E-07      0.1265847    
   0.4875000E-07      0.1327086    
   0.4625000E-07      0.1390565    
   0.4375000E-07      0.1451803    
   0.4125000E-07      0.1510801    
   0.3900000E-07      0.1562331    
   0.3700000E-07      0.1604153    
   0.3500000E-07      0.1642240    
   0.3300000E-07      0.1675847    
   0.3100000E-07      0.1704226    
   0.2900000E-07      0.1725136    
   0.2750000E-07      0.1737086    
   0.2625000E-07      0.1741566    
   0.2475000E-07      0.1742313    
   0.2350000E-07      0.1739326    
   0.2250000E-07      0.1731858    
   0.2150000E-07      0.1722149    
   0.2050000E-07      0.1707960    
   0.1950000E-07      0.1690783    
   0.1850000E-07      0.1668379    
   0.1750000E-07      0.1642240    
   0.1650000E-07      0.1610874    
   0.1550000E-07      0.1574281    
   0.1462500E-07      0.1537687    
   0.1387500E-07      0.1502587    
   0.1312500E-07      0.1464499    
   0.1237500E-07      0.1422677    
   0.1175000E-07      0.1384590    
   0.1125000E-07      0.1352477    
   0.1075000E-07      0.1318124    
   0.1025000E-07      0.1281530    
   0.9800000E-08      0.1247177    
   0.9400000E-08      0.1215811    
   0.9000000E-08      0.1182204    
   0.8600000E-08      0.1147851    
   0.8200000E-08      0.1112004    
   0.7800000E-08      0.1074663    
   0.7400000E-08      0.1035829    
   0.7050000E-08      0.1000729    
   0.6750000E-08      0.9693624E-01
   0.6450000E-08      0.9372494E-01
   0.6150000E-08      0.9043898E-01
   0.5875000E-08      0.8737704E-01
   0.5625000E-08      0.8446448E-01
   0.5375000E-08      0.8155190E-01
   0.5125000E-08      0.7848997E-01
   0.4875000E-08      0.7542805E-01
   0.4625000E-08      0.7226157E-01
   0.4375000E-08      0.6903534E-01
   0.4125000E-08      0.6573442E-01
   0.3900000E-08      0.6270984E-01
   0.3700000E-08      0.5996903E-01
   0.3500000E-08      0.5717596E-01
   0.3300000E-08      0.5433807E-01
   0.3100000E-08      0.5144790E-01
   0.2900000E-08      0.4851293E-01
   0.2750000E-08      0.4627996E-01
   0.2625000E-08      0.4439052E-01
   0.2475000E-08      0.4210528E-01
   0.2350000E-08      0.4017851E-01
   0.2250000E-08      0.3862514E-01
   0.2150000E-08      0.3704936E-01
   0.2050000E-08      0.3546612E-01
   0.1950000E-08      0.3387541E-01
   0.1850000E-08      0.3226230E-01
   0.1750000E-08      0.3064171E-01
   0.1650000E-08      0.2900619E-01
   0.1550000E-08      0.2735574E-01
   0.1462500E-08      0.2589945E-01
   0.1387500E-08      0.2464481E-01
   0.1312500E-08      0.2338270E-01
   0.1237500E-08      0.2211311E-01
   0.1175000E-08      0.2104517E-01
   0.1125000E-08      0.2019381E-01
   0.1075000E-08      0.1933497E-01
   0.1025000E-08      0.1846867E-01
   0.9800000E-09      0.1769199E-01
   0.9400000E-09      0.1699745E-01
   0.9000000E-09      0.1629545E-01
   0.8600000E-09      0.1560091E-01
   0.8200000E-09      0.1489891E-01
   0.7800000E-09      0.1418944E-01
   0.7400000E-09      0.1348743E-01
   0.7050000E-09      0.1286758E-01
   0.6750000E-09      0.1232987E-01
   0.6450000E-09      0.1179964E-01
   0.6150000E-09      0.1126193E-01
   0.5875000E-09      0.1076904E-01
   0.5625000E-09      0.1032095E-01
   0.5375000E-09      0.9872859E-02
   0.5125000E-09      0.9424772E-02
   0.4875000E-09      0.8976685E-02
   0.4625000E-09      0.8521130E-02
   0.4375000E-09      0.8065574E-02
   0.4125000E-09      0.7617486E-02
   0.3900000E-09      0.7205992E-02
   0.3700000E-09      0.6842295E-02
   0.3500000E-09      0.6477104E-02
   0.3300000E-09      0.6111912E-02
   0.3100000E-09      0.5745974E-02
   0.2900000E-09      0.5380037E-02
   0.2750000E-09      0.5104463E-02
   0.2625000E-09      0.4875191E-02
   0.2475000E-09      0.4598870E-02
   0.2350000E-09      0.4368852E-02
   0.2250000E-09      0.4184389E-02
   0.2150000E-09      0.4000674E-02
   0.2050000E-09      0.3815465E-02
   0.1950000E-09      0.3631002E-02
   0.1850000E-09      0.3446539E-02
   0.1750000E-09      0.3261329E-02
   0.1650000E-09      0.3076120E-02
   0.1550000E-09      0.2890911E-02
   0.1462500E-09      0.2728852E-02
   0.1387500E-09      0.2589199E-02
   0.1312500E-09      0.2450291E-02
   0.1237500E-09      0.2310637E-02
   0.1175000E-09      0.2194882E-02
   0.1125000E-09      0.2101530E-02
   0.1075000E-09      0.2008925E-02
   0.1025000E-09      0.1915574E-02
