    19.95000          0.1126892E-12
    19.85000          0.1362697E-12
    19.75000          0.1399191E-12
    19.65000          0.1500250E-12
    19.55000          0.1609330E-12
    19.45000          0.1726832E-12
    19.35000          0.1853557E-12
    19.25000          0.1990709E-12
    19.15000          0.2138288E-12
    19.05000          0.2297095E-12
    18.95000          0.2468736E-12
    18.85000          0.2653610E-12
    18.75000          0.2852921E-12
    18.65000          0.3067873E-12
    18.55000          0.3299667E-12
    18.45000          0.3549509E-12
    18.35000          0.3818599E-12
    18.25000          0.4110548E-12
    18.15000          0.4423352E-12
    18.05000          0.4760216E-12
    17.95000          0.5121142E-12
    17.85000          0.5514151E-12
    17.75000          0.5935231E-12
    17.65000          0.6388394E-12
    17.55000          0.6877649E-12
    17.45000          0.7402998E-12
    17.35000          0.7972459E-12
    17.25000          0.8586033E-12
    17.15000          0.9247732E-12
    17.05000          0.9961564E-12
    16.95000          0.1072753E-11
    16.85000          0.1155365E-11
    16.75000          0.1244393E-11
    16.65000          0.1340239E-11
    16.55000          0.1443304E-11
    16.45000          0.1554790E-11
    16.35000          0.1674698E-11
    16.25000          0.1803829E-11
    16.15000          0.1942986E-11
    16.05000          0.2092971E-11
    15.95000          0.2254586E-11
    15.85000          0.2428633E-11
    15.75000          0.2616314E-11
    15.65000          0.2818433E-11
    15.55000          0.3036192E-11
    15.45000          0.3270393E-11
    15.35000          0.3523041E-11
    15.25000          0.3794938E-11
    15.15000          0.4086487E-11
    15.05000          0.4403300E-11
    14.95000          0.4744175E-11
    14.85000          0.5109111E-11
    14.75000          0.5502120E-11
    14.65000          0.5927210E-11
    14.55000          0.6384384E-11
    14.45000          0.6877650E-11
    14.35000          0.7407008E-11
    14.25000          0.7976469E-11
    14.15000          0.8590044E-11
    14.05000          0.9251742E-11
    13.95000          0.9961563E-11
    13.85000          0.1072753E-10
    13.75000          0.1154964E-10
    13.65000          0.1243591E-10
    13.55000          0.1339036E-10
    13.45000          0.1441700E-10
    13.35000          0.1552384E-10
    13.25000          0.1671088E-10
    13.15000          0.1799418E-10
    13.05000          0.1936971E-10
    12.95000          0.2085352E-10
    12.85000          0.2244961E-10
    12.75000          0.2416601E-10
    12.65000          0.2601476E-10
    12.55000          0.2799985E-10
    12.45000          0.3013734E-10
    12.35000          0.3243524E-10
    12.25000          0.3490558E-10
    12.15000          0.3756841E-10
    12.05000          0.4042374E-10
    11.95000          0.4351166E-10
    11.85000          0.4684020E-10
    11.75000          0.5040936E-10
    11.65000          0.5421914E-10
    11.55000          0.5834974E-10
    11.45000          0.6280116E-10
    11.35000          0.6757341E-10
    11.25000          0.7270658E-10
    11.15000          0.7824079E-10
    11.05000          0.8417601E-10
    10.95000          0.9055238E-10
    10.85000          0.9740998E-10
    10.75000          0.1047889E-09
    10.65000          0.1127293E-09
    10.55000          0.1212712E-09
    10.45000          0.1304548E-09
    10.35000          0.1403201E-09
    10.25000          0.1509474E-09
    10.15000          0.1623366E-09
    10.05000          0.1746081E-09
    9.950000          0.1877618E-09
    9.850000          0.2019182E-09
    9.750000          0.2171172E-09
    9.650000          0.2334792E-09
    9.550000          0.2510442E-09
    9.450000          0.2698926E-09
    9.350000          0.2901847E-09
    9.250000          0.3119606E-09
    9.150000          0.3353405E-09
    9.050000          0.3604450E-09
    8.950000          0.3873942E-09
    8.850000          0.4162683E-09
    8.750000          0.4475486E-09
    8.650000          0.4808339E-09
    8.550000          0.5165255E-09
    8.450000          0.5550244E-09
    8.350000          0.5963303E-09
    8.250000          0.6408447E-09
    8.150000          0.6881660E-09
    8.050000          0.7390967E-09
    7.950000          0.7968449E-09
    7.850000          0.8618116E-09
    7.750000          0.9335959E-09
    7.650000          0.1011796E-08
    7.550000          0.1098419E-08
    7.450000          0.1193463E-08
    7.350000          0.1298131E-08
    7.250000          0.1414029E-08
    7.150000          0.1541556E-08
    7.050000          0.1683119E-08
    6.950000          0.1839922E-08
    6.850000          0.2013968E-08
    6.750000          0.2207264E-08
    6.650000          0.2422617E-08
    6.550000          0.2662432E-08
    6.450000          0.2929919E-08
    6.350000          0.3229487E-08
    6.250000          0.3565149E-08
    6.150000          0.3941715E-08
    6.050000          0.4363197E-08
    5.950000          0.4752196E-08
    5.850000          0.5093070E-08
    5.750000          0.5466027E-08
    5.650000          0.5871067E-08
    5.550000          0.6316209E-08
    5.450000          0.6805465E-08
    5.350000          0.7338834E-08
    5.250000          0.7924336E-08
    5.150000          0.8565982E-08
    5.050000          0.9271794E-08
    4.950000          0.9937501E-08
    4.850000          0.1054707E-07
    4.750000          0.1120876E-07
    4.650000          0.1192661E-07
    4.550000          0.1270460E-07
    4.450000          0.1355478E-07
    4.350000          0.1448517E-07
    4.250000          0.1550379E-07
    4.150000          0.1663469E-07
    4.050000          0.1789392E-07
    3.950000          0.1910503E-07
    3.850000          0.2023192E-07
    3.750000          0.2145506E-07
    3.650000          0.2277444E-07
    3.550000          0.2420211E-07
    3.450000          0.2578216E-07
    3.350000          0.2752664E-07
    3.250000          0.2944356E-07
    3.150000          0.3157303E-07
    3.050000          0.3394712E-07
    2.950000          0.3650569E-07
    2.850000          0.3930888E-07
    2.750000          0.4242888E-07
    2.650000          0.4587773E-07
    2.550000          0.4976772E-07
    2.450000          0.5413894E-07
    2.350000          0.5911170E-07
    2.250000          0.6492662E-07
    2.150000          0.7166391E-07
    2.050000          0.7964439E-07
    1.950000          0.8718373E-07
    1.850000          0.9392102E-07
    1.750000          0.1014604E-06
    1.650000          0.1102028E-06
    1.550000          0.1205093E-06
    1.450000          0.1304949E-06
    1.350000          0.1403201E-06
    1.250000          0.1523510E-06
    1.150000          0.1661464E-06
    1.050000          0.1838318E-06
   0.9800000          0.2028405E-06
   0.9400000          0.2230925E-06
   0.9000000          0.2446278E-06
   0.8600000          0.2593455E-06
   0.8200000          0.2758679E-06
   0.7800000          0.2937940E-06
   0.7400000          0.3140459E-06
   0.7050000          0.3366640E-06
   0.6750000          0.3659391E-06
   0.6450000          0.4034353E-06
   0.6150000          0.4451423E-06
   0.5875000          0.4900576E-06
   0.5625000          0.5377802E-06
   0.5375000          0.5903149E-06
   0.5125000          0.6472610E-06
   0.4875000          0.7026030E-06
   0.4625000          0.7551379E-06
   0.4375000          0.8124850E-06
   0.4125000          0.8766497E-06
   0.3900000          0.9424184E-06
   0.3700000          0.1008989E-05
   0.3500000          0.1083982E-05
   0.3300000          0.1169802E-05
   0.3100000          0.1268455E-05
   0.2900000          0.1335828E-05
   0.2750000          0.1356682E-05
   0.2625000          0.1375129E-05
   0.2475000          0.1398790E-05
   0.2350000          0.1420044E-05
   0.2250000          0.1438090E-05
   0.2150000          0.1456939E-05
   0.2050000          0.1477391E-05
   0.1950000          0.1481401E-05
   0.1850000          0.1468569E-05
   0.1750000          0.1454533E-05
   0.1650000          0.1440096E-05
   0.1550000          0.1424857E-05
   0.1462500          0.1410820E-05
   0.1387500          0.1398389E-05
   0.1312500          0.1385155E-05
   0.1237500          0.1371520E-05
   0.1175000          0.1359489E-05
   0.1125000          0.1349463E-05
   0.1075000          0.1339036E-05
   0.1025000          0.1328208E-05
   0.9800000E-01      0.1308959E-05
   0.9400000E-01      0.1281288E-05
   0.9000000E-01      0.1253216E-05
   0.8600000E-01      0.1224342E-05
   0.8200000E-01      0.1195067E-05
   0.7799999E-01      0.1164990E-05
   0.7400000E-01      0.1134110E-05
   0.7050000E-01      0.1103632E-05
   0.6750000E-01      0.1069946E-05
   0.6450000E-01      0.1031046E-05
   0.6150000E-01      0.9917452E-06
   0.5875000E-01      0.9552514E-06
   0.5625000E-01      0.9219659E-06
   0.5375000E-01      0.8886806E-06
   0.5125000E-01      0.8545931E-06
   0.4875000E-01      0.8257189E-06
   0.4625000E-01      0.8016573E-06
   0.4375000E-01      0.7767934E-06
   0.4125000E-01      0.7515285E-06
   0.3900000E-01      0.7282688E-06
   0.3700000E-01      0.7070144E-06
   0.3500000E-01      0.6853588E-06
   0.3300000E-01      0.6629012E-06
   0.3100000E-01      0.6400425E-06
   0.2900000E-01      0.6191889E-06
   0.2750000E-01      0.6055540E-06
   0.2625000E-01      0.5935231E-06
   0.2475000E-01      0.5790861E-06
   0.2350000E-01      0.5666541E-06
   0.2250000E-01      0.5562275E-06
   0.2150000E-01      0.5453996E-06
   0.2050000E-01      0.5345719E-06
   0.1950000E-01      0.5265513E-06
   0.1850000E-01      0.5213379E-06
   0.1750000E-01      0.5157235E-06
   0.1650000E-01      0.5097081E-06
   0.1550000E-01      0.5036925E-06
   0.1462500E-01      0.4980782E-06
   0.1387500E-01      0.4932658E-06
   0.1312500E-01      0.4876514E-06
   0.1237500E-01      0.4824381E-06
   0.1175000E-01      0.4776257E-06
   0.1125000E-01      0.4736154E-06
   0.1075000E-01      0.4696051E-06
   0.1025000E-01      0.4651938E-06
   0.9800000E-02      0.4635897E-06
   0.9400001E-02      0.4647927E-06
   0.9000000E-02      0.4659958E-06
   0.8600000E-02      0.4676000E-06
   0.8200000E-02      0.4692041E-06
   0.7800000E-02      0.4704071E-06
   0.7400000E-02      0.4724123E-06
   0.7050000E-02      0.4744174E-06
   0.6750000E-02      0.4784278E-06
   0.6450000E-02      0.4844432E-06
   0.6150000E-02      0.4904587E-06
   0.5875000E-02      0.4964741E-06
   0.5625000E-02      0.5020884E-06
   0.5375000E-02      0.5081039E-06
   0.5125000E-02      0.5145204E-06
   0.4875000E-02      0.5261502E-06
   0.4625000E-02      0.5429933E-06
   0.4375000E-02      0.5618418E-06
   0.4125000E-02      0.5818933E-06
   0.3900000E-02      0.6019447E-06
   0.3700000E-02      0.6215952E-06
   0.3500000E-02      0.6428497E-06
   0.3300000E-02      0.6661093E-06
   0.3100000E-02      0.6917752E-06
   0.2900000E-02      0.7326802E-06
   0.2750000E-02      0.7763924E-06
   0.2625000E-02      0.8172973E-06
   0.2475000E-02      0.8722384E-06
   0.2350000E-02      0.9231691E-06
   0.2250000E-02      0.9684853E-06
   0.2150000E-02      0.1018213E-05
   0.2050000E-02      0.1072753E-05
   0.1950000E-02      0.1140126E-05
   0.1850000E-02      0.1222337E-05
   0.1750000E-02      0.1315777E-05
   0.1650000E-02      0.1422049E-05
   0.1550000E-02      0.1544764E-05
   0.1462500E-02      0.1667880E-05
   0.1387500E-02      0.1787788E-05
   0.1312500E-02      0.1924138E-05
   0.1237500E-02      0.2080138E-05
   0.1175000E-02      0.2226915E-05
   0.1125000E-02      0.2358854E-05
   0.1075000E-02      0.2505229E-05
   0.1025000E-02      0.2668047E-05
   0.9800000E-03      0.2830464E-05
   0.9400000E-03      0.2990475E-05
   0.9000000E-03      0.3166927E-05
   0.8600000E-03      0.3362228E-05
   0.8200000E-03      0.3580388E-05
   0.7800000E-03      0.3824214E-05
   0.7400000E-03      0.4098518E-05
   0.7050000E-03      0.4367208E-05
   0.6750000E-03      0.4607824E-05
   0.6450000E-03      0.4868494E-05
   0.6150000E-03      0.5153224E-05
   0.5875000E-03      0.5445975E-05
   0.5625000E-03      0.5738727E-05
   0.5375000E-03      0.6063561E-05
   0.5125000E-03      0.6420477E-05
   0.4875000E-03      0.6845568E-05
   0.4625000E-03      0.7354875E-05
   0.4375000E-03      0.7932356E-05
   0.4125000E-03      0.8590044E-05
   0.3900000E-03      0.9267783E-05
   0.3700000E-03      0.9953544E-05
   0.3500000E-03      0.1073555E-04
   0.3300000E-03      0.1162984E-04
   0.3100000E-03      0.1265648E-04
   0.2900000E-03      0.1368712E-04
   0.2750000E-03      0.1442903E-04
   0.2625000E-03      0.1511880E-04
   0.2475000E-03      0.1603715E-04
   0.2350000E-03      0.1688734E-04
   0.2250000E-03      0.1763726E-04
   0.2150000E-03      0.1845937E-04
   0.2050000E-03      0.1936169E-04
   0.1950000E-03      0.2026801E-04
   0.1850000E-03      0.2117434E-04
   0.1750000E-03      0.2217290E-04
   0.1650000E-03      0.2328375E-04
   0.1550000E-03      0.2452293E-04
   0.1462500E-03      0.2573404E-04
   0.1387500E-03      0.2688098E-04
   0.1312500E-03      0.2815224E-04
   0.1237500E-03      0.2957189E-04
   0.1175000E-03      0.3085919E-04
   0.1125000E-03      0.3199410E-04
   0.1075000E-03      0.3322526E-04
   0.1025000E-03      0.3456470E-04
   0.9800000E-04      0.3592018E-04
   0.9400000E-04      0.3729170E-04
   0.9000000E-04      0.3876348E-04
   0.8600000E-04      0.4034353E-04
   0.8200000E-04      0.4210806E-04
   0.7800000E-04      0.4403300E-04
   0.7400000E-04      0.4615845E-04
   0.7050000E-04      0.4820370E-04
   0.6750000E-04      0.5016874E-04
   0.6450000E-04      0.5229420E-04
   0.6150000E-04      0.5466027E-04
   0.5875000E-04      0.5698625E-04
   0.5625000E-04      0.5935231E-04
   0.5375000E-04      0.6187880E-04
   0.5125000E-04      0.6464589E-04
   0.4875000E-04      0.6749320E-04
   0.4625000E-04      0.7038061E-04
   0.4375000E-04      0.7354874E-04
   0.4125000E-04      0.7707781E-04
   0.3900000E-04      0.8056675E-04
   0.3700000E-04      0.8401560E-04
   0.3500000E-04      0.8778528E-04
   0.3300000E-04      0.9199609E-04
   0.3100000E-04      0.9668813E-04
   0.2900000E-04      0.1023426E-03
   0.2750000E-04      0.1073555E-03
   0.2625000E-04      0.1120074E-03
   0.2475000E-04      0.1181432E-03
   0.2350000E-04      0.1237977E-03
   0.2250000E-04      0.1288106E-03
   0.2150000E-04      0.1342245E-03
   0.2050000E-04      0.1401196E-03
   0.1950000E-04      0.1465762E-03
   0.1850000E-04      0.1535541E-03
   0.1750000E-04      0.1612939E-03
   0.1650000E-04      0.1699160E-03
   0.1550000E-04      0.1795808E-03
   0.1462500E-04      0.1890451E-03
   0.1387500E-04      0.1980282E-03
   0.1312500E-04      0.2080138E-03
   0.1237500E-04      0.2191624E-03
   0.1175000E-04      0.2293887E-03
   0.1125000E-04      0.2384118E-03
   0.1075000E-04      0.2481568E-03
   0.1025000E-04      0.2588643E-03
   0.9800000E-05      0.2702936E-03
   0.9400001E-05      0.2824849E-03
   0.8999999E-05      0.2957991E-03
   0.8600000E-05      0.3103565E-03
   0.8200001E-05      0.3263977E-03
   0.7800000E-05      0.3441632E-03
   0.7400000E-05      0.3638538E-03
   0.7050000E-05      0.3829427E-03
   0.6750000E-05      0.4010292E-03
   0.6450000E-05      0.4206796E-03
   0.6150000E-05      0.4427361E-03
   0.5875000E-05      0.4643917E-03
   0.5625000E-05      0.4864484E-03
   0.5375000E-05      0.5105101E-03
   0.5125000E-05      0.5369780E-03
   0.4875000E-05      0.5634459E-03
   0.4625000E-05      0.5899139E-03
   0.4375000E-05      0.6191890E-03
   0.4125000E-05      0.6516724E-03
   0.3900000E-05      0.6841557E-03
   0.3700000E-05      0.7162380E-03
   0.3500000E-05      0.7519296E-03
   0.3300000E-05      0.7916315E-03
   0.3100000E-05      0.8357447E-03
   0.2900000E-05      0.8914878E-03
   0.2750000E-05      0.9432205E-03
   0.2625000E-05      0.9909429E-03
   0.2475000E-05      0.1055108E-02
   0.2350000E-05      0.1114460E-02
   0.2250000E-05      0.1167396E-02
   0.2150000E-05      0.1225144E-02
   0.2050000E-05      0.1288908E-02
   0.1950000E-05      0.1359088E-02
   0.1850000E-05      0.1436887E-02
   0.1750000E-05      0.1523911E-02
   0.1650000E-05      0.1622163E-02
   0.1550000E-05      0.1733248E-02
   0.1462500E-05      0.1843130E-02
   0.1387500E-05      0.1948601E-02
   0.1312500E-05      0.2066904E-02
   0.1237500E-05      0.2200046E-02
   0.1175000E-05      0.2323563E-02
   0.1125000E-05      0.2433445E-02
   0.1075000E-05      0.2553352E-02
   0.1025000E-05      0.2685692E-02
   0.9800000E-06      0.2809610E-02
   0.9399999E-06      0.2922300E-02
   0.9000000E-06      0.3045014E-02
   0.8600000E-06      0.3178557E-02
   0.8200000E-06      0.3324932E-02
   0.7800000E-06      0.3485746E-02
   0.7400000E-06      0.3663802E-02
   0.7050000E-06      0.3841458E-02
   0.6750000E-06      0.4030343E-02
   0.6450000E-06      0.4250909E-02
   0.6150000E-06      0.4499547E-02
   0.5875000E-06      0.4748185E-02
   0.5625000E-06      0.4996823E-02
   0.5375000E-06      0.5273533E-02
   0.5125000E-06      0.5582326E-02
   0.4875000E-06      0.5907159E-02
   0.4625000E-06      0.6252044E-02
   0.4375000E-06      0.6641043E-02
   0.4125000E-06      0.7078165E-02
   0.3900000E-06      0.7523307E-02
   0.3700000E-06      0.7972459E-02
   0.3500000E-06      0.8473746E-02
   0.3300000E-06      0.9039196E-02
   0.3100000E-06      0.9676833E-02
   0.2900000E-06      0.1037863E-01
   0.2750000E-06      0.1094810E-01
   0.2625000E-06      0.1147745E-01
   0.2475000E-06      0.1217524E-01
   0.2350000E-06      0.1282491E-01
   0.2250000E-06      0.1339437E-01
   0.2150000E-06      0.1401597E-01
   0.2050000E-06      0.1470173E-01
   0.1950000E-06      0.1545566E-01
   0.1850000E-06      0.1628980E-01
   0.1750000E-06      0.1722420E-01
   0.1650000E-06      0.1826688E-01
   0.1550000E-06      0.1944590E-01
   0.1462500E-06      0.2060889E-01
   0.1387500E-06      0.2172375E-01
   0.1312500E-06      0.2296293E-01
   0.1237500E-06      0.2435450E-01
   0.1175000E-06      0.2564983E-01
   0.1125000E-06      0.2678875E-01
   0.1075000E-06      0.2803595E-01
   0.1025000E-06      0.2940346E-01
   0.9800000E-07      0.3075091E-01
   0.9400000E-07      0.3205827E-01
   0.9000000E-07      0.3348593E-01
   0.8600000E-07      0.3504193E-01
   0.8200000E-07      0.3675432E-01
   0.7800000E-07      0.3863916E-01
   0.7400000E-07      0.4074456E-01
   0.7050000E-07      0.4274970E-01
   0.6750000E-07      0.4463455E-01
   0.6450000E-07      0.4671990E-01
   0.6150000E-07      0.4900576E-01
   0.5875000E-07      0.5129163E-01
   0.5625000E-07      0.5357749E-01
   0.5375000E-07      0.5606388E-01
   0.5125000E-07      0.5879087E-01
   0.4875000E-07      0.6171838E-01
   0.4625000E-07      0.6460579E-01
   0.4375000E-07      0.6749321E-01
   0.4125000E-07      0.7026030E-01
   0.3900000E-07      0.7262637E-01
   0.3700000E-07      0.7455131E-01
   0.3500000E-07      0.7635594E-01
   0.3300000E-07      0.7791996E-01
   0.3100000E-07      0.7920325E-01
   0.2900000E-07      0.8020583E-01
   0.2750000E-07      0.8076727E-01
   0.2625000E-07      0.8096779E-01
   0.2475000E-07      0.8100788E-01
   0.2350000E-07      0.8084748E-01
   0.2250000E-07      0.8052665E-01
   0.2150000E-07      0.8004542E-01
   0.2050000E-07      0.7940377E-01
   0.1950000E-07      0.7860171E-01
   0.1850000E-07      0.7755903E-01
   0.1750000E-07      0.7631584E-01
   0.1650000E-07      0.7487214E-01
   0.1550000E-07      0.7318782E-01
   0.1462500E-07      0.7150349E-01
   0.1387500E-07      0.6985927E-01
   0.1312500E-07      0.6809476E-01
   0.1237500E-07      0.6612971E-01
   0.1175000E-07      0.6436518E-01
   0.1125000E-07      0.6284127E-01
   0.1075000E-07      0.6127725E-01
   0.1025000E-07      0.5959293E-01
   0.9800000E-08      0.5798882E-01
   0.9400000E-08      0.5650499E-01
   0.9000000E-08      0.5498110E-01
   0.8600000E-08      0.5337698E-01
   0.8200000E-08      0.5169266E-01
   0.7800000E-08      0.4996823E-01
   0.7400000E-08      0.4816360E-01
   0.7050000E-08      0.4651938E-01
   0.6750000E-08      0.4507568E-01
   0.6450000E-08      0.4359186E-01
   0.6150000E-08      0.4206796E-01
   0.5875000E-08      0.4062425E-01
   0.5625000E-08      0.3927279E-01
   0.5375000E-08      0.3790127E-01
   0.5125000E-08      0.3649766E-01
   0.4875000E-08      0.3506198E-01
   0.4625000E-08      0.3359421E-01
   0.4375000E-08      0.3209436E-01
   0.4125000E-08      0.3056243E-01
   0.3900000E-08      0.2915481E-01
   0.3700000E-08      0.2787955E-01
   0.3500000E-08      0.2658021E-01
   0.3300000E-08      0.2526082E-01
   0.3100000E-08      0.2391738E-01
   0.2900000E-08      0.2255388E-01
   0.2750000E-08      0.2151521E-01
   0.2625000E-08      0.2063696E-01
   0.2475000E-08      0.1957423E-01
   0.2350000E-08      0.1867994E-01
   0.2250000E-08      0.1795408E-01
   0.2150000E-08      0.1722420E-01
   0.2050000E-08      0.1649032E-01
   0.1950000E-08      0.1574842E-01
   0.1850000E-08      0.1499849E-01
   0.1750000E-08      0.1424456E-01
   0.1650000E-08      0.1348260E-01
   0.1550000E-08      0.1271664E-01
   0.1462500E-08      0.1203890E-01
   0.1387500E-08      0.1145740E-01
   0.1312500E-08      0.1086789E-01
   0.1237500E-08      0.1027837E-01
   0.1175000E-08      0.9785111E-02
   0.1125000E-08      0.9388093E-02
   0.1075000E-08      0.8987064E-02
   0.1025000E-08      0.8586034E-02
   0.9800000E-09      0.8225108E-02
   0.9400000E-09      0.7900273E-02
   0.9000000E-09      0.7575440E-02
   0.8600000E-09      0.7250607E-02
   0.8200000E-09      0.6925773E-02
   0.7800000E-09      0.6596929E-02
   0.7400000E-09      0.6268085E-02
   0.7050000E-09      0.5979344E-02
   0.6750000E-09      0.5734717E-02
   0.6450000E-09      0.5486079E-02
   0.6150000E-09      0.5237441E-02
   0.5875000E-09      0.5008854E-02
   0.5625000E-09      0.4800319E-02
   0.5375000E-09      0.4591784E-02
   0.5125000E-09      0.4379238E-02
   0.4875000E-09      0.4170703E-02
   0.4625000E-09      0.3961366E-02
   0.4375000E-09      0.3751227E-02
   0.4125000E-09      0.3540285E-02
   0.3900000E-09      0.3350197E-02
   0.3700000E-09      0.3180963E-02
   0.3500000E-09      0.3011328E-02
   0.3300000E-09      0.2841291E-02
   0.3100000E-09      0.2671255E-02
   0.2900000E-09      0.2500818E-02
   0.2750000E-09      0.2372889E-02
   0.2625000E-09      0.2266216E-02
   0.2475000E-09      0.2137886E-02
   0.2350000E-09      0.2031212E-02
   0.2250000E-09      0.1945392E-02
   0.2150000E-09      0.1859572E-02
   0.2050000E-09      0.1773752E-02
   0.1950000E-09      0.1687932E-02
   0.1850000E-09      0.1602111E-02
   0.1750000E-09      0.1516291E-02
   0.1650000E-09      0.1430070E-02
   0.1550000E-09      0.1343849E-02
   0.1462500E-09      0.1268455E-02
   0.1387500E-09      0.1203889E-02
   0.1312500E-09      0.1138923E-02
   0.1237500E-09      0.1074357E-02
   0.1175000E-09      0.1020218E-02
   0.1125000E-09      0.9769070E-03
   0.1075000E-09      0.9339969E-03
   0.1025000E-09      0.8906857E-03
