    19.95000          0.4848126E-10
    19.85000          0.5225696E-10
    19.75000          0.5631822E-10
    19.65000          0.6072848E-10
    19.55000          0.6545605E-10
    19.45000          0.7056435E-10
    19.35000          0.7605340E-10
    19.25000          0.8198663E-10
    19.15000          0.8836407E-10
    19.05000          0.9524918E-10
    18.95000          0.1026419E-09
    18.85000          0.1106375E-09
    18.75000          0.1192677E-09
    18.65000          0.1285324E-09
    18.55000          0.1385269E-09
    18.45000          0.1493147E-09
    18.35000          0.1609273E-09
    18.25000          0.1734284E-09
    18.15000          0.1869130E-09
    18.05000          0.2014447E-09
    17.95000          0.2170869E-09
    17.85000          0.2284457E-09
    17.75000          0.2348549E-09
    17.65000          0.2414862E-09
    17.55000          0.2483395E-09
    17.45000          0.2554467E-09
    17.35000          0.2627761E-09
    17.25000          0.2703592E-09
    17.15000          0.2782279E-09
    17.05000          0.2863504E-09
    16.95000          0.2947584E-09
    16.85000          0.3034838E-09
    16.75000          0.3125265E-09
    16.65000          0.3217278E-09
    16.55000          0.3315636E-09
    16.45000          0.3417167E-09
    16.35000          0.3521872E-09
    16.25000          0.3629749E-09
    16.15000          0.3740799E-09
    16.05000          0.3855022E-09
    15.95000          0.3978763E-09
    15.85000          0.4102504E-09
    15.75000          0.4232592E-09
    15.65000          0.4365852E-09
    15.55000          0.4508630E-09
    15.45000          0.4651409E-09
    15.35000          0.4803706E-09
    15.25000          0.4962349E-09
    15.15000          0.5124165E-09
    15.05000          0.5295499E-09
    14.95000          0.5470006E-09
    14.85000          0.5654032E-09
    14.75000          0.5847576E-09
    14.65000          0.6047466E-09
    14.55000          0.6253703E-09
    14.45000          0.6469456E-09
    14.35000          0.6694729E-09
    14.25000          0.6929521E-09
    14.15000          0.7157966E-09
    14.05000          0.7380066E-09
    13.95000          0.7611685E-09
    13.85000          0.7852822E-09
    13.75000          0.8103478E-09
    13.65000          0.8363652E-09
    13.55000          0.8633345E-09
    13.45000          0.8915730E-09
    13.35000          0.9207632E-09
    13.25000          0.9512227E-09
    13.15000          0.9829512E-09
    13.05000          0.1015632E-08
    12.95000          0.1050216E-08
    12.85000          0.1086069E-08
    12.75000          0.1123192E-08
    12.65000          0.1162218E-08
    12.55000          0.1202830E-08
    12.45000          0.1245029E-08
    12.35000          0.1289132E-08
    12.25000          0.1335456E-08
    12.15000          0.1383683E-08
    12.05000          0.1433814E-08
    11.95000          0.1486484E-08
    11.85000          0.1541374E-08
    11.75000          0.1599120E-08
    11.65000          0.1659087E-08
    11.55000          0.1722227E-08
    11.45000          0.1788222E-08
    11.35000          0.1853266E-08
    11.25000          0.1913233E-08
    11.15000          0.1971614E-08
    11.05000          0.2032215E-08
    10.95000          0.2095355E-08
    10.85000          0.2161033E-08
    10.75000          0.2229250E-08
    10.65000          0.2300321E-08
    10.55000          0.2374567E-08
    10.45000          0.2451667E-08
    10.35000          0.2532258E-08
    10.25000          0.2616338E-08
    10.15000          0.2703909E-08
    10.05000          0.2795287E-08
    9.950000          0.2891107E-08
    9.850000          0.2990735E-08
    9.750000          0.3095122E-08
    9.650000          0.3204586E-08
    9.550000          0.3318809E-08
    9.450000          0.3439377E-08
    9.350000          0.3563119E-08
    9.250000          0.3693206E-08
    9.150000          0.3832812E-08
    9.050000          0.3975590E-08
    8.950000          0.4131060E-08
    8.850000          0.4296049E-08
    8.750000          0.4467383E-08
    8.650000          0.4651409E-08
    8.550000          0.4841780E-08
    8.450000          0.5044844E-08
    8.350000          0.5257424E-08
    8.250000          0.5482698E-08
    8.150000          0.5720662E-08
    8.050000          0.5971318E-08
    7.950000          0.6237837E-08
    7.850000          0.6517050E-08
    7.750000          0.6815297E-08
    7.650000          0.7129410E-08
    7.550000          0.7462560E-08
    7.450000          0.7817921E-08
    7.350000          0.8192319E-08
    7.250000          0.8592097E-08
    7.150000          0.9007743E-08
    7.050000          0.9413867E-08
    6.950000          0.9816821E-08
    6.850000          0.1024198E-07
    6.750000          0.1068936E-07
    6.650000          0.1116846E-07
    6.550000          0.1167294E-07
    6.450000          0.1220916E-07
    6.350000          0.1278027E-07
    6.250000          0.1338628E-07
    6.150000          0.1403355E-07
    6.050000          0.1472206E-07
    5.950000          0.1545816E-07
    5.850000          0.1624186E-07
    5.750000          0.1708266E-07
    5.650000          0.1794568E-07
    5.550000          0.1880870E-07
    5.450000          0.1970344E-07
    5.350000          0.2066165E-07
    5.250000          0.2168331E-07
    5.150000          0.2277794E-07
    5.050000          0.2395190E-07
    4.950000          0.2521152E-07
    4.850000          0.2656316E-07
    4.750000          0.2801950E-07
    4.650000          0.2958689E-07
    4.550000          0.3128120E-07
    4.450000          0.3287080E-07
    4.350000          0.3436205E-07
    4.250000          0.3591675E-07
    4.150000          0.3759836E-07
    4.050000          0.3940689E-07
    3.950000          0.4134233E-07
    3.850000          0.4340469E-07
    3.750000          0.4565742E-07
    3.650000          0.4806879E-07
    3.550000          0.5038498E-07
    3.450000          0.5244733E-07
    3.350000          0.5450969E-07
    3.250000          0.5669896E-07
    3.150000          0.5907861E-07
    3.050000          0.6161689E-07
    2.950000          0.6434555E-07
    2.850000          0.6720112E-07
    2.750000          0.6996150E-07
    2.650000          0.7269016E-07
    2.550000          0.7564092E-07
    2.450000          0.7884551E-07
    2.350000          0.8233565E-07
    2.250000          0.8585751E-07
    2.150000          0.8918903E-07
    2.050000          0.9258398E-07
    1.950000          0.9629623E-07
    1.850000          0.1003575E-06
    1.750000          0.1061321E-06
    1.650000          0.1140960E-06
    1.550000          0.1233924E-06
    1.450000          0.1338946E-06
    1.350000          0.1447458E-06
    1.250000          0.1562315E-06
    1.150000          0.1696210E-06
    1.050000          0.1853266E-06
   0.9800000          0.1978911E-06
   0.9400000          0.2059819E-06
   0.9000000          0.2144852E-06
   0.8600000          0.2230836E-06
   0.8200000          0.2320311E-06
   0.7800000          0.2418035E-06
   0.7400000          0.2525277E-06
   0.7050000          0.2628395E-06
   0.6750000          0.2724532E-06
   0.6450000          0.2828920E-06
   0.6150000          0.2942825E-06
   0.5875000          0.3056096E-06
   0.5625000          0.3172857E-06
   0.5375000          0.3309291E-06
   0.5125000          0.3461587E-06
   0.4875000          0.3629749E-06
   0.4625000          0.3816948E-06
   0.4375000          0.4013664E-06
   0.4125000          0.4219901E-06
   0.3900000          0.4422963E-06
   0.3700000          0.4626026E-06
   0.3500000          0.4835435E-06
   0.3300000          0.5054362E-06
   0.3100000          0.5289153E-06
   0.2900000          0.5552500E-06
   0.2750000          0.5758736E-06
   0.2625000          0.5933243E-06
   0.2475000          0.6161688E-06
   0.2350000          0.6367925E-06
   0.2250000          0.6542432E-06
   0.2150000          0.6720112E-06
   0.2050000          0.6907310E-06
   0.1950000          0.7110373E-06
   0.1850000          0.7329300E-06
   0.1750000          0.7560919E-06
   0.1650000          0.7811574E-06
   0.1550000          0.8084441E-06
   0.1462500          0.8344614E-06
   0.1387500          0.8569888E-06
   0.1312500          0.8791988E-06
   0.1237500          0.9029952E-06
   0.1175000          0.9245706E-06
   0.1125000          0.9451943E-06
   0.1075000          0.9712116E-06
   0.1025000          0.1000719E-05
   0.9800000E-01      0.1029275E-05
   0.9400000E-01      0.1056562E-05
   0.9000000E-01      0.1085752E-05
   0.8600000E-01      0.1117163E-05
   0.8200000E-01      0.1151113E-05
   0.7799999E-01      0.1187600E-05
   0.7400000E-01      0.1227578E-05
   0.7050000E-01      0.1264066E-05
   0.6750000E-01      0.1296112E-05
   0.6450000E-01      0.1330379E-05
   0.6150000E-01      0.1366867E-05
   0.5875000E-01      0.1403037E-05
   0.5625000E-01      0.1440477E-05
   0.5375000E-01      0.1484263E-05
   0.5125000E-01      0.1532807E-05
   0.4875000E-01      0.1585794E-05
   0.4625000E-01      0.1643223E-05
   0.4375000E-01      0.1707632E-05
   0.4125000E-01      0.1779656E-05
   0.3900000E-01      0.1851362E-05
   0.3700000E-01      0.1921165E-05
   0.3500000E-01      0.2000487E-05
   0.3300000E-01      0.2091865E-05
   0.3100000E-01      0.2194348E-05
   0.2900000E-01      0.2308888E-05
   0.2750000E-01      0.2404708E-05
   0.2625000E-01      0.2493231E-05
   0.2475000E-01      0.2609358E-05
   0.2350000E-01      0.2715966E-05
   0.2250000E-01      0.2798778E-05
   0.2150000E-01      0.2868897E-05
   0.2050000E-01      0.2935210E-05
   0.1950000E-01      0.3006283E-05
   0.1850000E-01      0.3083066E-05
   0.1750000E-01      0.3185549E-05
   0.1650000E-01      0.3318808E-05
   0.1550000E-01      0.3467933E-05
   0.1462500E-01      0.3613884E-05
   0.1387500E-01      0.3712244E-05
   0.1312500E-01      0.3772527E-05
   0.1237500E-01      0.3835984E-05
   0.1175000E-01      0.3893096E-05
   0.1125000E-01      0.3820120E-05
   0.1075000E-01      0.3556773E-05
   0.1025000E-01      0.3226796E-05
   0.9800000E-02      0.2945681E-05
   0.9400001E-02      0.2706130E-05
   0.9000000E-02      0.2476733E-05
   0.8600000E-02      0.2257805E-05
   0.8200000E-02      0.2049031E-05
   0.7800000E-02      0.1850728E-05
   0.7400000E-02      0.1701921E-05
   0.7050000E-02      0.1675269E-05
   0.6750000E-02      0.1730476E-05
   0.6450000E-02      0.1790126E-05
   0.6150000E-02      0.1854535E-05
   0.5875000E-02      0.1918944E-05
   0.5625000E-02      0.1982084E-05
   0.5375000E-02      0.2050300E-05
   0.5125000E-02      0.2124228E-05
   0.4875000E-02      0.2205136E-05
   0.4625000E-02      0.2293341E-05
   0.4375000E-02      0.2390114E-05
   0.4125000E-02      0.2497356E-05
   0.3900000E-02      0.2603646E-05
   0.3700000E-02      0.2707716E-05
   0.3500000E-02      0.2822257E-05
   0.3300000E-02      0.2948854E-05
   0.3100000E-02      0.3090046E-05
   0.2900000E-02      0.3249006E-05
   0.2750000E-02      0.3379093E-05
   0.2625000E-02      0.3499662E-05
   0.2475000E-02      0.3655132E-05
   0.2350000E-02      0.3801083E-05
   0.2250000E-02      0.3924824E-05
   0.2150000E-02      0.4061257E-05
   0.2050000E-02      0.4210382E-05
   0.1950000E-02      0.4369024E-05
   0.1850000E-02      0.4543532E-05
   0.1750000E-02      0.4737076E-05
   0.1650000E-02      0.4949658E-05
   0.1550000E-02      0.5190795E-05
   0.1462500E-02      0.5425586E-05
   0.1387500E-02      0.5650859E-05
   0.1312500E-02      0.5898341E-05
   0.1237500E-02      0.6171208E-05
   0.1175000E-02      0.6421863E-05
   0.1125000E-02      0.6640791E-05
   0.1075000E-02      0.6878754E-05
   0.1025000E-02      0.7135756E-05
   0.9800000E-03      0.7386412E-05
   0.9400000E-03      0.7627548E-05
   0.9000000E-03      0.7884551E-05
   0.8600000E-03      0.8166935E-05
   0.8200000E-03      0.8471529E-05
   0.7800000E-03      0.8804680E-05
   0.7400000E-03      0.9172731E-05
   0.7050000E-03      0.9534436E-05
   0.6750000E-03      0.9880278E-05
   0.6450000E-03      0.1025468E-04
   0.6150000E-03      0.1066080E-04
   0.5875000E-03      0.1106693E-04
   0.5625000E-03      0.1146671E-04
   0.5375000E-03      0.1190139E-04
   0.5125000E-03      0.1237414E-04
   0.4875000E-03      0.1289132E-04
   0.4625000E-03      0.1345609E-04
   0.4375000E-03      0.1408114E-04
   0.4125000E-03      0.1477600E-04
   0.3900000E-03      0.1546768E-04
   0.3700000E-03      0.1614984E-04
   0.3500000E-03      0.1689864E-04
   0.3300000E-03      0.1777752E-04
   0.3100000E-03      0.1880870E-04
   0.2900000E-03      0.1997631E-04
   0.2750000E-03      0.2095038E-04
   0.2625000E-03      0.2185464E-04
   0.2475000E-03      0.2304446E-04
   0.2350000E-03      0.2414227E-04
   0.2250000E-03      0.2510999E-04
   0.2150000E-03      0.2616021E-04
   0.2050000E-03      0.2730878E-04
   0.1950000E-03      0.2856841E-04
   0.1850000E-03      0.2995812E-04
   0.1750000E-03      0.3150013E-04
   0.1650000E-03      0.3321981E-04
   0.1550000E-03      0.3521872E-04
   0.1462500E-03      0.3712243E-04
   0.1387500E-03      0.3950208E-04
   0.1312500E-03      0.4140578E-04
   0.1237500E-03      0.4410272E-04
   0.1175000E-03      0.4651408E-04
   0.1125000E-03      0.4844953E-04
   0.1075000E-03      0.5079745E-04
   0.1025000E-03      0.5324055E-04
   0.9800000E-04      0.5584229E-04
   0.9400000E-04      0.5787292E-04
   0.9000000E-04      0.6053812E-04
   0.8600000E-04      0.6358406E-04
   0.8200000E-04      0.6678864E-04
   0.7800000E-04      0.6986631E-04
   0.7400000E-04      0.7380066E-04
   0.7050000E-04      0.7763982E-04
   0.6750000E-04      0.8132033E-04
   0.6450000E-04      0.8538159E-04
   0.6150000E-04      0.8985531E-04
   0.5875000E-04      0.9436078E-04
   0.5625000E-04      0.9883451E-04
   0.5375000E-04      0.1037842E-03
   0.5125000E-04      0.1092097E-03
   0.4875000E-04      0.1152065E-03
   0.4625000E-04      0.1219012E-03
   0.4375000E-04      0.1293574E-03
   0.4125000E-04      0.1377655E-03
   0.3900000E-04      0.1462687E-03
   0.3700000E-04      0.1547403E-03
   0.3500000E-04      0.1642906E-03
   0.3300000E-04      0.1752369E-03
   0.3100000E-04      0.1878649E-03
   0.2900000E-04      0.2023331E-03
   0.2750000E-04      0.2145803E-03
   0.2625000E-04      0.2260026E-03
   0.2475000E-04      0.2412958E-03
   0.2350000E-04      0.2555419E-03
   0.2250000E-04      0.2682016E-03
   0.2150000E-04      0.2821305E-03
   0.2050000E-04      0.2974871E-03
   0.1950000E-04      0.3144936E-03
   0.1850000E-04      0.3334673E-03
   0.1750000E-04      0.3547255E-03
   0.1650000E-04      0.3788392E-03
   0.1550000E-04      0.4083467E-03
   0.1462500E-04      0.4400753E-03
   0.1387500E-04      0.4711693E-03
   0.1312500E-04      0.5060707E-03
   0.1237500E-04      0.5463660E-03
   0.1175000E-04      0.5838058E-03
   0.1125000E-04      0.6177553E-03
   0.1075000E-04      0.6551951E-03
   0.1025000E-04      0.6967595E-03
   0.9800000E-05      0.7383238E-03
   0.9400001E-05      0.7792538E-03
   0.8999999E-05      0.8243084E-03
   0.8600000E-05      0.8741223E-03
   0.8200001E-05      0.9296472E-03
   0.7800000E-05      0.9915179E-03
   0.7400000E-05      0.1061955E-02
   0.7050000E-05      0.1131758E-02
   0.6750000E-05      0.1199340E-02
   0.6450000E-05      0.1274219E-02
   0.6150000E-05      0.1357666E-02
   0.5875000E-05      0.1443016E-02
   0.5625000E-05      0.1529000E-02
   0.5375000E-05      0.1624503E-02
   0.5125000E-05      0.1731111E-02
   0.4875000E-05      0.1850410E-02
   0.4625000E-05      0.1984939E-02
   0.4375000E-05      0.2137554E-02
   0.4125000E-05      0.2312061E-02
   0.3900000E-05      0.2491010E-02
   0.3700000E-05      0.2672181E-02
   0.3500000E-05      0.2877464E-02
   0.3300000E-05      0.3111304E-02
   0.3100000E-05      0.3379093E-02
   0.2900000E-05      0.3693206E-02
   0.2750000E-05      0.3959726E-02
   0.2625000E-05      0.4210381E-02
   0.2475000E-05      0.4553050E-02
   0.2350000E-05      0.4876682E-02
   0.2250000E-05      0.5165412E-02
   0.2150000E-05      0.5485870E-02
   0.2050000E-05      0.5841231E-02
   0.1950000E-05      0.6241011E-02
   0.1850000E-05      0.6691556E-02
   0.1750000E-05      0.7205559E-02
   0.1650000E-05      0.7789365E-02
   0.1550000E-05      0.8493739E-02
   0.1462500E-05      0.9233016E-02
   0.1387500E-05      0.9959599E-02
   0.1312500E-05      0.1079089E-01
   0.1237500E-05      0.1174909E-01
   0.1175000E-05      0.1265653E-01
   0.1125000E-05      0.1347513E-01
   0.1075000E-05      0.1438574E-01
   0.1025000E-05      0.1541057E-01
   0.9800000E-06      0.1643858E-01
   0.9399999E-06      0.1745389E-01
   0.9000000E-06      0.1858343E-01
   0.8600000E-06      0.1984305E-01
   0.8200000E-06      0.2125497E-01
   0.7800000E-06      0.2284457E-01
   0.7400000E-06      0.2450715E-01
   0.7050000E-06      0.2597935E-01
   0.6750000E-06      0.2733417E-01
   0.6450000E-06      0.2882541E-01
   0.6150000E-06      0.3047529E-01
   0.5875000E-06      0.3214104E-01
   0.5625000E-06      0.3382266E-01
   0.5375000E-06      0.3566292E-01
   0.5125000E-06      0.3772527E-01
   0.4875000E-06      0.3997800E-01
   0.4625000E-06      0.4251629E-01
   0.4375000E-06      0.4537186E-01
   0.4125000E-06      0.4860818E-01
   0.3900000E-06      0.5190795E-01
   0.3700000E-06      0.5660377E-01
   0.3500000E-06      0.6415518E-01
   0.3300000E-06      0.7392759E-01
   0.3100000E-06      0.8588925E-01
   0.2900000E-06      0.1008334    
   0.2750000E-06      0.1144132    
   0.2625000E-06      0.1280248    
   0.2475000E-06      0.1474744    
   0.2350000E-06      0.1668923    
   0.2250000E-06      0.1852631    
   0.2150000E-06      0.1891023    
   0.2050000E-06      0.1766647    
   0.1950000E-06      0.1644492    
   0.1850000E-06      0.1525193    
   0.1750000E-06      0.1408749    
   0.1650000E-06      0.1295160    
   0.1550000E-06      0.1184428    
   0.1462500E-06      0.1089877    
   0.1387500E-06      0.1010872    
   0.1312500E-06      0.9337720E-01
   0.1237500E-06      0.8582579E-01
   0.1175000E-06      0.7970218E-01
   0.1125000E-06      0.7487943E-01
   0.1075000E-06      0.7018360E-01
   0.1025000E-06      0.6555124E-01
   0.9800000E-07      0.6199764E-01
   0.9400000E-07      0.5949108E-01
   0.9000000E-07      0.5695279E-01
   0.8600000E-07      0.5441450E-01
   0.8200000E-07      0.5187621E-01
   0.7800000E-07      0.4936966E-01
   0.7400000E-07      0.4683138E-01
   0.7050000E-07      0.4461037E-01
   0.6750000E-07      0.4270666E-01
   0.6450000E-07      0.4080294E-01
   0.6150000E-07      0.3893096E-01
   0.5875000E-07      0.3718589E-01
   0.5625000E-07      0.3559946E-01
   0.5375000E-07      0.3401303E-01
   0.5125000E-07      0.3242660E-01
   0.4875000E-07      0.3084652E-01
   0.4625000E-07      0.2926643E-01
   0.4375000E-07      0.2768318E-01
   0.4125000E-07      0.2610310E-01
   0.3900000E-07      0.2467849E-01
   0.3700000E-07      0.2341251E-01
   0.3500000E-07      0.2214654E-01
   0.3300000E-07      0.2088057E-01
   0.3100000E-07      0.1961460E-01
   0.2900000E-07      0.1835181E-01
   0.2750000E-07      0.1739995E-01
   0.2625000E-07      0.1660991E-01
   0.2475000E-07      0.1566122E-01
   0.2350000E-07      0.1487118E-01
   0.2250000E-07      0.1423661E-01
   0.2150000E-07      0.1360521E-01
   0.2050000E-07      0.1297064E-01
   0.1950000E-07      0.1233924E-01
   0.1850000E-07      0.1170784E-01
   0.1750000E-07      0.1107327E-01
   0.1650000E-07      0.1044187E-01
   0.1550000E-07      0.9807302E-02
   0.1462500E-07      0.9255226E-02
   0.1387500E-07      0.8779296E-02
   0.1312500E-07      0.8306541E-02
   0.1237500E-07      0.7830611E-02
   0.1175000E-07      0.7434005E-02
   0.1125000E-07      0.7119892E-02
   0.1075000E-07      0.6802606E-02
   0.1025000E-07      0.6485321E-02
   0.9800000E-08      0.6199763E-02
   0.9400000E-08      0.5949108E-02
   0.9000000E-08      0.5695279E-02
   0.8600000E-08      0.5441450E-02
   0.8200000E-08      0.5187622E-02
   0.7800000E-08      0.4936965E-02
   0.7400000E-08      0.4683137E-02
   0.7050000E-08      0.4461037E-02
   0.6750000E-08      0.4270666E-02
   0.6450000E-08      0.4080295E-02
   0.6150000E-08      0.3893096E-02
   0.5875000E-08      0.3718588E-02
   0.5625000E-08      0.3559946E-02
   0.5375000E-08      0.3401303E-02
   0.5125000E-08      0.3242660E-02
   0.4875000E-08      0.3084652E-02
   0.4625000E-08      0.2926643E-02
   0.4375000E-08      0.2768318E-02
   0.4125000E-08      0.2610310E-02
   0.3900000E-08      0.2467849E-02
   0.3700000E-08      0.2341251E-02
   0.3500000E-08      0.2214655E-02
   0.3300000E-08      0.2088057E-02
   0.3100000E-08      0.1961460E-02
   0.2900000E-08      0.1835181E-02
   0.2750000E-08      0.1739995E-02
   0.2625000E-08      0.1660991E-02
   0.2475000E-08      0.1566122E-02
   0.2350000E-08      0.1487118E-02
   0.2250000E-08      0.1423661E-02
   0.2150000E-08      0.1360521E-02
   0.2050000E-08      0.1297064E-02
   0.1950000E-08      0.1233924E-02
   0.1850000E-08      0.1170784E-02
   0.1750000E-08      0.1107327E-02
   0.1650000E-08      0.1044187E-02
   0.1550000E-08      0.9807302E-03
   0.1462500E-08      0.9255224E-03
   0.1387500E-08      0.8779297E-03
   0.1312500E-08      0.8306541E-03
   0.1237500E-08      0.7830612E-03
   0.1175000E-08      0.7434005E-03
   0.1125000E-08      0.7119892E-03
   0.1075000E-08      0.6802606E-03
   0.1025000E-08      0.6485321E-03
   0.9800000E-09      0.6199764E-03
   0.9400000E-09      0.5949107E-03
   0.9000000E-09      0.5695279E-03
   0.8600000E-09      0.5441450E-03
   0.8200000E-09      0.5187622E-03
   0.7800000E-09      0.4936966E-03
   0.7400000E-09      0.4683138E-03
   0.7050000E-09      0.4461037E-03
   0.6750000E-09      0.4270666E-03
   0.6450000E-09      0.4080294E-03
   0.6150000E-09      0.3893096E-03
   0.5875000E-09      0.3718589E-03
   0.5625000E-09      0.3559946E-03
   0.5375000E-09      0.3401303E-03
   0.5125000E-09      0.3242660E-03
   0.4875000E-09      0.3084652E-03
   0.4625000E-09      0.2926644E-03
   0.4375000E-09      0.2768318E-03
   0.4125000E-09      0.2610309E-03
   0.3900000E-09      0.2467849E-03
   0.3700000E-09      0.2341251E-03
   0.3500000E-09      0.2214655E-03
   0.3300000E-09      0.2088058E-03
   0.3100000E-09      0.1961460E-03
   0.2900000E-09      0.1835181E-03
   0.2750000E-09      0.1739995E-03
   0.2625000E-09      0.1660991E-03
   0.2475000E-09      0.1566122E-03
   0.2350000E-09      0.1487118E-03
   0.2250000E-09      0.1423661E-03
   0.2150000E-09      0.1360521E-03
   0.2050000E-09      0.1297064E-03
   0.1950000E-09      0.1233924E-03
   0.1850000E-09      0.1170784E-03
   0.1750000E-09      0.1107327E-03
   0.1650000E-09      0.1044187E-03
   0.1550000E-09      0.9807302E-04
   0.1462500E-09      0.9255225E-04
   0.1387500E-09      0.8779296E-04
   0.1312500E-09      0.8306541E-04
   0.1237500E-09      0.7830612E-04
   0.1175000E-09      0.7434005E-04
   0.1125000E-09      0.7119892E-04
   0.1075000E-09      0.6802607E-04
   0.1025000E-09      0.6485320E-04
