    19.95000          0.8370318E-12
    19.85000          0.9027901E-12
    19.75000          0.9725097E-12
    19.65000          0.1048171E-11
    19.55000          0.1129775E-11
    19.45000          0.1217717E-11
    19.35000          0.1312393E-11
    19.25000          0.1414596E-11
    19.15000          0.1524721E-11
    19.05000          0.1643165E-11
    18.95000          0.1770720E-11
    18.85000          0.1908575E-11
    18.75000          0.2056729E-11
    18.65000          0.2216768E-11
    18.55000          0.2389086E-11
    18.45000          0.2574873E-11
    18.35000          0.2774921E-11
    18.25000          0.2990418E-11
    18.15000          0.3135403E-11
    18.05000          0.3311682E-11
    17.95000          0.3514107E-11
    17.85000          0.3741488E-11
    17.75000          0.3993034E-11
    17.65000          0.4309941E-11
    17.55000          0.4646655E-11
    17.45000          0.5011099E-11
    17.35000          0.5407233E-11
    17.25000          0.5831096E-11
    17.15000          0.6278728E-11
    17.05000          0.6762012E-11
    16.95000          0.7284910E-11
    16.85000          0.7847421E-11
    16.75000          0.8453506E-11
    16.65000          0.9119010E-11
    16.55000          0.9836014E-11
    16.45000          0.1060848E-10
    16.35000          0.1144036E-10
    16.25000          0.1233958E-10
    16.15000          0.1328634E-10
    16.05000          0.1430837E-10
    15.95000          0.1541359E-10
    15.85000          0.1660595E-10
    15.75000          0.1788942E-10
    15.65000          0.1925609E-10
    15.55000          0.2073367E-10
    15.45000          0.2232217E-10
    15.35000          0.2403743E-10
    15.25000          0.2588342E-10
    15.15000          0.2791162E-10
    15.05000          0.3009828E-10
    14.95000          0.3242755E-10
    14.85000          0.3493508E-10
    14.75000          0.3761295E-10
    14.65000          0.4048492E-10
    14.55000          0.4357478E-10
    14.45000          0.4690230E-10
    14.35000          0.5050712E-10
    14.25000          0.5442885E-10
    14.15000          0.5862787E-10
    14.05000          0.6318342E-10
    13.95000          0.6805587E-10
    13.85000          0.7328484E-10
    13.75000          0.7879111E-10
    13.65000          0.8473313E-10
    13.55000          0.9115050E-10
    13.45000          0.9808285E-10
    13.35000          0.1056094E-09
    13.25000          0.1138094E-09
    13.15000          0.1226036E-09
    13.05000          0.1320316E-09
    12.95000          0.1421726E-09
    12.85000          0.1529871E-09
    12.75000          0.1645542E-09
    12.65000          0.1769532E-09
    12.55000          0.1905010E-09
    12.45000          0.2050391E-09
    12.35000          0.2208449E-09
    12.25000          0.2379579E-09
    12.15000          0.2563385E-09
    12.05000          0.2758679E-09
    11.95000          0.2968234E-09
    11.85000          0.3192050E-09
    11.75000          0.3432107E-09
    11.65000          0.3695933E-09
    11.55000          0.3981149E-09
    11.45000          0.4286173E-09
    11.35000          0.4614964E-09
    11.25000          0.4967524E-09
    11.15000          0.5339891E-09
    11.05000          0.5736025E-09
    10.95000          0.6167810E-09
    10.85000          0.6627326E-09
    10.75000          0.7122494E-09
    10.65000          0.7657275E-09
    10.55000          0.8235632E-09
    10.45000          0.8853602E-09
    10.35000          0.9515145E-09
    10.25000          0.1022423E-08
    10.15000          0.1100461E-08
    10.05000          0.1184442E-08
    9.950000          0.1263668E-08
    9.850000          0.1337745E-08
    9.750000          0.1416576E-08
    9.650000          0.1498972E-08
    9.550000          0.1586914E-08
    9.450000          0.1681590E-08
    9.350000          0.1782604E-08
    9.250000          0.1890749E-08
    9.150000          0.2006024E-08
    9.050000          0.2129618E-08
    8.950000          0.2261927E-08
    8.850000          0.2403743E-08
    8.750000          0.2554670E-08
    8.650000          0.2716293E-08
    8.550000          0.2889007E-08
    8.450000          0.3074794E-08
    8.350000          0.3276031E-08
    8.250000          0.3498658E-08
    8.150000          0.3741488E-08
    8.050000          0.4012840E-08
    7.950000          0.4282212E-08
    7.850000          0.4559506E-08
    7.750000          0.4848683E-08
    7.650000          0.5185398E-08
    7.550000          0.5541918E-08
    7.450000          0.5922207E-08
    7.350000          0.6322303E-08
    7.250000          0.6777857E-08
    7.150000          0.7237373E-08
    7.050000          0.7716697E-08
    6.950000          0.8239593E-08
    6.850000          0.8825872E-08
    6.750000          0.9424035E-08
    6.650000          0.1015688E-07
    6.550000          0.1099273E-07
    6.450000          0.1194741E-07
    6.350000          0.1299717E-07
    6.250000          0.1420934E-07
    6.150000          0.1535416E-07
    6.050000          0.1661387E-07
    5.950000          0.1771513E-07
    5.850000          0.1863812E-07
    5.750000          0.1959676E-07
    5.650000          0.2062671E-07
    5.550000          0.2172400E-07
    5.450000          0.2286487E-07
    5.350000          0.2410081E-07
    5.250000          0.2543579E-07
    5.150000          0.2689752E-07
    5.050000          0.2850186E-07
    4.950000          0.3011017E-07
    4.850000          0.3171055E-07
    4.750000          0.3344165E-07
    4.650000          0.3531141E-07
    4.550000          0.3733962E-07
    4.450000          0.3953816E-07
    4.350000          0.4191100E-07
    4.250000          0.4448588E-07
    4.150000          0.4729844E-07
    4.050000          0.5030905E-07
    3.950000          0.5328006E-07
    3.850000          0.5629068E-07
    3.750000          0.5953898E-07
    3.650000          0.6314382E-07
    3.550000          0.6702592E-07
    3.450000          0.7126456E-07
    3.350000          0.7589932E-07
    3.250000          0.8093023E-07
    3.150000          0.8647612E-07
    3.050000          0.9249735E-07
    2.950000          0.9919203E-07
    2.850000          0.1066393E-06
    2.750000          0.1150770E-06
    2.650000          0.1247823E-06
    2.550000          0.1357948E-06
    2.450000          0.1481146E-06
    2.350000          0.1619397E-06
    2.250000          0.1775078E-06
    2.150000          0.1949377E-06
    2.050000          0.2144275E-06
    1.950000          0.2302729E-06
    1.850000          0.2407704E-06
    1.750000          0.2515453E-06
    1.650000          0.2629936E-06
    1.550000          0.2761848E-06
    1.450000          0.2883858E-06
    1.350000          0.2986456E-06
    1.250000          0.3105693E-06
    1.150000          0.3262958E-06
    1.050000          0.3438842E-06
   0.9800000          0.3547779E-06
   0.9400000          0.3596899E-06
   0.9000000          0.3672165E-06
   0.8600000          0.3763275E-06
   0.8200000          0.3861517E-06
   0.7800000          0.3969266E-06
   0.7400000          0.4088105E-06
   0.7050000          0.4187139E-06
   0.6750000          0.4250521E-06
   0.6450000          0.4302019E-06
   0.6150000          0.4349554E-06
   0.5875000          0.4385206E-06
   0.5625000          0.4416897E-06
   0.5375000          0.4448588E-06
   0.5125000          0.4500085E-06
   0.4875000          0.4543660E-06
   0.4625000          0.4543660E-06
   0.4375000          0.4559505E-06
   0.4125000          0.4543660E-06
   0.3900000          0.4511969E-06
   0.3700000          0.4452549E-06
   0.3500000          0.4456511E-06
   0.3300000          0.4444627E-06
   0.3100000          0.4432742E-06
   0.2900000          0.4393130E-06
   0.2750000          0.4397091E-06
   0.2625000          0.4393129E-06
   0.2475000          0.4317863E-06
   0.2350000          0.4298057E-06
   0.2250000          0.4321825E-06
   0.2150000          0.4325786E-06
   0.2050000          0.4242598E-06
   0.1950000          0.4171294E-06
   0.1850000          0.4048492E-06
   0.1750000          0.3879343E-06
   0.1650000          0.3733961E-06
   0.1550000          0.3625421E-06
   0.1462500          0.3546194E-06
   0.1387500          0.3480436E-06
   0.1312500          0.3537083E-06
   0.1237500          0.3423789E-06
   0.1175000          0.3347731E-06
   0.1125000          0.3281576E-06
   0.1075000          0.3219780E-06
   0.1025000          0.2902872E-06
   0.9800000E-01      0.2815722E-06
   0.9400000E-01      0.2689752E-06
   0.9000000E-01      0.2605375E-06
   0.8600000E-01      0.2519414E-06
   0.8200000E-01      0.2463559E-06
   0.7799999E-01      0.2428303E-06
   0.7400000E-01      0.2365318E-06
   0.7050000E-01      0.2320159E-06
   0.6750000E-01      0.2278169E-06
   0.6450000E-01      0.2237763E-06
   0.6150000E-01      0.2178739E-06
   0.5875000E-01      0.2274207E-06
   0.5625000E-01      0.2229444E-06
   0.5375000E-01      0.2167647E-06
   0.5125000E-01      0.2107038E-06
   0.4875000E-01      0.2026623E-06
   0.4625000E-01      0.1875300E-06
   0.4375000E-01      0.1788943E-06
   0.4125000E-01      0.1781020E-06
   0.3900000E-01      0.1926401E-06
   0.3700000E-01      0.1912536E-06
   0.3500000E-01      0.1902633E-06
   0.3300000E-01      0.1848759E-06
   0.3100000E-01      0.1819841E-06
   0.2900000E-01      0.1706943E-06
   0.2750000E-01      0.1704566E-06
   0.2625000E-01      0.1696247E-06
   0.2475000E-01      0.1815483E-06
   0.2350000E-01      0.1774682E-06
   0.2250000E-01      0.1692682E-06
   0.2150000E-01      0.1672875E-06
   0.2050000E-01      0.1668518E-06
   0.1950000E-01      0.1674460E-06
   0.1850000E-01      0.1750517E-06
   0.1750000E-01      0.1744179E-06
   0.1650000E-01      0.1784981E-06
   0.1550000E-01      0.1803203E-06
   0.1462500E-01      0.1785773E-06
   0.1387500E-01      0.1865000E-06
   0.1312500E-01      0.1941058E-06
   0.1237500E-01      0.1960865E-06
   0.1175000E-01      0.1948188E-06
   0.1125000E-01      0.1976314E-06
   0.1075000E-01      0.1920063E-06
   0.1025000E-01      0.1979483E-06
   0.9800000E-02      0.2075347E-06
   0.9400001E-02      0.2259550E-06
   0.9000000E-02      0.2313821E-06
   0.8600000E-02      0.2420777E-06
   0.8200000E-02      0.2569723E-06
   0.7800000E-02      0.2953577E-06
   0.7400000E-02      0.2871577E-06
   0.7050000E-02      0.3064099E-06
   0.6750000E-02      0.3242359E-06
   0.6450000E-02      0.3270881E-06
   0.6150000E-02      0.3169866E-06
   0.5875000E-02      0.3551343E-06
   0.5625000E-02      0.3503808E-06
   0.5375000E-02      0.4111874E-06
   0.5125000E-02      0.4092067E-06
   0.4875000E-02      0.3833787E-06
   0.4625000E-02      0.3869836E-06
   0.4375000E-02      0.4028686E-06
   0.4125000E-02      0.3977188E-06
   0.3900000E-02      0.4119797E-06
   0.3700000E-02      0.4298057E-06
   0.3500000E-02      0.4737766E-06
   0.3300000E-02      0.5189359E-06
   0.3100000E-02      0.5470615E-06
   0.2900000E-02      0.5811290E-06
   0.2750000E-02      0.6148004E-06
   0.2625000E-02      0.6381723E-06
   0.2475000E-02      0.6694670E-06
   0.2350000E-02      0.7019499E-06
   0.2250000E-02      0.7352253E-06
   0.2150000E-02      0.7661237E-06
   0.2050000E-02      0.7863266E-06
   0.1950000E-02      0.8041526E-06
   0.1850000E-02      0.8980365E-06
   0.1750000E-02      0.9388382E-06
   0.1650000E-02      0.9800362E-06
   0.1550000E-02      0.1030345E-05
   0.1462500E-02      0.1077881E-05
   0.1387500E-02      0.1004200E-05
   0.1312500E-02      0.1068770E-05
   0.1237500E-02      0.1289813E-05
   0.1175000E-02      0.1365871E-05
   0.1125000E-02      0.1415784E-05
   0.1075000E-02      0.1461339E-05
   0.1025000E-02      0.1512044E-05
   0.9800000E-03      0.1526701E-05
   0.9400000E-03      0.1396373E-05
   0.9000000E-03      0.1382905E-05
   0.8600000E-03      0.1419745E-05
   0.8200000E-03      0.1471243E-05
   0.7800000E-03      0.1505706E-05
   0.7400000E-03      0.1569880E-05
   0.7050000E-03      0.1634450E-05
   0.6750000E-03      0.1691889E-05
   0.6450000E-03      0.1743783E-05
   0.6150000E-03      0.1838459E-05
   0.5875000E-03      0.1910952E-05
   0.5625000E-03      0.2009985E-05
   0.5375000E-03      0.2102285E-05
   0.5125000E-03      0.2095550E-05
   0.4875000E-03      0.2240932E-05
   0.4625000E-03      0.2458013E-05
   0.4375000E-03      0.2691337E-05
   0.4125000E-03      0.3040331E-05
   0.3900000E-03      0.3447557E-05
   0.3700000E-03      0.3651962E-05
   0.3500000E-03      0.3841315E-05
   0.3300000E-03      0.4032647E-05
   0.3100000E-03      0.4262405E-05
   0.2900000E-03      0.4468395E-05
   0.2750000E-03      0.4448588E-05
   0.2625000E-03      0.4377283E-05
   0.2475000E-03      0.4519892E-05
   0.2350000E-03      0.4630810E-05
   0.2250000E-03      0.4761534E-05
   0.2150000E-03      0.4872451E-05
   0.2050000E-03      0.4983369E-05
   0.1950000E-03      0.5137862E-05
   0.1850000E-03      0.5201243E-05
   0.1750000E-03      0.5367619E-05
   0.1650000E-03      0.5648875E-05
   0.1550000E-03      0.5945976E-05
   0.1462500E-03      0.6231192E-05
   0.1387500E-03      0.6591674E-05
   0.1312500E-03      0.6987808E-05
   0.1237500E-03      0.7376020E-05
   0.1175000E-03      0.7605777E-05
   0.1125000E-03      0.7875150E-05
   0.1075000E-03      0.8180173E-05
   0.1025000E-03      0.8520848E-05
   0.9800000E-04      0.8861523E-05
   0.9400000E-04      0.9281425E-05
   0.9000000E-04      0.9641909E-05
   0.8600000E-04      0.9907318E-05
   0.8200000E-04      0.1035495E-04
   0.7800000E-04      0.1085408E-04
   0.7400000E-04      0.1140074E-04
   0.7050000E-04      0.1191572E-04
   0.6750000E-04      0.1215736E-04
   0.6450000E-04      0.1262084E-04
   0.6150000E-04      0.1313977E-04
   0.5875000E-04      0.1366267E-04
   0.5625000E-04      0.1417369E-04
   0.5375000E-04      0.1493030E-04
   0.5125000E-04      0.1560373E-04
   0.4875000E-04      0.1627320E-04
   0.4625000E-04      0.1701397E-04
   0.4375000E-04      0.1783396E-04
   0.4125000E-04      0.1874904E-04
   0.3900000E-04      0.1966411E-04
   0.3700000E-04      0.2055937E-04
   0.3500000E-04      0.2154971E-04
   0.3300000E-04      0.2265888E-04
   0.3100000E-04      0.2391463E-04
   0.2900000E-04      0.2540013E-04
   0.2750000E-04      0.2670341E-04
   0.2625000E-04      0.2790766E-04
   0.2475000E-04      0.2951597E-04
   0.2350000E-04      0.3100939E-04
   0.2250000E-04      0.3231268E-04
   0.2150000E-04      0.3373875E-04
   0.2050000E-04      0.3530745E-04
   0.1950000E-04      0.3695141E-04
   0.1850000E-04      0.3867459E-04
   0.1750000E-04      0.4060377E-04
   0.1650000E-04      0.4270328E-04
   0.1550000E-04      0.4511970E-04
   0.1462500E-04      0.4745689E-04
   0.1387500E-04      0.4963562E-04
   0.1312500E-04      0.5213128E-04
   0.1237500E-04      0.5486460E-04
   0.1175000E-04      0.5736025E-04
   0.1125000E-04      0.5957860E-04
   0.1075000E-04      0.6199502E-04
   0.1025000E-04      0.6460950E-04
   0.9800000E-05      0.6726360E-04
   0.9400001E-05      0.6995732E-04
   0.8999999E-05      0.7280950E-04
   0.8600000E-05      0.7597855E-04
   0.8200001E-05      0.7946454E-04
   0.7800000E-05      0.8326743E-04
   0.7400000E-05      0.8746645E-04
   0.7050000E-05      0.9150702E-04
   0.6750000E-05      0.9530992E-04
   0.6450000E-05      0.9946931E-04
   0.6150000E-05      0.1040249E-03
   0.5875000E-05      0.1085804E-03
   0.5625000E-05      0.1131756E-03
   0.5375000E-05      0.1180876E-03
   0.5125000E-05      0.1234354E-03
   0.4875000E-05      0.1296547E-03
   0.4625000E-05      0.1369040E-03
   0.4375000E-05      0.1449852E-03
   0.4125000E-05      0.1539378E-03
   0.3900000E-05      0.1628904E-03
   0.3700000E-05      0.1718827E-03
   0.3500000E-05      0.1819049E-03
   0.3300000E-05      0.1931947E-03
   0.3100000E-05      0.2059898E-03
   0.2900000E-05      0.2208845E-03
   0.2750000E-05      0.2337192E-03
   0.2625000E-05      0.2456825E-03
   0.2475000E-05      0.2616467E-03
   0.2350000E-05      0.2765413E-03
   0.2250000E-05      0.2897326E-03
   0.2150000E-05      0.3041519E-03
   0.2050000E-05      0.3201161E-03
   0.1950000E-05      0.3375064E-03
   0.1850000E-05      0.3565209E-03
   0.1750000E-05      0.3777537E-03
   0.1650000E-05      0.4016802E-03
   0.1550000E-05      0.4286173E-03
   0.1462500E-05      0.4551583E-03
   0.1387500E-05      0.4809071E-03
   0.1312500E-05      0.5094287E-03
   0.1237500E-05      0.5419117E-03
   0.1175000E-05      0.5716218E-03
   0.1125000E-05      0.5981628E-03
   0.1075000E-05      0.6270806E-03
   0.1025000E-05      0.6591675E-03
   0.9800000E-06      0.7003654E-03
   0.9399999E-06      0.7530513E-03
   0.9000000E-06      0.8120753E-03
   0.8600000E-06      0.8786258E-03
   0.8200000E-06      0.9546836E-03
   0.7800000E-06      0.1041041E-02
   0.7400000E-06      0.1140471E-02
   0.7050000E-06      0.1242277E-02
   0.6750000E-06      0.1348045E-02
   0.6450000E-06      0.1472431E-02
   0.6150000E-06      0.1615436E-02
   0.5875000E-06      0.1765571E-02
   0.5625000E-06      0.1921251E-02
   0.5375000E-06      0.2098720E-02
   0.5125000E-06      0.2302728E-02
   0.4875000E-06      0.2551897E-02
   0.4625000E-06      0.2858505E-02
   0.4375000E-06      0.3222552E-02
   0.4125000E-06      0.3658696E-02
   0.3900000E-06      0.4127719E-02
   0.3700000E-06      0.4626848E-02
   0.3500000E-06      0.5217088E-02
   0.3300000E-06      0.5934091E-02
   0.3100000E-06      0.6797663E-02
   0.2900000E-06      0.7791962E-02
   0.2750000E-06      0.8631766E-02
   0.2625000E-06      0.9451764E-02
   0.2475000E-06      0.1058075E-01
   0.2350000E-06      0.1165823E-01
   0.2250000E-06      0.1265253E-01
   0.2150000E-06      0.1377359E-01
   0.2050000E-06      0.1505706E-01
   0.1950000E-06      0.1630092E-01
   0.1850000E-06      0.1747348E-01
   0.1750000E-06      0.1880449E-01
   0.1650000E-06      0.2032565E-01
   0.1550000E-06      0.2207656E-01
   0.1462500E-06      0.2383144E-01
   0.1387500E-06      0.2555066E-01
   0.1312500E-06      0.2749964E-01
   0.1237500E-06      0.2972196E-01
   0.1175000E-06      0.3182147E-01
   0.1125000E-06      0.3370310E-01
   0.1075000E-06      0.3579073E-01
   0.1025000E-06      0.3811604E-01
   0.9800000E-07      0.4016802E-01
   0.9400000E-07      0.4187140E-01
   0.9000000E-07      0.4373323E-01
   0.8600000E-07      0.4575351E-01
   0.8200000E-07      0.4801148E-01
   0.7800000E-07      0.5046750E-01
   0.7400000E-07      0.5320083E-01
   0.7050000E-07      0.5581532E-01
   0.6750000E-07      0.5831097E-01
   0.6450000E-07      0.6100468E-01
   0.6150000E-07      0.6397568E-01
   0.5875000E-07      0.6694669E-01
   0.5625000E-07      0.6991770E-01
   0.5375000E-07      0.7316600E-01
   0.5125000E-07      0.7677083E-01
   0.4875000E-07      0.8053409E-01
   0.4625000E-07      0.8433698E-01
   0.4375000E-07      0.8806065E-01
   0.4125000E-07      0.9166548E-01
   0.3900000E-07      0.9475532E-01
   0.3700000E-07      0.9729059E-01
   0.3500000E-07      0.9962777E-01
   0.3300000E-07      0.1016481    
   0.3100000E-07      0.1033514    
   0.2900000E-07      0.1046587    
   0.2750000E-07      0.1053717    
   0.2625000E-07      0.1056490    
   0.2475000E-07      0.1057282    
   0.2350000E-07      0.1054906    
   0.2250000E-07      0.1050944    
   0.2150000E-07      0.1044606    
   0.2050000E-07      0.1036287    
   0.1950000E-07      0.1025592    
   0.1850000E-07      0.1012519    
   0.1750000E-07      0.9962777E-01
   0.1650000E-07      0.9772633E-01
   0.1550000E-07      0.9554759E-01
   0.1462500E-07      0.9332924E-01
   0.1387500E-07      0.9122973E-01
   0.1312500E-07      0.8889254E-01
   0.1237500E-07      0.8631767E-01
   0.1175000E-07      0.8402008E-01
   0.1125000E-07      0.8207902E-01
   0.1075000E-07      0.7997951E-01
   0.1025000E-07      0.7780077E-01
   0.9800000E-08      0.7570127E-01
   0.9400000E-08      0.7379982E-01
   0.9000000E-08      0.7177953E-01
   0.8600000E-08      0.6968002E-01
   0.8200000E-08      0.6750128E-01
   0.7800000E-08      0.6524332E-01
   0.7400000E-08      0.6286651E-01
   0.7050000E-08      0.6072738E-01
   0.6750000E-08      0.5886555E-01
   0.6450000E-08      0.5692450E-01
   0.6150000E-08      0.5490421E-01
   0.5875000E-08      0.5304238E-01
   0.5625000E-08      0.5125978E-01
   0.5375000E-08      0.4947717E-01
   0.5125000E-08      0.4765495E-01
   0.4875000E-08      0.4579312E-01
   0.4625000E-08      0.4385206E-01
   0.4375000E-08      0.4191101E-01
   0.4125000E-08      0.3989072E-01
   0.3900000E-08      0.3806454E-01
   0.3700000E-08      0.3640078E-01
   0.3500000E-08      0.3470532E-01
   0.3300000E-08      0.3298214E-01
   0.3100000E-08      0.3123123E-01
   0.2900000E-08      0.2944466E-01
   0.2750000E-08      0.2808988E-01
   0.2625000E-08      0.2694505E-01
   0.2475000E-08      0.2555858E-01
   0.2350000E-08      0.2438999E-01
   0.2250000E-08      0.2344323E-01
   0.2150000E-08      0.2248854E-01
   0.2050000E-08      0.2152990E-01
   0.1950000E-08      0.2055937E-01
   0.1850000E-08      0.1958488E-01
   0.1750000E-08      0.1859851E-01
   0.1650000E-08      0.1760421E-01
   0.1550000E-08      0.1660199E-01
   0.1462500E-08      0.1571861E-01
   0.1387500E-08      0.1495803E-01
   0.1312500E-08      0.1419349E-01
   0.1237500E-08      0.1342103E-01
   0.1175000E-08      0.1277533E-01
   0.1125000E-08      0.1225639E-01
   0.1075000E-08      0.1173350E-01
   0.1025000E-08      0.1121060E-01
   0.9800000E-09      0.1073920E-01
   0.9400000E-09      0.1031534E-01
   0.9000000E-09      0.9891473E-02
   0.8600000E-09      0.9467609E-02
   0.8200000E-09      0.9039785E-02
   0.7800000E-09      0.8611959E-02
   0.7400000E-09      0.8184134E-02
   0.7050000E-09      0.7807807E-02
   0.6750000E-09      0.7486937E-02
   0.6450000E-09      0.7162108E-02
   0.6150000E-09      0.6837278E-02
   0.5875000E-09      0.6536216E-02
   0.5625000E-09      0.6266844E-02
   0.5375000E-09      0.5993512E-02
   0.5125000E-09      0.5720180E-02
   0.4875000E-09      0.5446846E-02
   0.4625000E-09      0.5173514E-02
   0.4375000E-09      0.4896220E-02
   0.4125000E-09      0.4622886E-02
   0.3900000E-09      0.4373322E-02
   0.3700000E-09      0.4151488E-02
   0.3500000E-09      0.3931633E-02
   0.3300000E-09      0.3709798E-02
   0.3100000E-09      0.3487962E-02
   0.2900000E-09      0.3265335E-02
   0.2750000E-09      0.3098166E-02
   0.2625000E-09      0.2959123E-02
   0.2475000E-09      0.2791558E-02
   0.2350000E-09      0.2651723E-02
   0.2250000E-09      0.2540013E-02
   0.2150000E-09      0.2428303E-02
   0.2050000E-09      0.2316197E-02
   0.1950000E-09      0.2204091E-02
   0.1850000E-09      0.2091589E-02
   0.1750000E-09      0.1979483E-02
   0.1650000E-09      0.1866981E-02
   0.1550000E-09      0.1754479E-02
   0.1462500E-09      0.1656237E-02
   0.1387500E-09      0.1571861E-02
   0.1312500E-09      0.1487088E-02
   0.1237500E-09      0.1402711E-02
   0.1175000E-09      0.1332200E-02
   0.1125000E-09      0.1275552E-02
   0.1075000E-09      0.1219301E-02
   0.1025000E-09      0.1162654E-02
