spectrum
 sand ii calculated cal252 spectrum    
 1.000E-10 2.935E+15 1.050E-10 3.078E+15 1.100E-10 3.220E+15 1.150E-10 3.363E+15
 1.200E-10 3.541E+15 1.275E-10 3.754E+15 1.350E-10 3.968E+15 1.425E-10 4.181E+15
 1.500E-10 4.429E+15 1.600E-10 4.713E+15 1.700E-10 4.997E+15 1.800E-10 5.280E+15
 1.900E-10 5.564E+15 2.000E-10 5.847E+15 2.100E-10 6.130E+15 2.200E-10 6.412E+15
 2.300E-10 6.694E+15 2.400E-10 7.047E+15 2.550E-10 7.470E+15 2.700E-10 7.821E+15
 2.800E-10 8.243E+15 3.000E-10 8.805E+15 3.200E-10 9.365E+15 3.400E-10 9.925E+15
 3.600E-10 1.048E+16 3.800E-10 1.104E+16 4.000E-10 1.167E+16 4.250E-10 1.236E+16
 4.500E-10 1.306E+16 4.750E-10 1.375E+16 5.000E-10 1.444E+16 5.250E-10 1.513E+16
 5.500E-10 1.582E+16 5.750E-10 1.650E+16 6.000E-10 1.726E+16 6.300E-10 1.808E+16
 6.600E-10 1.890E+16 6.900E-10 1.971E+16 7.200E-10 2.066E+16 7.600E-10 2.174E+16
 8.000E-10 2.282E+16 8.400E-10 2.390E+16 8.800E-10 2.497E+16 9.200E-10 2.604E+16
 9.600E-10 2.711E+16 1.000E-09 2.830E+16 1.050E-09 2.962E+16 1.100E-09 3.094E+16
 1.150E-09 3.225E+16 1.200E-09 3.388E+16 1.275E-09 3.583E+16 1.350E-09 3.776E+16
 1.425E-09 3.968E+16 1.500E-09 4.191E+16 1.600E-09 4.444E+16 1.700E-09 4.695E+16
 1.800E-09 4.944E+16 1.900E-09 5.190E+16 2.000E-09 5.435E+16 2.100E-09 5.677E+16
 2.200E-09 5.918E+16 2.300E-09 6.157E+16 2.400E-09 6.452E+16 2.550E-09 6.802E+16
 2.700E-09 7.091E+16 2.800E-09 7.433E+16 3.000E-09 7.884E+16 3.200E-09 8.326E+16
 3.400E-09 8.761E+16 3.600E-09 9.189E+16 3.800E-09 9.609E+16 4.000E-09 1.007E+17
 4.250E-09 1.058E+17 4.500E-09 1.107E+17 4.750E-09 1.156E+17 5.000E-09 1.203E+17
 5.250E-09 1.249E+17 5.500E-09 1.294E+17 5.750E-09 1.339E+17 6.000E-09 1.386E+17
 6.300E-09 1.437E+17 6.600E-09 1.486E+17 6.900E-09 1.533E+17 7.200E-09 1.587E+17
 7.600E-09 1.647E+17 8.000E-09 1.704E+17 8.400E-09 1.759E+17 8.800E-09 1.812E+17
 9.200E-09 1.863E+17 9.600E-09 1.911E+17 1.000E-08 1.964E+17 1.050E-08 2.019E+17
 1.100E-08 2.072E+17 1.150E-08 2.121E+17 1.200E-08 2.179E+17 1.275E-08 2.244E+17
 1.350E-08 2.303E+17 1.425E-08 2.356E+17 1.500E-08 2.412E+17 1.600E-08 2.467E+17
 1.700E-08 2.515E+17 1.800E-08 2.556E+17 1.900E-08 2.589E+17 2.000E-08 2.616E+17
 2.100E-08 2.637E+17 2.200E-08 2.653E+17 2.300E-08 2.663E+17 2.400E-08 2.669E+17
 2.550E-08 2.667E+17 2.700E-08 2.660E+17 2.800E-08 2.642E+17 3.000E-08 2.609E+17
 3.200E-08 2.566E+17 3.400E-08 2.515E+17 3.600E-08 2.456E+17 3.800E-08 2.392E+17
 4.000E-08 2.314E+17 4.250E-08 2.223E+17 4.500E-08 2.129E+17 4.750E-08 2.033E+17
 5.000E-08 1.938E+17 5.250E-08 1.847E+17 5.500E-08 1.765E+17 5.750E-08 1.690E+17
 6.000E-08 1.615E+17 6.300E-08 1.540E+17 6.600E-08 1.472E+17 6.900E-08 1.409E+17
 7.200E-08 1.343E+17 7.600E-08 1.274E+17 8.000E-08 1.212E+17 8.400E-08 1.155E+17
 8.800E-08 1.104E+17 9.200E-08 1.057E+17 9.600E-08 1.014E+17 1.000E-07 9.622E+16
 1.050E-07 9.035E+16 1.100E-07 8.508E+16 1.150E-07 8.033E+16 1.200E-07 7.503E+16
 1.275E-07 6.942E+16 1.350E-07 6.450E+16 1.425E-07 6.016E+16 1.500E-07 5.573E+16
 1.600E-07 5.131E+16 1.700E-07 4.747E+16 1.800E-07 4.411E+16 1.900E-07 4.115E+16
 2.000E-07 3.801E+16 2.100E-07 3.477E+16 2.200E-07 3.194E+16 2.300E-07 2.943E+16
 2.400E-07 2.671E+16 2.550E-07 2.386E+16 2.700E-07 2.179E+16 2.800E-07 1.967E+16
 3.000E-07 1.716E+16 3.200E-07 1.498E+16 3.400E-07 1.317E+16 3.600E-07 1.168E+16
 3.800E-07 1.042E+16 4.000E-07 9.236E+15 4.250E-07 8.135E+15 4.500E-07 7.216E+15
 4.750E-07 6.442E+15 5.000E-07 5.813E+15 5.250E-07 5.298E+15 5.500E-07 4.850E+15
 5.750E-07 4.457E+15 6.000E-07 4.078E+15 6.300E-07 3.717E+15 6.600E-07 3.403E+15
 6.900E-07 3.136E+15 7.200E-07 2.879E+15 7.600E-07 2.628E+15 8.000E-07 2.410E+15
 8.400E-07 2.218E+15 8.800E-07 2.050E+15 9.200E-07 1.901E+15 9.600E-07 1.768E+15
 1.000E-06 1.664E+15 1.050E-06 1.583E+15 1.100E-06 1.510E+15 1.150E-06 1.443E+15
 1.200E-06 1.368E+15 1.275E-06 1.286E+15 1.350E-06 1.214E+15 1.425E-06 1.149E+15
 1.500E-06 1.082E+15 1.600E-06 1.014E+15 1.700E-06 9.536E+14 1.800E-06 9.000E+14
 1.900E-06 8.520E+14 2.000E-06 8.081E+14 2.100E-06 7.678E+14 2.200E-06 7.314E+14
 2.300E-06 6.981E+14 2.400E-06 6.605E+14 2.550E-06 6.202E+14 2.700E-06 5.900E+14
 2.800E-06 5.576E+14 3.000E-06 5.200E+14 3.200E-06 4.877E+14 3.400E-06 4.592E+14
 3.600E-06 4.339E+14 3.800E-06 4.112E+14 4.000E-06 3.886E+14 4.250E-06 3.660E+14
 4.500E-06 3.456E+14 4.750E-06 3.273E+14 5.000E-06 3.116E+14 5.250E-06 2.981E+14
 5.500E-06 2.857E+14 5.750E-06 2.741E+14 6.000E-06 2.626E+14 6.300E-06 2.511E+14
 6.600E-06 2.406E+14 6.900E-06 2.310E+14 7.200E-06 2.208E+14 7.600E-06 2.102E+14
 8.000E-06 2.006E+14 8.400E-06 1.918E+14 8.800E-06 1.838E+14 9.200E-06 1.766E+14
 9.600E-06 1.698E+14 1.000E-05 1.631E+14 1.050E-05 1.565E+14 1.100E-05 1.504E+14
 1.150E-05 1.448E+14 1.200E-05 1.385E+14 1.275E-05 1.316E+14 1.350E-05 1.253E+14
 1.425E-05 1.198E+14 1.500E-05 1.139E+14 1.600E-05 1.078E+14 1.700E-05 1.025E+14
 1.800E-05 9.763E+13 1.900E-05 9.328E+13 2.000E-05 8.913E+13 2.100E-05 8.517E+13
 2.200E-05 8.157E+13 2.300E-05 7.828E+13 2.400E-05 7.451E+13 2.550E-05 7.045E+13
 2.700E-05 6.741E+13 2.800E-05 6.412E+13 3.000E-05 6.037E+13 3.200E-05 5.720E+13
 3.400E-05 5.440E+13 3.600E-05 5.190E+13 3.800E-05 4.964E+13 4.000E-05 4.733E+13
 4.250E-05 4.502E+13 4.500E-05 4.295E+13 4.750E-05 4.108E+13 5.000E-05 3.939E+13
 5.250E-05 3.769E+13 5.500E-05 3.578E+13 5.750E-05 3.449E+13 6.000E-05 3.317E+13
 6.300E-05 3.186E+13 6.600E-05 3.069E+13 6.900E-05 3.008E+13 7.200E-05 2.878E+13
 7.600E-05 2.740E+13 8.000E-05 2.614E+13 8.400E-05 2.501E+13 8.800E-05 2.434E+13
 9.200E-05 2.343E+13 9.600E-05 2.237E+13 1.000E-04 2.151E+13 1.050E-04 2.065E+13
 1.100E-04 1.988E+13 1.150E-04 1.920E+13 1.200E-04 1.862E+13 1.275E-04 1.764E+13
 1.350E-04 1.664E+13 1.425E-04 1.573E+13 1.500E-04 1.501E+13 1.600E-04 1.426E+13
 1.700E-04 1.355E+13 1.800E-04 1.313E+13 1.900E-04 1.297E+13 2.000E-04 1.258E+13
 2.100E-04 1.230E+13 2.200E-04 1.202E+13 2.300E-04 1.169E+13 2.400E-04 1.141E+13
 2.550E-04 1.105E+13 2.700E-04 1.123E+13 2.800E-04 1.128E+13 3.000E-04 1.076E+13
 3.200E-04 1.018E+13 3.400E-04 9.697E+12 3.600E-04 9.219E+12 3.800E-04 8.703E+12
 4.000E-04 7.675E+12 4.250E-04 6.794E+12 4.500E-04 6.205E+12 4.750E-04 5.657E+12
 5.000E-04 5.290E+12 5.250E-04 5.307E+12 5.500E-04 5.074E+12 5.750E-04 4.824E+12
 6.000E-04 4.641E+12 6.300E-04 4.402E+12 6.600E-04 4.271E+12 6.900E-04 4.126E+12
 7.200E-04 3.963E+12 7.600E-04 3.801E+12 8.000E-04 3.714E+12 8.400E-04 3.584E+12
 8.800E-04 3.491E+12 9.200E-04 3.525E+12 9.600E-04 3.854E+12 1.000E-03 3.817E+12
 1.050E-03 3.689E+12 1.100E-03 3.574E+12 1.150E-03 3.448E+12 1.200E-03 3.256E+12
 1.275E-03 2.698E+12 1.350E-03 2.535E+12 1.425E-03 2.721E+12 1.500E-03 2.601E+12
 1.600E-03 2.474E+12 1.700E-03 2.370E+12 1.800E-03 2.267E+12 1.900E-03 2.030E+12
 2.000E-03 1.985E+12 2.100E-03 1.934E+12 2.200E-03 1.856E+12 2.300E-03 1.772E+12
 2.400E-03 1.690E+12 2.550E-03 1.611E+12 2.700E-03 1.552E+12 2.800E-03 1.467E+12
 3.000E-03 1.381E+12 3.200E-03 1.310E+12 3.400E-03 1.196E+12 3.600E-03 1.085E+12
 3.800E-03 1.040E+12 4.000E-03 1.004E+12 4.250E-03 1.017E+12 4.500E-03 9.769E+11
 4.750E-03 9.678E+11 5.000E-03 1.033E+12 5.250E-03 1.038E+12 5.500E-03 8.845E+11
 5.750E-03 8.965E+11 6.000E-03 8.002E+11 6.300E-03 8.257E+11 6.600E-03 8.185E+11
 6.900E-03 7.735E+11 7.200E-03 7.249E+11 7.600E-03 7.456E+11 8.000E-03 6.487E+11
 8.400E-03 6.111E+11 8.800E-03 5.841E+11 9.200E-03 5.704E+11 9.600E-03 5.239E+11
 1.000E-02 4.997E+11 1.050E-02 4.847E+11 1.100E-02 4.989E+11 1.150E-02 4.918E+11
 1.200E-02 4.950E+11 1.275E-02 4.900E+11 1.350E-02 4.708E+11 1.425E-02 4.508E+11
 1.500E-02 4.552E+11 1.600E-02 4.506E+11 1.700E-02 4.403E+11 1.800E-02 4.419E+11
 1.900E-02 4.227E+11 2.000E-02 4.212E+11 2.100E-02 4.223E+11 2.200E-02 4.273E+11
 2.300E-02 4.480E+11 2.400E-02 4.583E+11 2.550E-02 4.282E+11 2.700E-02 4.303E+11
 2.800E-02 4.309E+11 3.000E-02 4.594E+11 3.200E-02 4.667E+11 3.400E-02 4.803E+11
 3.600E-02 4.828E+11 3.800E-02 4.863E+11 4.000E-02 4.496E+11 4.250E-02 4.516E+11
 4.500E-02 4.734E+11 4.750E-02 5.116E+11 5.000E-02 5.319E+11 5.250E-02 5.472E+11
 5.500E-02 5.628E+11 5.750E-02 5.741E+11 6.000E-02 5.500E+11 6.300E-02 5.649E+11
 6.600E-02 5.751E+11 6.900E-02 5.857E+11 7.200E-02 5.971E+11 7.600E-02 6.130E+11
 8.000E-02 6.219E+11 8.400E-02 6.360E+11 8.800E-02 6.577E+11 9.200E-02 6.790E+11
 9.600E-02 7.108E+11 1.000E-01 7.328E+11 1.050E-01 8.128E+11 1.100E-01 8.284E+11
 1.150E-01 8.451E+11 1.200E-01 8.643E+11 1.275E-01 8.929E+11 1.350E-01 8.786E+11
 1.425E-01 8.952E+11 1.500E-01 9.152E+11 1.600E-01 9.426E+11 1.700E-01 9.793E+11
 1.800E-01 1.022E+12 1.900E-01 1.053E+12 2.000E-01 1.071E+12 2.100E-01 1.092E+12
 2.200E-01 1.091E+12 2.300E-01 1.085E+12 2.400E-01 1.090E+12 2.550E-01 1.109E+12
 2.700E-01 1.110E+12 2.800E-01 1.109E+12 3.000E-01 1.119E+12 3.200E-01 1.122E+12
 3.400E-01 1.125E+12 3.600E-01 1.124E+12 3.800E-01 1.139E+12 4.000E-01 1.147E+12
 4.250E-01 1.151E+12 4.500E-01 1.147E+12 4.750E-01 1.147E+12 5.000E-01 1.136E+12
 5.250E-01 1.123E+12 5.500E-01 1.115E+12 5.750E-01 1.107E+12 6.000E-01 1.098E+12
 6.300E-01 1.086E+12 6.600E-01 1.073E+12 6.900E-01 1.057E+12 7.200E-01 1.032E+12
 7.600E-01 1.002E+12 8.000E-01 9.748E+11 8.400E-01 9.500E+11 8.800E-01 9.270E+11
 9.200E-01 9.080E+11 9.600E-01 8.956E+11 1.000E+00 8.681E+11 1.100E+00 8.237E+11
 1.200E+00 7.840E+11 1.300E+00 7.539E+11 1.400E+00 7.280E+11 1.500E+00 6.972E+11
 1.600E+00 6.639E+11 1.700E+00 6.350E+11 1.800E+00 6.078E+11 1.900E+00 5.813E+11
 2.000E+00 5.413E+11 2.100E+00 4.921E+11 2.200E+00 4.481E+11 2.300E+00 4.088E+11
 2.400E+00 3.739E+11 2.500E+00 3.428E+11 2.600E+00 3.150E+11 2.700E+00 2.905E+11
 2.800E+00 2.692E+11 2.900E+00 2.504E+11 3.000E+00 2.335E+11 3.100E+00 2.183E+11
 3.200E+00 2.043E+11 3.300E+00 1.916E+11 3.400E+00 1.799E+11 3.500E+00 1.692E+11
 3.600E+00 1.594E+11 3.700E+00 1.503E+11 3.800E+00 1.421E+11 3.900E+00 1.345E+11
 4.000E+00 1.270E+11 4.100E+00 1.194E+11 4.200E+00 1.123E+11 4.300E+00 1.058E+11
 4.400E+00 9.981E+10 4.500E+00 9.426E+10 4.600E+00 8.914E+10 4.700E+00 8.442E+10
 4.800E+00 8.005E+10 4.900E+00 7.601E+10 5.000E+00 7.195E+10 5.100E+00 6.790E+10
 5.200E+00 6.421E+10 5.300E+00 6.084E+10 5.400E+00 5.772E+10 5.500E+00 5.484E+10
 5.600E+00 5.207E+10 5.700E+00 4.947E+10 5.800E+00 4.705E+10 5.900E+00 4.472E+10
 6.000E+00 4.194E+10 6.100E+00 3.876E+10 6.200E+00 3.587E+10 6.300E+00 3.281E+10
 6.400E+00 3.016E+10 6.500E+00 2.775E+10 6.600E+00 2.564E+10 6.700E+00 2.379E+10
 6.800E+00 2.228E+10 6.900E+00 2.080E+10 7.000E+00 1.948E+10 7.100E+00 1.827E+10
 7.200E+00 1.711E+10 7.300E+00 1.596E+10 7.400E+00 1.495E+10 7.500E+00 1.399E+10
 7.600E+00 1.309E+10 7.700E+00 1.224E+10 7.800E+00 1.151E+10 7.900E+00 1.081E+10
 8.000E+00 1.013E+10 8.100E+00 9.445E+09 8.200E+00 8.832E+09 8.300E+00 8.270E+09
 8.400E+00 7.762E+09 8.500E+00 7.293E+09 8.600E+00 6.857E+09 8.700E+00 6.449E+09
 8.800E+00 6.068E+09 8.900E+00 5.710E+09 9.000E+00 5.376E+09 9.100E+00 5.064E+09
 9.200E+00 4.773E+09 9.300E+00 4.500E+09 9.400E+00 4.245E+09 9.500E+00 4.006E+09
 9.600E+00 3.784E+09 9.700E+00 3.576E+09 9.800E+00 3.377E+09 9.900E+00 3.190E+09
 1.000E+01 2.990E+09 1.010E+01 2.778E+09 1.020E+01 2.581E+09 1.030E+01 2.402E+09
 1.040E+01 2.235E+09 1.050E+01 2.079E+09 1.060E+01 1.933E+09 1.070E+01 1.798E+09
 1.080E+01 1.673E+09 1.090E+01 1.557E+09 1.100E+01 1.448E+09 1.110E+01 1.348E+09
 1.120E+01 1.254E+09 1.130E+01 1.165E+09 1.140E+01 1.082E+09 1.150E+01 1.005E+09
 1.160E+01 9.330E+08 1.170E+01 8.664E+08 1.180E+01 8.058E+08 1.190E+01 7.493E+08
 1.200E+01 6.964E+08 1.210E+01 6.471E+08 1.220E+01 6.007E+08 1.230E+01 5.575E+08
 1.240E+01 5.176E+08 1.250E+01 4.809E+08 1.260E+01 4.467E+08 1.270E+01 4.154E+08
 1.280E+01 3.862E+08 1.290E+01 3.589E+08 1.300E+01 3.333E+08 1.310E+01 3.095E+08
 1.320E+01 2.873E+08 1.330E+01 2.666E+08 1.340E+01 2.476E+08 1.350E+01 2.301E+08
 1.360E+01 2.139E+08 1.370E+01 1.989E+08 1.380E+01 1.850E+08 1.390E+01 1.718E+08
 1.400E+01 1.595E+08 1.410E+01 1.480E+08 1.420E+01 1.374E+08 1.430E+01 1.275E+08
 1.440E+01 1.184E+08 1.450E+01 1.100E+08 1.460E+01 1.022E+08 1.470E+01 9.495E+07
 1.480E+01 8.819E+07 1.490E+01 8.186E+07 1.500E+01 7.598E+07 1.510E+01 7.046E+07
 1.520E+01 6.534E+07 1.530E+01 6.068E+07 1.540E+01 5.635E+07 1.550E+01 5.234E+07
 1.560E+01 4.861E+07 1.570E+01 4.516E+07 1.580E+01 4.192E+07 1.590E+01 3.891E+07
 1.600E+01 3.612E+07 1.610E+01 3.354E+07 1.620E+01 3.115E+07 1.630E+01 2.888E+07
 1.640E+01 2.678E+07 1.650E+01 2.483E+07 1.660E+01 2.302E+07 1.670E+01 2.134E+07
 1.680E+01 1.981E+07 1.690E+01 1.839E+07 1.700E+01 1.707E+07 1.710E+01 1.585E+07
 1.720E+01 1.472E+07 1.730E+01 1.365E+07 1.740E+01 1.265E+07 1.750E+01 1.173E+07
 1.760E+01 1.088E+07 1.770E+01 1.008E+07 1.780E+01 9.445E+06 1.790E+01 8.871E+06
 1.800E+01 8.360E+06 1.810E+01 7.915E+06 1.820E+01 7.549E+06 1.830E+01 7.005E+06
 1.840E+01 6.500E+06 1.850E+01 6.031E+06 1.860E+01 5.596E+06 1.870E+01 5.192E+06
 1.880E+01 4.818E+06 1.890E+01 4.470E+06 1.900E+01 4.148E+06 1.910E+01 3.849E+06
 1.920E+01 3.571E+06 1.930E+01 3.313E+06 1.940E+01 3.074E+06 1.950E+01 2.852E+06
 1.960E+01 2.646E+06 1.970E+01 2.455E+06 1.980E+01 2.279E+06 1.990E+01 2.113E+06
 2.000E+01 0.000E+00
