1.995000e+01 2.889633e-13 1.995000e+01 4.404006e-13 1.995000e+01 1.464683e-13 1.995000e+01 1.288817e-13 
1.985000e+01 3.114837e-13 1.985000e+01 4.741066e-13 1.985000e+01 1.579085e-13 1.985000e+01 1.389218e-13 
1.975000e+01 3.358320e-13 1.975000e+01 5.100351e-13 1.975000e+01 1.702045e-13 1.975000e+01 1.497229e-13 
1.965000e+01 3.620083e-13 1.965000e+01 5.485562e-13 1.965000e+01 1.834705e-13 1.965000e+01 1.614314e-13 
1.955000e+01 3.902320e-13 1.955000e+01 5.904110e-13 1.955000e+01 1.977921e-13 1.955000e+01 1.740181e-13 
1.945000e+01 4.205761e-13 1.945000e+01 6.352288e-13 1.945000e+01 2.131978e-13 1.945000e+01 1.874829e-13 
1.935000e+01 4.533330e-13 1.935000e+01 6.830100e-13 1.935000e+01 2.298017e-13 1.935000e+01 2.021186e-13 
1.925000e+01 4.887222e-13 1.925000e+01 7.348654e-13 1.925000e+01 2.477180e-13 1.925000e+01 2.179251e-13 
1.915000e+01 5.267437e-13 1.915000e+01 7.904247e-13 1.915000e+01 2.670322e-13 1.915000e+01 2.349025e-13 
1.905000e+01 5.677630e-13 1.905000e+01 8.504288e-13 1.905000e+01 2.878584e-13 1.905000e+01 2.530507e-13 
1.895000e+01 6.119995e-13 1.895000e+01 9.148778e-13 1.895000e+01 3.101111e-13 1.895000e+01 2.728088e-13 
1.885000e+01 6.595995e-13 1.885000e+01 9.845122e-13 1.885000e+01 3.343608e-13 1.885000e+01 2.940305e-13 
1.875000e+01 7.110016e-13 1.875000e+01 1.059703e-12 1.875000e+01 3.603223e-13 1.875000e+01 3.168622e-13 
1.865000e+01 7.662791e-13 1.865000e+01 1.140819e-12 1.865000e+01 3.885661e-13 1.865000e+01 3.415965e-13 
1.855000e+01 8.255048e-13 1.855000e+01 1.228233e-12 1.855000e+01 4.188069e-13 1.855000e+01 3.680870e-13 
1.845000e+01 8.898487e-13 1.845000e+01 1.322683e-12 1.845000e+01 4.513300e-13 1.845000e+01 3.967729e-13 
1.835000e+01 9.593112e-13 1.835000e+01 1.424913e-12 1.835000e+01 4.864209e-13 1.835000e+01 4.276542e-13 
1.825000e+01 1.033892e-12 1.825000e+01 1.534920e-12 1.825000e+01 5.243645e-13 1.825000e+01 4.608771e-13 
1.815000e+01 1.114322e-12 1.815000e+01 1.653447e-12 1.815000e+01 5.651611e-13 1.815000e+01 4.965881e-13 
1.805000e+01 1.201332e-12 1.805000e+01 1.781604e-12 1.805000e+01 6.090959e-13 1.805000e+01 5.352264e-13 
1.795000e+01 1.294924e-12 1.795000e+01 1.919392e-12 1.795000e+01 6.564541e-13 1.795000e+01 5.767917e-13 
1.785000e+01 1.395096e-12 1.785000e+01 2.067920e-12 1.785000e+01 7.075212e-13 1.785000e+01 6.215768e-13 
1.775000e+01 1.503311e-12 1.775000e+01 2.228301e-12 1.775000e+01 7.625824e-13 1.775000e+01 6.698744e-13 
1.765000e+01 1.620300e-12 1.765000e+01 2.400165e-12 1.765000e+01 8.219229e-13 1.765000e+01 7.218311e-13 
1.755000e+01 1.746063e-12 1.755000e+01 2.583881e-12 1.755000e+01 8.855427e-13 1.755000e+01 7.778857e-13 
1.745000e+01 1.881332e-12 1.745000e+01 2.780562e-12 1.745000e+01 9.545830e-13 1.745000e+01 8.383310e-13 
1.735000e+01 2.027569e-12 1.735000e+01 2.990576e-12 1.735000e+01 1.028473e-12 1.735000e+01 9.033134e-13 
1.725000e+01 2.185504e-12 1.725000e+01 3.215406e-12 1.725000e+01 1.108355e-12 1.725000e+01 9.732718e-13 
1.715000e+01 2.355138e-12 1.715000e+01 3.456534e-12 1.715000e+01 1.194513e-12 1.715000e+01 1.048792e-12 
1.705000e+01 2.537934e-12 1.705000e+01 3.715070e-12 1.705000e+01 1.287232e-12 1.705000e+01 1.130020e-12 
1.695000e+01 2.734622e-12 1.695000e+01 3.992867e-12 1.695000e+01 1.387084e-12 1.695000e+01 1.217541e-12 
1.685000e+01 2.945933e-12 1.685000e+01 4.289184e-12 1.685000e+01 1.494924e-12 1.685000e+01 1.311795e-12 
1.675000e+01 3.174793e-12 1.675000e+01 4.607724e-12 1.675000e+01 1.610752e-12 1.675000e+01 1.413366e-12 
1.665000e+01 3.420471e-12 1.665000e+01 4.952192e-12 1.665000e+01 1.735709e-12 1.665000e+01 1.522109e-12 
1.655000e+01 3.685890e-12 1.655000e+01 5.318884e-12 1.655000e+01 1.870366e-12 1.655000e+01 1.640658e-12 
1.645000e+01 3.971051e-12 1.645000e+01 5.715208e-12 1.645000e+01 2.015295e-12 1.645000e+01 1.767989e-12 
1.635000e+01 4.278879e-12 1.635000e+01 6.141163e-12 1.635000e+01 2.171634e-12 1.635000e+01 1.904100e-12 
1.625000e+01 4.610104e-12 1.625000e+01 6.604158e-12 1.625000e+01 2.339955e-12 1.625000e+01 2.051920e-12 
1.615000e+01 4.966921e-12 1.615000e+01 7.104193e-12 1.615000e+01 2.521115e-12 1.615000e+01 2.209986e-12 
1.605000e+01 5.351523e-12 1.605000e+01 7.641266e-12 1.605000e+01 2.716539e-12 1.605000e+01 2.381223e-12 
1.595000e+01 5.765373e-12 1.595000e+01 8.215380e-12 1.595000e+01 2.927084e-12 1.595000e+01 2.564169e-12 
1.585000e+01 6.211393e-12 1.585000e+01 8.833941e-12 1.585000e+01 3.152463e-12 1.585000e+01 2.763214e-12 
1.575000e+01 6.691780e-12 1.575000e+01 9.496949e-12 1.575000e+01 3.397814e-12 1.575000e+01 2.976895e-12 
1.565000e+01 7.210189e-12 1.565000e+01 1.020441e-11 1.565000e+01 3.660281e-12 1.565000e+01 3.205211e-12 
1.555000e+01 7.765156e-12 1.555000e+01 1.096372e-11 1.555000e+01 3.945572e-12 1.555000e+01 3.452554e-12 
1.545000e+01 8.364726e-12 1.545000e+01 1.177488e-11 1.545000e+01 4.250833e-12 1.545000e+01 3.718923e-12 
1.535000e+01 9.008167e-12 1.535000e+01 1.265643e-11 1.535000e+01 4.578918e-12 1.535000e+01 4.005782e-12 
1.525000e+01 9.710101e-12 1.525000e+01 1.361205e-11 1.525000e+01 4.932678e-12 1.525000e+01 4.314595e-12 
1.515000e+01 1.045591e-11 1.515000e+01 1.464916e-11 1.515000e+01 5.314968e-12 1.515000e+01 4.646824e-12 
1.505000e+01 1.126021e-11 1.505000e+01 1.576034e-11 1.505000e+01 5.725787e-12 1.505000e+01 5.005398e-12 
1.495000e+01 1.213031e-11 1.495000e+01 1.694931e-11 1.495000e+01 6.167987e-12 1.495000e+01 5.390316e-12 
1.485000e+01 1.306623e-11 1.485000e+01 1.821607e-11 1.485000e+01 6.647276e-12 1.485000e+01 5.805969e-12 
1.475000e+01 1.407526e-11 1.475000e+01 1.955690e-11 1.475000e+01 7.160800e-12 1.475000e+01 6.252357e-12 
1.465000e+01 1.516472e-11 1.465000e+01 2.098663e-11 1.465000e+01 7.714264e-12 1.465000e+01 6.732406e-12 
1.455000e+01 1.633461e-11 1.455000e+01 2.252377e-11 1.455000e+01 8.307670e-12 1.455000e+01 7.249046e-12 
1.445000e+01 1.759225e-11 1.445000e+01 2.417574e-11 1.445000e+01 8.949573e-12 1.445000e+01 7.805202e-12 
1.435000e+01 1.894493e-11 1.435000e+01 2.597216e-11 1.435000e+01 9.642830e-12 1.435000e+01 8.403800e-12 
1.425000e+01 2.040730e-11 1.425000e+01 2.792414e-11 1.425000e+01 1.039029e-11 1.425000e+01 9.047769e-12 
1.415000e+01 2.197934e-11 1.415000e+01 3.005392e-11 1.415000e+01 1.119481e-11 1.415000e+01 9.741500e-12 
1.405000e+01 2.367568e-11 1.405000e+01 3.234667e-11 1.405000e+01 1.206210e-11 1.405000e+01 1.048792e-11 
1.395000e+01 2.549633e-11 1.395000e+01 3.478758e-11 1.395000e+01 1.299500e-11 1.395000e+01 1.129142e-11 
1.385000e+01 2.745590e-11 1.385000e+01 3.737294e-11 1.385000e+01 1.400207e-11 1.385000e+01 1.215346e-11 
1.375000e+01 2.956901e-11 1.375000e+01 4.015091e-11 1.375000e+01 1.508618e-11 1.375000e+01 1.308136e-11 
1.365000e+01 3.185030e-11 1.365000e+01 4.311407e-11 1.365000e+01 1.625587e-11 1.365000e+01 1.407805e-11 
1.355000e+01 3.429976e-11 1.355000e+01 4.629948e-11 1.355000e+01 1.751686e-11 1.355000e+01 1.514792e-11 
1.345000e+01 3.693933e-11 1.345000e+01 4.978120e-11 1.345000e+01 1.888055e-11 1.345000e+01 1.630413e-11 
1.335000e+01 3.978363e-11 1.335000e+01 5.355923e-11 1.335000e+01 2.035264e-11 1.335000e+01 1.753353e-11 
1.325000e+01 4.285459e-11 1.325000e+01 5.763359e-11 1.325000e+01 2.194742e-11 1.325000e+01 1.886537e-11 
1.315000e+01 4.616685e-11 1.315000e+01 6.196723e-11 1.315000e+01 2.367058e-11 1.315000e+01 2.029967e-11 
1.305000e+01 4.974234e-11 1.305000e+01 6.659717e-11 1.305000e+01 2.553924e-11 1.305000e+01 2.182178e-11 
1.295000e+01 5.359566e-11 1.295000e+01 7.152344e-11 1.295000e+01 2.757050e-11 1.295000e+01 2.346097e-11 
1.285000e+01 5.774878e-11 1.285000e+01 7.674602e-11 1.285000e+01 2.978436e-11 1.285000e+01 2.520262e-11 
1.275000e+01 6.223093e-11 1.275000e+01 8.230196e-11 1.275000e+01 3.218080e-11 1.275000e+01 2.704671e-11 
1.265000e+01 6.709328e-11 1.265000e+01 8.833941e-11 1.265000e+01 3.483401e-11 1.265000e+01 2.900789e-11 
1.255000e+01 7.237973e-11 1.255000e+01 9.496950e-11 1.255000e+01 3.774397e-11 1.255000e+01 3.108616e-11 
1.245000e+01 7.816339e-11 1.245000e+01 1.021922e-10 1.245000e+01 4.096776e-11 1.245000e+01 3.329614e-11 
1.235000e+01 8.445156e-11 1.235000e+01 1.100817e-10 1.235000e+01 4.456242e-11 1.235000e+01 3.562321e-11 
1.225000e+01 9.125155e-11 1.225000e+01 1.186748e-10 1.225000e+01 4.849944e-11 1.225000e+01 3.811128e-11 
1.215000e+01 9.863648e-11 1.215000e+01 1.278977e-10 1.215000e+01 5.272174e-11 1.215000e+01 4.078960e-11 
1.205000e+01 1.064602e-10 1.205000e+01 1.375280e-10 1.205000e+01 5.711522e-11 1.205000e+01 4.368746e-11 
1.195000e+01 1.145763e-10 1.195000e+01 1.475287e-10 1.195000e+01 6.162281e-11 1.195000e+01 4.684877e-11 
1.185000e+01 1.231311e-10 1.185000e+01 1.580109e-10 1.185000e+01 6.618747e-11 1.185000e+01 5.030278e-11 
1.175000e+01 1.322709e-10 1.175000e+01 1.691968e-10 1.175000e+01 7.103741e-11 1.175000e+01 5.403488e-11 
1.165000e+01 1.420687e-10 1.165000e+01 1.813088e-10 1.165000e+01 7.625824e-11 1.165000e+01 5.804505e-11 
1.155000e+01 1.527440e-10 1.155000e+01 1.945319e-10 1.155000e+01 8.196405e-11 1.155000e+01 6.237721e-11 
1.145000e+01 1.642967e-10 1.145000e+01 2.089773e-10 1.145000e+01 8.815487e-11 1.145000e+01 6.707526e-11 
1.135000e+01 1.767999e-10 1.135000e+01 2.246081e-10 1.135000e+01 9.485919e-11 1.135000e+01 7.212457e-11 
1.125000e+01 1.902536e-10 1.125000e+01 2.412388e-10 1.125000e+01 1.020200e-10 1.125000e+01 7.755439e-11 
1.115000e+01 2.045848e-10 1.115000e+01 2.589067e-10 1.115000e+01 1.096943e-10 1.115000e+01 8.337939e-11 
1.105000e+01 2.199396e-10 1.105000e+01 2.776117e-10 1.105000e+01 1.178822e-10 1.105000e+01 8.961419e-11 
1.095000e+01 2.363181e-10 1.095000e+01 2.974649e-10 1.095000e+01 1.266691e-10 1.095000e+01 9.630268e-11 
1.085000e+01 2.539396e-10 1.085000e+01 3.186145e-10 1.085000e+01 1.360837e-10 1.085000e+01 1.034742e-10 
1.075000e+01 2.728041e-10 1.075000e+01 3.412086e-10 1.075000e+01 1.461830e-10 1.075000e+01 1.112018e-10 
1.065000e+01 2.929848e-10 1.065000e+01 3.653585e-10 1.065000e+01 1.570241e-10 1.065000e+01 1.194710e-10 
1.055000e+01 3.147008e-10 1.055000e+01 3.911380e-10 1.055000e+01 1.686354e-10 1.055000e+01 1.283694e-10 
1.045000e+01 3.379524e-10 1.045000e+01 4.189177e-10 1.045000e+01 1.811026e-10 1.045000e+01 1.379119e-10 
1.035000e+01 3.629589e-10 1.035000e+01 4.485493e-10 1.035000e+01 1.945113e-10 1.035000e+01 1.481129e-10 
1.025000e+01 3.900127e-10 1.025000e+01 4.804034e-10 1.025000e+01 2.089470e-10 1.025000e+01 1.592361e-10 
1.015000e+01 4.191869e-10 1.015000e+01 5.148503e-10 1.015000e+01 2.245239e-10 1.015000e+01 1.709446e-10 
1.005000e+01 4.507008e-10 1.005000e+01 5.518898e-10 1.005000e+01 2.412990e-10 1.005000e+01 1.836776e-10 
9.950000e+00 4.846276e-10 9.950000e+00 5.922630e-10 9.950000e+00 2.594150e-10 9.950000e+00 1.974351e-10 
9.850000e+00 5.210405e-10 9.850000e+00 6.352289e-10 9.850000e+00 2.788147e-10 9.850000e+00 2.120708e-10 
9.750000e+00 5.600125e-10 9.750000e+00 6.811579e-10 9.750000e+00 2.995554e-10 9.750000e+00 2.278773e-10 
9.650000e+00 6.016168e-10 9.650000e+00 7.300502e-10 9.650000e+00 3.218081e-10 9.650000e+00 2.447083e-10 
9.550000e+00 6.460727e-10 9.550000e+00 7.815352e-10 9.550000e+00 3.454871e-10 9.550000e+00 2.627102e-10 
9.450000e+00 6.935264e-10 9.450000e+00 8.359834e-10 9.450000e+00 3.708781e-10 9.450000e+00 2.821756e-10 
9.350000e+00 7.443436e-10 9.350000e+00 8.937652e-10 9.350000e+00 3.979807e-10 9.350000e+00 3.029583e-10 
9.250000e+00 7.984510e-10 9.250000e+00 9.552509e-10 9.250000e+00 4.270804e-10 9.250000e+00 3.252045e-10 
9.150000e+00 8.569456e-10 9.150000e+00 1.020811e-09 9.150000e+00 4.581771e-10 9.150000e+00 3.492070e-10 
9.050000e+00 9.183649e-10 9.050000e+00 1.091186e-09 9.050000e+00 4.915561e-10 9.050000e+00 3.749658e-10 
8.950000e+00 9.849026e-10 8.950000e+00 1.167117e-09 8.950000e+00 5.272174e-10 8.950000e+00 4.026272e-10 
8.850000e+00 1.056559e-09 8.850000e+00 1.249345e-09 8.850000e+00 5.657317e-10 8.850000e+00 4.323376e-10 
8.750000e+00 1.134064e-09 8.750000e+00 1.338240e-09 8.750000e+00 6.073842e-10 8.750000e+00 4.643897e-10 
8.650000e+00 1.216687e-09 8.650000e+00 1.434543e-09 8.650000e+00 6.518895e-10 8.650000e+00 4.989299e-10 
8.550000e+00 1.305891e-09 8.550000e+00 1.536772e-09 8.550000e+00 6.998184e-10 8.550000e+00 5.359582e-10 
8.450000e+00 1.400214e-09 8.450000e+00 1.645298e-09 8.450000e+00 7.511708e-10 8.450000e+00 5.757672e-10 
8.350000e+00 1.501117e-09 8.350000e+00 1.760492e-09 8.350000e+00 8.056612e-10 8.350000e+00 6.183570e-10 
8.250000e+00 1.610063e-09 8.250000e+00 1.884574e-09 8.250000e+00 8.647164e-10 8.250000e+00 6.643129e-10 
8.150000e+00 1.728515e-09 8.150000e+00 2.019398e-09 8.150000e+00 9.289068e-10 8.150000e+00 7.136351e-10 
8.050000e+00 1.864515e-09 8.050000e+00 2.167186e-09 8.050000e+00 9.985177e-10 8.050000e+00 7.669090e-10 
7.950000e+00 2.034149e-09 7.950000e+00 2.334235e-09 7.950000e+00 1.066132e-09 7.950000e+00 8.239880e-10 
7.850000e+00 2.246192e-09 7.850000e+00 2.523877e-09 7.850000e+00 1.131463e-09 7.850000e+00 8.857505e-10 
7.750000e+00 2.494063e-09 7.750000e+00 2.735744e-09 7.750000e+00 1.202786e-09 7.750000e+00 9.535137e-10 
7.650000e+00 2.775568e-09 7.650000e+00 2.976131e-09 7.650000e+00 1.281526e-09 7.650000e+00 1.028595e-09 
7.550000e+00 3.092901e-09 7.550000e+00 3.240963e-09 7.550000e+00 1.366258e-09 7.550000e+00 1.110701e-09 
7.450000e+00 3.447524e-09 7.450000e+00 3.523946e-09 7.450000e+00 1.455554e-09 7.450000e+00 1.199246e-09 
7.350000e+00 3.846750e-09 7.350000e+00 3.833597e-09 7.350000e+00 1.551697e-09 7.350000e+00 1.295549e-09 
7.250000e+00 4.297889e-09 7.250000e+00 4.178065e-09 7.250000e+00 1.655542e-09 7.250000e+00 1.400926e-09 
7.150000e+00 4.799481e-09 7.150000e+00 4.537349e-09 7.150000e+00 1.763668e-09 7.150000e+00 1.514792e-09 
7.050000e+00 5.330319e-09 7.050000e+00 4.904041e-09 7.050000e+00 1.876928e-09 7.050000e+00 1.637731e-09 
6.950000e+00 5.832641e-09 6.950000e+00 5.307772e-09 6.950000e+00 1.999888e-09 6.950000e+00 1.773843e-09 
6.850000e+00 6.291093e-09 6.850000e+00 5.741135e-09 6.850000e+00 2.131693e-09 6.850000e+00 1.923127e-09 
6.750000e+00 6.764168e-09 6.750000e+00 6.218946e-09 6.750000e+00 2.274909e-09 6.750000e+00 2.085583e-09 
6.650000e+00 7.305243e-09 6.650000e+00 6.793060e-09 6.650000e+00 2.439237e-09 6.650000e+00 2.271455e-09 
6.550000e+00 7.926017e-09 6.550000e+00 7.500516e-09 6.550000e+00 2.629525e-09 6.550000e+00 2.480745e-09 
6.450000e+00 8.627951e-09 6.450000e+00 8.330202e-09 6.450000e+00 2.843208e-09 6.450000e+00 2.714916e-09 
6.350000e+00 9.410316e-09 6.350000e+00 9.293232e-09 6.350000e+00 3.081141e-09 6.350000e+00 2.976895e-09 
6.250000e+00 1.026580e-08 6.250000e+00 1.037849e-08 6.250000e+00 3.340755e-09 6.250000e+00 3.265217e-09 
6.150000e+00 1.117247e-08 6.150000e+00 1.150450e-08 6.150000e+00 3.600370e-09 6.150000e+00 3.571102e-09 
6.050000e+00 1.207182e-08 6.050000e+00 1.266013e-08 6.050000e+00 3.868544e-09 6.050000e+00 3.897478e-09 
5.950000e+00 1.282494e-08 5.950000e+00 1.357501e-08 5.950000e+00 4.162393e-09 5.950000e+00 4.228244e-09 
5.850000e+00 1.340257e-08 5.850000e+00 1.422320e-08 5.850000e+00 4.481919e-09 5.850000e+00 4.559010e-09 
5.750000e+00 1.394365e-08 5.750000e+00 1.494918e-08 5.750000e+00 4.829973e-09 5.750000e+00 4.919048e-09 
5.650000e+00 1.451397e-08 5.650000e+00 1.581220e-08 5.650000e+00 5.215116e-09 5.650000e+00 5.317137e-09 
5.550000e+00 1.512085e-08 5.550000e+00 1.684190e-08 5.550000e+00 5.643053e-09 5.550000e+00 5.754744e-09 
5.450000e+00 1.577160e-08 5.450000e+00 1.804939e-08 5.450000e+00 6.110929e-09 5.450000e+00 6.242112e-09 
5.350000e+00 1.646622e-08 5.350000e+00 1.936430e-08 5.350000e+00 6.624453e-09 5.350000e+00 6.783631e-09 
5.250000e+00 1.720472e-08 5.250000e+00 2.070883e-08 5.250000e+00 7.195035e-09 5.250000e+00 7.385156e-09 
5.150000e+00 1.800171e-08 5.150000e+00 2.206818e-08 5.150000e+00 7.819821e-09 5.150000e+00 8.056935e-09 
5.050000e+00 1.885719e-08 5.050000e+00 2.345717e-08 5.050000e+00 8.510225e-09 5.050000e+00 8.809208e-09 
4.950000e+00 1.983697e-08 4.950000e+00 2.470911e-08 4.950000e+00 9.229158e-09 4.950000e+00 9.472204e-09 
4.850000e+00 2.094837e-08 4.850000e+00 2.583141e-08 4.850000e+00 9.973767e-09 4.850000e+00 1.001372e-08 
4.750000e+00 2.216214e-08 4.750000e+00 2.704260e-08 4.750000e+00 1.079826e-08 4.750000e+00 1.059915e-08 
4.650000e+00 2.347826e-08 4.650000e+00 2.830565e-08 4.650000e+00 1.170548e-08 4.650000e+00 1.123434e-08 
4.550000e+00 2.490407e-08 4.550000e+00 2.959092e-08 4.550000e+00 1.270971e-08 4.550000e+00 1.192221e-08 
4.450000e+00 2.645418e-08 4.450000e+00 3.100584e-08 4.450000e+00 1.383375e-08 4.450000e+00 1.267595e-08 
4.350000e+00 2.814321e-08 4.350000e+00 3.256891e-08 4.350000e+00 1.509188e-08 4.350000e+00 1.349555e-08 
4.250000e+00 2.997116e-08 4.250000e+00 3.432458e-08 4.250000e+00 1.650693e-08 4.250000e+00 1.439857e-08 
4.150000e+00 3.196729e-08 4.150000e+00 3.640621e-08 4.150000e+00 1.812453e-08 4.150000e+00 1.539672e-08 
4.050000e+00 3.412428e-08 4.050000e+00 3.892860e-08 4.050000e+00 1.998462e-08 4.050000e+00 1.650903e-08 
3.950000e+00 3.640557e-08 3.950000e+00 4.152137e-08 3.950000e+00 2.166213e-08 3.950000e+00 1.763598e-08 
3.850000e+00 3.882578e-08 3.850000e+00 4.392895e-08 3.850000e+00 2.305435e-08 3.850000e+00 1.879219e-08 
3.750000e+00 4.145804e-08 3.750000e+00 4.641059e-08 3.750000e+00 2.457210e-08 3.750000e+00 2.005086e-08 
3.650000e+00 4.436082e-08 3.650000e+00 4.896633e-08 3.650000e+00 2.622964e-08 3.650000e+00 2.145589e-08 
3.550000e+00 4.756341e-08 3.550000e+00 5.159614e-08 3.550000e+00 2.803267e-08 3.550000e+00 2.300727e-08 
3.450000e+00 5.109502e-08 3.450000e+00 5.478154e-08 3.450000e+00 3.006965e-08 3.450000e+00 2.473428e-08 
3.350000e+00 5.500685e-08 3.350000e+00 5.841143e-08 3.350000e+00 3.232345e-08 3.350000e+00 2.668082e-08 
3.250000e+00 5.937932e-08 3.250000e+00 6.248577e-08 3.250000e+00 3.489107e-08 3.250000e+00 2.886154e-08 
3.150000e+00 6.427823e-08 3.150000e+00 6.711572e-08 3.150000e+00 3.780103e-08 3.150000e+00 3.133496e-08 
3.050000e+00 6.951350e-08 3.050000e+00 7.222719e-08 3.050000e+00 4.111041e-08 3.050000e+00 3.420355e-08 
2.950000e+00 7.443435e-08 2.950000e+00 7.700529e-08 2.950000e+00 4.396332e-08 2.950000e+00 3.721850e-08 
2.850000e+00 7.896769e-08 2.850000e+00 8.189453e-08 2.850000e+00 4.624564e-08 2.850000e+00 4.040907e-08 
2.750000e+00 8.357414e-08 2.750000e+00 8.715414e-08 2.750000e+00 4.878472e-08 2.750000e+00 4.412653e-08 
2.650000e+00 8.861930e-08 2.650000e+00 9.248784e-08 2.650000e+00 5.152352e-08 2.650000e+00 4.837088e-08 
2.550000e+00 9.424941e-08 2.550000e+00 9.834010e-08 2.550000e+00 5.454760e-08 2.550000e+00 5.320065e-08 
2.450000e+00 1.003913e-07 2.450000e+00 1.050443e-07 2.450000e+00 5.788550e-08 2.450000e+00 5.876220e-08 
2.350000e+00 1.071913e-07 2.350000e+00 1.128226e-07 2.350000e+00 6.159429e-08 2.350000e+00 6.515798e-08 
2.250000e+00 1.147225e-07 2.250000e+00 1.222677e-07 2.250000e+00 6.578806e-08 2.250000e+00 7.259291e-08 
2.150000e+00 1.229849e-07 2.150000e+00 1.330832e-07 2.150000e+00 7.040977e-08 2.150000e+00 8.137432e-08 
2.050000e+00 1.315397e-07 2.050000e+00 1.454544e-07 2.050000e+00 7.563060e-08 2.050000e+00 9.170709e-08 
1.950000e+00 1.403139e-07 1.950000e+00 1.576034e-07 1.950000e+00 8.079436e-08 1.950000e+00 1.012788e-07 
1.850000e+00 1.497461e-07 1.850000e+00 1.688635e-07 1.850000e+00 8.561577e-08 1.850000e+00 1.097821e-07 
1.750000e+00 1.602020e-07 1.750000e+00 1.811236e-07 1.750000e+00 9.100776e-08 1.750000e+00 1.190612e-07 
1.650000e+00 1.716816e-07 1.650000e+00 1.954949e-07 1.650000e+00 9.717005e-08 1.650000e+00 1.288963e-07 
1.550000e+00 1.846235e-07 1.550000e+00 2.127554e-07 1.550000e+00 1.042453e-07 1.550000e+00 1.389510e-07 
1.450000e+00 1.995396e-07 1.450000e+00 2.296824e-07 1.450000e+00 1.110637e-07 1.450000e+00 1.481129e-07 
1.350000e+00 2.165762e-07 1.350000e+00 2.453502e-07 1.350000e+00 1.178822e-07 1.350000e+00 1.557235e-07 
1.250000e+00 2.363181e-07 1.250000e+00 2.632403e-07 1.250000e+00 1.254709e-07 1.250000e+00 1.643585e-07 
1.150000e+00 2.600084e-07 1.150000e+00 2.828713e-07 1.150000e+00 1.339440e-07 1.150000e+00 1.754816e-07 
1.050000e+00 2.876471e-07 1.050000e+00 3.040950e-07 1.050000e+00 1.435013e-07 1.050000e+00 1.902637e-07 
9.800000e-01 3.092901e-07 9.800000e-01 3.198368e-07 9.800000e-01 1.513753e-07 9.800000e-01 2.029967e-07 
9.400000e-01 3.225245e-07 9.400000e-01 3.289115e-07 9.400000e-01 1.565391e-07 9.400000e-01 2.116318e-07 
9.000000e-01 3.368557e-07 9.000000e-01 3.376529e-07 9.000000e-01 1.616173e-07 9.000000e-01 2.218767e-07 
8.600000e-01 3.523567e-07 8.600000e-01 3.466164e-07 8.600000e-01 1.679222e-07 8.600000e-01 2.313899e-07 
8.200000e-01 3.696126e-07 8.200000e-01 3.557282e-07 8.200000e-01 1.749688e-07 8.200000e-01 2.413421e-07 
7.800000e-01 3.884771e-07 7.800000e-01 3.654326e-07 7.800000e-01 1.824720e-07 7.800000e-01 2.527579e-07 
7.400000e-01 4.091696e-07 7.400000e-01 3.752110e-07 7.400000e-01 1.906313e-07 7.400000e-01 2.657837e-07 
7.050000e-01 4.289846e-07 7.050000e-01 3.844709e-07 7.050000e-01 1.989618e-07 7.050000e-01 2.758823e-07 
6.750000e-01 4.479223e-07 6.750000e-01 3.952123e-07 6.750000e-01 2.058944e-07 6.750000e-01 2.852491e-07 
6.450000e-01 4.685416e-07 6.450000e-01 4.092874e-07 6.450000e-01 2.127699e-07 6.450000e-01 2.963722e-07 
6.150000e-01 4.909158e-07 6.150000e-01 4.259552e-07 6.150000e-01 2.192745e-07 6.150000e-01 3.107152e-07 
5.875000e-01 5.140212e-07 5.875000e-01 4.418823e-07 5.875000e-01 2.261786e-07 5.875000e-01 3.238873e-07 
5.625000e-01 5.356641e-07 5.625000e-01 4.570685e-07 5.625000e-01 2.331396e-07 5.625000e-01 3.363276e-07 
5.375000e-01 5.581114e-07 5.375000e-01 4.748475e-07 5.375000e-01 2.406428e-07 5.375000e-01 3.502315e-07 
5.125000e-01 5.820942e-07 5.125000e-01 4.926264e-07 5.125000e-01 2.489733e-07 5.125000e-01 3.644281e-07 
4.875000e-01 6.054189e-07 4.875000e-01 5.063312e-07 4.875000e-01 2.591867e-07 4.875000e-01 3.758439e-07 
4.625000e-01 6.272813e-07 4.625000e-01 5.218877e-07 4.625000e-01 2.699992e-07 4.625000e-01 3.904796e-07 
4.375000e-01 6.498017e-07 4.375000e-01 5.378147e-07 4.375000e-01 2.815821e-07 4.375000e-01 4.065788e-07 
4.125000e-01 6.746619e-07 4.125000e-01 5.589274e-07 4.125000e-01 2.947054e-07 4.125000e-01 4.251661e-07 
3.900000e-01 6.993027e-07 3.900000e-01 5.822622e-07 3.900000e-01 3.075435e-07 3.900000e-01 4.444852e-07 
3.700000e-01 7.234318e-07 3.700000e-01 6.074492e-07 3.700000e-01 3.203816e-07 3.700000e-01 4.646824e-07 
3.500000e-01 7.501930e-07 3.500000e-01 6.315249e-07 3.500000e-01 3.343608e-07 3.500000e-01 4.838551e-07 
3.300000e-01 7.794404e-07 3.300000e-01 6.618974e-07 3.300000e-01 3.500519e-07 3.300000e-01 5.058087e-07 
3.100000e-01 8.094188e-07 3.100000e-01 6.974554e-07 3.100000e-01 3.677399e-07 3.100000e-01 5.311284e-07 
2.900000e-01 8.364725e-07 2.900000e-01 7.274575e-07 2.900000e-01 3.865691e-07 2.900000e-01 5.615705e-07 
2.750000e-01 8.540209e-07 2.750000e-01 7.415325e-07 2.750000e-01 4.008336e-07 2.750000e-01 5.858658e-07 
2.625000e-01 8.679133e-07 2.625000e-01 7.537555e-07 2.625000e-01 4.139570e-07 2.625000e-01 6.076728e-07 
2.475000e-01 8.854618e-07 2.475000e-01 7.759793e-07 2.475000e-01 4.313597e-07 2.475000e-01 6.438230e-07 
2.350000e-01 9.008167e-07 2.350000e-01 7.926472e-07 2.350000e-01 4.470507e-07 2.350000e-01 6.739724e-07 
2.250000e-01 9.139779e-07 2.250000e-01 8.041293e-07 2.250000e-01 4.601741e-07 2.250000e-01 6.981213e-07 
2.150000e-01 9.286015e-07 2.150000e-01 8.174636e-07 2.150000e-01 4.738680e-07 2.150000e-01 7.263682e-07 
2.050000e-01 9.432252e-07 2.050000e-01 8.411689e-07 2.050000e-01 4.895590e-07 2.050000e-01 7.682261e-07 
1.950000e-01 9.549241e-07 1.950000e-01 8.541328e-07 1.950000e-01 5.075324e-07 1.950000e-01 7.998393e-07 
1.850000e-01 9.636982e-07 1.850000e-01 8.611703e-07 1.850000e-01 5.283586e-07 1.850000e-01 8.276471e-07 
1.750000e-01 9.724724e-07 1.750000e-01 8.730230e-07 1.750000e-01 5.526083e-07 1.750000e-01 8.592600e-07 
1.650000e-01 9.812466e-07 1.650000e-01 8.804309e-07 1.650000e-01 5.799962e-07 1.650000e-01 8.851650e-07 
1.550000e-01 9.892897e-07 1.550000e-01 8.874684e-07 1.550000e-01 6.119488e-07 1.550000e-01 9.107776e-07 
1.462500e-01 9.914833e-07 1.462500e-01 8.930244e-07 1.462500e-01 6.421895e-07 1.462500e-01 9.381463e-07 
1.387500e-01 9.870961e-07 1.387500e-01 8.959876e-07 1.387500e-01 6.681511e-07 1.387500e-01 9.712229e-07 
1.312500e-01 9.797843e-07 1.312500e-01 8.748750e-07 1.312500e-01 6.912596e-07 1.312500e-01 9.731255e-07 
1.237500e-01 9.724724e-07 1.237500e-01 8.830238e-07 1.237500e-01 7.215004e-07 1.237500e-01 1.024789e-06 
1.175000e-01 9.658918e-07 1.175000e-01 8.837645e-07 1.175000e-01 7.480326e-07 1.175000e-01 1.062696e-06 
1.125000e-01 9.600424e-07 1.125000e-01 8.833941e-07 1.125000e-01 7.711411e-07 1.125000e-01 1.095919e-06 
1.075000e-01 9.519994e-07 1.075000e-01 8.848757e-07 1.075000e-01 7.959613e-07 1.075000e-01 1.129142e-06 
1.025000e-01 9.403005e-07 1.025000e-01 9.308047e-07 1.025000e-01 8.287698e-07 1.025000e-01 1.232323e-06 
9.800000e-02 9.234833e-07 9.800000e-02 9.348791e-07 9.800000e-02 8.558725e-07 9.800000e-02 1.274327e-06 
9.400000e-02 9.030102e-07 9.400000e-02 9.489542e-07 9.400000e-02 8.829751e-07 9.400000e-02 1.329504e-06 
9.000000e-02 8.825370e-07 9.000000e-02 9.478429e-07 9.000000e-02 9.123600e-07 9.000000e-02 1.374143e-06 
8.600000e-02 8.657199e-07 8.600000e-02 9.385831e-07 8.600000e-02 9.440273e-07 8.600000e-02 1.418050e-06 
8.200000e-02 8.481715e-07 8.200000e-02 9.289528e-07 8.200000e-02 9.799741e-07 8.200000e-02 1.467957e-06 
7.799999e-02 8.298919e-07 7.799999e-02 9.215448e-07 7.799999e-02 1.017632e-06 7.799999e-02 1.520646e-06 
7.400000e-02 8.086876e-07 7.400000e-02 9.048771e-07 7.400000e-02 1.059570e-06 7.400000e-02 1.573334e-06 
7.050000e-02 7.882145e-07 7.050000e-02 8.896909e-07 7.050000e-02 1.098655e-06 7.050000e-02 1.627486e-06 
6.750000e-02 7.670103e-07 6.750000e-02 8.704303e-07 6.750000e-02 1.131178e-06 6.750000e-02 1.678711e-06 
6.450000e-02 7.450748e-07 6.450000e-02 8.426506e-07 6.450000e-02 1.163131e-06 6.450000e-02 1.731399e-06 
6.150000e-02 7.237973e-07 6.150000e-02 8.004254e-07 6.150000e-02 1.193371e-06 6.150000e-02 1.782624e-06 
5.875000e-02 7.075650e-07 5.875000e-02 7.304206e-07 5.875000e-02 1.220759e-06 5.875000e-02 1.734327e-06 
5.625000e-02 6.918447e-07 5.625000e-02 6.993074e-07 5.625000e-02 1.252141e-06 5.625000e-02 1.767988e-06 
5.375000e-02 6.732726e-07 5.375000e-02 6.711573e-07 5.375000e-02 1.290370e-06 5.375000e-02 1.822140e-06 
5.125000e-02 6.551393e-07 5.125000e-02 6.441184e-07 5.125000e-02 1.331738e-06 5.125000e-02 1.882147e-06 
4.875000e-02 6.326189e-07 4.875000e-02 6.278210e-07 4.875000e-02 1.385372e-06 4.875000e-02 1.964106e-06 
4.625000e-02 6.026404e-07 4.625000e-02 6.378217e-07 4.625000e-02 1.450989e-06 4.625000e-02 2.149979e-06 
4.375000e-02 5.712727e-07 4.375000e-02 6.263394e-07 4.375000e-02 1.513182e-06 4.375000e-02 2.265601e-06 
4.125000e-02 5.426104e-07 4.125000e-02 6.041155e-07 4.125000e-02 1.576802e-06 4.125000e-02 2.360733e-06 
3.900000e-02 5.165803e-07 3.900000e-02 5.452227e-07 3.900000e-02 1.618740e-06 3.900000e-02 2.258283e-06 
3.700000e-02 4.945717e-07 3.700000e-02 5.241101e-07 3.700000e-02 1.679222e-06 3.700000e-02 2.332925e-06 
3.500000e-02 4.735136e-07 3.500000e-02 4.996640e-07 3.500000e-02 1.744268e-06 3.500000e-02 2.397322e-06 
3.300000e-02 4.520169e-07 3.300000e-02 4.855889e-07 3.300000e-02 1.818729e-06 3.300000e-02 2.529043e-06 
3.100000e-02 4.300814e-07 3.100000e-02 4.652172e-07 3.100000e-02 1.898896e-06 3.100000e-02 2.634420e-06 
2.900000e-02 4.083653e-07 2.900000e-02 4.855889e-07 2.900000e-02 2.018718e-06 2.900000e-02 2.988603e-06 
2.750000e-02 3.924986e-07 2.750000e-02 4.744771e-07 2.750000e-02 2.097173e-06 2.750000e-02 3.099834e-06 
2.625000e-02 3.776557e-07 2.625000e-02 4.689211e-07 2.625000e-02 2.172490e-06 2.625000e-02 3.225701e-06 
2.475000e-02 3.598879e-07 2.475000e-02 4.496606e-07 2.475000e-02 2.268632e-06 2.475000e-02 3.298879e-06 
2.350000e-02 3.436557e-07 2.350000e-02 4.422526e-07 2.350000e-02 2.360782e-06 2.350000e-02 3.443772e-06 
2.250000e-02 3.304213e-07 2.250000e-02 4.407710e-07 2.250000e-02 2.435813e-06 2.250000e-02 3.610619e-06 
2.150000e-02 3.182105e-07 2.150000e-02 4.344743e-07 2.150000e-02 2.515694e-06 2.150000e-02 3.736486e-06 
2.050000e-02 3.078278e-07 2.050000e-02 4.274368e-07 2.050000e-02 2.598429e-06 2.050000e-02 3.874061e-06 
1.950000e-02 2.960557e-07 1.950000e-02 4.300296e-07 1.950000e-02 2.686298e-06 1.950000e-02 4.097987e-06 
1.850000e-02 2.847955e-07 1.850000e-02 4.211401e-07 1.850000e-02 2.783868e-06 1.850000e-02 4.193119e-06 
1.750000e-02 2.730235e-07 1.750000e-02 4.122506e-07 1.750000e-02 2.901408e-06 1.750000e-02 4.343866e-06 
1.650000e-02 2.586923e-07 1.650000e-02 4.089170e-07 1.650000e-02 3.026936e-06 1.650000e-02 4.567792e-06 
1.550000e-02 2.437762e-07 1.550000e-02 4.018794e-07 1.550000e-02 3.169581e-06 1.550000e-02 4.768301e-06 
1.462500e-02 2.317117e-07 1.462500e-02 3.818781e-07 1.462500e-02 3.320785e-06 1.462500e-02 4.835624e-06 
1.387500e-02 2.212557e-07 1.387500e-02 3.796557e-07 1.387500e-02 3.440607e-06 1.387500e-02 5.024424e-06 
1.312500e-02 2.107267e-07 1.312500e-02 3.755814e-07 1.312500e-02 3.571841e-06 1.312500e-02 5.232251e-06 
1.237500e-02 2.011482e-07 1.237500e-02 3.654696e-07 1.237500e-02 3.723045e-06 1.237500e-02 5.423978e-06 
1.175000e-02 1.939096e-07 1.175000e-02 3.740998e-07 1.175000e-02 3.851426e-06 1.175000e-02 5.803041e-06 
1.125000e-02 1.874752e-07 1.125000e-02 3.740998e-07 1.125000e-02 3.959836e-06 1.125000e-02 6.025504e-06 
1.075000e-02 1.805289e-07 1.075000e-02 3.729886e-07 1.075000e-02 4.113893e-06 1.075000e-02 6.306509e-06 
1.025000e-02 1.724128e-07 1.025000e-02 3.679883e-07 1.025000e-02 4.265098e-06 1.025000e-02 6.502627e-06 
9.800000e-03 1.651741e-07 9.800000e-03 3.722478e-07 9.800000e-03 4.396332e-06 9.800000e-03 6.868519e-06 
9.400001e-03 1.591784e-07 9.400001e-03 3.671364e-07 9.400001e-03 4.530418e-06 9.400001e-03 6.959260e-06 
9.000000e-03 1.536945e-07 9.000000e-03 3.665808e-07 9.000000e-03 4.678769e-06 9.000000e-03 7.184648e-06 
8.600000e-03 1.469676e-07 8.600000e-03 3.595062e-07 8.600000e-03 4.824268e-06 8.600000e-03 7.254900e-06 
8.200000e-03 1.407526e-07 8.200000e-03 3.568394e-07 8.200000e-03 4.989736e-06 8.200000e-03 7.423210e-06 
7.800000e-03 1.350494e-07 7.800000e-03 3.426161e-07 7.800000e-03 5.166617e-06 7.800000e-03 7.241727e-06 
7.400000e-03 1.288343e-07 7.400000e-03 3.464683e-07 7.400000e-03 5.372026e-06 7.400000e-03 7.724705e-06 
7.050000e-03 1.237892e-07 7.050000e-03 3.451348e-07 7.050000e-03 5.543201e-06 7.050000e-03 7.900333e-06 
6.750000e-03 1.207913e-07 6.750000e-03 3.493203e-07 6.750000e-03 5.728639e-06 6.750000e-03 8.154994e-06 
6.450000e-03 1.169892e-07 6.450000e-03 3.505426e-07 6.450000e-03 6.028195e-06 6.450000e-03 8.416971e-06 
6.150000e-03 1.131139e-07 6.150000e-03 3.485055e-07 6.150000e-03 6.324897e-06 6.150000e-03 8.686269e-06 
5.875000e-03 1.091655e-07 5.875000e-03 3.313561e-07 5.875000e-03 6.658688e-06 5.875000e-03 8.396481e-06 
5.625000e-03 1.063870e-07 5.625000e-03 3.177256e-07 5.625000e-03 6.949684e-06 5.625000e-03 8.435999e-06 
5.375000e-03 1.037548e-07 5.375000e-03 3.316895e-07 5.375000e-03 7.237828e-06 5.375000e-03 8.613090e-06 
5.125000e-03 1.018537e-07 5.125000e-03 3.343934e-07 5.125000e-03 7.511707e-06 5.125000e-03 8.959956e-06 
4.875000e-03 9.958703e-08 4.875000e-03 3.460238e-07 4.875000e-03 7.856908e-06 4.875000e-03 9.688812e-06 
4.625000e-03 9.732036e-08 4.625000e-03 3.533576e-07 4.625000e-03 8.082288e-06 4.625000e-03 1.014105e-05 
4.375000e-03 9.388381e-08 4.375000e-03 3.572838e-07 4.375000e-03 8.376138e-06 4.375000e-03 1.042791e-05 
4.125000e-03 9.030101e-08 4.125000e-03 3.558764e-07 4.125000e-03 8.669988e-06 4.125000e-03 1.071770e-05 
3.900000e-03 8.620639e-08 3.900000e-03 3.639139e-07 3.900000e-03 8.972396e-06 3.900000e-03 1.120360e-05 
3.700000e-03 8.225802e-08 3.700000e-03 3.687661e-07 3.700000e-03 9.097924e-06 3.700000e-03 1.155486e-05 
3.500000e-03 7.809027e-08 3.500000e-03 3.590617e-07 3.500000e-03 9.246276e-06 3.500000e-03 1.122116e-05 
3.300000e-03 7.458060e-08 3.300000e-03 3.522094e-07 3.300000e-03 9.406038e-06 3.300000e-03 1.096651e-05 
3.100000e-03 7.072727e-08 3.100000e-03 3.564319e-07 3.100000e-03 9.759799e-06 3.100000e-03 1.129581e-05 
2.900000e-03 6.634748e-08 2.900000e-03 3.637657e-07 2.900000e-03 1.037317e-05 2.900000e-03 1.162365e-05 
2.750000e-03 6.473157e-08 2.750000e-03 3.718774e-07 2.750000e-03 1.071838e-05 2.750000e-03 1.181976e-05 
2.625000e-03 6.386877e-08 2.625000e-03 3.829893e-07 2.625000e-03 1.108640e-05 2.625000e-03 1.220615e-05 
2.475000e-03 6.231136e-08 2.475000e-03 3.996572e-07 2.475000e-03 1.167695e-05 2.475000e-03 1.279304e-05 
2.350000e-03 6.185071e-08 2.350000e-03 4.155841e-07 2.350000e-03 1.225895e-05 2.350000e-03 1.332138e-05 
2.250000e-03 6.231136e-08 2.250000e-03 4.341039e-07 2.250000e-03 1.274109e-05 2.250000e-03 1.391413e-05 
2.150000e-03 6.207006e-08 2.150000e-03 4.504014e-07 2.150000e-03 1.343149e-05 2.150000e-03 1.453029e-05 
2.050000e-03 6.208469e-08 2.050000e-03 4.626244e-07 2.050000e-03 1.402775e-05 2.050000e-03 1.513328e-05 
1.950000e-03 6.301329e-08 1.950000e-03 4.792923e-07 1.950000e-03 1.473527e-05 1.950000e-03 1.579188e-05 
1.850000e-03 6.509716e-08 1.850000e-03 5.015159e-07 1.850000e-03 1.553694e-05 1.850000e-03 1.645049e-05 
1.750000e-03 6.854835e-08 1.750000e-03 5.267029e-07 1.750000e-03 1.589355e-05 1.750000e-03 1.712373e-05 
1.650000e-03 7.171435e-08 1.650000e-03 5.585569e-07 1.650000e-03 1.665813e-05 1.650000e-03 1.792869e-05 
1.550000e-03 7.465371e-08 1.550000e-03 5.930037e-07 1.550000e-03 1.769088e-05 1.550000e-03 1.877756e-05 
1.462500e-03 7.743220e-08 1.462500e-03 6.289321e-07 1.462500e-03 1.867229e-05 1.462500e-03 1.961179e-05 
1.387500e-03 8.013759e-08 1.387500e-03 6.674533e-07 1.387500e-03 1.961660e-05 1.387500e-03 2.043139e-05 
1.312500e-03 8.328167e-08 1.312500e-03 7.144936e-07 1.312500e-03 2.060656e-05 1.312500e-03 2.132417e-05 
1.237500e-03 8.657199e-08 1.237500e-03 8.141301e-07 1.237500e-03 2.077488e-05 1.237500e-03 2.242184e-05 
1.175000e-03 8.942359e-08 1.175000e-03 8.711711e-07 1.175000e-03 2.135116e-05 1.175000e-03 2.366587e-05 
1.125000e-03 9.183650e-08 1.125000e-03 9.078402e-07 1.125000e-03 2.217565e-05 1.125000e-03 2.438302e-05 
1.075000e-03 9.424941e-08 1.075000e-03 9.474726e-07 1.075000e-03 2.332823e-05 1.075000e-03 2.515871e-05 
1.025000e-03 9.732036e-08 1.025000e-03 9.900681e-07 1.025000e-03 2.437240e-05 1.025000e-03 2.597831e-05 
9.800000e-04 1.006838e-07 9.800000e-04 1.028219e-06 9.800000e-04 2.571041e-05 9.800000e-04 2.690035e-05 
9.400000e-04 1.043397e-07 9.400000e-04 1.002291e-06 9.400000e-04 2.830941e-05 9.400000e-04 2.706135e-05 
9.000000e-04 1.087999e-07 9.000000e-04 1.037849e-06 9.000000e-04 2.989848e-05 9.000000e-04 2.811511e-05 
8.600000e-04 1.140644e-07 8.600000e-04 1.081926e-06 8.600000e-04 3.081141e-05 8.600000e-04 2.924206e-05 
8.200000e-04 1.194021e-07 8.200000e-04 1.131559e-06 8.200000e-04 3.215227e-05 8.200000e-04 3.033974e-05 
7.800000e-04 1.251784e-07 7.800000e-04 1.203046e-06 7.800000e-04 3.369285e-05 7.800000e-04 3.174476e-05 
7.400000e-04 1.310279e-07 7.400000e-04 1.268606e-06 7.400000e-04 3.537606e-05 7.400000e-04 3.309124e-05 
7.050000e-04 1.355612e-07 7.050000e-04 1.331573e-06 7.050000e-04 3.748721e-05 7.050000e-04 3.430600e-05 
6.750000e-04 1.374623e-07 6.750000e-04 1.392318e-06 6.750000e-04 3.897072e-05 6.750000e-04 3.538905e-05 
6.450000e-04 1.351956e-07 6.450000e-04 1.461952e-06 6.450000e-04 4.225157e-05 6.450000e-04 3.661844e-05 
6.150000e-04 1.365849e-07 6.150000e-04 1.519364e-06 6.150000e-04 4.390625e-05 6.150000e-04 3.768684e-05 
5.875000e-04 1.404601e-07 5.875000e-04 1.590850e-06 5.875000e-04 4.553241e-05 5.875000e-04 3.887233e-05 
5.625000e-04 1.440429e-07 5.625000e-04 1.654929e-06 5.625000e-04 4.715857e-05 5.625000e-04 3.997000e-05 
5.375000e-04 1.503311e-07 5.375000e-04 1.735675e-06 5.375000e-04 4.892737e-05 5.375000e-04 4.127258e-05 
5.125000e-04 1.625418e-07 5.125000e-04 1.863462e-06 5.125000e-04 4.787180e-05 5.125000e-04 4.494613e-05 
4.875000e-04 1.724859e-07 4.875000e-04 1.970506e-06 4.875000e-04 4.827121e-05 4.875000e-04 4.623407e-05 
4.625000e-04 1.801633e-07 4.625000e-04 2.106441e-06 4.625000e-04 4.992590e-05 4.625000e-04 4.753665e-05 
4.375000e-04 1.884257e-07 4.375000e-04 2.261267e-06 4.375000e-04 5.169470e-05 4.375000e-04 4.880995e-05 
4.125000e-04 1.973461e-07 4.125000e-04 2.441649e-06 4.125000e-04 5.317821e-05 4.125000e-04 4.998080e-05 
3.900000e-04 2.061934e-07 3.900000e-04 2.622032e-06 3.900000e-04 5.449055e-05 3.900000e-04 4.999544e-05 
3.700000e-04 2.148214e-07 3.700000e-04 2.791674e-06 3.700000e-04 5.685846e-05 3.700000e-04 5.151755e-05 
3.500000e-04 2.243999e-07 3.500000e-04 2.975019e-06 3.500000e-04 5.979696e-05 3.500000e-04 5.324456e-05 
3.300000e-04 2.346364e-07 3.300000e-04 3.179848e-06 3.300000e-04 6.316338e-05 3.300000e-04 5.519110e-05 
3.100000e-04 2.456773e-07 3.100000e-04 3.415050e-06 3.100000e-04 6.690070e-05 3.100000e-04 5.728400e-05 
2.900000e-04 2.573762e-07 2.900000e-04 3.649140e-06 2.900000e-04 7.135123e-05 2.900000e-04 5.966961e-05 
2.750000e-04 2.666622e-07 2.750000e-04 3.792854e-06 2.750000e-04 7.603000e-05 2.750000e-04 6.187960e-05 
2.625000e-04 2.755095e-07 2.625000e-04 3.915084e-06 2.625000e-04 8.076583e-05 2.625000e-04 6.389932e-05 
2.475000e-04 2.884514e-07 2.475000e-04 4.096578e-06 2.475000e-04 8.592959e-05 2.475000e-04 6.619712e-05 
2.350000e-04 3.020514e-07 2.350000e-04 4.270664e-06 2.350000e-04 9.057984e-05 2.350000e-04 6.830466e-05 
2.250000e-04 3.164557e-07 2.250000e-04 4.404007e-06 2.250000e-04 9.448832e-05 2.250000e-04 6.992921e-05 
2.150000e-04 3.322492e-07 2.150000e-04 4.544757e-06 2.150000e-04 9.888179e-05 2.150000e-04 7.152450e-05 
2.050000e-04 3.494320e-07 2.050000e-04 4.700324e-06 2.050000e-04 1.036747e-04 2.050000e-04 7.313443e-05 
1.950000e-04 3.671998e-07 1.950000e-04 4.859593e-06 1.950000e-04 1.087814e-04 1.950000e-04 7.481753e-05 
1.850000e-04 3.835782e-07 1.850000e-04 5.048495e-06 1.850000e-04 1.150578e-04 1.850000e-04 7.720314e-05 
1.750000e-04 4.079997e-07 1.750000e-04 5.215174e-06 1.750000e-04 1.214483e-04 1.750000e-04 7.863744e-05 
1.650000e-04 4.419997e-07 1.650000e-04 5.370739e-06 1.650000e-04 1.279529e-04 1.650000e-04 7.824227e-05 
1.550000e-04 4.784857e-07 1.550000e-04 5.526306e-06 1.550000e-04 1.351993e-04 1.550000e-04 7.483217e-05 
1.462500e-04 5.075136e-07 1.462500e-04 5.755951e-06 1.462500e-04 1.422175e-04 1.462500e-04 7.377840e-05 
1.387500e-04 5.294491e-07 1.387500e-04 6.026341e-06 1.387500e-04 1.488647e-04 1.387500e-04 7.609084e-05 
1.312500e-04 5.518233e-07 1.312500e-04 6.330066e-06 1.312500e-04 1.562252e-04 1.312500e-04 7.887161e-05 
1.237500e-04 5.759524e-07 1.237500e-04 6.670829e-06 1.237500e-04 1.644416e-04 1.237500e-04 8.228172e-05 
1.175000e-04 5.969372e-07 1.175000e-04 6.989369e-06 1.175000e-04 1.720589e-04 1.175000e-04 8.594064e-05 
1.125000e-04 6.128039e-07 1.125000e-04 7.333838e-06 1.125000e-04 1.786491e-04 1.125000e-04 9.356581e-05 
1.075000e-04 6.282318e-07 1.075000e-04 7.744977e-06 1.075000e-04 1.857814e-04 1.075000e-04 1.030790e-04 
1.025000e-04 6.451953e-07 1.025000e-04 8.159821e-06 1.025000e-04 1.936554e-04 1.025000e-04 1.105139e-04 
9.800000e-05 6.637673e-07 9.800000e-05 8.589478e-06 9.800000e-05 2.034694e-04 9.800000e-05 1.174220e-04 
9.400000e-05 6.856296e-07 9.400000e-05 8.985804e-06 9.400000e-05 2.147384e-04 9.400000e-05 1.224273e-04 
9.000000e-05 6.977672e-07 9.000000e-05 9.456207e-06 9.000000e-05 2.278618e-04 9.000000e-05 1.292622e-04 
8.600000e-05 6.968898e-07 8.600000e-05 1.005254e-05 8.600000e-05 2.443801e-04 8.600000e-05 1.375167e-04 
8.200000e-05 7.056640e-07 8.200000e-05 1.059332e-05 8.200000e-05 2.607843e-04 8.200000e-05 1.439125e-04 
7.800000e-05 7.271607e-07 7.800000e-05 1.116373e-05 7.800000e-05 2.792426e-04 7.800000e-05 1.503083e-04 
7.400000e-05 7.516555e-07 7.400000e-05 1.180822e-05 7.400000e-05 3.001259e-04 7.400000e-05 1.574798e-04 
7.050000e-05 7.596984e-07 7.050000e-05 1.242678e-05 7.050000e-05 3.200963e-04 7.050000e-05 1.642122e-04 
6.750000e-05 7.509242e-07 6.750000e-05 1.323795e-05 6.750000e-05 3.466284e-04 6.750000e-05 1.699201e-04 
6.450000e-05 7.560425e-07 6.450000e-05 1.382688e-05 6.450000e-05 3.657428e-04 6.450000e-05 1.760671e-04 
6.150000e-05 7.735908e-07 6.150000e-05 1.443062e-05 6.150000e-05 3.851426e-04 6.150000e-05 1.826531e-04 
5.875000e-05 7.926016e-07 5.875000e-05 1.503066e-05 5.875000e-05 4.048277e-04 5.875000e-05 1.890928e-04 
5.625000e-05 8.174619e-07 5.625000e-05 1.562700e-05 5.625000e-05 4.242274e-04 5.625000e-05 1.955325e-04 
5.375000e-05 8.671823e-07 5.375000e-05 1.601962e-05 5.375000e-05 4.339273e-04 5.375000e-05 2.048993e-04 
5.125000e-05 9.322575e-07 5.125000e-05 1.660855e-05 5.125000e-05 4.533271e-04 5.125000e-05 2.148516e-04 
4.875000e-05 9.783220e-07 4.875000e-05 1.742713e-05 4.875000e-05 4.775768e-04 4.875000e-05 2.229012e-04 
4.625000e-05 1.009763e-06 4.625000e-05 1.837904e-05 4.625000e-05 5.035383e-04 4.625000e-05 2.302190e-04 
4.375000e-05 1.044128e-06 4.375000e-05 1.944208e-05 4.375000e-05 5.323527e-04 4.375000e-05 2.382687e-04 
4.125000e-05 1.082150e-06 4.125000e-05 2.063105e-05 4.125000e-05 5.648758e-04 4.125000e-05 2.469037e-04 
3.900000e-05 1.110666e-06 3.900000e-05 2.182743e-05 3.900000e-05 5.976844e-04 3.900000e-05 2.555387e-04 
3.700000e-05 1.139182e-06 3.700000e-05 2.302010e-05 3.700000e-05 6.302074e-04 3.700000e-05 2.637347e-04 
3.500000e-05 1.175741e-06 3.500000e-05 2.434612e-05 3.500000e-05 6.667246e-04 3.500000e-05 2.728088e-04 
3.300000e-05 1.214494e-06 3.300000e-05 2.583141e-05 3.300000e-05 7.072359e-04 3.300000e-05 2.824684e-04 
3.100000e-05 1.251784e-06 3.100000e-05 2.752412e-05 3.100000e-05 7.531677e-04 3.100000e-05 2.930061e-04 
2.900000e-05 1.294193e-06 2.900000e-05 2.952055e-05 2.900000e-05 8.133641e-04 2.900000e-05 3.042755e-04 
2.750000e-05 1.329289e-06 2.750000e-05 3.128363e-05 2.750000e-05 8.704223e-04 2.750000e-05 3.130570e-04 
2.625000e-05 1.346107e-06 2.625000e-05 3.292819e-05 2.625000e-05 9.243422e-04 2.625000e-05 3.211065e-04 
2.475000e-05 1.357074e-06 2.475000e-05 3.512093e-05 2.475000e-05 9.970914e-04 2.475000e-05 3.313515e-04 
2.350000e-05 1.385590e-06 2.350000e-05 3.711367e-05 2.350000e-05 1.065276e-03 2.350000e-05 3.405720e-04 
2.250000e-05 1.421418e-06 2.250000e-05 3.892860e-05 2.250000e-05 1.126613e-03 2.250000e-05 3.486216e-04 
2.150000e-05 1.450666e-06 2.150000e-05 4.092874e-05 2.150000e-05 1.194513e-03 2.150000e-05 3.572566e-04 
2.050000e-05 1.487225e-06 2.050000e-05 4.311408e-05 2.050000e-05 1.269829e-03 2.050000e-05 3.664771e-04 
1.950000e-05 1.535483e-06 1.950000e-05 4.544757e-05 1.950000e-05 1.349996e-03 1.950000e-05 3.733559e-04 
1.850000e-05 1.581547e-06 1.850000e-05 4.796627e-05 1.850000e-05 1.435583e-03 1.850000e-05 3.778930e-04 
1.750000e-05 1.615182e-06 1.750000e-05 5.078127e-05 1.750000e-05 1.531727e-03 1.750000e-05 3.827226e-04 
1.650000e-05 1.639311e-06 1.650000e-05 5.392963e-05 1.650000e-05 1.640707e-03 1.650000e-05 3.878452e-04 
1.550000e-05 1.691224e-06 1.550000e-05 5.748543e-05 1.550000e-05 1.764809e-03 1.550000e-05 3.932604e-04 
1.462500e-05 1.759956e-06 1.462500e-05 6.100419e-05 1.462500e-05 1.888340e-03 1.462500e-05 3.983828e-04 
1.387500e-05 1.811139e-06 1.387500e-05 6.437480e-05 1.387500e-05 2.007877e-03 1.387500e-05 4.030663e-04 
1.312500e-05 1.857934e-06 1.312500e-05 6.811580e-05 1.312500e-05 2.142534e-03 1.312500e-05 4.078961e-04 
1.237500e-05 1.910579e-06 1.237500e-05 7.233831e-05 1.237500e-05 2.294594e-03 1.237500e-05 4.131648e-04 
1.175000e-05 1.928859e-06 1.175000e-05 7.626451e-05 1.175000e-05 2.436954e-03 1.175000e-05 4.178483e-04 
1.125000e-05 1.958837e-06 1.125000e-05 7.974622e-05 1.125000e-05 2.564194e-03 1.125000e-05 4.217999e-04 
1.075000e-05 2.004171e-06 1.075000e-05 8.352427e-05 1.075000e-05 2.703986e-03 1.075000e-05 4.260443e-04 
1.025000e-05 2.079483e-06 1.025000e-05 8.770973e-05 1.025000e-05 2.858614e-03 1.025000e-05 4.302886e-04 
9.800000e-06 2.173074e-06 9.800000e-06 9.133961e-05 9.800000e-06 3.004112e-03 9.800000e-06 4.332157e-04 
9.400001e-06 2.276171e-06 9.400001e-06 9.437686e-05 9.400001e-06 3.138199e-03 9.400001e-06 4.343866e-04 
8.999999e-06 2.328816e-06 8.999999e-06 9.763634e-05 8.999999e-06 3.283697e-03 8.999999e-06 4.355574e-04 
8.600000e-06 2.339783e-06 8.600000e-06 1.011921e-04 8.600000e-06 3.443460e-03 8.600000e-06 4.367283e-04 
8.200001e-06 2.379998e-06 8.200001e-06 1.050443e-04 8.200001e-06 3.620340e-03 8.200001e-06 4.376064e-04 
7.800000e-06 2.437031e-06 7.800000e-06 1.092297e-04 7.800000e-06 3.814338e-03 7.800000e-06 4.386309e-04 
7.400000e-06 2.499181e-06 7.400000e-06 1.138597e-04 7.400000e-06 4.034012e-03 7.400000e-06 4.393627e-04 
7.050000e-06 2.571568e-06 7.050000e-06 1.185637e-04 7.050000e-06 4.247980e-03 7.050000e-06 4.390700e-04 
6.750000e-06 2.662235e-06 6.750000e-06 1.240085e-04 6.750000e-06 4.459096e-03 6.750000e-06 4.374601e-04 
6.450000e-06 2.744858e-06 6.450000e-06 1.306757e-04 6.450000e-06 4.701593e-03 6.450000e-06 4.351184e-04 
6.150000e-06 2.826019e-06 6.150000e-06 1.380836e-04 6.150000e-06 4.978325e-03 6.150000e-06 4.320449e-04 
5.875000e-06 2.908643e-06 5.875000e-06 1.457137e-04 5.875000e-06 5.283586e-03 5.875000e-06 4.273614e-04 
5.625000e-06 2.996385e-06 5.625000e-06 1.535661e-04 5.625000e-06 5.651611e-03 5.625000e-06 4.212145e-04 
5.375000e-06 3.106062e-06 5.375000e-06 1.618630e-04 5.375000e-06 6.011078e-03 5.375000e-06 4.193118e-04 
5.125000e-06 3.229632e-06 5.125000e-06 1.707525e-04 5.125000e-06 6.330603e-03 5.125000e-06 4.198973e-04 
4.875000e-06 3.347353e-06 4.875000e-06 1.799753e-04 4.875000e-06 6.658689e-03 4.875000e-06 4.198973e-04 
4.625000e-06 3.454837e-06 4.625000e-06 1.896427e-04 4.625000e-06 7.003889e-03 4.625000e-06 4.194582e-04 
4.375000e-06 3.568901e-06 4.375000e-06 2.003101e-04 4.375000e-06 7.380473e-03 4.375000e-06 4.190191e-04 
4.125000e-06 3.707825e-06 4.125000e-06 2.117553e-04 4.125000e-06 7.665764e-03 4.125000e-06 4.226780e-04 
3.900000e-06 3.859180e-06 3.900000e-06 2.231635e-04 3.900000e-06 7.965321e-03 3.900000e-06 4.280932e-04 
3.700000e-06 4.013460e-06 3.700000e-06 2.346458e-04 3.700000e-06 8.316226e-03 3.700000e-06 4.321912e-04 
3.500000e-06 4.181632e-06 3.500000e-06 2.476096e-04 3.500000e-06 8.735606e-03 3.500000e-06 4.351184e-04 
3.300000e-06 4.360040e-06 3.300000e-06 2.622032e-04 3.300000e-06 9.223452e-03 3.300000e-06 4.367283e-04 
3.100000e-06 4.553803e-06 3.100000e-06 2.788710e-04 3.100000e-06 9.779769e-03 3.100000e-06 4.376064e-04 
2.900000e-06 4.784126e-06 2.900000e-06 2.981686e-04 2.900000e-06 1.044735e-02 2.900000e-06 4.368746e-04 
2.750000e-06 4.986663e-06 2.750000e-06 3.147624e-04 2.750000e-06 1.103505e-02 2.750000e-06 4.351184e-04 
2.625000e-06 5.175309e-06 2.625000e-06 3.301709e-04 2.625000e-06 1.158281e-02 2.625000e-06 4.333621e-04 
2.475000e-06 5.416598e-06 2.475000e-06 3.507278e-04 2.475000e-06 1.231886e-02 2.475000e-06 4.310204e-04 
2.350000e-06 5.632298e-06 2.350000e-06 3.698032e-04 2.350000e-06 1.300070e-02 2.350000e-06 4.286787e-04 
2.250000e-06 5.821673e-06 2.250000e-06 3.866933e-04 2.250000e-06 1.360552e-02 2.250000e-06 4.267761e-04 
2.150000e-06 6.024942e-06 2.150000e-06 4.052130e-04 2.150000e-06 1.426739e-02 2.150000e-06 4.248734e-04 
2.050000e-06 6.250146e-06 2.050000e-06 4.255848e-04 2.050000e-06 1.499774e-02 2.050000e-06 4.226780e-04 
1.950000e-06 6.519221e-06 1.950000e-06 4.470678e-04 1.950000e-06 1.575946e-02 1.950000e-06 4.188728e-04 
1.850000e-06 6.841673e-06 1.850000e-06 4.700323e-04 1.850000e-06 1.655828e-02 1.850000e-06 4.133112e-04 
1.750000e-06 7.206533e-06 1.750000e-06 4.955896e-04 1.750000e-06 1.744553e-02 1.750000e-06 4.074569e-04 
1.650000e-06 7.611608e-06 1.650000e-06 5.241100e-04 1.650000e-06 1.843549e-02 1.650000e-06 4.014563e-04 
1.550000e-06 8.064942e-06 1.550000e-06 5.563346e-04 1.550000e-06 1.955098e-02 1.550000e-06 3.950166e-04 
1.462500e-06 8.518274e-06 1.462500e-06 5.878181e-04 1.462500e-06 2.064079e-02 1.462500e-06 3.891624e-04 
1.387500e-06 8.964294e-06 1.387500e-06 6.181906e-04 1.387500e-06 2.168781e-02 1.387500e-06 3.840399e-04 
1.312500e-06 9.446874e-06 1.312500e-06 6.518966e-04 1.312500e-06 2.285180e-02 1.312500e-06 3.784784e-04 
1.237500e-06 9.987949e-06 1.237500e-06 6.893068e-04 1.237500e-06 2.414986e-02 1.237500e-06 3.727704e-04 
1.175000e-06 1.048515e-05 1.175000e-06 7.241238e-04 1.175000e-06 2.535379e-02 1.175000e-06 3.679407e-04 
1.125000e-06 1.093117e-05 1.125000e-06 7.548667e-04 1.125000e-06 2.640937e-02 1.125000e-06 3.638427e-04 
1.075000e-06 1.141376e-05 1.075000e-06 7.885728e-04 1.075000e-06 2.756195e-02 1.075000e-06 3.595983e-04 
1.025000e-06 1.196214e-05 1.025000e-06 8.252420e-04 1.025000e-06 2.881437e-02 1.025000e-06 3.552076e-04 
9.800000e-07 1.253978e-05 9.800000e-07 8.619110e-04 9.800000e-07 3.006965e-02 9.800000e-07 3.505242e-04 
9.399999e-07 1.314666e-05 9.399999e-07 8.974692e-04 9.399999e-07 3.129640e-02 9.399999e-07 3.454017e-04 
9.000000e-07 1.382666e-05 9.000000e-07 9.363607e-04 9.000000e-07 3.260874e-02 9.000000e-07 3.402792e-04 
8.600000e-07 1.457246e-05 8.600000e-07 9.789562e-04 8.600000e-07 3.406373e-02 8.600000e-07 3.350104e-04 
8.200000e-07 1.538408e-05 8.200000e-07 1.025997e-03 8.200000e-07 3.563282e-02 8.200000e-07 3.295952e-04 
7.800000e-07 1.629074e-05 7.800000e-07 1.077481e-03 7.800000e-07 3.737310e-02 7.800000e-07 3.238873e-04 
7.400000e-07 1.733633e-05 7.400000e-07 1.134522e-03 7.400000e-07 3.928455e-02 7.400000e-07 3.180330e-04 
7.050000e-07 1.846967e-05 7.050000e-07 1.191193e-03 7.050000e-07 4.113893e-02 7.050000e-07 3.113006e-04 
6.750000e-07 1.969074e-05 6.750000e-07 1.249716e-03 6.750000e-07 4.282215e-02 6.750000e-07 3.035437e-04 
6.450000e-07 2.110923e-05 6.450000e-07 1.316757e-03 6.450000e-07 4.467654e-02 6.450000e-07 2.956405e-04 
6.150000e-07 2.268859e-05 6.150000e-07 1.390836e-03 6.150000e-07 4.667358e-02 6.150000e-07 2.877372e-04 
5.875000e-07 2.431912e-05 5.875000e-07 1.466397e-03 5.875000e-07 4.869914e-02 5.875000e-07 2.801266e-04 
5.625000e-07 2.597160e-05 5.625000e-07 1.543069e-03 5.625000e-07 5.069618e-02 5.625000e-07 2.731016e-04 
5.375000e-07 2.780686e-05 5.375000e-07 1.627890e-03 5.375000e-07 5.286438e-02 5.375000e-07 2.659301e-04 
5.125000e-07 3.001503e-05 5.125000e-07 1.722341e-03 5.125000e-07 5.523231e-02 5.125000e-07 2.586122e-04 
4.875000e-07 3.298363e-05 4.875000e-07 1.837163e-03 4.875000e-07 5.797109e-02 4.875000e-07 2.505626e-04 
4.625000e-07 3.694664e-05 4.625000e-07 1.976803e-03 4.625000e-07 6.110929e-02 4.625000e-07 2.417812e-04 
4.375000e-07 4.184557e-05 4.375000e-07 2.135702e-03 4.375000e-07 6.461836e-02 4.375000e-07 2.328535e-04 
4.125000e-07 4.773889e-05 4.125000e-07 2.320530e-03 4.125000e-07 6.858391e-02 4.125000e-07 2.233403e-04 
3.900000e-07 5.410018e-05 3.900000e-07 2.515728e-03 3.900000e-07 7.257799e-02 3.900000e-07 2.141198e-04 
3.700000e-07 6.092211e-05 3.700000e-07 2.721669e-03 3.700000e-07 7.654352e-02 3.700000e-07 2.048993e-04 
3.500000e-07 6.922834e-05 3.500000e-07 2.963537e-03 3.500000e-07 8.105112e-02 3.500000e-07 1.948007e-04 
3.300000e-07 7.940640e-05 3.300000e-07 3.244668e-03 3.300000e-07 8.612930e-02 3.300000e-07 1.839703e-04 
3.100000e-07 9.205585e-05 3.100000e-07 3.564690e-03 3.100000e-07 9.189218e-02 3.100000e-07 1.734327e-04 
2.900000e-07 1.082150e-04 2.900000e-07 3.907676e-03 2.900000e-07 9.839681e-02 2.900000e-07 1.620168e-04 
2.750000e-07 1.231311e-04 2.750000e-07 4.181770e-03 2.750000e-07 1.039029e-01 2.750000e-07 1.526500e-04 
2.625000e-07 1.380472e-04 2.625000e-07 4.429934e-03 2.625000e-07 1.090382e-01 2.625000e-07 1.455956e-04 
2.475000e-07 1.588128e-04 2.475000e-07 4.722547e-03 2.475000e-07 1.155998e-01 2.475000e-07 1.387022e-04 
2.350000e-07 1.793590e-04 2.350000e-07 4.981824e-03 2.350000e-07 1.214768e-01 2.350000e-07 1.336822e-04 
2.250000e-07 1.988085e-04 2.250000e-07 5.207766e-03 2.250000e-07 1.266121e-01 2.250000e-07 1.297306e-04 
2.150000e-07 2.214020e-04 2.150000e-07 5.452227e-03 2.150000e-07 1.322038e-01 2.150000e-07 1.258521e-04 
2.050000e-07 2.464085e-04 2.050000e-07 5.718912e-03 2.050000e-07 1.382805e-01 2.050000e-07 1.219444e-04 
1.950000e-07 2.711224e-04 1.950000e-07 6.011524e-03 1.950000e-07 1.452130e-01 1.950000e-07 1.178610e-04 
1.850000e-07 2.947396e-04 1.850000e-07 6.337473e-03 1.850000e-07 1.532012e-01 1.850000e-07 1.135874e-04 
1.750000e-07 3.201116e-04 1.750000e-07 6.700461e-03 1.750000e-07 1.621308e-01 1.750000e-07 1.092553e-04 
1.650000e-07 3.493589e-04 1.650000e-07 7.107896e-03 1.650000e-07 1.720874e-01 1.650000e-07 1.048499e-04 
1.550000e-07 3.826277e-04 1.550000e-07 7.567187e-03 1.550000e-07 1.833850e-01 1.550000e-07 1.003568e-04 
1.462500e-07 4.145804e-04 1.462500e-07 8.019070e-03 1.462500e-07 1.945113e-01 1.462500e-07 9.636124e-05 
1.387500e-07 4.436814e-04 1.387500e-07 8.452432e-03 1.387500e-07 2.052097e-01 1.387500e-07 9.286329e-05 
1.312500e-07 4.758534e-04 1.312500e-07 8.937652e-03 1.312500e-07 2.171348e-01 1.312500e-07 8.932147e-05 
1.237500e-07 5.124857e-04 1.237500e-07 9.482134e-03 1.237500e-07 2.305150e-01 1.237500e-07 8.572111e-05 
1.175000e-07 5.469243e-04 1.175000e-07 9.982168e-03 1.175000e-07 2.429536e-01 1.175000e-07 8.266226e-05 
1.125000e-07 5.777071e-04 1.125000e-07 1.042664e-02 1.125000e-07 2.539373e-01 1.125000e-07 8.018882e-05 
1.075000e-07 6.117802e-04 1.075000e-07 1.091186e-02 1.075000e-07 2.659196e-01 1.075000e-07 7.767149e-05 
1.025000e-07 6.485587e-04 1.025000e-07 1.144523e-02 1.025000e-07 2.791285e-01 1.025000e-07 7.512488e-05 
9.800000e-08 6.818275e-04 9.800000e-08 1.197120e-02 9.800000e-08 2.924231e-01 9.800000e-08 7.216847e-05 
9.400000e-08 7.106361e-04 9.400000e-08 1.247863e-02 9.400000e-08 3.055464e-01 9.400000e-08 6.881691e-05 
9.000000e-08 7.406877e-04 9.000000e-08 1.303423e-02 9.000000e-08 3.200963e-01 9.000000e-08 6.549461e-05 
8.600000e-08 7.735909e-04 8.600000e-08 1.364168e-02 8.600000e-08 3.357873e-01 8.600000e-08 6.218694e-05 
8.200000e-08 8.094188e-04 8.200000e-08 1.430469e-02 8.200000e-08 3.531900e-01 8.200000e-08 5.890855e-05 
7.800000e-08 8.481715e-04 7.800000e-08 1.503807e-02 7.800000e-08 3.725898e-01 7.800000e-08 5.564480e-05 
7.400000e-08 8.905800e-04 7.400000e-08 1.585294e-02 7.400000e-08 3.939866e-01 7.400000e-08 5.241032e-05 
7.050000e-08 9.271391e-04 7.050000e-08 1.663818e-02 7.050000e-08 4.142422e-01 7.050000e-08 4.980517e-05 
6.750000e-08 9.571176e-04 6.750000e-08 1.737527e-02 6.750000e-08 4.322156e-01 6.750000e-08 4.781472e-05 
6.450000e-08 9.870961e-04 6.450000e-08 1.818273e-02 6.450000e-08 4.510448e-01 6.450000e-08 4.580964e-05 
6.150000e-08 1.019268e-03 6.150000e-08 1.906798e-02 6.150000e-08 4.715857e-01 6.150000e-08 4.380455e-05 
5.875000e-08 1.051440e-03 5.875000e-08 1.995693e-02 5.875000e-08 4.921267e-01 5.875000e-08 4.196045e-05 
5.625000e-08 1.082150e-03 5.625000e-08 2.084588e-02 5.625000e-08 5.123823e-01 5.625000e-08 4.029199e-05 
5.375000e-08 1.116515e-03 5.375000e-08 2.181261e-02 5.375000e-08 5.346351e-01 5.375000e-08 3.859425e-05 
5.125000e-08 1.155268e-03 5.125000e-08 2.289417e-02 5.125000e-08 5.588847e-01 5.125000e-08 3.691115e-05 
4.875000e-08 1.202064e-03 4.875000e-08 2.400536e-02 4.875000e-08 5.857021e-01 4.875000e-08 3.515487e-05 
4.625000e-08 1.256171e-03 4.625000e-08 2.513877e-02 4.625000e-08 6.133752e-01 4.625000e-08 3.335468e-05 
4.375000e-08 1.311741e-03 4.375000e-08 2.625366e-02 4.375000e-08 6.404779e-01 4.375000e-08 3.155450e-05 
4.125000e-08 1.365848e-03 4.125000e-08 2.732781e-02 4.125000e-08 6.667247e-01 4.125000e-08 2.975431e-05 
3.900000e-08 1.411913e-03 3.900000e-08 2.825009e-02 3.900000e-08 6.889774e-01 3.900000e-08 2.812975e-05 
3.700000e-08 1.449203e-03 3.700000e-08 2.900940e-02 3.700000e-08 7.075213e-01 3.700000e-08 2.669546e-05 
3.500000e-08 1.484300e-03 3.500000e-08 2.970205e-02 3.500000e-08 7.246386e-01 3.500000e-08 2.524652e-05 
3.300000e-08 1.514279e-03 3.300000e-08 3.031320e-02 3.300000e-08 7.394738e-01 3.300000e-08 2.379759e-05 
3.100000e-08 1.539139e-03 3.100000e-08 3.082064e-02 3.100000e-08 7.517413e-01 3.100000e-08 2.236330e-05 
2.900000e-08 1.558881e-03 2.900000e-08 3.120955e-02 2.900000e-08 7.611559e-01 2.900000e-08 2.091437e-05 
2.750000e-08 1.570579e-03 2.750000e-08 3.142438e-02 2.750000e-08 7.662911e-01 2.750000e-08 1.983133e-05 
2.625000e-08 1.574967e-03 2.625000e-08 3.150957e-02 2.625000e-08 7.685735e-01 2.625000e-08 1.892392e-05 
2.475000e-08 1.574967e-03 2.475000e-08 3.152809e-02 2.475000e-08 7.688587e-01 2.475000e-08 1.784088e-05 
2.350000e-08 1.572042e-03 2.350000e-08 3.146513e-02 2.350000e-08 7.674323e-01 2.350000e-08 1.694810e-05 
2.250000e-08 1.566192e-03 2.250000e-08 3.134660e-02 2.250000e-08 7.642941e-01 2.250000e-08 1.621632e-05 
2.150000e-08 1.556687e-03 2.150000e-08 3.116511e-02 2.150000e-08 7.600148e-01 2.150000e-08 1.549917e-05 
2.050000e-08 1.544257e-03 2.050000e-08 3.091694e-02 2.050000e-08 7.537383e-01 2.050000e-08 1.476739e-05 
1.950000e-08 1.528171e-03 1.950000e-08 3.059470e-02 1.950000e-08 7.460355e-01 1.950000e-08 1.405317e-05 
1.850000e-08 1.508429e-03 1.850000e-08 3.020208e-02 1.850000e-08 7.363356e-01 1.850000e-08 1.333017e-05 
1.750000e-08 1.484300e-03 1.750000e-08 2.972427e-02 1.750000e-08 7.246386e-01 1.750000e-08 1.260863e-05 
1.650000e-08 1.455784e-03 1.650000e-08 2.915756e-02 1.650000e-08 7.109447e-01 1.650000e-08 1.188709e-05 
1.550000e-08 1.422881e-03 1.550000e-08 2.849826e-02 1.550000e-08 6.946831e-01 1.550000e-08 1.116555e-05 
1.462500e-08 1.389977e-03 1.462500e-08 2.784266e-02 1.462500e-08 6.787068e-01 1.462500e-08 1.053475e-05 
1.387500e-08 1.358537e-03 1.387500e-08 2.720928e-02 1.387500e-08 6.633011e-01 1.387500e-08 9.994696e-06 
1.312500e-08 1.323440e-03 1.312500e-08 2.651664e-02 1.312500e-08 6.464690e-01 1.312500e-08 9.453178e-06 
1.237500e-08 1.285418e-03 1.237500e-08 2.575362e-02 1.237500e-08 6.279250e-01 1.237500e-08 8.913121e-06 
1.175000e-08 1.251784e-03 1.175000e-08 2.507209e-02 1.175000e-08 6.110929e-01 1.175000e-08 8.462343e-06 
1.125000e-08 1.222537e-03 1.125000e-08 2.448687e-02 1.125000e-08 5.968285e-01 1.125000e-08 8.102304e-06 
1.075000e-08 1.191827e-03 1.075000e-08 2.386460e-02 1.075000e-08 5.817080e-01 1.075000e-08 7.740805e-06 
1.025000e-08 1.158924e-03 1.025000e-08 2.320901e-02 1.025000e-08 5.657318e-01 1.025000e-08 7.380766e-06 
9.800000e-09 1.127483e-03 9.800000e-09 2.259044e-02 9.800000e-09 5.506113e-01 9.800000e-09 7.057318e-06 
9.400000e-09 1.098967e-03 9.400000e-09 2.201633e-02 9.400000e-09 5.366320e-01 9.400000e-09 6.768996e-06 
9.000000e-09 1.068989e-03 9.000000e-09 2.141629e-02 9.000000e-09 5.220822e-01 9.000000e-09 6.480673e-06 
8.600000e-09 1.037548e-03 8.600000e-09 2.079032e-02 8.600000e-09 5.066765e-01 8.600000e-09 6.192351e-06 
8.200000e-09 1.005376e-03 8.200000e-09 2.013842e-02 8.200000e-09 4.909855e-01 8.200000e-09 5.904028e-06 
7.800000e-09 9.717413e-04 7.800000e-09 1.946430e-02 7.800000e-09 4.744386e-01 7.800000e-09 5.615705e-06 
7.400000e-09 9.366446e-04 7.400000e-09 1.876055e-02 7.400000e-09 4.573212e-01 7.400000e-09 5.328846e-06 
7.050000e-09 9.044725e-04 7.050000e-09 1.812347e-02 7.050000e-09 4.416301e-01 7.050000e-09 5.075649e-06 
6.750000e-09 8.766876e-04 6.750000e-09 1.756047e-02 6.750000e-09 4.279363e-01 6.750000e-09 4.860505e-06 
6.450000e-09 8.474403e-04 6.450000e-09 1.697895e-02 6.450000e-09 4.139569e-01 6.450000e-09 4.643897e-06 
6.150000e-09 8.181931e-04 6.150000e-09 1.638261e-02 6.150000e-09 3.994071e-01 6.150000e-09 4.428753e-06 
5.875000e-09 7.904081e-04 5.875000e-09 1.582331e-02 5.875000e-09 3.857132e-01 5.875000e-09 4.229708e-06 
5.625000e-09 7.640855e-04 5.625000e-09 1.530105e-02 5.625000e-09 3.728751e-01 5.625000e-09 4.049689e-06 
5.375000e-09 7.370317e-04 5.375000e-09 1.476398e-02 5.375000e-09 3.597517e-01 5.375000e-09 3.869670e-06 
5.125000e-09 7.098318e-04 5.125000e-09 1.421950e-02 5.125000e-09 3.466283e-01 5.125000e-09 3.689652e-06 
4.875000e-09 6.819006e-04 4.875000e-09 1.366020e-02 4.875000e-09 3.329344e-01 4.875000e-09 3.509633e-06 
4.625000e-09 6.533845e-04 4.625000e-09 1.308609e-02 4.625000e-09 3.189551e-01 4.625000e-09 3.329614e-06 
4.375000e-09 6.242103e-04 4.375000e-09 1.250456e-02 4.375000e-09 3.046906e-01 4.375000e-09 3.149595e-06 
4.125000e-09 5.943781e-04 4.125000e-09 1.190452e-02 4.125000e-09 2.901407e-01 4.125000e-09 2.969577e-06 
3.900000e-09 5.670318e-04 3.900000e-09 1.135634e-02 3.900000e-09 2.768463e-01 3.900000e-09 2.808584e-06 
3.700000e-09 5.422448e-04 3.700000e-09 1.086001e-02 3.700000e-09 2.647213e-01 3.700000e-09 2.663691e-06 
3.500000e-09 5.169459e-04 3.500000e-09 1.035627e-02 3.500000e-09 2.523968e-01 3.500000e-09 2.520262e-06 
3.300000e-09 4.912814e-04 3.300000e-09 9.841419e-03 3.300000e-09 2.398725e-01 3.300000e-09 2.375369e-06 
3.100000e-09 4.651782e-04 3.100000e-09 9.319159e-03 3.100000e-09 2.271200e-01 3.100000e-09 2.231939e-06 
2.900000e-09 4.386363e-04 2.900000e-09 8.785789e-03 2.900000e-09 2.141678e-01 2.900000e-09 2.088510e-06 
2.750000e-09 4.184556e-04 2.750000e-09 8.382059e-03 2.750000e-09 2.042968e-01 2.750000e-09 1.980206e-06 
2.625000e-09 4.014191e-04 2.625000e-09 8.041294e-03 2.625000e-09 1.959663e-01 2.625000e-09 1.889465e-06 
2.475000e-09 3.807266e-04 2.475000e-09 7.626451e-03 2.475000e-09 1.858670e-01 2.475000e-09 1.782624e-06 
2.350000e-09 3.633245e-04 2.350000e-09 7.278278e-03 2.350000e-09 1.773653e-01 2.350000e-09 1.691883e-06 
2.250000e-09 3.492126e-04 2.250000e-09 6.996778e-03 2.250000e-09 1.704898e-01 2.250000e-09 1.620168e-06 
2.150000e-09 3.350278e-04 2.150000e-09 6.711573e-03 2.150000e-09 1.635572e-01 2.150000e-09 1.548454e-06 
2.050000e-09 3.206965e-04 2.050000e-09 6.422664e-03 2.050000e-09 1.565676e-01 2.050000e-09 1.475275e-06 
1.950000e-09 3.062922e-04 1.950000e-09 6.133756e-03 1.950000e-09 1.495209e-01 1.950000e-09 1.403999e-06 
1.850000e-09 2.917417e-04 1.850000e-09 5.844846e-03 1.850000e-09 1.424172e-01 1.850000e-09 1.331992e-06 
1.750000e-09 2.770450e-04 1.750000e-09 5.548530e-03 1.750000e-09 1.352564e-01 1.750000e-09 1.259985e-06 
1.650000e-09 2.622751e-04 1.650000e-09 5.252213e-03 1.650000e-09 1.280385e-01 1.650000e-09 1.187977e-06 
1.550000e-09 2.473590e-04 1.550000e-09 4.955897e-03 1.550000e-09 1.207636e-01 1.550000e-09 1.115969e-06 
1.462500e-09 2.341977e-04 1.462500e-09 4.692915e-03 1.462500e-09 1.143446e-01 1.462500e-09 1.053036e-06 
1.387500e-09 2.228644e-04 1.387500e-09 4.463270e-03 1.387500e-09 1.087814e-01 1.387500e-09 9.990307e-07 
1.312500e-09 2.114579e-04 1.312500e-09 4.233624e-03 1.312500e-09 1.032182e-01 1.312500e-09 9.450250e-07 
1.237500e-09 1.999783e-04 1.237500e-09 4.003979e-03 1.237500e-09 9.759799e-02 1.237500e-09 8.910194e-07 
1.175000e-09 1.903268e-04 1.175000e-09 3.811373e-03 1.175000e-09 9.291922e-02 1.175000e-09 8.459415e-07 
1.125000e-09 1.825762e-04 1.125000e-09 3.656918e-03 1.125000e-09 8.912485e-02 1.125000e-09 8.099377e-07 
1.075000e-09 1.748257e-04 1.075000e-09 3.501351e-03 1.075000e-09 8.533048e-02 1.075000e-09 7.739341e-07 
1.025000e-09 1.670020e-04 1.025000e-09 3.345045e-03 1.025000e-09 8.153611e-02 1.025000e-09 7.379303e-07 
9.800000e-10 1.599827e-04 9.800000e-10 3.203924e-03 9.800000e-10 7.808410e-02 9.800000e-10 7.055855e-07 
9.400000e-10 1.536945e-04 9.400000e-10 3.077989e-03 9.400000e-10 7.503148e-02 9.400000e-10 6.767533e-07 
9.000000e-10 1.473332e-04 9.000000e-10 2.951685e-03 9.000000e-10 7.195035e-02 9.000000e-10 6.479210e-07 
8.600000e-10 1.410451e-04 8.600000e-10 2.825009e-03 8.600000e-10 6.886920e-02 8.600000e-10 6.192351e-07 
8.200000e-10 1.346838e-04 8.200000e-10 2.697963e-03 8.200000e-10 6.575954e-02 8.200000e-10 5.904028e-07 
7.800000e-10 1.283225e-04 7.800000e-10 2.570547e-03 7.800000e-10 6.264986e-02 7.800000e-10 5.615705e-07 
7.400000e-10 1.219612e-04 7.400000e-10 2.442390e-03 7.400000e-10 5.954019e-02 7.400000e-10 5.327383e-07 
7.050000e-10 1.163311e-04 7.050000e-10 2.330160e-03 7.050000e-10 5.680140e-02 7.050000e-10 5.075648e-07 
6.750000e-10 1.115053e-04 6.750000e-10 2.233857e-03 6.750000e-10 5.443348e-02 6.750000e-10 4.860505e-07 
6.450000e-10 1.066795e-04 6.450000e-10 2.137184e-03 6.450000e-10 5.209411e-02 6.450000e-10 4.643897e-07 
6.150000e-10 1.018537e-04 6.150000e-10 2.040140e-03 6.150000e-10 4.972619e-02 6.150000e-10 4.427289e-07 
5.875000e-10 9.739347e-05 5.875000e-10 1.950875e-03 5.875000e-10 4.755798e-02 5.875000e-10 4.229707e-07 
5.625000e-10 9.337198e-05 5.625000e-10 1.869758e-03 5.625000e-10 4.556094e-02 5.625000e-10 4.049689e-07 
5.375000e-10 8.927736e-05 5.375000e-10 1.788271e-03 5.375000e-10 4.359244e-02 5.375000e-10 3.869670e-07 
5.125000e-10 8.518273e-05 5.125000e-10 1.706784e-03 5.125000e-10 4.159540e-02 5.125000e-10 3.689651e-07 
4.875000e-10 8.116124e-05 4.875000e-10 1.625297e-03 4.875000e-10 3.959837e-02 4.875000e-10 3.509633e-07 
4.625000e-10 7.706662e-05 4.625000e-10 1.543440e-03 4.625000e-10 3.762986e-02 4.625000e-10 3.329614e-07 
4.375000e-10 7.296468e-05 4.375000e-10 1.461582e-03 4.375000e-10 3.563282e-02 4.375000e-10 3.149595e-07 
4.125000e-10 6.886275e-05 4.125000e-10 1.379354e-03 4.125000e-10 3.360726e-02 4.125000e-10 2.969577e-07 
3.900000e-10 6.517029e-05 3.900000e-10 1.305275e-03 3.900000e-10 3.180993e-02 3.900000e-10 2.808584e-07 
3.700000e-10 6.187265e-05 3.700000e-10 1.239344e-03 3.700000e-10 3.021230e-02 3.700000e-10 2.663691e-07 
3.500000e-10 5.857501e-05 3.500000e-10 1.173414e-03 3.500000e-10 2.858614e-02 3.500000e-10 2.520262e-07 
3.300000e-10 5.527007e-05 3.300000e-10 1.107113e-03 3.300000e-10 2.697995e-02 3.300000e-10 2.375369e-07 
3.100000e-10 5.195781e-05 3.100000e-10 1.040812e-03 3.100000e-10 2.536521e-02 3.100000e-10 2.231939e-07 
2.900000e-10 4.864556e-05 2.900000e-10 9.745114e-04 2.900000e-10 2.374761e-02 2.900000e-10 2.088509e-07 
2.750000e-10 4.615954e-05 2.750000e-10 9.245080e-04 2.750000e-10 2.253227e-02 2.750000e-10 1.980205e-07 
2.625000e-10 4.408298e-05 2.625000e-10 8.830237e-04 2.625000e-10 2.151949e-02 2.625000e-10 1.889465e-07 
2.475000e-10 4.158964e-05 2.475000e-10 8.330203e-04 2.475000e-10 2.030130e-02 2.475000e-10 1.782624e-07 
2.350000e-10 3.950578e-05 2.350000e-10 7.911655e-04 2.350000e-10 1.928566e-02 2.350000e-10 1.691883e-07 
2.250000e-10 3.784600e-05 2.250000e-10 7.578299e-04 2.250000e-10 1.847258e-02 2.250000e-10 1.620168e-07 
2.150000e-10 3.617890e-05 2.150000e-10 7.244943e-04 2.150000e-10 1.765950e-02 2.150000e-10 1.548454e-07 
2.050000e-10 3.450449e-05 2.050000e-10 6.911587e-04 2.050000e-10 1.684357e-02 2.050000e-10 1.475275e-07 
1.950000e-10 3.283740e-05 1.950000e-10 6.578231e-04 1.950000e-10 1.602764e-02 1.950000e-10 1.403999e-07 
1.850000e-10 3.116299e-05 1.850000e-10 6.241170e-04 1.850000e-10 1.521171e-02 1.850000e-10 1.331992e-07 
1.750000e-10 2.949590e-05 1.750000e-10 5.907814e-04 1.750000e-10 1.439578e-02 1.750000e-10 1.259985e-07 
1.650000e-10 2.781417e-05 1.650000e-10 5.570753e-04 1.650000e-10 1.357984e-02 1.650000e-10 1.187977e-07 
1.550000e-10 2.613977e-05 1.550000e-10 5.237397e-04 1.550000e-10 1.276106e-02 1.550000e-10 1.115969e-07 
1.462500e-10 2.467009e-05 1.462500e-10 4.941081e-04 1.462500e-10 1.204498e-02 1.462500e-10 1.053036e-07 
1.387500e-10 2.341246e-05 1.387500e-10 4.689211e-04 1.387500e-10 1.143160e-02 1.387500e-10 9.990306e-08 
1.312500e-10 2.215483e-05 1.312500e-10 4.437342e-04 1.312500e-10 1.081537e-02 1.312500e-10 9.450250e-08 
1.237500e-10 2.089719e-05 1.237500e-10 4.185473e-04 1.237500e-10 1.020200e-02 1.237500e-10 8.910194e-08 
1.175000e-10 1.984429e-05 1.175000e-10 3.974347e-04 1.175000e-10 9.688475e-03 1.175000e-10 8.459416e-08 
1.125000e-10 1.900343e-05 1.125000e-10 3.807669e-04 1.125000e-10 9.277657e-03 1.125000e-10 8.099377e-08 
1.075000e-10 1.816257e-05 1.075000e-10 3.638399e-04 1.075000e-10 8.866839e-03 1.075000e-10 7.739340e-08 
1.025000e-10 1.732171e-05 1.025000e-10 3.469868e-04 1.025000e-10 8.456020e-03 1.025000e-10 7.379303e-08 
