1.995000e+01 1.784642e-13 1.995000e+01 1.135422e-13 
1.985000e+01 1.923041e-13 1.985000e+01 1.225172e-13 
1.975000e+01 2.072623e-13 1.975000e+01 1.321961e-13 
1.965000e+01 2.233669e-13 1.965000e+01 1.426141e-13 
1.955000e+01 2.407296e-13 1.955000e+01 1.538768e-13 
1.945000e+01 2.594624e-13 1.945000e+01 1.660194e-13 
1.935000e+01 2.795931e-13 1.935000e+01 1.791475e-13 
1.925000e+01 3.014013e-13 1.925000e+01 1.932963e-13 
1.915000e+01 3.248871e-13 1.915000e+01 2.085714e-13 
1.905000e+01 3.500505e-13 1.905000e+01 2.250079e-13 
1.895000e+01 3.774506e-13 1.895000e+01 2.427115e-13 
1.885000e+01 4.068079e-13 1.885000e+01 2.617877e-13 
1.875000e+01 4.384019e-13 1.875000e+01 2.823422e-13 
1.865000e+01 4.725123e-13 1.865000e+01 3.044452e-13 
1.855000e+01 5.091390e-13 1.855000e+01 3.282729e-13 
1.845000e+01 5.488412e-13 1.845000e+01 3.540716e-13 
1.835000e+01 5.916189e-13 1.835000e+01 3.815245e-13 
1.825000e+01 6.377518e-13 1.825000e+01 4.114411e-13 
1.815000e+01 6.872398e-13 1.815000e+01 4.434693e-13 
1.805000e+01 7.406420e-13 1.805000e+01 4.779615e-13 
1.795000e+01 7.982382e-13 1.795000e+01 5.152692e-13 
1.785000e+01 8.605875e-13 1.785000e+01 5.550406e-13 
1.775000e+01 9.274102e-13 1.775000e+01 5.983317e-13 
1.765000e+01 9.995453e-13 1.765000e+01 6.447904e-13 
1.755000e+01 1.076992e-12 1.755000e+01 6.951207e-13 
1.745000e+01 1.160591e-12 1.745000e+01 7.493225e-13 
1.735000e+01 1.250620e-12 1.735000e+01 8.080997e-13 
1.725000e+01 1.347638e-12 1.725000e+01 8.711006e-13 
1.715000e+01 1.452206e-12 1.715000e+01 9.393808e-13 
1.705000e+01 1.564603e-12 1.705000e+01 1.012588e-12 
1.695000e+01 1.685946e-12 1.695000e+01 1.091779e-12 
1.685000e+01 1.816796e-12 1.685000e+01 1.176954e-12 
1.675000e+01 1.957431e-12 1.675000e+01 1.268815e-12 
1.665000e+01 2.109250e-12 1.665000e+01 1.367716e-12 
1.655000e+01 2.272532e-12 1.655000e+01 1.474008e-12 
1.645000e+01 2.448396e-12 1.645000e+01 1.588747e-12 
1.635000e+01 2.637961e-12 1.635000e+01 1.712285e-12 
1.625000e+01 2.840665e-12 1.625000e+01 1.845677e-12 
1.615000e+01 3.061544e-12 1.615000e+01 1.988925e-12 
1.605000e+01 3.299198e-12 1.605000e+01 2.143083e-12 
1.595000e+01 3.553627e-12 1.595000e+01 2.309208e-12 
1.585000e+01 3.830425e-12 1.585000e+01 2.488004e-12 
1.575000e+01 4.123998e-12 1.575000e+01 2.680878e-12 
1.565000e+01 4.442734e-12 1.565000e+01 2.888534e-12 
1.555000e+01 4.786634e-12 1.555000e+01 3.112029e-12 
1.545000e+01 5.158492e-12 1.545000e+01 3.353121e-12 
1.535000e+01 5.555514e-12 1.535000e+01 3.611108e-12 
1.525000e+01 5.986087e-12 1.525000e+01 3.892676e-12 
1.515000e+01 6.447416e-12 1.515000e+01 4.191841e-12 
1.505000e+01 6.945092e-12 1.505000e+01 4.515645e-12 
1.495000e+01 7.481910e-12 1.495000e+01 4.864085e-12 
1.485000e+01 8.057872e-12 1.485000e+01 5.240682e-12 
1.475000e+01 8.678568e-12 1.475000e+01 5.645436e-12 
1.465000e+01 9.346796e-12 1.465000e+01 6.081866e-12 
1.455000e+01 1.006255e-11 1.455000e+01 6.553493e-12 
1.445000e+01 1.083703e-11 1.445000e+01 7.060315e-12 
1.435000e+01 1.167021e-11 1.435000e+01 7.605853e-12 
1.425000e+01 1.256771e-11 1.425000e+01 8.193625e-12 
1.415000e+01 1.353510e-11 1.415000e+01 8.827153e-12 
1.405000e+01 1.457518e-11 1.405000e+01 9.509955e-12 
1.395000e+01 1.569636e-11 1.395000e+01 1.024203e-11 
1.385000e+01 1.690140e-11 1.385000e+01 1.103042e-11 
1.375000e+01 1.819592e-11 1.375000e+01 1.187864e-11 
1.365000e+01 1.958829e-11 1.365000e+01 1.279374e-11 
1.355000e+01 2.108970e-11 1.355000e+01 1.378275e-11 
1.345000e+01 2.270575e-11 1.345000e+01 1.484567e-11 
1.335000e+01 2.444762e-11 1.335000e+01 1.599306e-11 
1.325000e+01 2.632089e-11 1.325000e+01 1.722491e-11 
1.315000e+01 2.835074e-11 1.315000e+01 1.855884e-11 
1.305000e+01 3.050361e-11 1.305000e+01 1.999132e-11 
1.295000e+01 3.285219e-11 1.295000e+01 2.153290e-11 
1.285000e+01 3.534056e-11 1.285000e+01 2.319767e-11 
1.275000e+01 3.805261e-11 1.275000e+01 2.498915e-11 
1.265000e+01 4.096038e-11 1.265000e+01 2.691789e-11 
1.255000e+01 4.406387e-11 1.255000e+01 2.899445e-11 
1.245000e+01 4.744694e-11 1.245000e+01 3.123292e-11 
1.235000e+01 5.105370e-11 1.235000e+01 3.364032e-11 
1.225000e+01 5.496799e-11 1.225000e+01 3.625186e-11 
1.215000e+01 5.916189e-11 1.215000e+01 3.903234e-11 
1.205000e+01 6.366334e-11 1.205000e+01 4.205920e-11 
1.195000e+01 6.850030e-11 1.195000e+01 4.529723e-11 
1.185000e+01 7.367278e-11 1.185000e+01 4.878163e-11 
1.175000e+01 7.926463e-11 1.175000e+01 5.254760e-11 
1.165000e+01 8.524793e-11 1.165000e+01 5.659514e-11 
1.155000e+01 9.173448e-11 1.155000e+01 6.099464e-11 
1.145000e+01 9.869635e-11 1.145000e+01 6.571090e-11 
1.135000e+01 1.061894e-10 1.135000e+01 7.081432e-11 
1.125000e+01 1.142417e-10 1.125000e+01 7.630489e-11 
1.115000e+01 1.228811e-10 1.115000e+01 8.218261e-11 
1.105000e+01 1.321916e-10 1.105000e+01 8.851789e-11 
1.095000e+01 1.422010e-10 1.095000e+01 9.534592e-11 
1.085000e+01 1.529374e-10 1.085000e+01 1.026667e-10 
1.075000e+01 1.645126e-10 1.075000e+01 1.105506e-10 
1.065000e+01 1.769265e-10 1.065000e+01 1.189976e-10 
1.055000e+01 1.902631e-10 1.055000e+01 1.281134e-10 
1.045000e+01 2.046062e-10 1.045000e+01 1.379331e-10 
1.035000e+01 2.200118e-10 1.035000e+01 1.484919e-10 
1.025000e+01 2.365916e-10 1.025000e+01 1.599306e-10 
1.015000e+01 2.544017e-10 1.015000e+01 1.722843e-10 
1.005000e+01 2.735538e-10 1.005000e+01 1.856236e-10 
9.950000e+00 2.941319e-10 9.950000e+00 1.999836e-10 
9.850000e+00 3.162197e-10 9.850000e+00 2.154346e-10 
9.750000e+00 3.399851e-10 9.750000e+00 2.319767e-10 
9.650000e+00 3.654281e-10 9.650000e+00 2.497155e-10 
9.550000e+00 3.928282e-10 9.550000e+00 2.687565e-10 
9.450000e+00 4.224651e-10 9.450000e+00 2.892054e-10 
9.350000e+00 4.540591e-10 9.350000e+00 3.110973e-10 
9.250000e+00 4.878899e-10 9.250000e+00 3.345730e-10 
9.150000e+00 5.242370e-10 9.150000e+00 3.597029e-10 
9.050000e+00 5.633800e-10 9.050000e+00 3.864519e-10 
8.950000e+00 6.053189e-10 8.950000e+00 4.153126e-10 
8.850000e+00 6.503335e-10 8.850000e+00 4.466370e-10 
8.750000e+00 6.987030e-10 8.750000e+00 4.797213e-10 
8.650000e+00 7.507074e-10 8.650000e+00 5.152692e-10 
8.550000e+00 8.063464e-10 8.550000e+00 5.532808e-10 
8.450000e+00 8.661794e-10 8.450000e+00 5.941082e-10 
8.350000e+00 9.302061e-10 8.350000e+00 6.377512e-10 
8.250000e+00 9.989861e-10 8.250000e+00 6.845619e-10 
8.150000e+00 1.073078e-09 8.150000e+00 7.355960e-10 
8.050000e+00 1.152483e-09 8.050000e+00 7.908537e-10 
7.950000e+00 1.242512e-09 7.950000e+00 8.517428e-10 
7.850000e+00 1.344563e-09 7.850000e+00 9.200231e-10 
7.750000e+00 1.456959e-09 7.750000e+00 9.942865e-10 
7.650000e+00 1.580260e-09 7.650000e+00 1.075941e-09 
7.550000e+00 1.716142e-09 7.550000e+00 1.165691e-09 
7.450000e+00 1.865165e-09 7.450000e+00 1.263888e-09 
7.350000e+00 2.029286e-09 7.350000e+00 1.372643e-09 
7.250000e+00 2.210183e-09 7.250000e+00 1.493014e-09 
7.150000e+00 2.409813e-09 7.150000e+00 1.624295e-09 
7.050000e+00 2.630132e-09 7.050000e+00 1.767190e-09 
6.950000e+00 2.874217e-09 6.950000e+00 1.924164e-09 
6.850000e+00 3.145422e-09 6.850000e+00 2.096625e-09 
6.750000e+00 3.447383e-09 6.750000e+00 2.289147e-09 
6.650000e+00 3.782894e-09 6.650000e+00 2.507362e-09 
6.550000e+00 4.157549e-09 6.550000e+00 2.755845e-09 
6.450000e+00 4.579734e-09 6.450000e+00 3.036006e-09 
6.350000e+00 5.049451e-09 6.350000e+00 3.352418e-09 
6.250000e+00 5.572290e-09 6.250000e+00 3.706137e-09 
6.150000e+00 6.153843e-09 6.150000e+00 4.103852e-09 
6.050000e+00 6.799703e-09 6.050000e+00 4.554360e-09 
5.950000e+00 7.384053e-09 5.950000e+00 4.997830e-09 
5.850000e+00 7.881728e-09 5.850000e+00 5.420182e-09 
5.750000e+00 8.415751e-09 5.750000e+00 5.891807e-09 
5.650000e+00 8.994508e-09 5.650000e+00 6.416228e-09 
5.550000e+00 9.618002e-09 5.550000e+00 7.000481e-09 
5.450000e+00 1.028903e-08 5.450000e+00 7.634008e-09 
5.350000e+00 1.102435e-08 5.350000e+00 8.323849e-09 
5.250000e+00 1.182679e-08 5.250000e+00 9.084083e-09 
5.150000e+00 1.271310e-08 5.150000e+00 9.883032e-09 
5.050000e+00 1.370286e-08 5.050000e+00 1.071014e-08 
4.950000e+00 1.463670e-08 4.950000e+00 1.142110e-08 
4.850000e+00 1.549505e-08 4.850000e+00 1.198423e-08 
4.750000e+00 1.643448e-08 4.750000e+00 1.254385e-08 
4.650000e+00 1.746618e-08 4.650000e+00 1.311050e-08 
4.550000e+00 1.859853e-08 4.550000e+00 1.368420e-08 
4.450000e+00 1.984272e-08 4.450000e+00 1.429661e-08 
4.350000e+00 2.120713e-08 4.350000e+00 1.495829e-08 
4.250000e+00 2.270855e-08 4.250000e+00 1.568685e-08 
4.150000e+00 2.435535e-08 4.150000e+00 1.653507e-08 
4.050000e+00 2.616991e-08 4.050000e+00 1.754520e-08 
3.950000e+00 2.790898e-08 3.950000e+00 1.855532e-08 
3.850000e+00 2.955299e-08 3.850000e+00 1.950914e-08 
3.750000e+00 3.134238e-08 3.750000e+00 2.052630e-08 
3.650000e+00 3.327157e-08 3.650000e+00 2.161386e-08 
3.550000e+00 3.539648e-08 3.550000e+00 2.276828e-08 
3.450000e+00 3.774506e-08 3.450000e+00 2.411981e-08 
3.350000e+00 4.028936e-08 3.350000e+00 2.570011e-08 
3.250000e+00 4.311325e-08 3.250000e+00 2.752326e-08 
3.150000e+00 4.621673e-08 3.150000e+00 2.964910e-08 
3.050000e+00 4.968369e-08 3.050000e+00 3.207762e-08 
2.950000e+00 5.343023e-08 2.950000e+00 3.507984e-08 
2.850000e+00 5.751230e-08 2.850000e+00 3.889156e-08 
2.750000e+00 6.209762e-08 2.750000e+00 4.343184e-08 
2.650000e+00 6.721417e-08 2.650000e+00 4.871124e-08 
2.550000e+00 7.297379e-08 2.550000e+00 5.497613e-08 
2.450000e+00 7.951627e-08 2.450000e+00 6.257847e-08 
2.350000e+00 8.692548e-08 2.350000e+00 7.179981e-08 
2.250000e+00 9.542511e-08 2.250000e+00 8.327370e-08 
2.150000e+00 1.051550e-07 2.150000e+00 9.728169e-08 
2.050000e+00 1.164505e-07 2.050000e+00 1.143166e-07 
1.950000e+00 1.267395e-07 1.950000e+00 1.317034e-07 
1.850000e+00 1.355467e-07 1.850000e+00 1.483511e-07 
1.750000e+00 1.454443e-07 1.750000e+00 1.669697e-07 
1.650000e+00 1.566001e-07 1.650000e+00 1.876298e-07 
1.550000e+00 1.692097e-07 1.550000e+00 2.101904e-07 
1.450000e+00 1.807849e-07 1.450000e+00 2.296890e-07 
1.350000e+00 1.909900e-07 1.350000e+00 2.456328e-07 
1.250000e+00 2.025652e-07 1.250000e+00 2.635475e-07 
1.150000e+00 2.161254e-07 1.150000e+00 2.862137e-07 
1.050000e+00 2.323419e-07 1.050000e+00 3.166231e-07 
9.800000e-01 2.460698e-07 9.800000e-01 3.432664e-07 
9.400000e-01 2.557158e-07 9.400000e-01 3.604069e-07 
9.000000e-01 2.662005e-07 9.000000e-01 3.790607e-07 
8.600000e-01 2.776079e-07 8.600000e-01 3.991225e-07 
8.200000e-01 2.899380e-07 8.200000e-01 4.212959e-07 
7.800000e-01 3.036381e-07 7.800000e-01 4.459331e-07 
7.400000e-01 3.187361e-07 7.400000e-01 4.733860e-07 
7.050000e-01 3.346729e-07 7.050000e-01 4.990790e-07 
6.750000e-01 3.559219e-07 6.750000e-01 5.198447e-07 
6.450000e-01 3.838813e-07 6.450000e-01 5.399064e-07 
6.150000e-01 4.154753e-07 6.150000e-01 5.624318e-07 
5.875000e-01 4.481877e-07 5.875000e-01 5.846052e-07 
5.625000e-01 4.817388e-07 5.625000e-01 6.067787e-07 
5.375000e-01 5.194839e-07 5.375000e-01 6.317679e-07 
5.125000e-01 5.619821e-07 5.125000e-01 6.574609e-07 
4.875000e-01 6.030822e-07 4.875000e-01 6.796345e-07 
4.625000e-01 6.439029e-07 4.625000e-01 7.042717e-07 
4.375000e-01 6.891969e-07 4.375000e-01 7.282050e-07 
4.125000e-01 7.420400e-07 4.125000e-01 7.581215e-07 
3.900000e-01 7.971198e-07 3.900000e-01 7.901498e-07 
3.700000e-01 8.535975e-07 3.700000e-01 8.253458e-07 
3.500000e-01 9.145489e-07 3.500000e-01 8.535026e-07 
3.300000e-01 9.852861e-07 3.300000e-01 8.883467e-07 
3.100000e-01 1.068046e-06 3.100000e-01 9.295259e-07 
2.900000e-01 1.124244e-06 2.900000e-01 9.583866e-07 
2.750000e-01 1.138503e-06 2.750000e-01 9.633141e-07 
2.625000e-01 1.151085e-06 2.625000e-01 9.678895e-07 
2.475000e-01 1.172334e-06 2.475000e-01 9.847836e-07 
2.350000e-01 1.188550e-06 2.350000e-01 9.946384e-07 
2.250000e-01 1.200013e-06 2.250000e-01 9.971022e-07 
2.150000e-01 1.213154e-06 2.150000e-01 1.002382e-06 
2.050000e-01 1.233844e-06 2.050000e-01 1.022091e-06 
1.950000e-01 1.237479e-06 1.950000e-01 1.024907e-06 
1.850000e-01 1.227414e-06 1.850000e-01 1.018924e-06 
1.750000e-01 1.219026e-06 1.750000e-01 1.017516e-06 
1.650000e-01 1.207842e-06 1.650000e-01 1.010477e-06 
1.550000e-01 1.194981e-06 1.550000e-01 1.001326e-06 
1.462500e-01 1.182679e-06 1.462500e-01 9.918227e-07 
1.387500e-01 1.171775e-06 1.387500e-01 9.809121e-07 
1.312500e-01 1.148848e-06 1.312500e-01 9.488838e-07 
1.237500e-01 1.140181e-06 1.237500e-01 9.425485e-07 
1.175000e-01 1.129556e-06 1.175000e-01 9.316378e-07 
1.125000e-01 1.120329e-06 1.125000e-01 9.207269e-07 
1.075000e-01 1.109985e-06 1.075000e-01 9.136878e-07 
1.025000e-01 1.120609e-06 1.025000e-01 9.369170e-07 
9.800000e-02 1.103833e-06 9.800000e-02 9.291740e-07 
9.400000e-02 1.080068e-06 9.400000e-02 9.052407e-07 
9.000000e-02 1.055464e-06 9.000000e-02 8.929222e-07 
8.600000e-02 1.031139e-06 8.600000e-02 8.756761e-07 
8.200000e-02 1.006256e-06 8.200000e-02 8.591340e-07 
7.799999e-02 9.802533e-07 7.799999e-02 8.447036e-07 
7.400000e-02 9.539716e-07 7.400000e-02 8.334409e-07 
7.050000e-02 9.288081e-07 7.050000e-02 8.158428e-07 
6.750000e-02 8.994508e-07 6.750000e-02 7.993007e-07 
6.450000e-02 8.658997e-07 6.450000e-02 7.813508e-07 
6.150000e-02 8.320689e-07 6.150000e-02 7.591774e-07 
5.875000e-02 7.918076e-07 5.875000e-02 7.267971e-07 
5.625000e-02 7.624503e-07 5.625000e-02 7.081433e-07 
5.375000e-02 7.342114e-07 5.375000e-02 6.873776e-07 
5.125000e-02 7.059725e-07 5.125000e-02 6.687237e-07 
4.875000e-02 6.822071e-07 4.875000e-02 6.465503e-07 
4.625000e-02 6.701845e-07 4.625000e-02 6.349355e-07 
4.375000e-02 6.525702e-07 4.375000e-02 6.166337e-07 
4.125000e-02 6.316007e-07 4.125000e-02 5.979798e-07 
3.900000e-02 6.008455e-07 3.900000e-02 5.648955e-07 
3.700000e-02 5.829515e-07 3.700000e-02 5.494093e-07 
3.500000e-02 5.647780e-07 3.500000e-02 5.342750e-07 
3.300000e-02 5.463248e-07 3.300000e-02 5.156212e-07 
3.100000e-02 5.267533e-07 3.100000e-02 4.966154e-07 
2.900000e-02 5.192044e-07 2.900000e-02 4.983751e-07 
2.750000e-02 5.074614e-07 2.750000e-02 4.835928e-07 
2.625000e-02 4.976757e-07 2.625000e-02 4.659948e-07 
2.475000e-02 4.850939e-07 2.475000e-02 4.610674e-07 
2.350000e-02 4.744694e-07 2.350000e-02 4.452292e-07 
2.250000e-02 4.660816e-07 2.250000e-02 4.258714e-07 
2.150000e-02 4.568550e-07 2.150000e-02 4.153126e-07 
2.050000e-02 4.473489e-07 2.050000e-02 4.036979e-07 
1.950000e-02 4.400795e-07 1.950000e-02 3.882117e-07 
1.850000e-02 4.353264e-07 1.850000e-02 3.850440e-07 
1.750000e-02 4.314121e-07 1.750000e-02 3.734293e-07 
1.650000e-02 4.263794e-07 1.650000e-02 3.621667e-07 
1.550000e-02 4.219059e-07 1.550000e-02 3.504816e-07 
1.462500e-02 4.188304e-07 1.462500e-02 3.418586e-07 
1.387500e-02 4.146365e-07 1.387500e-02 3.340451e-07 
1.312500e-02 4.096038e-07 1.312500e-02 3.295048e-07 
1.237500e-02 4.056895e-07 1.237500e-02 3.212689e-07 
1.175000e-02 4.003772e-07 1.175000e-02 3.093023e-07 
1.125000e-02 3.970221e-07 1.125000e-02 3.028262e-07 
1.075000e-02 3.939466e-07 1.075000e-02 2.893814e-07 
1.025000e-02 3.903119e-07 1.025000e-02 2.848763e-07 
9.800000e-03 3.877956e-07 9.800000e-03 2.794209e-07 
9.400001e-03 3.891935e-07 9.400001e-03 2.798081e-07 
9.000000e-03 3.900323e-07 9.000000e-03 2.761477e-07 
8.600000e-03 3.891935e-07 8.600000e-03 2.746342e-07 
8.200000e-03 3.903119e-07 8.200000e-03 2.749862e-07 
7.800000e-03 3.908711e-07 7.800000e-03 2.882551e-07 
7.400000e-03 3.922691e-07 7.400000e-03 2.792098e-07 
7.050000e-03 3.933874e-07 7.050000e-03 2.830109e-07 
6.750000e-03 3.984201e-07 6.750000e-03 2.875864e-07 
6.450000e-03 4.031732e-07 6.450000e-03 2.834333e-07 
6.150000e-03 4.101630e-07 6.150000e-03 2.706219e-07 
5.875000e-03 4.151957e-07 5.875000e-03 2.806176e-07 
5.625000e-03 4.210671e-07 5.625000e-03 2.698828e-07 
5.375000e-03 4.224651e-07 5.375000e-03 2.813919e-07 
5.125000e-03 4.272182e-07 5.125000e-03 2.751622e-07 
4.875000e-03 4.358856e-07 4.875000e-03 2.649202e-07 
4.625000e-03 4.490265e-07 4.625000e-03 2.653425e-07 
4.375000e-03 4.635653e-07 4.375000e-03 2.686509e-07 
4.125000e-03 4.795021e-07 4.125000e-03 2.637587e-07 
3.900000e-03 4.943205e-07 3.900000e-03 2.663984e-07 
3.700000e-03 5.085798e-07 3.700000e-03 2.697772e-07 
3.500000e-03 5.239574e-07 3.500000e-03 2.769220e-07 
3.300000e-03 5.415718e-07 3.300000e-03 2.836444e-07 
3.100000e-03 5.622616e-07 3.100000e-03 2.888534e-07 
2.900000e-03 5.952536e-07 2.900000e-03 3.000458e-07 
2.750000e-03 6.310416e-07 2.750000e-03 3.143001e-07 
2.625000e-03 6.643131e-07 2.625000e-03 3.265836e-07 
2.475000e-03 7.093277e-07 2.475000e-03 3.441112e-07 
2.350000e-03 7.515462e-07 2.350000e-03 3.618147e-07 
2.250000e-03 7.901300e-07 2.250000e-03 3.801167e-07 
2.150000e-03 8.320690e-07 2.150000e-03 3.966588e-07 
2.050000e-03 8.782018e-07 2.050000e-03 4.096813e-07 
1.950000e-03 9.352388e-07 1.950000e-03 4.244636e-07 
1.850000e-03 1.004019e-06 1.850000e-03 4.427655e-07 
1.750000e-03 1.081186e-06 1.750000e-03 4.635311e-07 
1.650000e-03 1.172613e-06 1.650000e-03 4.885203e-07 
1.550000e-03 1.275504e-06 1.550000e-03 5.159731e-07 
1.462500e-03 1.380071e-06 1.462500e-03 5.448338e-07 
1.387500e-03 1.482682e-06 1.387500e-03 5.758063e-07 
1.312500e-03 1.596197e-06 1.312500e-03 6.166336e-07 
1.237500e-03 1.713905e-06 1.237500e-03 7.137746e-07 
1.175000e-03 1.832453e-06 1.175000e-03 7.602333e-07 
1.125000e-03 1.940376e-06 1.125000e-03 7.912057e-07 
1.075000e-03 2.062278e-06 1.075000e-03 8.235860e-07 
1.025000e-03 2.196763e-06 1.025000e-03 8.584300e-07 
9.800000e-04 2.332365e-06 9.800000e-04 8.851790e-07 
9.400000e-04 2.485023e-06 9.400000e-04 8.478713e-07 
9.000000e-04 2.651101e-06 9.000000e-04 8.619496e-07 
8.600000e-04 2.818298e-06 8.600000e-04 8.925701e-07 
8.200000e-04 2.997238e-06 8.200000e-04 9.295259e-07 
7.800000e-04 3.229300e-06 7.800000e-04 9.735209e-07 
7.400000e-04 3.461362e-06 7.400000e-04 1.022091e-06 
7.050000e-04 3.682241e-06 7.050000e-04 1.069958e-06 
6.750000e-04 3.891936e-06 6.750000e-04 1.118528e-06 
6.450000e-04 4.129589e-06 6.450000e-04 1.174138e-06 
6.150000e-04 4.347673e-06 6.150000e-04 1.235379e-06 
5.875000e-04 4.596510e-06 5.875000e-04 1.298732e-06 
5.625000e-04 4.820184e-06 5.625000e-04 1.365956e-06 
5.375000e-04 5.094186e-06 5.375000e-04 1.440571e-06 
5.125000e-04 5.362595e-06 5.125000e-04 1.486326e-06 
4.875000e-04 5.717678e-06 4.875000e-04 1.593674e-06 
4.625000e-04 6.109109e-06 4.625000e-04 1.730939e-06 
4.375000e-04 6.578825e-06 4.375000e-04 1.883689e-06 
4.125000e-04 7.090480e-06 4.125000e-04 2.076211e-06 
3.900000e-04 7.624503e-06 3.900000e-04 2.279292e-06 
3.700000e-04 8.183689e-06 3.700000e-04 2.426059e-06 
3.500000e-04 8.823957e-06 3.500000e-04 2.578458e-06 
3.300000e-04 9.564878e-06 3.300000e-04 2.744583e-06 
3.100000e-04 1.040925e-05 3.100000e-04 2.938161e-06 
2.900000e-04 1.126480e-05 2.900000e-04 3.135258e-06 
2.750000e-04 1.192185e-05 2.750000e-04 3.233807e-06 
2.625000e-04 1.255373e-05 2.625000e-04 3.299975e-06 
2.475000e-04 1.329185e-05 2.475000e-04 3.442519e-06 
2.350000e-04 1.400202e-05 2.350000e-04 3.575912e-06 
2.250000e-04 1.457798e-05 2.250000e-04 3.674461e-06 
2.150000e-04 1.523782e-05 2.150000e-04 3.773009e-06 
2.050000e-04 1.598433e-05 2.050000e-04 3.882117e-06 
1.950000e-04 1.672805e-05 1.950000e-04 4.001783e-06 
1.850000e-04 1.767587e-05 1.850000e-04 4.142567e-06 
1.750000e-04 1.861251e-05 1.750000e-04 4.276312e-06 
1.650000e-04 1.952119e-05 1.650000e-04 4.410057e-06 
1.550000e-04 2.056407e-05 1.550000e-04 4.554360e-06 
1.462500e-04 2.158738e-05 1.462500e-04 4.776095e-06 
1.387500e-04 2.234228e-05 1.387500e-04 5.040065e-06 
1.312500e-04 2.314751e-05 1.312500e-04 5.332191e-06 
1.237500e-04 2.418760e-05 1.237500e-04 5.666554e-06 
1.175000e-04 2.553524e-05 1.175000e-04 5.983318e-06 
1.125000e-04 2.648585e-05 1.125000e-04 6.317679e-06 
1.075000e-04 2.749798e-05 1.075000e-04 6.711874e-06 
1.025000e-04 2.860237e-05 1.025000e-04 7.113108e-06 
9.800000e-05 2.974870e-05 9.800000e-05 7.496745e-06 
9.400000e-05 3.044769e-05 9.400000e-05 7.806469e-06 
9.000000e-05 3.167789e-05 9.000000e-05 8.186586e-06 
8.600000e-05 3.374688e-05 8.600000e-05 8.689889e-06 
8.200000e-05 3.520076e-05 8.200000e-05 9.122800e-06 
7.800000e-05 3.676649e-05 7.800000e-05 9.583866e-06 
7.400000e-05 3.855589e-05 7.400000e-05 1.010125e-05 
7.050000e-05 4.028936e-05 7.050000e-05 1.060103e-05 
6.750000e-05 4.325304e-05 6.750000e-05 1.142110e-05 
6.450000e-05 4.518224e-05 6.450000e-05 1.198775e-05 
6.150000e-05 4.722327e-05 6.150000e-05 1.256849e-05 
5.875000e-05 4.923634e-05 5.875000e-05 1.314218e-05 
5.625000e-05 5.122145e-05 5.625000e-05 1.371939e-05 
5.375000e-05 5.183655e-05 5.375000e-05 1.394113e-05 
5.125000e-05 5.295493e-05 5.125000e-05 1.441628e-05 
4.875000e-05 5.516372e-05 4.875000e-05 1.512371e-05 
4.625000e-05 5.748433e-05 4.625000e-05 1.589803e-05 
4.375000e-05 6.005659e-05 4.375000e-05 1.676033e-05 
4.125000e-05 6.293639e-05 4.125000e-05 1.772470e-05 
3.900000e-05 6.576029e-05 3.900000e-05 1.868907e-05 
3.700000e-05 6.855622e-05 3.700000e-05 1.964640e-05 
3.500000e-05 7.163174e-05 3.500000e-05 2.070932e-05 
3.300000e-05 7.507073e-05 3.300000e-05 2.190246e-05 
3.100000e-05 7.890116e-05 3.100000e-05 2.324343e-05 
2.900000e-05 8.351445e-05 2.900000e-05 2.485892e-05 
2.750000e-05 8.759651e-05 2.750000e-05 2.629140e-05 
2.625000e-05 9.139898e-05 2.625000e-05 2.762533e-05 
2.475000e-05 9.640370e-05 2.475000e-05 2.940624e-05 
2.350000e-05 1.010170e-04 2.350000e-05 3.105693e-05 
2.250000e-05 1.050990e-04 2.250000e-05 3.252461e-05 
2.150000e-05 1.095166e-04 2.150000e-05 3.412954e-05 
2.050000e-05 1.143536e-04 2.050000e-05 3.589990e-05 
1.950000e-05 1.196099e-04 1.950000e-05 3.780049e-05 
1.850000e-05 1.253136e-04 1.850000e-05 3.984185e-05 
1.750000e-05 1.316604e-04 1.750000e-05 4.209439e-05 
1.650000e-05 1.387061e-04 1.650000e-05 4.466370e-05 
1.550000e-05 1.466186e-04 1.550000e-05 4.754977e-05 
1.462500e-05 1.543354e-04 1.462500e-05 5.036546e-05 
1.387500e-05 1.617446e-04 1.387500e-05 5.311074e-05 
1.312500e-05 1.699366e-04 1.312500e-05 5.613759e-05 
1.237500e-05 1.790514e-04 1.237500e-05 5.955161e-05 
1.175000e-05 1.874951e-04 1.175000e-05 6.271924e-05 
1.125000e-05 1.949323e-04 1.125000e-05 6.549973e-05 
1.075000e-05 2.030125e-04 1.075000e-05 6.856178e-05 
1.025000e-05 2.118477e-04 1.025000e-05 7.190539e-05 
9.800000e-06 2.213538e-04 9.800000e-06 7.524901e-05 
9.400001e-06 2.315031e-04 9.400001e-06 7.855744e-05 
8.999999e-06 2.426868e-04 8.999999e-06 8.214743e-05 
8.600000e-06 2.549889e-04 8.600000e-06 8.608938e-05 
8.200001e-06 2.686610e-04 8.200001e-06 9.048887e-05 
7.800000e-06 2.837870e-04 7.800000e-06 9.531072e-05 
7.400000e-06 3.008421e-04 7.400000e-06 1.007309e-04 
7.050000e-06 3.178973e-04 7.050000e-06 1.061863e-04 
6.750000e-06 3.349525e-04 6.750000e-06 1.119232e-04 
6.450000e-06 3.539648e-04 6.450000e-06 1.186105e-04 
6.150000e-06 3.754935e-04 6.150000e-06 1.263536e-04 
5.875000e-06 3.986997e-04 5.875000e-06 1.349062e-04 
5.625000e-06 4.233039e-04 5.625000e-06 1.445147e-04 
5.375000e-06 4.465101e-04 5.375000e-06 1.535953e-04 
5.125000e-06 4.694367e-04 5.125000e-06 1.623239e-04 
4.875000e-06 4.926430e-04 4.875000e-06 1.705597e-04 
4.625000e-06 5.158493e-04 4.625000e-06 1.781621e-04 
4.375000e-06 5.410126e-04 4.375000e-06 1.865035e-04 
4.125000e-06 5.647780e-04 4.125000e-06 1.932612e-04 
3.900000e-06 5.857474e-04 3.900000e-06 1.993148e-04 
3.700000e-06 6.072761e-04 3.700000e-06 2.061429e-04 
3.500000e-06 6.327191e-04 3.500000e-06 2.144843e-04 
3.300000e-06 6.626357e-04 3.300000e-06 2.243744e-04 
3.100000e-06 6.973052e-04 3.100000e-06 2.357779e-04 
2.900000e-06 7.417604e-04 2.900000e-06 2.495747e-04 
2.750000e-06 7.825810e-04 2.750000e-06 2.617877e-04 
2.625000e-06 8.208852e-04 2.625000e-06 2.731209e-04 
2.475000e-06 8.726100e-04 2.475000e-06 2.883255e-04 
2.350000e-06 9.209795e-04 2.350000e-06 3.024039e-04 
2.250000e-06 9.637573e-04 2.250000e-06 3.147577e-04 
2.150000e-06 1.010449e-03 2.150000e-06 3.282730e-04 
2.050000e-06 1.062174e-03 2.050000e-06 3.430904e-04 
1.950000e-06 1.119491e-03 1.950000e-06 3.597029e-04 
1.850000e-06 1.182958e-03 1.850000e-06 3.783568e-04 
1.750000e-06 1.254254e-03 1.750000e-06 3.987705e-04 
1.650000e-06 1.334218e-03 1.650000e-06 4.219999e-04 
1.550000e-06 1.425086e-03 1.550000e-06 4.480449e-04 
1.462500e-06 1.514835e-03 1.462500e-06 4.737380e-04 
1.387500e-06 1.601229e-03 1.387500e-06 4.983752e-04 
1.312500e-06 1.697969e-03 1.312500e-06 5.254760e-04 
1.237500e-06 1.806731e-03 1.237500e-06 5.560965e-04 
1.175000e-06 1.907943e-03 1.175000e-06 5.842533e-04 
1.125000e-06 1.997693e-03 1.125000e-06 6.092425e-04 
1.075000e-06 2.096109e-03 1.075000e-06 6.363434e-04 
1.025000e-06 2.204312e-03 1.025000e-06 6.662600e-04 
9.800000e-07 2.305804e-03 9.800000e-07 6.958246e-04 
9.399999e-07 2.398069e-03 9.399999e-07 7.250373e-04 
9.000000e-07 2.498444e-03 9.000000e-07 7.567137e-04 
8.600000e-07 2.607764e-03 8.600000e-07 7.912057e-04 
8.200000e-07 2.727710e-03 8.200000e-07 8.292174e-04 
7.800000e-07 2.860237e-03 7.800000e-07 8.711006e-04 
7.400000e-07 3.005625e-03 7.400000e-07 9.175593e-04 
7.050000e-07 3.151014e-03 7.050000e-07 9.633141e-04 
6.750000e-07 3.304790e-03 6.750000e-07 1.010829e-03 
6.450000e-07 3.489321e-03 6.450000e-07 1.066086e-03 
6.150000e-07 3.690628e-03 6.150000e-07 1.126976e-03 
5.875000e-07 3.894731e-03 5.875000e-07 1.188569e-03 
5.625000e-07 4.098834e-03 5.625000e-07 1.250865e-03 
5.375000e-07 4.328100e-03 5.375000e-07 1.319497e-03 
5.125000e-07 4.576939e-03 5.125000e-07 1.395873e-03 
4.875000e-07 4.845348e-03 4.875000e-07 1.483863e-03 
4.625000e-07 5.133328e-03 4.625000e-07 1.585931e-03 
4.375000e-07 5.454861e-03 4.375000e-07 1.701726e-03 
4.125000e-07 5.818332e-03 4.125000e-07 1.834767e-03 
3.900000e-07 6.192987e-03 3.900000e-07 1.973791e-03 
3.700000e-07 6.573233e-03 3.700000e-07 2.119150e-03 
3.500000e-07 7.012194e-03 3.500000e-07 2.290555e-03 
3.300000e-07 7.523849e-03 3.300000e-07 2.492932e-03 
3.100000e-07 8.110994e-03 3.100000e-07 2.725225e-03 
2.900000e-07 8.801590e-03 2.900000e-07 3.011720e-03 
2.750000e-07 9.427878e-03 2.750000e-07 3.274634e-03 
2.625000e-07 1.001223e-02 2.625000e-07 3.516783e-03 
2.475000e-07 1.071121e-02 2.475000e-07 3.811725e-03 
2.350000e-07 1.130674e-02 2.350000e-07 4.072175e-03 
2.250000e-07 1.182399e-02 2.250000e-07 4.304469e-03 
2.150000e-07 1.237758e-02 2.150000e-07 4.554360e-03 
2.050000e-07 1.298150e-02 2.050000e-07 4.828888e-03 
1.950000e-07 1.364694e-02 1.950000e-07 5.113976e-03 
1.850000e-07 1.438506e-02 1.850000e-07 5.406103e-03 
1.750000e-07 1.520707e-02 1.750000e-07 5.733426e-03 
1.650000e-07 1.612972e-02 1.650000e-07 6.099464e-03 
1.550000e-07 1.716981e-02 1.550000e-07 6.518296e-03 
1.462500e-07 1.819592e-02 1.462500e-07 6.926570e-03 
1.387500e-07 1.918008e-02 1.387500e-07 7.324285e-03 
1.312500e-07 2.027609e-02 1.312500e-07 7.767755e-03 
1.237500e-07 2.150630e-02 1.237500e-07 8.264017e-03 
1.175000e-07 2.264704e-02 1.175000e-07 8.728604e-03 
1.125000e-07 2.365357e-02 1.125000e-07 9.136878e-03 
1.075000e-07 2.475237e-02 1.075000e-07 9.587387e-03 
1.025000e-07 2.596022e-02 1.025000e-07 1.008365e-02 
9.800000e-08 2.714849e-02 9.800000e-08 1.055880e-02 
9.400000e-08 2.829482e-02 9.400000e-08 1.099523e-02 
9.000000e-08 2.955299e-02 9.000000e-08 1.147389e-02 
8.600000e-08 3.092299e-02 8.600000e-08 1.199479e-02 
8.200000e-08 3.243279e-02 8.200000e-08 1.256848e-02 
7.800000e-08 3.408239e-02 7.800000e-08 1.320201e-02 
7.400000e-08 3.592771e-02 7.400000e-08 1.389889e-02 
7.050000e-08 3.771710e-02 7.050000e-08 1.457466e-02 
6.750000e-08 3.936670e-02 6.750000e-08 1.522578e-02 
6.450000e-08 4.121202e-02 6.450000e-08 1.594378e-02 
6.150000e-08 4.319713e-02 6.150000e-08 1.673217e-02 
5.875000e-08 4.521019e-02 5.875000e-08 1.752408e-02 
5.625000e-08 4.722327e-02 5.625000e-08 1.831247e-02 
5.375000e-08 4.940409e-02 5.375000e-08 1.918533e-02 
5.125000e-08 5.180859e-02 5.125000e-08 2.013210e-02 
4.875000e-08 5.438085e-02 4.875000e-08 2.113167e-02 
4.625000e-08 5.695311e-02 4.625000e-08 2.212772e-02 
4.375000e-08 5.946945e-02 4.375000e-08 2.310616e-02 
4.125000e-08 6.190190e-02 4.125000e-08 2.404942e-02 
3.900000e-08 6.397089e-02 3.900000e-08 2.485893e-02 
3.700000e-08 6.570438e-02 3.700000e-08 2.552413e-02 
3.500000e-08 6.727009e-02 3.500000e-08 2.613302e-02 
3.300000e-08 6.864010e-02 3.300000e-08 2.667152e-02 
3.100000e-08 6.981439e-02 3.100000e-08 2.711851e-02 
2.900000e-08 7.068112e-02 2.900000e-08 2.745990e-02 
2.750000e-08 7.118439e-02 2.750000e-08 2.764644e-02 
2.625000e-08 7.138011e-02 2.625000e-08 2.772387e-02 
2.475000e-08 7.140806e-02 2.475000e-08 2.773795e-02 
2.350000e-08 7.126828e-02 2.350000e-08 2.768164e-02 
2.250000e-08 7.101663e-02 2.250000e-08 2.757605e-02 
2.150000e-08 7.059725e-02 2.150000e-08 2.741415e-02 
2.050000e-08 7.003807e-02 2.050000e-08 2.719594e-02 
1.950000e-08 6.931112e-02 1.950000e-08 2.691789e-02 
1.850000e-08 6.841642e-02 1.850000e-08 2.656945e-02 
1.750000e-08 6.735397e-02 1.750000e-08 2.615062e-02 
1.650000e-08 6.606784e-02 1.650000e-08 2.565435e-02 
1.550000e-08 6.458599e-02 1.550000e-08 2.507362e-02 
1.462500e-08 6.307619e-02 1.462500e-08 2.449640e-02 
1.387500e-08 6.165027e-02 1.387500e-08 2.394383e-02 
1.312500e-08 6.008455e-02 1.312500e-08 2.333142e-02 
1.237500e-08 5.837903e-02 1.237500e-08 2.265918e-02 
1.175000e-08 5.681331e-02 1.175000e-08 2.205732e-02 
1.125000e-08 5.549923e-02 1.125000e-08 2.153994e-02 
1.075000e-08 5.407330e-02 1.075000e-08 2.099440e-02 
1.025000e-08 5.259145e-02 1.025000e-08 2.042071e-02 
9.800000e-09 5.119349e-02 9.800000e-09 1.987517e-02 
9.400000e-09 4.990736e-02 9.400000e-09 1.936835e-02 
9.000000e-09 4.853735e-02 9.000000e-09 1.884041e-02 
8.600000e-09 4.711143e-02 8.600000e-09 1.829135e-02 
8.200000e-09 4.565754e-02 8.200000e-09 1.772118e-02 
7.800000e-09 4.411979e-02 7.800000e-09 1.712285e-02 
7.400000e-09 4.252611e-02 7.400000e-09 1.650692e-02 
7.050000e-09 4.107222e-02 7.050000e-09 1.594378e-02 
6.750000e-09 3.978609e-02 6.750000e-09 1.544752e-02 
6.450000e-09 3.847201e-02 6.450000e-09 1.493718e-02 
6.150000e-09 3.712996e-02 6.150000e-09 1.441276e-02 
5.875000e-09 3.587179e-02 5.875000e-09 1.392001e-02 
5.625000e-09 3.466954e-02 5.625000e-09 1.345894e-02 
5.375000e-09 3.346729e-02 5.375000e-09 1.298732e-02 
5.125000e-09 3.223708e-02 5.125000e-09 1.250865e-02 
4.875000e-09 3.095095e-02 4.875000e-09 1.201591e-02 
4.625000e-09 2.966482e-02 4.625000e-09 1.151261e-02 
4.375000e-09 2.835074e-02 4.375000e-09 1.099875e-02 
4.125000e-09 2.698353e-02 4.125000e-09 1.047433e-02 
3.900000e-09 2.574213e-02 3.900000e-09 9.992139e-03 
3.700000e-09 2.461537e-02 3.700000e-09 9.555709e-03 
3.500000e-09 2.346904e-02 3.500000e-09 9.108720e-03 
3.300000e-09 2.230314e-02 3.300000e-09 8.658212e-03 
3.100000e-09 2.112046e-02 3.100000e-09 8.197145e-03 
2.900000e-09 1.991262e-02 2.900000e-09 7.729038e-03 
2.750000e-09 1.899835e-02 2.750000e-09 7.373558e-03 
2.625000e-09 1.822387e-02 2.625000e-09 7.074392e-03 
2.475000e-09 1.728444e-02 2.475000e-09 6.708355e-03 
2.350000e-09 1.649320e-02 2.350000e-09 6.402150e-03 
2.250000e-09 1.585293e-02 2.250000e-09 6.152258e-03 
2.150000e-09 1.520986e-02 2.150000e-09 5.902367e-03 
2.050000e-09 1.455841e-02 2.050000e-09 5.652475e-03 
1.950000e-09 1.390416e-02 1.950000e-09 5.395544e-03 
1.850000e-09 1.324432e-02 1.850000e-09 5.138613e-03 
1.750000e-09 1.257610e-02 1.750000e-09 4.881683e-03 
1.650000e-09 1.190507e-02 1.650000e-09 4.621233e-03 
1.550000e-09 1.122846e-02 1.550000e-09 4.357263e-03 
1.462500e-09 1.063013e-02 1.462500e-09 4.124969e-03 
1.387500e-09 1.011568e-02 1.387500e-09 3.924352e-03 
1.312500e-09 9.598430e-03 1.312500e-09 3.723735e-03 
1.237500e-09 9.075591e-03 1.237500e-09 3.523118e-03 
1.175000e-09 8.639426e-03 1.175000e-09 3.353121e-03 
1.125000e-09 8.287138e-03 1.125000e-09 3.216913e-03 
1.075000e-09 7.934851e-03 1.075000e-09 3.080001e-03 
1.025000e-09 7.582564e-03 1.025000e-09 2.942736e-03 
9.800000e-10 7.261032e-03 9.800000e-10 2.818494e-03 
9.400000e-10 6.975847e-03 9.400000e-10 2.707627e-03 
9.000000e-10 6.690663e-03 9.000000e-10 2.596759e-03 
8.600000e-10 6.402682e-03 8.600000e-10 2.485188e-03 
8.200000e-10 6.114700e-03 8.200000e-10 2.373265e-03 
7.800000e-10 5.826720e-03 7.800000e-10 2.260990e-03 
7.400000e-10 5.535943e-03 7.400000e-10 2.148363e-03 
7.050000e-10 5.281513e-03 7.050000e-10 2.049462e-03 
6.750000e-10 5.063429e-03 6.750000e-10 1.964640e-03 
6.450000e-10 4.842552e-03 6.450000e-10 1.879466e-03 
6.150000e-10 4.624469e-03 6.150000e-10 1.794291e-03 
5.875000e-10 4.420366e-03 5.875000e-10 1.715804e-03 
5.625000e-10 4.238631e-03 5.625000e-10 1.644356e-03 
5.375000e-10 4.054100e-03 5.375000e-10 1.572908e-03 
5.125000e-10 3.869568e-03 5.125000e-10 1.501461e-03 
4.875000e-10 3.682241e-03 4.875000e-10 1.429661e-03 
4.625000e-10 3.497709e-03 4.625000e-10 1.357509e-03 
4.375000e-10 3.313178e-03 4.375000e-10 1.285357e-03 
4.125000e-10 3.125851e-03 4.125000e-10 1.213206e-03 
3.900000e-10 2.958095e-03 3.900000e-10 1.148093e-03 
3.700000e-10 2.809910e-03 3.700000e-10 1.090020e-03 
3.500000e-10 2.658930e-03 3.500000e-10 1.031946e-03 
3.300000e-10 2.508789e-03 3.300000e-10 9.735209e-04 
3.100000e-10 2.358647e-03 3.100000e-10 9.154476e-04 
2.900000e-10 2.208226e-03 2.900000e-10 8.570222e-04 
2.750000e-10 2.095270e-03 2.750000e-10 8.130273e-04 
2.625000e-10 2.001048e-03 2.625000e-10 7.767754e-04 
2.475000e-10 1.887812e-03 2.475000e-10 7.327804e-04 
2.350000e-10 1.793310e-03 2.350000e-10 6.961765e-04 
2.250000e-10 1.717820e-03 2.250000e-10 6.666119e-04 
2.150000e-10 1.642050e-03 2.150000e-10 6.373993e-04 
2.050000e-10 1.566280e-03 2.050000e-10 6.078346e-04 
1.950000e-10 1.490511e-03 1.950000e-10 5.782700e-04 
1.850000e-10 1.414741e-03 1.850000e-10 5.490573e-04 
1.750000e-10 1.338692e-03 1.750000e-10 5.194927e-04 
1.650000e-10 1.262642e-03 1.650000e-10 4.899282e-04 
1.550000e-10 1.186593e-03 1.550000e-10 4.603634e-04 
1.462500e-10 1.120050e-03 1.462500e-10 4.346705e-04 
1.387500e-10 1.063013e-03 1.387500e-10 4.124969e-04 
1.312500e-10 1.005696e-03 1.312500e-10 3.903235e-04 
1.237500e-10 9.486592e-04 1.237500e-10 3.681500e-04 
1.175000e-10 9.008488e-04 1.175000e-10 3.496369e-04 
1.125000e-10 8.628242e-04 1.125000e-10 3.348546e-04 
1.075000e-10 8.245200e-04 1.075000e-10 3.200019e-04 
1.025000e-10 7.862156e-04 1.025000e-10 3.051844e-04 
