1.995000e+01 3.411276e-13 1.995000e+01 3.457133e-13 1.995000e+01 1.582109e-13 1.995000e+01 3.265509e-13 
1.985000e+01 3.677150e-13 1.985000e+01 3.724467e-13 1.985000e+01 1.701361e-13 1.985000e+01 3.520354e-13 
1.975000e+01 3.962675e-13 1.975000e+01 4.014561e-13 1.975000e+01 1.829353e-13 1.975000e+01 3.791025e-13 
1.965000e+01 4.272475e-13 1.965000e+01 4.324520e-13 1.965000e+01 1.967959e-13 1.965000e+01 4.084069e-13 
1.955000e+01 4.607707e-13 1.955000e+01 4.663860e-13 1.955000e+01 2.116555e-13 1.955000e+01 4.400033e-13 
1.945000e+01 4.971839e-13 1.945000e+01 5.023892e-13 1.945000e+01 2.277014e-13 1.945000e+01 4.740008e-13 
1.935000e+01 5.364869e-13 1.935000e+01 5.412892e-13 1.935000e+01 2.449335e-13 1.935000e+01 5.106178e-13 
1.925000e+01 5.791424e-13 1.925000e+01 5.834998e-13 1.925000e+01 2.635392e-13 1.925000e+01 5.500724e-13 
1.915000e+01 6.251501e-13 1.915000e+01 6.286072e-13 1.915000e+01 2.835809e-13 1.915000e+01 5.926375e-13 
1.905000e+01 6.748569e-13 1.905000e+01 6.774392e-13 1.905000e+01 3.051835e-13 1.905000e+01 6.384770e-13 
1.895000e+01 7.284941e-13 1.895000e+01 7.299954e-13 1.895000e+01 3.285343e-13 1.895000e+01 6.875905e-13 
1.885000e+01 7.862927e-13 1.885000e+01 7.866902e-13 1.885000e+01 3.538206e-13 1.885000e+01 7.410697e-13 
1.875000e+01 8.487152e-13 1.875000e+01 8.475232e-13 1.875000e+01 3.810424e-13 1.875000e+01 7.989146e-13 
1.865000e+01 9.161084e-13 1.865000e+01 9.133220e-13 1.865000e+01 4.104493e-13 1.865000e+01 8.605796e-13 
1.855000e+01 9.887036e-13 1.855000e+01 9.845006e-13 1.855000e+01 4.422289e-13 1.855000e+01 9.277015e-13 
1.845000e+01 1.066847e-12 1.845000e+01 1.061059e-12 1.845000e+01 4.765058e-13 1.845000e+01 9.997348e-13 
1.835000e+01 1.151349e-12 1.835000e+01 1.143825e-12 1.835000e+01 5.135300e-13 1.835000e+01 1.077225e-12 
1.825000e+01 1.242671e-12 1.825000e+01 1.232798e-12 1.825000e+01 5.534261e-13 1.825000e+01 1.160718e-12 
1.815000e+01 1.340928e-12 1.815000e+01 1.328807e-12 1.815000e+01 5.965064e-13 1.815000e+01 1.251306e-12 
1.805000e+01 1.446122e-12 1.805000e+01 1.433092e-12 1.805000e+01 6.430831e-13 1.805000e+01 1.348441e-12 
1.795000e+01 1.560563e-12 1.795000e+01 1.545240e-12 1.795000e+01 6.930312e-13 1.795000e+01 1.453217e-12 
1.785000e+01 1.683096e-12 1.785000e+01 1.666492e-12 1.785000e+01 7.473500e-13 1.785000e+01 1.566178e-12 
1.775000e+01 1.816033e-12 1.775000e+01 1.797262e-12 1.775000e+01 8.054148e-13 1.775000e+01 1.687871e-12 
1.765000e+01 1.959374e-12 1.765000e+01 1.938378e-12 1.765000e+01 8.678500e-13 1.765000e+01 1.818841e-12 
1.755000e+01 2.113118e-12 1.755000e+01 2.090667e-12 1.755000e+01 9.352801e-13 1.755000e+01 1.960179e-12 
1.745000e+01 2.279578e-12 1.745000e+01 2.254130e-12 1.745000e+01 1.007705e-12 1.745000e+01 2.111885e-12 
1.735000e+01 2.458754e-12 1.735000e+01 2.430008e-12 1.735000e+01 1.085125e-12 1.735000e+01 2.275051e-12 
1.725000e+01 2.651802e-12 1.725000e+01 2.619542e-12 1.725000e+01 1.168164e-12 1.725000e+01 2.450769e-12 
1.715000e+01 2.859877e-12 1.715000e+01 2.823560e-12 1.715000e+01 1.257446e-12 1.715000e+01 2.640675e-12 
1.705000e+01 3.085291e-12 1.705000e+01 3.042889e-12 1.705000e+01 1.354221e-12 1.705000e+01 2.844770e-12 
1.695000e+01 3.326890e-12 1.695000e+01 3.279186e-12 1.695000e+01 1.459112e-12 1.695000e+01 3.064689e-12 
1.685000e+01 3.586983e-12 1.685000e+01 3.533691e-12 1.685000e+01 1.571495e-12 1.685000e+01 3.302072e-12 
1.675000e+01 3.867885e-12 1.675000e+01 3.807647e-12 1.675000e+01 1.693244e-12 1.675000e+01 3.558008e-12 
1.665000e+01 4.168437e-12 1.665000e+01 4.102707e-12 1.665000e+01 1.824358e-12 1.665000e+01 3.833590e-12 
1.655000e+01 4.492110e-12 1.655000e+01 4.419701e-12 1.655000e+01 1.964837e-12 1.655000e+01 4.130454e-12 
1.645000e+01 4.840058e-12 1.645000e+01 4.763179e-12 1.645000e+01 2.116555e-12 1.645000e+01 4.449693e-12 
1.635000e+01 5.215749e-12 1.635000e+01 5.131488e-12 1.635000e+01 2.279511e-12 1.635000e+01 4.793488e-12 
1.625000e+01 5.621495e-12 1.625000e+01 5.532902e-12 1.625000e+01 2.455579e-12 1.625000e+01 5.164569e-12 
1.615000e+01 6.059610e-12 1.615000e+01 5.959148e-12 1.615000e+01 2.645382e-12 1.615000e+01 5.566209e-12 
1.605000e+01 6.531246e-12 1.605000e+01 6.422636e-12 1.605000e+01 2.850169e-12 1.605000e+01 5.991860e-12 
1.595000e+01 7.041031e-12 1.595000e+01 6.919232e-12 1.595000e+01 3.071814e-12 1.595000e+01 6.455711e-12 
1.585000e+01 7.588961e-12 1.585000e+01 7.457210e-12 1.585000e+01 3.310317e-12 1.585000e+01 6.957761e-12 
1.575000e+01 8.176196e-12 1.575000e+01 8.032433e-12 1.575000e+01 3.566926e-12 1.575000e+01 7.498011e-12 
1.565000e+01 8.808512e-12 1.565000e+01 8.653178e-12 1.565000e+01 3.843514e-12 1.565000e+01 8.076460e-12 
1.555000e+01 9.485912e-12 1.555000e+01 9.319444e-12 1.555000e+01 4.141330e-12 1.555000e+01 8.698565e-12 
1.545000e+01 1.021649e-11 1.545000e+01 1.003951e-11 1.545000e+01 4.461623e-12 1.545000e+01 9.375241e-12 
1.535000e+01 1.100486e-11 1.535000e+01 1.081337e-11 1.535000e+01 4.808139e-12 1.535000e+01 1.009557e-11 
1.525000e+01 1.186028e-11 1.525000e+01 1.164931e-11 1.525000e+01 5.182126e-12 1.525000e+01 1.087593e-11 
1.515000e+01 1.278506e-11 1.515000e+01 1.255145e-11 1.515000e+01 5.586706e-12 1.515000e+01 1.172178e-11 
1.505000e+01 1.377920e-11 1.505000e+01 1.351981e-11 1.505000e+01 6.021880e-12 1.505000e+01 1.262765e-11 
1.495000e+01 1.484269e-11 1.495000e+01 1.456267e-11 1.495000e+01 6.487023e-12 1.495000e+01 1.359901e-11 
1.485000e+01 1.598710e-11 1.485000e+01 1.568414e-11 1.485000e+01 6.992748e-12 1.485000e+01 1.465223e-11 
1.475000e+01 1.720087e-11 1.475000e+01 1.688425e-11 1.475000e+01 7.529691e-12 1.475000e+01 1.578184e-11 
1.465000e+01 1.849556e-11 1.465000e+01 1.817954e-11 1.465000e+01 8.104096e-12 1.465000e+01 1.699331e-11 
1.455000e+01 1.988273e-11 1.455000e+01 1.956586e-11 1.455000e+01 8.722204e-12 1.455000e+01 1.830300e-11 
1.445000e+01 2.140862e-11 1.445000e+01 2.106393e-11 1.445000e+01 9.390262e-12 1.445000e+01 1.970547e-11 
1.435000e+01 2.305010e-11 1.435000e+01 2.267373e-11 1.435000e+01 1.010202e-11 1.435000e+01 2.122253e-11 
1.425000e+01 2.484185e-11 1.425000e+01 2.441595e-11 1.425000e+01 1.087622e-11 1.425000e+01 2.284874e-11 
1.415000e+01 2.678389e-11 1.415000e+01 2.629060e-11 1.415000e+01 1.171910e-11 1.415000e+01 2.460046e-11 
1.405000e+01 2.887620e-11 1.405000e+01 2.831008e-11 1.405000e+01 1.262441e-11 1.405000e+01 2.649406e-11 
1.395000e+01 3.109567e-11 1.395000e+01 3.048269e-11 1.395000e+01 1.359215e-11 1.395000e+01 2.852409e-11 
1.385000e+01 3.345385e-11 1.385000e+01 3.281669e-11 1.385000e+01 1.463482e-11 1.385000e+01 3.071238e-11 
1.375000e+01 3.597387e-11 1.375000e+01 3.532036e-11 1.375000e+01 1.574617e-11 1.375000e+01 3.306437e-11 
1.365000e+01 3.867885e-11 1.365000e+01 3.801439e-11 1.365000e+01 1.694492e-11 1.365000e+01 3.559645e-11 
1.355000e+01 4.160346e-11 1.355000e+01 4.090292e-11 1.355000e+01 1.823110e-11 1.355000e+01 3.831407e-11 
1.345000e+01 4.479395e-11 1.345000e+01 4.403148e-11 1.345000e+01 1.961716e-11 1.345000e+01 4.124451e-11 
1.335000e+01 4.829654e-11 1.335000e+01 4.738349e-11 1.335000e+01 2.112809e-11 1.335000e+01 4.439870e-11 
1.325000e+01 5.207658e-11 1.325000e+01 5.102519e-11 1.325000e+01 2.275765e-11 1.325000e+01 4.779299e-11 
1.315000e+01 5.613404e-11 1.315000e+01 5.487381e-11 1.315000e+01 2.449960e-11 1.315000e+01 5.144377e-11 
1.305000e+01 6.048050e-11 1.305000e+01 5.905348e-11 1.305000e+01 2.637889e-11 1.305000e+01 5.538924e-11 
1.295000e+01 6.511595e-11 1.295000e+01 6.356424e-11 1.295000e+01 2.838931e-11 1.295000e+01 5.959118e-11 
1.285000e+01 7.002883e-11 1.285000e+01 6.836465e-11 1.285000e+01 3.054333e-11 1.285000e+01 6.412054e-11 
1.275000e+01 7.526538e-11 1.275000e+01 7.353752e-11 1.275000e+01 3.284719e-11 1.275000e+01 6.903191e-11 
1.265000e+01 8.092965e-11 1.265000e+01 7.908286e-11 1.265000e+01 3.533211e-11 1.265000e+01 7.427069e-11 
1.255000e+01 8.714879e-11 1.255000e+01 8.508338e-11 1.255000e+01 3.801058e-11 1.255000e+01 7.994603e-11 
1.245000e+01 9.393436e-11 1.245000e+01 9.158049e-11 1.245000e+01 4.090757e-11 1.245000e+01 8.600338e-11 
1.235000e+01 1.013557e-10 1.235000e+01 9.857423e-11 1.235000e+01 4.402934e-11 1.235000e+01 9.249729e-11 
1.225000e+01 1.095053e-10 1.225000e+01 1.061059e-10 1.225000e+01 4.741333e-11 1.225000e+01 9.953691e-11 
1.215000e+01 1.182560e-10 1.215000e+01 1.142170e-10 1.215000e+01 5.103458e-11 1.215000e+01 1.070677e-10 
1.205000e+01 1.272726e-10 1.205000e+01 1.228660e-10 1.205000e+01 5.489307e-11 1.205000e+01 1.151987e-10 
1.195000e+01 1.367516e-10 1.195000e+01 1.321358e-10 1.195000e+01 5.898883e-11 1.195000e+01 1.239300e-10 
1.185000e+01 1.466929e-10 1.185000e+01 1.420263e-10 1.185000e+01 6.337178e-11 1.185000e+01 1.332616e-10 
1.175000e+01 1.572123e-10 1.175000e+01 1.526618e-10 1.175000e+01 6.799199e-11 1.175000e+01 1.433026e-10 
1.165000e+01 1.688876e-10 1.165000e+01 1.641248e-10 1.165000e+01 7.298682e-11 1.165000e+01 1.541076e-10 
1.155000e+01 1.817189e-10 1.155000e+01 1.764570e-10 1.155000e+01 7.841867e-11 1.155000e+01 1.657312e-10 
1.145000e+01 1.958218e-10 1.145000e+01 1.896995e-10 1.145000e+01 8.428759e-11 1.145000e+01 1.782278e-10 
1.135000e+01 2.113118e-10 1.135000e+01 2.039766e-10 1.135000e+01 9.065599e-11 1.135000e+01 1.916522e-10 
1.125000e+01 2.277266e-10 1.125000e+01 2.193297e-10 1.125000e+01 9.746142e-11 1.125000e+01 2.060589e-10 
1.115000e+01 2.451818e-10 1.115000e+01 2.357587e-10 1.115000e+01 1.048288e-10 1.115000e+01 2.216115e-10 
1.105000e+01 2.636774e-10 1.105000e+01 2.533879e-10 1.105000e+01 1.126956e-10 1.105000e+01 2.383647e-10 
1.095000e+01 2.834445e-10 1.095000e+01 2.722999e-10 1.095000e+01 1.211868e-10 1.095000e+01 2.563185e-10 
1.085000e+01 3.044832e-10 1.085000e+01 2.925776e-10 1.085000e+01 1.303024e-10 1.085000e+01 2.756911e-10 
1.075000e+01 3.270247e-10 1.075000e+01 3.143864e-10 1.075000e+01 1.401047e-10 1.075000e+01 2.965370e-10 
1.065000e+01 3.510690e-10 1.065000e+01 3.378091e-10 1.065000e+01 1.507187e-10 1.065000e+01 3.189110e-10 
1.055000e+01 3.767315e-10 1.055000e+01 3.629700e-10 1.055000e+01 1.620819e-10 1.055000e+01 3.429767e-10 
1.045000e+01 4.041281e-10 1.045000e+01 3.899517e-10 1.045000e+01 1.742568e-10 1.045000e+01 3.688432e-10 
1.035000e+01 4.339522e-10 1.035000e+01 4.187956e-10 1.035000e+01 1.873682e-10 1.035000e+01 3.965651e-10 
1.025000e+01 4.665507e-10 1.025000e+01 4.498328e-10 1.025000e+01 2.013537e-10 1.025000e+01 4.263606e-10 
1.015000e+01 5.021547e-10 1.015000e+01 4.833531e-10 1.015000e+01 2.164006e-10 1.015000e+01 4.582845e-10 
1.005000e+01 5.409952e-10 1.005000e+01 5.193562e-10 1.005000e+01 2.325713e-10 1.005000e+01 4.925548e-10 
9.950000e+00 5.834194e-10 9.950000e+00 5.578424e-10 9.950000e+00 2.498659e-10 9.950000e+00 5.336466e-10 
9.850000e+00 6.286179e-10 9.850000e+00 5.992253e-10 9.850000e+00 2.684716e-10 9.850000e+00 5.828148e-10 
9.750000e+00 6.765908e-10 9.750000e+00 6.439189e-10 9.750000e+00 2.883884e-10 9.750000e+00 6.373855e-10 
9.650000e+00 7.274537e-10 9.650000e+00 6.915093e-10 9.650000e+00 3.098662e-10 9.650000e+00 6.979590e-10 
9.550000e+00 7.813220e-10 9.550000e+00 7.424104e-10 9.550000e+00 3.329672e-10 9.550000e+00 7.650808e-10 
9.450000e+00 8.385426e-10 9.450000e+00 7.974498e-10 9.450000e+00 3.578164e-10 9.450000e+00 8.392970e-10 
9.350000e+00 8.991156e-10 9.350000e+00 8.562135e-10 9.350000e+00 3.846636e-10 9.350000e+00 9.216987e-10 
9.250000e+00 9.635034e-10 9.250000e+00 9.191158e-10 9.250000e+00 4.136960e-10 9.250000e+00 1.013377e-09 
9.150000e+00 1.031590e-09 9.150000e+00 9.865700e-10 9.150000e+00 4.450385e-10 9.150000e+00 1.115425e-09 
9.050000e+00 1.103838e-09 9.050000e+00 1.059404e-09 9.050000e+00 4.786286e-10 9.050000e+00 1.228386e-09 
8.950000e+00 1.181404e-09 8.950000e+00 1.137618e-09 8.950000e+00 5.146538e-10 8.950000e+00 1.354990e-09 
8.850000e+00 1.264634e-09 8.850000e+00 1.221625e-09 8.850000e+00 5.533012e-10 8.850000e+00 1.495782e-09 
8.750000e+00 1.352488e-09 8.750000e+00 1.312254e-09 8.750000e+00 5.948830e-10 8.750000e+00 1.653492e-09 
8.650000e+00 1.447278e-09 8.650000e+00 1.409504e-09 8.650000e+00 6.399612e-10 8.650000e+00 1.829209e-09 
8.550000e+00 1.546692e-09 8.550000e+00 1.514203e-09 8.550000e+00 6.886608e-10 8.550000e+00 2.026755e-09 
8.450000e+00 1.650729e-09 8.450000e+00 1.626351e-09 8.450000e+00 7.404820e-10 8.450000e+00 2.248857e-09 
8.350000e+00 1.760546e-09 8.350000e+00 1.746775e-09 8.350000e+00 7.972982e-10 8.350000e+00 2.498246e-09 
8.250000e+00 1.881924e-09 8.250000e+00 1.875890e-09 8.250000e+00 8.578604e-10 8.250000e+00 2.778193e-09 
8.150000e+00 2.016016e-09 8.150000e+00 2.014109e-09 8.150000e+00 9.227930e-10 8.150000e+00 3.093611e-09 
8.050000e+00 2.167449e-09 8.050000e+00 2.162674e-09 8.050000e+00 9.933449e-10 8.050000e+00 3.448321e-09 
7.950000e+00 2.335065e-09 7.950000e+00 2.329033e-09 7.950000e+00 1.073886e-09 7.950000e+00 3.756099e-09 
7.850000e+00 2.521177e-09 7.850000e+00 2.516084e-09 7.850000e+00 1.166291e-09 7.850000e+00 4.000031e-09 
7.750000e+00 2.728096e-09 7.750000e+00 2.721344e-09 7.750000e+00 1.269933e-09 7.750000e+00 4.262515e-09 
7.650000e+00 2.961602e-09 7.650000e+00 2.948123e-09 7.650000e+00 1.386063e-09 7.650000e+00 4.546829e-09 
7.550000e+00 3.214760e-09 7.550000e+00 3.196834e-09 7.550000e+00 1.514679e-09 7.550000e+00 4.853516e-09 
7.450000e+00 3.485258e-09 7.450000e+00 3.469134e-09 7.450000e+00 1.654534e-09 7.450000e+00 5.184759e-09 
7.350000e+00 3.784655e-09 7.350000e+00 3.767505e-09 7.350000e+00 1.808125e-09 7.350000e+00 5.544380e-09 
7.250000e+00 4.115264e-09 7.250000e+00 4.095672e-09 7.250000e+00 1.977949e-09 7.250000e+00 5.931832e-09 
7.150000e+00 4.456276e-09 7.150000e+00 4.456945e-09 7.150000e+00 2.165254e-09 7.150000e+00 6.352027e-09 
7.050000e+00 4.808846e-09 7.050000e+00 4.850084e-09 7.050000e+00 2.373788e-09 7.050000e+00 6.810420e-09 
6.950000e+00 5.190318e-09 6.950000e+00 5.280467e-09 6.950000e+00 2.610417e-09 6.950000e+00 7.317927e-09 
6.850000e+00 5.599532e-09 6.850000e+00 5.760509e-09 6.850000e+00 2.875143e-09 6.850000e+00 7.863634e-09 
6.750000e+00 6.054985e-09 6.750000e+00 6.290211e-09 6.750000e+00 3.171087e-09 6.750000e+00 8.463910e-09 
6.650000e+00 6.611008e-09 6.650000e+00 6.881987e-09 6.650000e+00 3.511983e-09 6.650000e+00 9.107845e-09 
6.550000e+00 7.289564e-09 6.550000e+00 7.548252e-09 6.550000e+00 3.906574e-09 6.550000e+00 9.795436e-09 
6.450000e+00 8.082562e-09 6.450000e+00 8.293147e-09 6.450000e+00 4.359229e-09 6.450000e+00 1.054851e-08 
6.350000e+00 9.005029e-09 6.350000e+00 9.129081e-09 6.350000e+00 4.880564e-09 6.350000e+00 1.136161e-08 
6.250000e+00 1.003153e-08 6.250000e+00 1.006020e-08 6.250000e+00 5.464333e-09 6.250000e+00 1.225112e-08 
6.150000e+00 1.109040e-08 6.150000e+00 1.108650e-08 6.150000e+00 6.082442e-09 6.150000e+00 1.321156e-08 
6.050000e+00 1.220707e-08 6.050000e+00 1.221211e-08 6.050000e+00 6.743007e-09 6.050000e+00 1.425932e-08 
5.950000e+00 1.317809e-08 5.950000e+00 1.314323e-08 5.950000e+00 7.230002e-09 5.950000e+00 1.498511e-08 
5.850000e+00 1.394103e-08 5.850000e+00 1.383432e-08 5.850000e+00 7.498474e-09 5.850000e+00 1.532345e-08 
5.750000e+00 1.473865e-08 5.750000e+00 1.457922e-08 5.750000e+00 7.754458e-09 5.750000e+00 1.568361e-08 
5.650000e+00 1.557095e-08 5.650000e+00 1.539446e-08 5.650000e+00 7.985469e-09 5.650000e+00 1.606561e-08 
5.550000e+00 1.644949e-08 5.550000e+00 1.630075e-08 5.550000e+00 8.203991e-09 5.550000e+00 1.645851e-08 
5.450000e+00 1.737427e-08 5.450000e+00 1.730221e-08 5.450000e+00 8.428759e-09 5.450000e+00 1.686234e-08 
5.350000e+00 1.839153e-08 5.350000e+00 1.839473e-08 5.350000e+00 8.678500e-09 5.350000e+00 1.728799e-08 
5.250000e+00 1.951282e-08 5.250000e+00 1.957000e-08 5.250000e+00 8.978189e-09 5.250000e+00 1.773001e-08 
5.150000e+00 2.077283e-08 5.150000e+00 2.083632e-08 5.150000e+00 9.371531e-09 5.150000e+00 1.818841e-08 
5.050000e+00 2.216000e-08 5.050000e+00 2.221024e-08 5.050000e+00 9.852283e-09 5.050000e+00 1.868500e-08 
4.950000e+00 2.358185e-08 4.950000e+00 2.348484e-08 4.950000e+00 1.036425e-08 4.950000e+00 1.929073e-08 
4.850000e+00 2.501525e-08 4.850000e+00 2.463114e-08 4.850000e+00 1.088871e-08 4.850000e+00 2.001652e-08 
4.750000e+00 2.658738e-08 4.750000e+00 2.586849e-08 4.750000e+00 1.145687e-08 4.750000e+00 2.080780e-08 
4.650000e+00 2.830977e-08 4.650000e+00 2.719275e-08 4.650000e+00 1.208122e-08 4.650000e+00 2.167002e-08 
4.550000e+00 3.019401e-08 4.550000e+00 2.861218e-08 4.550000e+00 1.281796e-08 4.550000e+00 2.258680e-08 
4.450000e+00 3.224008e-08 4.450000e+00 3.015163e-08 4.450000e+00 1.360464e-08 4.450000e+00 2.357999e-08 
4.350000e+00 3.443643e-08 4.350000e+00 3.182350e-08 4.350000e+00 1.444127e-08 4.350000e+00 2.466594e-08 
4.250000e+00 3.679461e-08 4.250000e+00 3.364435e-08 4.250000e+00 1.530912e-08 4.250000e+00 2.585013e-08 
4.150000e+00 3.933775e-08 4.150000e+00 3.564315e-08 4.150000e+00 1.612078e-08 4.150000e+00 2.716528e-08 
4.050000e+00 4.206585e-08 4.050000e+00 3.785300e-08 4.050000e+00 1.679508e-08 4.050000e+00 2.864415e-08 
3.950000e+00 4.467835e-08 3.950000e+00 4.008354e-08 3.950000e+00 1.755055e-08 3.950000e+00 3.022670e-08 
3.850000e+00 4.716369e-08 3.850000e+00 4.229339e-08 3.850000e+00 1.853078e-08 3.850000e+00 3.187473e-08 
3.750000e+00 4.993803e-08 3.750000e+00 4.469360e-08 3.750000e+00 1.967959e-08 3.750000e+00 3.364827e-08 
3.650000e+00 5.297824e-08 3.650000e+00 4.725934e-08 3.650000e+00 2.104068e-08 3.650000e+00 3.554188e-08 
3.550000e+00 5.627276e-08 3.550000e+00 5.003200e-08 3.550000e+00 2.271395e-08 3.550000e+00 3.755008e-08 
3.450000e+00 5.977535e-08 3.450000e+00 5.309434e-08 3.450000e+00 2.434350e-08 3.450000e+00 3.979294e-08 
3.350000e+00 6.348603e-08 3.350000e+00 5.648775e-08 3.350000e+00 2.606047e-08 3.350000e+00 4.226499e-08 
3.250000e+00 6.753193e-08 3.250000e+00 6.025360e-08 3.250000e+00 2.796475e-08 3.250000e+00 4.497169e-08 
3.150000e+00 7.199397e-08 3.150000e+00 6.435051e-08 3.150000e+00 2.990024e-08 3.150000e+00 4.800582e-08 
3.050000e+00 7.706871e-08 3.050000e+00 6.890264e-08 3.050000e+00 3.198558e-08 3.050000e+00 5.137829e-08 
2.950000e+00 8.249021e-08 2.950000e+00 7.341338e-08 2.950000e+00 3.393980e-08 2.950000e+00 5.457067e-08 
2.850000e+00 8.817761e-08 2.850000e+00 7.788275e-08 2.850000e+00 3.530714e-08 2.850000e+00 5.762664e-08 
2.750000e+00 9.459325e-08 2.750000e+00 8.276594e-08 2.750000e+00 3.684928e-08 2.750000e+00 6.101001e-08 
2.650000e+00 1.017950e-07 2.650000e+00 8.818711e-08 2.650000e+00 3.890965e-08 2.650000e+00 6.455711e-08 
2.550000e+00 1.097018e-07 2.550000e+00 9.418763e-08 2.550000e+00 4.131341e-08 2.550000e+00 6.848619e-08 
2.450000e+00 1.183716e-07 2.450000e+00 1.010158e-07 2.450000e+00 4.392944e-08 2.450000e+00 7.279728e-08 
2.350000e+00 1.279662e-07 2.350000e+00 1.087131e-07 2.350000e+00 4.663913e-08 2.350000e+00 7.759949e-08 
2.250000e+00 1.386011e-07 2.250000e+00 1.175276e-07 2.250000e+00 4.923644e-08 2.250000e+00 8.311114e-08 
2.150000e+00 1.506233e-07 2.150000e+00 1.276251e-07 2.150000e+00 5.198984e-08 2.150000e+00 8.933219e-08 
2.050000e+00 1.643793e-07 2.050000e+00 1.391709e-07 2.050000e+00 5.489932e-08 2.050000e+00 9.631724e-08 
1.950000e+00 1.755923e-07 1.950000e+00 1.506754e-07 1.950000e+00 5.740921e-08 1.950000e+00 1.026474e-07 
1.850000e+00 1.832217e-07 1.850000e+00 1.618074e-07 1.850000e+00 5.973805e-08 1.850000e+00 1.079408e-07 
1.750000e+00 1.914291e-07 1.750000e+00 1.743465e-07 1.750000e+00 6.268499e-08 1.750000e+00 1.136161e-07 
1.650000e+00 1.996365e-07 1.650000e+00 1.886235e-07 1.650000e+00 6.593162e-08 1.650000e+00 1.198372e-07 
1.550000e+00 2.077283e-07 1.550000e+00 2.049698e-07 1.550000e+00 6.961530e-08 1.550000e+00 1.266585e-07 
1.450000e+00 2.126990e-07 1.450000e+00 2.204057e-07 1.450000e+00 7.379845e-08 1.450000e+00 1.318428e-07 
1.350000e+00 2.148954e-07 1.350000e+00 2.344345e-07 1.350000e+00 7.866841e-08 1.350000e+00 1.351715e-07 
1.250000e+00 2.170917e-07 1.250000e+00 2.502428e-07 1.250000e+00 8.435002e-08 1.250000e+00 1.387186e-07 
1.150000e+00 2.207908e-07 1.150000e+00 2.678719e-07 1.150000e+00 9.078086e-08 1.150000e+00 1.428660e-07 
1.050000e+00 2.264551e-07 1.050000e+00 2.880668e-07 1.050000e+00 9.846040e-08 1.050000e+00 1.479411e-07 
9.800000e-01 2.331597e-07 9.800000e-01 3.036268e-07 9.800000e-01 1.043293e-07 9.800000e-01 1.524159e-07 
9.400000e-01 2.398644e-07 9.400000e-01 3.128552e-07 9.400000e-01 1.077633e-07 9.400000e-01 1.557993e-07 
9.000000e-01 2.473782e-07 9.000000e-01 3.219595e-07 9.000000e-01 1.111347e-07 9.000000e-01 1.595101e-07 
8.600000e-01 2.558168e-07 8.600000e-01 3.314776e-07 8.600000e-01 1.145062e-07 8.600000e-01 1.635483e-07 
8.200000e-01 2.647178e-07 8.200000e-01 3.417405e-07 8.200000e-01 1.181899e-07 8.200000e-01 1.678048e-07 
7.800000e-01 2.746592e-07 7.800000e-01 3.529967e-07 7.800000e-01 1.221858e-07 7.800000e-01 1.724434e-07 
7.400000e-01 2.855253e-07 7.400000e-01 3.649977e-07 7.400000e-01 1.265562e-07 7.400000e-01 1.775184e-07 
7.050000e-01 2.980098e-07 7.050000e-01 3.768747e-07 7.050000e-01 1.307394e-07 7.050000e-01 1.823206e-07 
6.750000e-01 3.158117e-07 6.750000e-01 3.907379e-07 6.750000e-01 1.345480e-07 6.750000e-01 1.868500e-07 
6.450000e-01 3.398560e-07 6.450000e-01 4.080774e-07 6.450000e-01 1.386687e-07 6.450000e-01 1.917614e-07 
6.150000e-01 3.672525e-07 6.150000e-01 4.270722e-07 6.150000e-01 1.431016e-07 6.150000e-01 1.971093e-07 
5.875000e-01 3.958051e-07 5.875000e-01 4.461083e-07 5.875000e-01 1.474721e-07 5.875000e-01 2.023480e-07 
5.625000e-01 4.253980e-07 5.625000e-01 4.647307e-07 5.625000e-01 1.517801e-07 5.625000e-01 2.074777e-07 
5.375000e-01 4.600772e-07 5.375000e-01 4.854222e-07 5.375000e-01 1.564627e-07 5.375000e-01 2.129348e-07 
5.125000e-01 4.969527e-07 5.125000e-01 5.073551e-07 5.125000e-01 1.613951e-07 5.125000e-01 2.188284e-07 
4.875000e-01 5.267768e-07 4.875000e-01 5.272190e-07 4.875000e-01 1.671392e-07 4.875000e-01 2.253223e-07 
4.625000e-01 5.566009e-07 4.625000e-01 5.470828e-07 4.625000e-01 1.737573e-07 4.625000e-01 2.324165e-07 
4.375000e-01 5.845755e-07 4.375000e-01 5.690159e-07 4.375000e-01 1.809373e-07 4.375000e-01 2.402201e-07 
4.125000e-01 6.207574e-07 4.125000e-01 5.946732e-07 4.125000e-01 1.888667e-07 4.125000e-01 2.487331e-07 
3.900000e-01 6.612165e-07 3.900000e-01 6.211583e-07 3.900000e-01 1.967335e-07 3.900000e-01 2.570279e-07 
3.700000e-01 7.079178e-07 3.700000e-01 6.480572e-07 3.700000e-01 2.044130e-07 3.700000e-01 2.651043e-07 
3.500000e-01 7.416722e-07 3.500000e-01 6.761977e-07 3.500000e-01 2.128418e-07 3.500000e-01 2.739994e-07 
3.300000e-01 7.847899e-07 3.300000e-01 7.093041e-07 3.300000e-01 2.220822e-07 3.300000e-01 2.837129e-07 
3.100000e-01 8.377335e-07 3.100000e-01 7.469626e-07 3.100000e-01 2.323840e-07 3.100000e-01 2.943542e-07 
2.900000e-01 8.800421e-07 2.900000e-01 7.784136e-07 2.900000e-01 2.443091e-07 2.900000e-01 3.059777e-07 
2.750000e-01 8.894054e-07 2.750000e-01 7.949668e-07 2.750000e-01 2.546110e-07 2.750000e-01 3.154185e-07 
2.625000e-01 8.980753e-07 2.625000e-01 8.098646e-07 2.625000e-01 2.641011e-07 2.625000e-01 3.240407e-07 
2.475000e-01 9.310206e-07 2.475000e-01 8.309700e-07 2.475000e-01 2.765257e-07 2.475000e-01 3.349548e-07 
2.350000e-01 9.497473e-07 2.350000e-01 8.491784e-07 2.350000e-01 2.878890e-07 2.350000e-01 3.449958e-07 
2.250000e-01 9.549491e-07 2.250000e-01 8.640763e-07 2.250000e-01 2.978786e-07 2.250000e-01 3.538363e-07 
2.150000e-01 9.654685e-07 2.150000e-01 8.798018e-07 2.150000e-01 3.086174e-07 2.150000e-01 3.632770e-07 
2.050000e-01 1.004078e-06 2.050000e-01 8.996657e-07 2.050000e-01 3.202929e-07 2.050000e-01 3.729905e-07 
1.950000e-01 1.017603e-06 1.950000e-01 9.112529e-07 1.950000e-01 3.329048e-07 1.950000e-01 3.843412e-07 
1.850000e-01 1.021880e-06 1.850000e-01 9.153912e-07 1.850000e-01 3.465781e-07 1.850000e-01 3.972200e-07 
1.750000e-01 1.038526e-06 1.750000e-01 9.211848e-07 1.750000e-01 3.616249e-07 1.750000e-01 4.112446e-07 
1.650000e-01 1.041994e-06 1.650000e-01 9.257369e-07 1.650000e-01 3.782328e-07 1.650000e-01 4.268518e-07 
1.550000e-01 1.041647e-06 1.550000e-01 9.302890e-07 1.550000e-01 3.967136e-07 1.550000e-01 4.440416e-07 
1.462500e-01 1.038179e-06 1.462500e-01 9.344273e-07 1.462500e-01 4.146325e-07 1.462500e-01 4.606310e-07 
1.387500e-01 1.035058e-06 1.387500e-01 9.373243e-07 1.387500e-01 4.316773e-07 1.387500e-01 4.762383e-07 
1.312500e-01 9.756410e-07 1.312500e-01 9.348412e-07 1.312500e-01 4.504079e-07 1.312500e-01 4.945741e-07 
1.237500e-01 9.843109e-07 1.237500e-01 9.393933e-07 1.237500e-01 4.711364e-07 1.237500e-01 5.129644e-07 
1.175000e-01 9.788779e-07 1.175000e-01 9.418764e-07 1.175000e-01 4.901167e-07 1.175000e-01 5.300450e-07 
1.125000e-01 9.736758e-07 1.125000e-01 9.435316e-07 1.125000e-01 5.068493e-07 1.125000e-01 5.448335e-07 
1.075000e-01 9.675492e-07 1.075000e-01 9.472561e-07 1.075000e-01 5.248932e-07 1.075000e-01 5.609865e-07 
1.025000e-01 1.088233e-06 1.025000e-01 9.596711e-07 1.025000e-01 5.441856e-07 1.025000e-01 5.762663e-07 
9.800000e-02 1.073899e-06 9.800000e-02 9.600848e-07 9.800000e-02 5.614803e-07 9.800000e-02 5.931832e-07 
9.400000e-02 1.050086e-06 9.400000e-02 9.534635e-07 9.400000e-02 5.762150e-07 9.400000e-02 6.106458e-07 
9.000000e-02 1.026157e-06 9.000000e-02 9.472561e-07 9.000000e-02 5.921359e-07 9.000000e-02 6.291999e-07 
8.600000e-02 1.007430e-06 8.600000e-02 9.373243e-07 8.600000e-02 6.093681e-07 8.600000e-02 6.488454e-07 
8.200000e-02 9.878943e-07 8.200000e-02 9.282199e-07 8.200000e-02 6.287229e-07 8.200000e-02 6.706736e-07 
7.799999e-02 9.645437e-07 7.799999e-02 9.199433e-07 7.799999e-02 6.487022e-07 7.799999e-02 6.941390e-07 
7.400000e-02 9.435050e-07 7.400000e-02 9.112529e-07 7.400000e-02 6.711790e-07 7.400000e-02 7.192415e-07 
7.050000e-02 9.229287e-07 7.050000e-02 8.992518e-07 7.050000e-02 6.930313e-07 7.050000e-02 7.443439e-07 
6.750000e-02 8.917174e-07 6.750000e-02 8.839402e-07 6.750000e-02 7.173809e-07 6.750000e-02 7.716293e-07 
6.450000e-02 8.524143e-07 6.450000e-02 8.628350e-07 6.450000e-02 7.461013e-07 6.450000e-02 8.032803e-07 
6.150000e-02 8.133425e-07 6.150000e-02 8.396603e-07 6.150000e-02 7.773190e-07 6.150000e-02 8.382056e-07 
5.875000e-02 7.287252e-07 5.875000e-02 8.094507e-07 5.875000e-02 8.091608e-07 5.875000e-02 8.758593e-07 
5.625000e-02 6.968204e-07 5.625000e-02 7.887593e-07 5.625000e-02 8.397541e-07 5.625000e-02 9.107845e-07 
5.375000e-02 6.684991e-07 5.375000e-02 7.680679e-07 5.375000e-02 8.734692e-07 5.375000e-02 9.484384e-07 
5.125000e-02 6.424897e-07 5.125000e-02 7.473764e-07 5.125000e-02 9.096816e-07 5.125000e-02 9.893662e-07 
4.875000e-02 6.198326e-07 4.875000e-02 7.246156e-07 4.875000e-02 9.483916e-07 4.875000e-02 1.033023e-06 
4.625000e-02 6.368255e-07 4.625000e-02 7.055796e-07 4.625000e-02 9.895987e-07 4.625000e-02 1.076679e-06 
4.375000e-02 6.339354e-07 4.375000e-02 6.828189e-07 4.375000e-02 1.035176e-06 4.375000e-02 1.127976e-06 
4.125000e-02 6.115096e-07 4.125000e-02 6.575754e-07 4.125000e-02 1.084500e-06 4.125000e-02 1.186366e-06 
3.900000e-02 5.315163e-07 3.900000e-02 6.257104e-07 3.900000e-02 1.133824e-06 3.900000e-02 1.252397e-06 
3.700000e-02 5.119804e-07 3.700000e-02 6.041913e-07 3.700000e-02 1.182524e-06 3.700000e-02 1.310242e-06 
3.500000e-02 4.918664e-07 3.500000e-02 5.818445e-07 3.500000e-02 1.235594e-06 3.500000e-02 1.374089e-06 
3.300000e-02 4.730240e-07 3.300000e-02 5.603253e-07 3.300000e-02 1.295532e-06 3.300000e-02 1.444486e-06 
3.100000e-02 4.519853e-07 3.100000e-02 5.371509e-07 3.100000e-02 1.361713e-06 3.100000e-02 1.524159e-06 
2.900000e-02 4.791507e-07 2.900000e-02 5.251499e-07 2.900000e-02 1.435386e-06 2.900000e-02 1.603832e-06 
2.750000e-02 4.649322e-07 2.750000e-02 5.094244e-07 2.750000e-02 1.495324e-06 2.750000e-02 1.678048e-06 
2.625000e-02 4.534882e-07 2.625000e-02 4.970095e-07 2.625000e-02 1.550892e-06 2.625000e-02 1.746261e-06 
2.475000e-02 4.376513e-07 2.475000e-02 4.825254e-07 2.475000e-02 1.624565e-06 2.475000e-02 1.836849e-06 
2.350000e-02 4.253980e-07 2.350000e-02 4.692828e-07 2.350000e-02 1.690747e-06 2.350000e-02 1.919796e-06 
2.250000e-02 4.160346e-07 2.250000e-02 4.572818e-07 2.250000e-02 1.748811e-06 2.250000e-02 1.992921e-06 
2.150000e-02 4.050529e-07 2.150000e-02 4.473498e-07 2.150000e-02 1.811247e-06 2.150000e-02 2.072594e-06 
2.050000e-02 3.934931e-07 2.050000e-02 4.357626e-07 2.050000e-02 1.879925e-06 2.050000e-02 2.158816e-06 
1.950000e-02 3.838986e-07 1.950000e-02 4.266584e-07 1.950000e-02 1.957970e-06 1.950000e-02 2.255406e-06 
1.850000e-02 3.786967e-07 1.850000e-02 4.216924e-07 1.850000e-02 2.053495e-06 1.850000e-02 2.360727e-06 
1.750000e-02 3.754600e-07 1.750000e-02 4.137055e-07 1.750000e-02 2.162132e-06 1.750000e-02 2.476417e-06 
1.650000e-02 3.702581e-07 1.650000e-02 4.077464e-07 1.650000e-02 2.282633e-06 1.650000e-02 2.605750e-06 
1.550000e-02 3.663278e-07 1.550000e-02 4.010423e-07 1.550000e-02 2.418742e-06 1.550000e-02 2.749817e-06 
1.462500e-02 3.667902e-07 1.462500e-02 3.924347e-07 1.462500e-02 2.554227e-06 1.462500e-02 2.889517e-06 
1.387500e-02 3.615883e-07 1.387500e-02 3.884205e-07 1.387500e-02 2.678472e-06 1.387500e-02 3.025398e-06 
1.312500e-02 3.555772e-07 1.312500e-02 3.850685e-07 1.312500e-02 2.818327e-06 1.312500e-02 3.174376e-06 
1.237500e-02 3.526873e-07 1.237500e-02 3.788610e-07 1.237500e-02 2.974415e-06 1.237500e-02 3.340271e-06 
1.175000e-02 3.443643e-07 1.175000e-02 3.720328e-07 1.175000e-02 3.112398e-06 1.175000e-02 3.495252e-06 
1.125000e-02 3.400872e-07 1.125000e-02 3.692602e-07 1.125000e-02 3.237268e-06 1.125000e-02 3.630041e-06 
1.075000e-02 3.377753e-07 1.075000e-02 3.616457e-07 1.075000e-02 3.378996e-06 1.075000e-02 3.774108e-06 
1.025000e-02 3.337294e-07 1.025000e-02 3.580868e-07 1.025000e-02 3.531963e-06 1.025000e-02 3.932363e-06 
9.800000e-03 3.282963e-07 9.800000e-03 3.556866e-07 9.800000e-03 3.658706e-06 9.800000e-03 4.087344e-06 
9.400001e-03 3.277183e-07 9.400001e-03 3.552314e-07 9.400001e-03 3.771713e-06 9.400001e-03 4.229228e-06 
9.000000e-03 3.256375e-07 9.000000e-03 3.525001e-07 9.000000e-03 3.886594e-06 9.000000e-03 4.385300e-06 
8.600000e-03 3.160430e-07 8.600000e-03 3.519621e-07 8.600000e-03 4.016460e-06 8.600000e-03 4.560472e-06 
8.200000e-03 3.145402e-07 8.200000e-03 3.513414e-07 8.200000e-03 4.150696e-06 8.200000e-03 4.744920e-06 
7.800000e-03 3.126907e-07 7.800000e-03 3.532450e-07 7.800000e-03 4.304286e-06 7.800000e-03 4.945195e-06 
7.400000e-03 3.107255e-07 7.400000e-03 3.510517e-07 7.400000e-03 4.479729e-06 7.400000e-03 5.161839e-06 
7.050000e-03 3.095695e-07 7.050000e-03 3.535346e-07 7.050000e-03 4.652675e-06 7.050000e-03 5.371937e-06 
6.750000e-03 3.147714e-07 6.750000e-03 3.573833e-07 6.750000e-03 4.840605e-06 6.750000e-03 5.560752e-06 
6.450000e-03 3.158117e-07 6.450000e-03 3.589972e-07 6.450000e-03 5.076610e-06 6.450000e-03 5.773577e-06 
6.150000e-03 3.183549e-07 6.150000e-03 3.576730e-07 6.150000e-03 5.340087e-06 6.150000e-03 6.002774e-06 
5.875000e-03 3.189329e-07 5.875000e-03 3.612733e-07 5.875000e-03 5.593574e-06 5.875000e-03 6.237428e-06 
5.625000e-03 3.197421e-07 5.625000e-03 3.554797e-07 5.625000e-03 5.852055e-06 5.625000e-03 6.466625e-06 
5.375000e-03 3.177769e-07 5.375000e-03 3.626390e-07 5.375000e-03 6.106792e-06 5.375000e-03 6.728564e-06 
5.125000e-03 3.174301e-07 5.125000e-03 3.630527e-07 5.125000e-03 6.399614e-06 5.125000e-03 7.006874e-06 
4.875000e-03 3.171989e-07 4.875000e-03 3.627631e-07 4.875000e-03 6.705545e-06 4.875000e-03 7.301556e-06 
4.625000e-03 3.171989e-07 4.625000e-03 3.690533e-07 4.625000e-03 7.011478e-06 4.625000e-03 7.623523e-06 
4.375000e-03 3.176613e-07 4.375000e-03 3.762125e-07 4.375000e-03 7.342386e-06 4.375000e-03 7.983690e-06 
4.125000e-03 3.131530e-07 4.125000e-03 3.805164e-07 4.125000e-03 7.741971e-06 4.125000e-03 8.382056e-06 
3.900000e-03 3.124594e-07 3.900000e-03 3.894551e-07 3.900000e-03 8.129070e-06 3.900000e-03 8.802251e-06 
3.700000e-03 3.115347e-07 3.700000e-03 3.987662e-07 3.700000e-03 8.491194e-06 3.700000e-03 9.255186e-06 
3.500000e-03 3.108411e-07 3.500000e-03 4.057186e-07 3.500000e-03 8.859562e-06 3.500000e-03 9.817262e-06 
3.300000e-03 3.115347e-07 3.300000e-03 4.127537e-07 3.300000e-03 9.296610e-06 3.300000e-03 1.048303e-05 
3.100000e-03 3.144246e-07 3.100000e-03 4.212786e-07 3.100000e-03 9.777359e-06 3.100000e-03 1.109422e-05 
2.900000e-03 3.190485e-07 2.900000e-03 4.349350e-07 2.900000e-03 1.032679e-05 2.900000e-03 1.178727e-05 
2.750000e-03 3.240192e-07 2.750000e-03 4.502467e-07 2.750000e-03 1.077632e-05 2.750000e-03 1.237663e-05 
2.625000e-03 3.286430e-07 2.625000e-03 4.639030e-07 2.625000e-03 1.121337e-05 2.625000e-03 1.291688e-05 
2.475000e-03 3.355789e-07 2.475000e-03 4.833531e-07 2.475000e-03 1.180651e-05 2.475000e-03 1.356081e-05 
2.350000e-03 3.427459e-07 2.350000e-03 5.011477e-07 2.350000e-03 1.237467e-05 2.350000e-03 1.412835e-05 
2.250000e-03 3.511846e-07 2.250000e-03 5.189424e-07 2.250000e-03 1.288664e-05 2.250000e-03 1.455945e-05 
2.150000e-03 3.581203e-07 2.150000e-03 5.359094e-07 2.150000e-03 1.349850e-05 2.150000e-03 1.507242e-05 
2.050000e-03 3.635535e-07 2.050000e-03 5.524626e-07 2.050000e-03 1.412910e-05 2.050000e-03 1.568361e-05 
1.950000e-03 3.712985e-07 1.950000e-03 5.739818e-07 1.950000e-03 1.485959e-05 1.950000e-03 1.633846e-05 
1.850000e-03 3.814710e-07 1.850000e-03 6.021221e-07 1.850000e-03 1.565876e-05 1.850000e-03 1.705334e-05 
1.750000e-03 3.917592e-07 1.750000e-03 6.335732e-07 1.750000e-03 1.653910e-05 1.750000e-03 1.785552e-05 
1.650000e-03 4.057464e-07 1.650000e-03 6.699902e-07 1.650000e-03 1.745690e-05 1.650000e-03 1.878323e-05 
1.550000e-03 4.196181e-07 1.550000e-03 7.097179e-07 1.550000e-03 1.857449e-05 1.550000e-03 1.980915e-05 
1.462500e-03 4.338366e-07 1.462500e-03 7.498594e-07 1.462500e-03 1.959842e-05 1.462500e-03 2.081871e-05 
1.387500e-03 4.480550e-07 1.387500e-03 7.904147e-07 1.387500e-03 2.060987e-05 1.387500e-03 2.178462e-05 
1.312500e-03 4.635451e-07 1.312500e-03 8.380051e-07 1.312500e-03 2.170874e-05 1.312500e-03 2.284874e-05 
1.237500e-03 4.850462e-07 1.237500e-03 9.112529e-07 1.237500e-03 2.247045e-05 1.237500e-03 2.415844e-05 
1.175000e-03 4.994959e-07 1.175000e-03 9.625677e-07 1.175000e-03 2.340698e-05 1.175000e-03 2.532625e-05 
1.125000e-03 5.101307e-07 1.125000e-03 1.002295e-06 1.125000e-03 2.438721e-05 1.125000e-03 2.631398e-05 
1.075000e-03 5.219217e-07 1.075000e-03 1.045747e-06 1.075000e-03 2.546109e-05 1.075000e-03 2.739448e-05 
1.025000e-03 5.340594e-07 1.025000e-03 1.092924e-06 1.025000e-03 2.665361e-05 1.025000e-03 2.856775e-05 
9.800000e-04 5.453880e-07 9.800000e-04 1.134307e-06 9.800000e-04 2.783363e-05 9.800000e-04 2.963188e-05 
9.400000e-04 5.505898e-07 9.400000e-04 1.146722e-06 9.400000e-04 2.935705e-05 9.400000e-04 3.047226e-05 
9.000000e-04 5.659643e-07 9.000000e-04 1.186863e-06 9.000000e-04 3.049962e-05 9.000000e-04 3.150365e-05 
8.600000e-04 5.790267e-07 8.600000e-04 1.233626e-06 8.600000e-04 3.181700e-05 8.600000e-04 3.256778e-05 
8.200000e-04 5.924361e-07 8.200000e-04 1.284113e-06 8.200000e-04 3.303449e-05 8.200000e-04 3.377379e-05 
7.800000e-04 6.148619e-07 7.800000e-04 1.347429e-06 7.800000e-04 3.430192e-05 7.800000e-04 3.513260e-05 
7.400000e-04 6.319704e-07 7.400000e-04 1.410745e-06 7.400000e-04 3.576915e-05 7.400000e-04 3.657327e-05 
7.050000e-04 6.487319e-07 7.050000e-04 1.474061e-06 7.050000e-04 3.719268e-05 7.050000e-04 3.801939e-05 
6.750000e-04 6.697706e-07 6.750000e-04 1.544412e-06 6.750000e-04 3.879102e-05 6.750000e-04 3.955828e-05 
6.450000e-04 6.985543e-07 6.450000e-04 1.632144e-06 6.450000e-04 4.071403e-05 6.450000e-04 4.134275e-05 
6.150000e-04 7.199399e-07 6.150000e-04 1.716566e-06 6.150000e-04 4.269947e-05 6.150000e-04 4.327455e-05 
5.875000e-04 7.480300e-07 5.875000e-04 1.810505e-06 5.875000e-04 4.463496e-05 5.875000e-04 4.526637e-05 
5.625000e-04 7.706871e-07 5.625000e-04 1.899478e-06 5.625000e-04 4.663289e-05 5.625000e-04 4.717090e-05 
5.375000e-04 7.997020e-07 5.375000e-04 2.005005e-06 5.375000e-04 4.887431e-05 5.375000e-04 4.929369e-05 
5.125000e-04 8.258270e-07 5.125000e-04 2.104324e-06 5.125000e-04 5.118442e-05 5.125000e-04 5.166205e-05 
4.875000e-04 8.652456e-07 4.875000e-04 2.242543e-06 4.875000e-04 5.348828e-05 4.875000e-04 5.422688e-05 
4.625000e-04 9.070919e-07 4.625000e-04 2.398143e-06 4.625000e-04 5.505541e-05 4.625000e-04 5.708092e-05 
4.375000e-04 9.578391e-07 4.375000e-04 2.578573e-06 4.375000e-04 5.680359e-05 4.375000e-04 6.030059e-05 
4.125000e-04 1.010667e-06 4.125000e-04 2.785487e-06 4.125000e-04 5.842066e-05 4.125000e-04 6.384769e-05 
3.900000e-04 1.064998e-06 3.900000e-04 3.000679e-06 3.900000e-04 6.007520e-05 3.900000e-04 6.734021e-05 
3.700000e-04 1.118519e-06 3.700000e-04 3.196421e-06 3.700000e-04 6.201694e-05 3.700000e-04 7.083274e-05 
3.500000e-04 1.177936e-06 3.500000e-04 3.411612e-06 3.500000e-04 6.424587e-05 3.500000e-04 7.465269e-05 
3.300000e-04 1.243827e-06 3.300000e-04 3.654116e-06 3.300000e-04 6.680572e-05 3.300000e-04 7.896376e-05 
3.100000e-04 1.317809e-06 3.100000e-04 3.931382e-06 3.100000e-04 6.955287e-05 3.100000e-04 8.382055e-05 
2.900000e-04 1.404507e-06 2.900000e-04 4.192094e-06 2.900000e-04 7.261219e-05 2.900000e-04 8.965962e-05 
2.750000e-04 1.480801e-06 2.750000e-04 4.341073e-06 2.750000e-04 7.542179e-05 2.750000e-04 9.484382e-05 
2.625000e-04 1.552471e-06 2.625000e-04 4.469360e-06 2.625000e-04 7.810650e-05 2.625000e-04 9.970062e-05 
2.475000e-04 1.636858e-06 2.475000e-04 4.639031e-06 2.475000e-04 8.110340e-05 2.475000e-04 1.061945e-04 
2.350000e-04 1.720088e-06 2.350000e-04 4.796286e-06 2.350000e-04 8.385054e-05 2.350000e-04 1.122519e-04 
2.250000e-04 1.784822e-06 2.250000e-04 4.908019e-06 2.250000e-04 8.597334e-05 2.250000e-04 1.177089e-04 
2.150000e-04 1.859960e-06 2.150000e-04 5.015615e-06 2.150000e-04 8.828344e-05 2.150000e-04 1.237117e-04 
2.050000e-04 1.944346e-06 2.050000e-04 5.135626e-06 2.050000e-04 9.090573e-05 2.050000e-04 1.303148e-04 
1.950000e-04 2.040292e-06 1.950000e-04 5.251499e-06 1.950000e-04 9.377775e-05 1.950000e-04 1.377364e-04 
1.850000e-04 2.181321e-06 1.850000e-04 5.425307e-06 1.850000e-04 9.783603e-05 1.850000e-04 1.459766e-04 
1.750000e-04 2.320037e-06 1.750000e-04 5.532903e-06 1.750000e-04 1.017695e-04 1.750000e-04 1.553081e-04 
1.650000e-04 2.456442e-06 1.650000e-04 5.586700e-06 1.650000e-04 1.057029e-04 1.650000e-04 1.658948e-04 
1.550000e-04 2.617122e-06 1.550000e-04 5.628083e-06 1.550000e-04 1.100733e-04 1.550000e-04 1.778458e-04 
1.462500e-04 2.774335e-06 1.462500e-04 5.806030e-06 1.462500e-04 1.142565e-04 1.462500e-04 1.897968e-04 
1.387500e-04 2.891088e-06 1.387500e-04 6.066743e-06 1.387500e-04 1.176280e-04 1.387500e-04 2.016932e-04 
1.312500e-04 3.011309e-06 1.312500e-04 6.356423e-06 1.312500e-04 1.208122e-04 1.312500e-04 2.150084e-04 
1.237500e-04 3.169677e-06 1.237500e-04 6.683349e-06 1.237500e-04 1.246208e-04 1.237500e-04 2.299062e-04 
1.175000e-04 3.400872e-06 1.175000e-04 6.997860e-06 1.175000e-04 1.304272e-04 1.175000e-04 2.431124e-04 
1.125000e-04 3.553460e-06 1.125000e-04 7.378582e-06 1.125000e-04 1.341734e-04 1.125000e-04 2.552816e-04 
1.075000e-04 3.716452e-06 1.075000e-04 7.850348e-06 1.075000e-04 1.380443e-04 1.075000e-04 2.686514e-04 
1.025000e-04 3.897940e-06 1.025000e-04 8.309700e-06 1.025000e-04 1.424148e-04 1.025000e-04 2.833309e-04 
9.800000e-05 4.086364e-06 9.800000e-05 8.773189e-06 9.800000e-05 1.467853e-04 9.800000e-05 2.974648e-04 
9.400000e-05 4.174218e-06 9.400000e-05 9.149773e-06 9.400000e-05 1.483462e-04 9.400000e-05 3.116531e-04 
9.000000e-05 4.364953e-06 9.000000e-05 9.642231e-06 9.000000e-05 1.529039e-04 9.000000e-05 3.260052e-04 
8.600000e-05 4.734864e-06 8.600000e-05 1.037057e-05 8.600000e-05 1.617697e-04 8.600000e-05 3.394841e-04 
8.200000e-05 4.966059e-06 8.200000e-05 1.092510e-05 8.200000e-05 1.671392e-04 8.200000e-05 3.566194e-04 
7.800000e-05 5.219217e-06 7.800000e-05 1.150860e-05 7.800000e-05 1.730081e-04 7.800000e-05 3.753916e-04 
7.400000e-05 5.511678e-06 7.400000e-05 1.215831e-05 7.400000e-05 1.795638e-04 7.400000e-05 3.963468e-04 
7.050000e-05 5.797203e-06 7.050000e-05 1.279147e-05 7.050000e-05 1.858698e-04 7.050000e-05 4.168108e-04 
6.750000e-05 6.261905e-06 6.750000e-05 1.400813e-05 6.750000e-05 1.938614e-04 6.750000e-05 4.320906e-04 
6.450000e-05 6.543962e-06 6.450000e-05 1.469509e-05 6.450000e-05 2.007918e-04 6.450000e-05 4.540826e-04 
6.150000e-05 6.838735e-06 6.150000e-05 1.536136e-05 6.150000e-05 2.082216e-04 6.150000e-05 4.787485e-04 
5.875000e-05 7.131195e-06 5.875000e-05 1.601935e-05 5.875000e-05 2.155889e-04 5.875000e-05 5.036873e-04 
5.625000e-05 7.423657e-06 5.625000e-05 1.667320e-05 5.625000e-05 2.228938e-04 5.625000e-05 5.286261e-04 
5.375000e-05 7.483768e-06 5.375000e-05 1.670216e-05 5.375000e-05 2.288876e-04 5.375000e-05 5.620780e-04 
5.125000e-05 7.542723e-06 5.125000e-05 1.714910e-05 5.125000e-05 2.324464e-04 5.125000e-05 5.975489e-04 
4.875000e-05 7.877955e-06 4.875000e-05 1.800987e-05 4.875000e-05 2.403758e-04 4.875000e-05 6.313827e-04 
4.625000e-05 8.269830e-06 4.625000e-05 1.903203e-05 4.625000e-05 2.495537e-04 4.625000e-05 6.679451e-04 
4.375000e-05 8.710254e-06 4.375000e-05 2.017006e-05 4.375000e-05 2.597306e-04 4.375000e-05 7.088730e-04 
4.125000e-05 9.205011e-06 4.125000e-05 2.144052e-05 4.125000e-05 2.710314e-04 4.125000e-05 7.547124e-04 
3.900000e-05 9.691676e-06 3.900000e-05 2.272338e-05 3.900000e-05 2.818951e-04 3.900000e-05 8.016431e-04 
3.700000e-05 1.018412e-05 3.700000e-05 2.400626e-05 3.700000e-05 2.929462e-04 3.700000e-05 8.480283e-04 
3.500000e-05 1.073090e-05 3.500000e-05 2.543811e-05 3.500000e-05 3.050586e-04 3.500000e-05 8.998704e-04 
3.300000e-05 1.134356e-05 3.300000e-05 2.703549e-05 3.300000e-05 3.184198e-04 3.300000e-05 9.577153e-04 
3.100000e-05 1.204524e-05 3.100000e-05 2.883979e-05 3.100000e-05 3.333418e-04 3.100000e-05 1.024292e-03 
2.900000e-05 1.287754e-05 2.900000e-05 3.087169e-05 2.900000e-05 3.503866e-04 2.900000e-05 1.100145e-03 
2.750000e-05 1.362892e-05 2.750000e-05 3.257253e-05 2.750000e-05 3.648716e-04 2.750000e-05 1.165084e-03 
2.625000e-05 1.432250e-05 2.625000e-05 3.414922e-05 2.625000e-05 3.781703e-04 2.625000e-05 1.225112e-03 
2.475000e-05 1.524728e-05 2.475000e-05 3.624320e-05 2.475000e-05 3.955898e-04 2.475000e-05 1.305330e-03 
2.350000e-05 1.610270e-05 2.350000e-05 3.817579e-05 2.350000e-05 4.115732e-04 2.350000e-05 1.380092e-03 
2.250000e-05 1.686564e-05 2.250000e-05 3.989318e-05 2.250000e-05 4.255587e-04 2.250000e-05 1.446123e-03 
2.150000e-05 1.769794e-05 2.150000e-05 4.175541e-05 2.150000e-05 4.406680e-04 2.150000e-05 1.519247e-03 
2.050000e-05 1.862272e-05 2.050000e-05 4.382456e-05 2.050000e-05 4.570885e-04 2.050000e-05 1.599466e-03 
1.950000e-05 1.953594e-05 1.950000e-05 4.601786e-05 1.950000e-05 4.761312e-04 1.950000e-05 1.687325e-03 
1.850000e-05 2.043760e-05 1.850000e-05 4.833530e-05 1.850000e-05 4.981709e-04 1.850000e-05 1.783915e-03 
1.750000e-05 2.143173e-05 1.750000e-05 5.090105e-05 1.750000e-05 5.225830e-04 1.750000e-05 1.891965e-03 
1.650000e-05 2.252991e-05 1.650000e-05 5.379786e-05 1.650000e-05 5.497424e-04 1.650000e-05 2.013658e-03 
1.550000e-05 2.376680e-05 1.550000e-05 5.702573e-05 1.550000e-05 5.802108e-04 1.550000e-05 2.151722e-03 
1.462500e-05 2.498057e-05 1.462500e-05 6.021222e-05 1.462500e-05 6.099924e-04 1.462500e-05 2.288148e-03 
1.387500e-05 2.613654e-05 1.387500e-05 6.327456e-05 1.387500e-05 6.387127e-04 1.387500e-05 2.419118e-03 
1.312500e-05 2.741968e-05 1.312500e-05 6.666796e-05 1.312500e-05 6.699302e-04 1.312500e-05 2.565367e-03 
1.237500e-05 2.884152e-05 1.237500e-05 7.043380e-05 1.237500e-05 7.048940e-04 1.237500e-05 2.730716e-03 
1.175000e-05 3.015933e-05 1.175000e-05 7.395137e-05 1.175000e-05 7.373603e-04 1.175000e-05 2.883514e-03 
1.125000e-05 3.131530e-05 1.125000e-05 7.701370e-05 1.125000e-05 7.660805e-04 1.125000e-05 3.019396e-03 
1.075000e-05 3.258687e-05 1.075000e-05 8.036572e-05 1.075000e-05 7.972982e-04 1.075000e-05 3.167827e-03 
1.025000e-05 3.396248e-05 1.025000e-05 8.404880e-05 1.025000e-05 8.316375e-04 1.025000e-05 3.330994e-03 
9.800000e-06 3.536121e-05 9.800000e-06 8.777326e-05 9.800000e-06 8.690987e-04 9.800000e-06 3.497980e-03 
9.400001e-06 3.677150e-05 9.400001e-06 9.149774e-05 9.400001e-06 9.109304e-04 9.400001e-06 3.666603e-03 
8.999999e-06 3.832050e-05 8.999999e-06 9.559465e-05 8.999999e-06 9.565081e-04 8.999999e-06 3.851053e-03 
8.600000e-06 4.000822e-05 8.600000e-06 1.000226e-04 8.600000e-06 1.007081e-03 8.600000e-06 4.053509e-03 
8.200001e-06 4.190401e-05 8.200001e-06 1.049886e-04 8.200001e-06 1.063272e-03 8.200001e-06 4.276158e-03 
7.800000e-06 4.399633e-05 7.800000e-06 1.104098e-04 7.800000e-06 1.125083e-03 7.800000e-06 4.522818e-03 
7.400000e-06 4.635451e-05 7.400000e-06 1.165344e-04 7.400000e-06 1.195011e-03 7.400000e-06 4.796762e-03 
7.050000e-06 4.874738e-05 7.050000e-06 1.227419e-04 7.050000e-06 1.264314e-03 7.050000e-06 5.059793e-03 
6.750000e-06 5.118647e-05 6.750000e-06 1.294873e-04 6.750000e-06 1.334241e-03 6.750000e-06 5.304815e-03 
6.450000e-06 5.396081e-05 6.450000e-06 1.375984e-04 6.450000e-06 1.413534e-03 6.450000e-06 5.571666e-03 
6.150000e-06 5.707037e-05 6.150000e-06 1.469095e-04 6.150000e-06 1.500943e-03 6.150000e-06 5.860890e-03 
5.875000e-06 6.036490e-05 5.875000e-06 1.572139e-04 5.875000e-06 1.590226e-03 5.875000e-06 6.144658e-03 
5.625000e-06 6.374034e-05 5.625000e-06 1.688839e-04 5.625000e-06 1.678884e-03 5.625000e-06 6.417511e-03 
5.375000e-06 6.681522e-05 5.375000e-06 1.798918e-04 5.375000e-06 1.773785e-03 5.375000e-06 6.744935e-03 
5.125000e-06 6.987856e-05 5.125000e-06 1.905272e-04 5.125000e-06 1.878677e-03 5.125000e-06 7.121473e-03 
4.875000e-06 7.339272e-05 4.875000e-06 2.007901e-04 4.875000e-06 1.998552e-03 4.875000e-06 7.525296e-03 
4.625000e-06 7.745018e-05 4.625000e-06 2.105979e-04 4.625000e-06 2.135910e-03 4.625000e-06 7.961862e-03 
4.375000e-06 8.194691e-05 4.375000e-06 2.213575e-04 4.375000e-06 2.290125e-03 4.375000e-06 8.452997e-03 
4.125000e-06 8.636273e-05 4.125000e-06 2.302548e-04 4.125000e-06 2.464944e-03 4.125000e-06 9.036904e-03 
3.900000e-06 9.029304e-05 3.900000e-06 2.383659e-04 3.900000e-06 2.640387e-03 3.900000e-06 9.642638e-03 
3.700000e-06 9.422335e-05 3.700000e-06 2.475529e-04 3.700000e-06 2.815830e-03 3.700000e-06 1.024291e-02 
3.500000e-06 9.877788e-05 3.500000e-06 2.586435e-04 3.500000e-06 3.013750e-03 3.500000e-06 1.090322e-02 
3.300000e-06 1.041994e-04 3.300000e-06 2.717205e-04 3.300000e-06 3.239765e-03 3.300000e-06 1.163992e-02 
3.100000e-06 1.105572e-04 3.100000e-06 2.869081e-04 3.100000e-06 3.500120e-03 3.100000e-06 1.245849e-02 
2.900000e-06 1.176780e-04 2.900000e-06 3.048683e-04 2.900000e-06 3.817291e-03 2.900000e-06 1.342439e-02 
2.750000e-06 1.233423e-04 2.750000e-06 3.204283e-04 2.750000e-06 4.098875e-03 2.750000e-06 1.425932e-02 
2.625000e-06 1.286598e-04 2.625000e-06 3.349124e-04 2.625000e-06 4.366097e-03 2.625000e-06 1.503968e-02 
2.475000e-06 1.359424e-04 2.475000e-06 3.543209e-04 2.475000e-06 4.730095e-03 2.475000e-06 1.608198e-02 
2.350000e-06 1.427626e-04 2.350000e-06 3.724053e-04 2.350000e-06 5.075362e-03 2.350000e-06 1.705334e-02 
2.250000e-06 1.486581e-04 2.250000e-06 3.882550e-04 2.250000e-06 5.384415e-03 2.250000e-06 1.791555e-02 
2.150000e-06 1.551316e-04 2.150000e-06 4.056359e-04 2.150000e-06 5.728434e-03 2.150000e-06 1.886508e-02 
2.050000e-06 1.622986e-04 2.050000e-06 4.245892e-04 2.050000e-06 6.113035e-03 2.050000e-06 1.990738e-02 
1.950000e-06 1.700436e-04 1.950000e-06 4.465222e-04 1.950000e-06 6.580676e-03 1.950000e-06 2.099879e-02 
1.850000e-06 1.784822e-04 1.850000e-06 4.717658e-04 1.850000e-06 7.148836e-03 1.850000e-06 2.213932e-02 
1.750000e-06 1.878456e-04 1.750000e-06 4.999063e-04 1.750000e-06 7.804406e-03 1.750000e-06 2.341082e-02 
1.650000e-06 1.983649e-04 1.650000e-06 5.313573e-04 1.650000e-06 8.559873e-03 1.650000e-06 2.483511e-02 
1.550000e-06 2.102715e-04 1.550000e-06 5.673604e-04 1.550000e-06 9.446453e-03 1.550000e-06 2.644495e-02 
1.462500e-06 2.218312e-04 1.462500e-06 6.029498e-04 1.462500e-06 1.035176e-02 1.462500e-06 2.802750e-02 
1.387500e-06 2.330441e-04 1.387500e-06 6.368838e-04 1.387500e-06 1.125083e-02 1.387500e-06 2.955002e-02 
1.312500e-06 2.454130e-04 1.312500e-06 6.749562e-04 1.312500e-06 1.228101e-02 1.312500e-06 3.124171e-02 
1.237500e-06 2.592847e-04 1.237500e-06 7.175806e-04 1.237500e-06 1.347977e-02 1.237500e-06 3.314077e-02 
1.175000e-06 2.721160e-04 1.175000e-06 7.573083e-04 1.175000e-06 1.462234e-02 1.175000e-06 3.490340e-02 
1.125000e-06 2.834445e-04 1.125000e-06 7.928976e-04 1.125000e-06 1.566500e-02 1.125000e-06 3.645867e-02 
1.075000e-06 2.956979e-04 1.075000e-06 8.313837e-04 1.075000e-06 1.683254e-02 1.075000e-06 3.816127e-02 
1.025000e-06 3.092227e-04 1.025000e-06 8.740082e-04 1.025000e-06 1.814993e-02 1.025000e-06 4.002759e-02 
9.800000e-07 3.225164e-04 9.800000e-07 9.104251e-04 9.800000e-07 1.954223e-02 9.800000e-07 4.181751e-02 
9.399999e-07 3.351165e-04 9.399999e-07 9.402210e-04 9.399999e-07 2.100322e-02 9.399999e-07 4.350374e-02 
9.000000e-07 3.489882e-04 9.000000e-07 9.724996e-04 9.000000e-07 2.264526e-02 9.000000e-07 4.533186e-02 
8.600000e-07 3.640158e-04 8.600000e-07 1.006848e-03 8.600000e-07 2.450584e-02 8.600000e-07 4.732914e-02 
8.200000e-07 3.805463e-04 8.200000e-07 1.044506e-03 8.200000e-07 2.660991e-02 8.200000e-07 4.951743e-02 
7.800000e-07 3.986951e-04 7.800000e-07 1.085889e-03 7.800000e-07 2.902615e-02 7.800000e-07 5.191854e-02 
7.400000e-07 4.188090e-04 7.400000e-07 1.130583e-03 7.400000e-07 3.179827e-02 7.400000e-07 5.457067e-02 
7.050000e-07 4.388073e-04 7.050000e-07 1.177759e-03 7.050000e-07 3.463283e-02 7.050000e-07 5.719007e-02 
6.750000e-07 4.589212e-04 6.750000e-07 1.235281e-03 6.750000e-07 3.757353e-02 6.750000e-07 5.980946e-02 
6.450000e-07 4.819251e-04 6.450000e-07 1.307288e-03 6.450000e-07 4.104493e-02 6.450000e-07 6.281085e-02 
6.150000e-07 5.072409e-04 6.150000e-07 1.387571e-03 6.150000e-07 4.502831e-02 6.150000e-07 6.608509e-02 
5.875000e-07 5.330191e-04 5.875000e-07 1.469095e-03 5.875000e-07 4.920522e-02 5.875000e-07 6.935932e-02 
5.625000e-07 5.592597e-04 5.625000e-07 1.551447e-03 5.625000e-07 5.355072e-02 5.625000e-07 7.268814e-02 
5.375000e-07 5.883902e-04 5.375000e-07 1.642904e-03 5.375000e-07 5.850183e-02 5.375000e-07 7.634438e-02 
5.125000e-07 6.207575e-04 5.125000e-07 1.744292e-03 5.125000e-07 6.418344e-02 5.125000e-07 8.038259e-02 
4.875000e-07 6.589046e-04 4.875000e-07 1.865958e-03 4.875000e-07 7.055184e-02 4.875000e-07 8.376598e-02 
4.625000e-07 7.042186e-04 4.625000e-07 2.012040e-03 4.625000e-07 7.766944e-02 4.625000e-07 8.638538e-02 
4.375000e-07 7.557749e-04 4.375000e-07 2.179227e-03 4.375000e-07 8.597335e-02 4.375000e-07 8.927762e-02 
4.125000e-07 8.155388e-04 4.125000e-07 2.372485e-03 4.125000e-07 9.571324e-02 4.125000e-07 9.244272e-02 
3.900000e-07 8.793485e-04 3.900000e-07 2.575262e-03 3.900000e-07 1.060775e-01 3.900000e-07 9.560782e-02 
3.700000e-07 9.473197e-04 3.700000e-07 2.786315e-03 3.700000e-07 1.169412e-01 3.700000e-07 9.877292e-02 
3.500000e-07 1.026735e-03 3.500000e-07 3.034613e-03 3.500000e-07 1.296780e-01 3.500000e-07 1.022109e-01 
3.300000e-07 1.116670e-03 3.300000e-07 3.328018e-03 3.300000e-07 1.448498e-01 3.300000e-07 1.060308e-01 
3.100000e-07 1.214927e-03 3.100000e-07 3.668599e-03 3.100000e-07 1.630184e-01 3.100000e-07 1.100690e-01 
2.900000e-07 1.322433e-03 2.900000e-07 4.023666e-03 2.900000e-07 1.844337e-01 2.900000e-07 1.117607e-01 
2.750000e-07 1.407975e-03 2.750000e-07 4.299690e-03 2.750000e-07 2.032892e-01 2.750000e-07 1.109967e-01 
2.625000e-07 1.484269e-03 2.625000e-07 4.547988e-03 2.625000e-07 2.218325e-01 2.625000e-07 1.103419e-01 
2.475000e-07 1.577903e-03 2.475000e-07 4.845945e-03 2.475000e-07 2.463695e-01 2.475000e-07 1.093596e-01 
2.350000e-07 1.662289e-03 2.350000e-07 5.106658e-03 2.350000e-07 2.691583e-01 2.350000e-07 1.084865e-01 
2.250000e-07 1.736271e-03 2.250000e-07 5.334264e-03 2.250000e-07 2.898244e-01 2.250000e-07 1.077225e-01 
2.150000e-07 1.817189e-03 2.150000e-07 5.574285e-03 2.150000e-07 3.129255e-01 2.150000e-07 1.069585e-01 
2.050000e-07 1.905043e-03 2.050000e-07 5.839136e-03 2.050000e-07 3.389610e-01 2.050000e-07 1.061400e-01 
1.950000e-07 2.002145e-03 1.950000e-07 6.161924e-03 1.950000e-07 3.680558e-01 1.950000e-07 1.035751e-01 
1.850000e-07 2.110806e-03 1.850000e-07 6.550923e-03 1.850000e-07 4.007719e-01 1.850000e-07 9.920949e-02 
1.750000e-07 2.231028e-03 1.750000e-07 6.985445e-03 1.750000e-07 4.384204e-01 1.750000e-07 9.478926e-02 
1.650000e-07 2.365120e-03 1.650000e-07 7.482040e-03 1.650000e-07 4.822499e-01 1.650000e-07 9.031447e-02 
1.550000e-07 2.517709e-03 1.550000e-07 8.044848e-03 1.550000e-07 5.335717e-01 1.550000e-07 8.583967e-02 
1.462500e-07 2.666829e-03 1.462500e-07 8.603520e-03 1.462500e-07 5.859549e-01 1.462500e-07 8.180144e-02 
1.387500e-07 2.811326e-03 1.387500e-07 9.145636e-03 1.387500e-07 6.380882e-01 1.387500e-07 7.836349e-02 
1.312500e-07 2.970850e-03 1.312500e-07 9.758104e-03 1.312500e-07 6.980261e-01 1.312500e-07 7.487097e-02 
1.237500e-07 3.150026e-03 1.237500e-07 1.044506e-02 1.237500e-07 7.679536e-01 1.237500e-07 7.137845e-02 
1.175000e-07 3.317642e-03 1.175000e-07 1.109477e-02 1.175000e-07 8.347593e-01 1.175000e-07 6.837705e-02 
1.125000e-07 3.464450e-03 1.125000e-07 1.166586e-02 1.125000e-07 8.953215e-01 1.125000e-07 6.597594e-02 
1.075000e-07 3.625131e-03 1.075000e-07 1.229902e-02 1.075000e-07 9.640003e-01 1.075000e-07 6.357484e-02 
1.025000e-07 3.801994e-03 1.025000e-07 1.300253e-02 1.025000e-07 1.040796e+00 1.025000e-07 6.117372e-02 
9.800000e-08 3.975390e-03 9.800000e-08 1.365224e-02 9.800000e-08 1.114469e+00 9.800000e-08 5.871805e-02 
9.400000e-08 4.144162e-03 9.400000e-08 1.423160e-02 9.400000e-08 1.181275e+00 9.400000e-08 5.631694e-02 
9.000000e-08 4.327962e-03 9.000000e-08 1.486062e-02 9.000000e-08 1.256197e+00 9.000000e-08 5.393765e-02 
8.600000e-08 4.529102e-03 8.600000e-08 1.554758e-02 8.600000e-08 1.338612e+00 8.600000e-08 5.153654e-02 
8.200000e-08 4.748737e-03 8.200000e-08 1.630489e-02 8.200000e-08 1.431640e+00 8.200000e-08 4.914089e-02 
7.800000e-08 4.992647e-03 7.800000e-08 1.713669e-02 7.800000e-08 1.535907e+00 7.800000e-08 4.674524e-02 
7.400000e-08 5.261988e-03 7.400000e-08 1.805953e-02 7.400000e-08 1.653910e+00 7.400000e-08 4.434413e-02 
7.050000e-08 5.522083e-03 7.050000e-08 1.895340e-02 7.050000e-08 1.773785e+00 7.050000e-08 4.224862e-02 
6.750000e-08 5.767149e-03 6.750000e-08 1.979347e-02 6.750000e-08 1.901153e+00 6.750000e-08 4.044779e-02 
6.450000e-08 6.034178e-03 6.450000e-08 2.070804e-02 6.450000e-08 2.052247e+00 6.450000e-08 3.865241e-02 
6.150000e-08 6.328951e-03 6.150000e-08 2.171778e-02 6.150000e-08 2.223319e+00 6.150000e-08 3.685157e-02 
5.875000e-08 6.623724e-03 5.875000e-08 2.272752e-02 5.875000e-08 2.401259e+00 5.875000e-08 3.520354e-02 
5.625000e-08 6.917342e-03 5.625000e-08 2.373727e-02 5.625000e-08 2.583570e+00 5.625000e-08 3.370831e-02 
5.375000e-08 7.238701e-03 5.375000e-08 2.483806e-02 5.375000e-08 2.788982e+00 5.375000e-08 3.220762e-02 
5.125000e-08 7.595897e-03 5.125000e-08 2.607127e-02 5.125000e-08 3.021866e+00 5.125000e-08 3.071238e-02 
4.875000e-08 7.964653e-03 4.875000e-08 2.732517e-02 4.875000e-08 3.224157e+00 4.875000e-08 2.921168e-02 
4.625000e-08 8.341500e-03 4.625000e-08 2.861632e-02 4.625000e-08 3.376499e+00 4.625000e-08 2.771644e-02 
4.375000e-08 8.710255e-03 4.375000e-08 2.988264e-02 4.375000e-08 3.526343e+00 4.375000e-08 2.621575e-02 
4.125000e-08 9.065139e-03 4.125000e-08 3.109930e-02 4.125000e-08 3.669944e+00 4.125000e-08 2.472052e-02 
3.900000e-08 9.370315e-03 3.900000e-08 3.214629e-02 3.900000e-08 3.794190e+00 3.900000e-08 2.337262e-02 
3.700000e-08 9.622318e-03 3.700000e-08 3.301119e-02 3.700000e-08 3.895960e+00 3.700000e-08 2.217207e-02 
3.500000e-08 9.851201e-03 3.500000e-08 3.379747e-02 3.500000e-08 3.988988e+00 3.500000e-08 2.097151e-02 
3.300000e-08 1.005349e-02 3.300000e-08 3.449270e-02 3.300000e-08 4.070778e+00 3.300000e-08 1.977641e-02 
3.100000e-08 1.022111e-02 3.100000e-08 3.507206e-02 3.100000e-08 4.139458e+00 3.100000e-08 1.857586e-02 
2.900000e-08 1.034942e-02 2.900000e-08 3.551072e-02 2.900000e-08 4.191278e+00 2.900000e-08 1.738076e-02 
2.750000e-08 1.041994e-02 2.750000e-08 3.575075e-02 2.750000e-08 4.219998e+00 2.750000e-08 1.648034e-02 
2.625000e-08 1.044768e-02 2.625000e-08 3.585006e-02 2.625000e-08 4.232485e+00 2.625000e-08 1.573272e-02 
2.475000e-08 1.045346e-02 2.475000e-08 3.587075e-02 2.475000e-08 4.234983e+00 2.475000e-08 1.483231e-02 
2.350000e-08 1.043150e-02 2.350000e-08 3.579627e-02 2.350000e-08 4.226243e+00 2.350000e-08 1.408469e-02 
2.250000e-08 1.038988e-02 2.250000e-08 3.565970e-02 2.250000e-08 4.210009e+00 2.250000e-08 1.348441e-02 
2.150000e-08 1.032862e-02 2.150000e-08 3.544865e-02 2.150000e-08 4.185659e+00 2.150000e-08 1.288414e-02 
2.050000e-08 1.024654e-02 2.050000e-08 3.516725e-02 2.050000e-08 4.152568e+00 2.050000e-08 1.228386e-02 
1.950000e-08 1.014019e-02 1.950000e-08 3.480722e-02 1.950000e-08 4.110113e+00 1.950000e-08 1.168358e-02 
1.850000e-08 1.000841e-02 1.850000e-08 3.435614e-02 1.850000e-08 4.057043e+00 1.850000e-08 1.108876e-02 
1.750000e-08 9.850044e-03 1.750000e-08 3.381402e-02 1.750000e-08 3.992734e+00 1.750000e-08 1.048848e-02 
1.650000e-08 9.662776e-03 1.650000e-08 3.316844e-02 1.650000e-08 3.917187e+00 1.650000e-08 9.888206e-03 
1.550000e-08 9.444298e-03 1.550000e-08 3.241942e-02 1.550000e-08 3.828530e+00 1.550000e-08 9.287930e-03 
1.462500e-08 9.225819e-03 1.462500e-08 3.167452e-02 1.462500e-08 3.740496e+00 1.462500e-08 8.764051e-03 
1.387500e-08 9.016588e-03 1.387500e-08 3.095446e-02 1.387500e-08 3.655584e+00 1.387500e-08 8.316570e-03 
1.312500e-08 8.785393e-03 1.312500e-08 3.016405e-02 1.312500e-08 3.562555e+00 1.312500e-08 7.863634e-03 
1.237500e-08 8.533390e-03 1.237500e-08 2.929500e-02 1.237500e-08 3.460162e+00 1.237500e-08 7.416154e-03 
1.175000e-08 8.305664e-03 1.175000e-08 2.851700e-02 1.175000e-08 3.368382e+00 1.175000e-08 7.039617e-03 
1.125000e-08 8.111460e-03 1.125000e-08 2.785074e-02 1.125000e-08 3.289713e+00 1.125000e-08 6.744936e-03 
1.075000e-08 7.905698e-03 1.075000e-08 2.714309e-02 1.075000e-08 3.206675e+00 1.075000e-08 6.444797e-03 
1.025000e-08 7.688376e-03 1.025000e-08 2.639819e-02 1.025000e-08 3.118641e+00 1.025000e-08 6.144658e-03 
9.800000e-09 7.483768e-03 9.800000e-09 2.569468e-02 9.800000e-09 3.035602e+00 9.800000e-09 5.871805e-03 
9.400000e-09 7.293032e-03 9.400000e-09 2.504083e-02 9.400000e-09 2.958182e+00 9.400000e-09 5.631693e-03 
9.000000e-09 7.094204e-03 9.000000e-09 2.435801e-02 9.000000e-09 2.877641e+00 9.000000e-09 5.393765e-03 
8.600000e-09 6.887286e-03 8.600000e-09 2.364623e-02 8.600000e-09 2.793353e+00 8.600000e-09 5.154200e-03 
8.200000e-09 6.671119e-03 8.200000e-09 2.290961e-02 8.200000e-09 2.705944e+00 8.200000e-09 4.914634e-03 
7.800000e-09 6.446860e-03 7.800000e-09 2.213989e-02 7.800000e-09 2.615413e+00 7.800000e-09 4.674524e-03 
7.400000e-09 6.214509e-03 7.400000e-09 2.133706e-02 7.400000e-09 2.520511e+00 7.400000e-09 4.434959e-03 
7.050000e-09 6.002967e-03 7.050000e-09 2.061286e-02 7.050000e-09 2.434975e+00 7.050000e-09 4.225407e-03 
6.750000e-09 5.815699e-03 6.750000e-09 1.997142e-02 6.750000e-09 2.359428e+00 6.750000e-09 4.045324e-03 
6.450000e-09 5.623808e-03 6.450000e-09 1.931343e-02 6.450000e-09 2.281384e+00 6.450000e-09 3.865787e-03 
6.150000e-09 5.426136e-03 6.150000e-09 1.863061e-02 6.150000e-09 2.201467e+00 6.150000e-09 3.685703e-03 
5.875000e-09 5.240025e-03 5.875000e-09 1.799331e-02 5.875000e-09 2.125920e+00 5.875000e-09 3.520900e-03 
5.625000e-09 5.066629e-03 5.625000e-09 1.740154e-02 5.625000e-09 2.055993e+00 5.625000e-09 3.371376e-03 
5.375000e-09 4.889765e-03 5.375000e-09 1.679321e-02 5.375000e-09 1.984192e+00 5.375000e-09 3.221307e-03 
5.125000e-09 4.709434e-03 5.125000e-09 1.617246e-02 5.125000e-09 1.910519e+00 5.125000e-09 3.071238e-03 
4.875000e-09 4.524478e-03 4.875000e-09 1.553516e-02 4.875000e-09 1.835596e+00 4.875000e-09 2.921714e-03 
4.625000e-09 4.334898e-03 4.625000e-09 1.488545e-02 4.625000e-09 1.758801e+00 4.625000e-09 2.771645e-03 
4.375000e-09 4.140695e-03 4.375000e-09 1.421919e-02 4.375000e-09 1.680133e+00 4.375000e-09 2.622121e-03 
4.125000e-09 3.943023e-03 4.125000e-09 1.354050e-02 4.125000e-09 1.599591e+00 4.125000e-09 2.472051e-03 
3.900000e-09 3.761536e-03 3.900000e-09 1.291976e-02 3.900000e-09 1.525918e+00 3.900000e-09 2.337262e-03 
3.700000e-09 3.597387e-03 3.700000e-09 1.235282e-02 3.700000e-09 1.459112e+00 3.700000e-09 2.217752e-03 
3.500000e-09 3.429771e-03 3.500000e-09 1.177759e-02 3.500000e-09 1.391682e+00 3.500000e-09 2.097697e-03 
3.300000e-09 3.259843e-03 3.300000e-09 1.119409e-02 3.300000e-09 1.322379e+00 3.300000e-09 1.977641e-03 
3.100000e-09 3.086447e-03 3.100000e-09 1.059818e-02 3.100000e-09 1.251827e+00 3.100000e-09 1.858131e-03 
2.900000e-09 2.909584e-03 2.900000e-09 9.993986e-03 2.900000e-09 1.180651e+00 2.900000e-09 1.738076e-03 
2.750000e-09 2.775491e-03 2.750000e-09 9.530497e-03 2.750000e-09 1.126332e+00 2.750000e-09 1.648035e-03 
2.625000e-09 2.662206e-03 2.625000e-09 9.145636e-03 2.625000e-09 1.080130e+00 2.625000e-09 1.573273e-03 
2.475000e-09 2.525801e-03 2.475000e-09 8.673870e-03 2.475000e-09 1.024562e+00 2.475000e-09 1.483231e-03 
2.350000e-09 2.410203e-03 2.350000e-09 8.276593e-03 2.350000e-09 9.777360e-01 2.350000e-09 1.408469e-03 
2.250000e-09 2.316570e-03 2.250000e-09 7.953805e-03 2.250000e-09 9.396507e-01 2.250000e-09 1.348441e-03 
2.150000e-09 2.222936e-03 2.150000e-09 7.631019e-03 2.150000e-09 9.015650e-01 2.150000e-09 1.288414e-03 
2.050000e-09 2.128146e-03 2.050000e-09 7.304094e-03 2.050000e-09 8.628552e-01 2.050000e-09 1.228386e-03 
1.950000e-09 2.032200e-03 1.950000e-09 6.977168e-03 1.950000e-09 8.241453e-01 1.950000e-09 1.168904e-03 
1.850000e-09 1.935098e-03 1.850000e-09 6.646104e-03 1.850000e-09 7.854354e-01 1.850000e-09 1.108876e-03 
1.750000e-09 1.837997e-03 1.750000e-09 6.310902e-03 1.750000e-09 7.454769e-01 1.750000e-09 1.048848e-03 
1.650000e-09 1.739739e-03 1.650000e-09 5.975700e-03 1.650000e-09 7.055183e-01 1.650000e-09 9.888206e-04 
1.550000e-09 1.640325e-03 1.550000e-09 5.632221e-03 1.550000e-09 6.655598e-01 1.550000e-09 9.287929e-04 
1.462500e-09 1.553627e-03 1.462500e-09 5.334264e-03 1.462500e-09 6.305960e-01 1.462500e-09 8.764050e-04 
1.387500e-09 1.478489e-03 1.387500e-09 5.077690e-03 1.387500e-09 5.997531e-01 1.387500e-09 8.316570e-04 
1.312500e-09 1.402195e-03 1.312500e-09 4.816977e-03 1.312500e-09 5.690349e-01 1.312500e-09 7.863634e-04 
1.237500e-09 1.325901e-03 1.237500e-09 4.552126e-03 1.237500e-09 5.380670e-01 1.237500e-09 7.416155e-04 
1.175000e-09 1.262322e-03 1.175000e-09 4.336935e-03 1.175000e-09 5.121564e-01 1.175000e-09 7.039616e-04 
1.125000e-09 1.211460e-03 1.125000e-09 4.158988e-03 1.125000e-09 4.913655e-01 1.125000e-09 6.744936e-04 
1.075000e-09 1.159441e-03 1.075000e-09 3.981869e-03 1.075000e-09 4.704496e-01 1.075000e-09 6.444797e-04 
1.025000e-09 1.107769e-03 1.025000e-09 3.804336e-03 1.025000e-09 4.494714e-01 1.025000e-09 6.144658e-04 
9.800000e-10 1.061067e-03 9.800000e-10 3.643770e-03 9.800000e-10 4.304910e-01 9.800000e-10 5.871804e-04 
9.400000e-10 1.019452e-03 9.400000e-10 3.500585e-03 9.400000e-10 4.135711e-01 9.400000e-10 5.631694e-04 
9.000000e-10 9.776062e-04 9.000000e-10 3.356986e-03 9.000000e-10 3.965887e-01 9.000000e-10 5.393766e-04 
8.600000e-10 9.356444e-04 8.600000e-10 3.212974e-03 8.600000e-10 3.796063e-01 8.600000e-10 5.154200e-04 
8.200000e-10 8.934513e-04 8.200000e-10 3.068133e-03 8.200000e-10 3.624991e-01 8.200000e-10 4.914635e-04 
7.800000e-10 8.511427e-04 7.800000e-10 2.922879e-03 7.800000e-10 3.453918e-01 7.800000e-10 4.674524e-04 
7.400000e-10 8.088342e-04 7.400000e-10 2.777211e-03 7.400000e-10 3.281597e-01 7.400000e-10 4.434959e-04 
7.050000e-10 7.716119e-04 7.050000e-10 2.649751e-03 7.050000e-10 3.131128e-01 7.050000e-10 4.225407e-04 
6.750000e-10 7.395914e-04 6.750000e-10 2.540086e-03 6.750000e-10 3.001263e-01 6.750000e-10 4.045324e-04 
6.450000e-10 7.075709e-04 6.450000e-10 2.430008e-03 6.450000e-10 2.871397e-01 6.450000e-10 3.865786e-04 
6.150000e-10 6.754349e-04 6.150000e-10 2.319515e-03 6.150000e-10 2.740907e-01 6.150000e-10 3.685704e-04 
5.875000e-10 6.459577e-04 5.875000e-10 2.218127e-03 5.875000e-10 2.621032e-01 5.875000e-10 3.520900e-04 
5.625000e-10 6.191391e-04 5.625000e-10 2.125843e-03 5.625000e-10 2.512395e-01 5.625000e-10 3.371376e-04 
5.375000e-10 5.922049e-04 5.375000e-10 2.033559e-03 5.375000e-10 2.403133e-01 5.375000e-10 3.221307e-04 
5.125000e-10 5.652707e-04 5.125000e-10 1.940861e-03 5.125000e-10 2.293247e-01 5.125000e-10 3.071783e-04 
4.875000e-10 5.382209e-04 4.875000e-10 1.848163e-03 4.875000e-10 2.183985e-01 4.875000e-10 2.921714e-04 
4.625000e-10 5.111712e-04 4.625000e-10 1.755052e-03 4.625000e-10 2.073475e-01 4.625000e-10 2.771645e-04 
4.375000e-10 4.840058e-04 4.375000e-10 1.661940e-03 4.375000e-10 1.963589e-01 4.375000e-10 2.622121e-04 
4.125000e-10 4.567248e-04 4.125000e-10 1.568414e-03 4.125000e-10 1.853078e-01 4.125000e-10 2.472051e-04 
3.900000e-10 4.322182e-04 3.900000e-10 1.484407e-03 3.900000e-10 1.753806e-01 3.900000e-10 2.337262e-04 
3.700000e-10 4.103703e-04 3.700000e-10 1.409090e-03 3.700000e-10 1.665148e-01 3.700000e-10 2.217752e-04 
3.500000e-10 3.885225e-04 3.500000e-10 1.334187e-03 3.500000e-10 1.576490e-01 3.500000e-10 2.097697e-04 
3.300000e-10 3.665590e-04 3.300000e-10 1.258870e-03 3.300000e-10 1.487208e-01 3.300000e-10 1.977642e-04 
3.100000e-10 3.445955e-04 3.100000e-10 1.183553e-03 3.100000e-10 1.398550e-01 3.100000e-10 1.858131e-04 
2.900000e-10 3.226320e-04 2.900000e-10 1.107822e-03 2.900000e-10 1.309267e-01 2.900000e-10 1.738076e-04 
2.750000e-10 3.061016e-04 2.750000e-10 1.051127e-03 2.750000e-10 1.242462e-01 2.750000e-10 1.648034e-04 
2.625000e-10 2.923455e-04 2.625000e-10 1.003951e-03 2.625000e-10 1.186270e-01 2.625000e-10 1.573273e-04 
2.475000e-10 2.758151e-04 2.475000e-10 9.472560e-04 2.475000e-10 1.119464e-01 2.475000e-10 1.483231e-04 
2.350000e-10 2.620590e-04 2.350000e-10 9.000795e-04 2.350000e-10 1.063272e-01 2.350000e-10 1.408469e-04 
2.250000e-10 2.509617e-04 2.250000e-10 8.620072e-04 2.250000e-10 1.018319e-01 2.250000e-10 1.348441e-04 
2.150000e-10 2.399800e-04 2.150000e-10 8.239349e-04 2.150000e-10 9.733656e-02 2.150000e-10 1.288413e-04 
2.050000e-10 2.288826e-04 2.050000e-10 7.858625e-04 2.050000e-10 9.284122e-02 2.050000e-10 1.228386e-04 
1.950000e-10 2.177853e-04 1.950000e-10 7.477901e-04 1.950000e-10 8.834589e-02 1.950000e-10 1.168904e-04 
1.850000e-10 2.066879e-04 1.850000e-10 7.097179e-04 1.850000e-10 8.385055e-02 1.850000e-10 1.108876e-04 
1.750000e-10 1.955906e-04 1.750000e-10 6.716456e-04 1.750000e-10 7.935521e-02 1.750000e-10 1.048848e-04 
1.650000e-10 1.844933e-04 1.650000e-10 6.335732e-04 1.650000e-10 7.485987e-02 1.650000e-10 9.888208e-05 
1.550000e-10 1.733959e-04 1.550000e-10 5.955009e-04 1.550000e-10 7.036453e-02 1.550000e-10 9.287929e-05 
1.462500e-10 1.636857e-04 1.462500e-10 5.619807e-04 1.462500e-10 6.643111e-02 1.462500e-10 8.764050e-05 
1.387500e-10 1.552471e-04 1.387500e-10 5.334264e-04 1.387500e-10 6.299717e-02 1.387500e-10 8.316570e-05 
1.312500e-10 1.469241e-04 1.312500e-10 5.044584e-04 1.312500e-10 5.962566e-02 1.312500e-10 7.863633e-05 
1.237500e-10 1.386011e-04 1.237500e-10 4.759041e-04 1.237500e-10 5.623543e-02 1.237500e-10 7.416154e-05 
1.175000e-10 1.316653e-04 1.175000e-10 4.519020e-04 1.175000e-10 5.340711e-02 1.175000e-10 7.039617e-05 
1.125000e-10 1.261166e-04 1.125000e-10 4.328658e-04 1.125000e-10 5.114696e-02 1.125000e-10 6.744935e-05 
1.075000e-10 1.204524e-04 1.075000e-10 4.138297e-04 1.075000e-10 4.888055e-02 1.075000e-10 6.444797e-05 
1.025000e-10 1.148921e-04 1.025000e-10 3.945452e-04 1.025000e-10 4.662041e-02 1.025000e-10 6.144658e-05 
