1.995000e+01 2.827375e-13 1.995000e+01 1.386388e-13 
1.985000e+01 3.048320e-13 1.985000e+01 1.494559e-13 
1.975000e+01 3.285657e-13 1.975000e+01 1.611156e-13 
1.965000e+01 3.542238e-13 1.965000e+01 1.736450e-13 
1.955000e+01 3.818062e-13 1.955000e+01 1.871801e-13 
1.945000e+01 4.115268e-13 1.945000e+01 2.017750e-13 
1.935000e+01 4.435994e-13 1.935000e+01 2.174843e-13 
1.925000e+01 4.781664e-13 1.925000e+01 2.344167e-13 
1.915000e+01 5.154419e-13 1.915000e+01 2.526808e-13 
1.905000e+01 5.555683e-13 1.905000e+01 2.723310e-13 
1.895000e+01 5.988307e-13 1.895000e+01 2.935305e-13 
1.885000e+01 6.454427e-13 1.885000e+01 3.163606e-13 
1.875000e+01 6.956898e-13 1.875000e+01 3.410933e-13 
1.865000e+01 7.497855e-13 1.865000e+01 3.677284e-13 
1.855000e+01 8.082290e-13 1.855000e+01 3.962662e-13 
1.845000e+01 8.709485e-13 1.845000e+01 4.272499e-13 
1.835000e+01 9.386575e-13 1.835000e+01 4.604079e-13 
1.825000e+01 1.012068e-12 1.825000e+01 4.962839e-13 
1.815000e+01 1.090468e-12 1.815000e+01 5.351495e-13 
1.805000e+01 1.175282e-12 1.805000e+01 5.767330e-13 
1.795000e+01 1.266510e-12 1.795000e+01 6.215780e-13 
1.785000e+01 1.364866e-12 1.785000e+01 6.699561e-13 
1.775000e+01 1.471062e-12 1.775000e+01 7.221393e-13 
1.765000e+01 1.585098e-12 1.765000e+01 7.783994e-13 
1.755000e+01 1.708399e-12 1.755000e+01 8.390078e-13 
1.745000e+01 1.840966e-12 1.745000e+01 9.042369e-13 
1.735000e+01 1.983511e-12 1.735000e+01 9.746299e-13 
1.725000e+01 2.137459e-12 1.725000e+01 1.050459e-12 
1.715000e+01 2.303524e-12 1.715000e+01 1.131995e-12 
1.705000e+01 2.482417e-12 1.705000e+01 1.219782e-12 
1.695000e+01 2.674853e-12 1.695000e+01 1.314636e-12 
1.685000e+01 2.882256e-12 1.685000e+01 1.416556e-12 
1.675000e+01 3.105338e-12 1.675000e+01 1.526358e-12 
1.665000e+01 3.346239e-12 1.665000e+01 1.644858e-12 
1.655000e+01 3.604958e-12 1.655000e+01 1.772326e-12 
1.645000e+01 3.884346e-12 1.645000e+01 1.909851e-12 
1.635000e+01 4.185115e-12 1.635000e+01 2.057975e-12 
1.625000e+01 4.509404e-12 1.625000e+01 2.217786e-12 
1.615000e+01 4.857926e-12 1.615000e+01 2.389827e-12 
1.605000e+01 5.234244e-12 1.605000e+01 2.575186e-12 
1.595000e+01 5.639071e-12 1.595000e+01 2.774950e-12 
1.585000e+01 6.075258e-12 1.585000e+01 2.989662e-12 
1.575000e+01 6.544944e-12 1.575000e+01 3.223399e-12 
1.565000e+01 7.050264e-12 1.565000e+01 3.473444e-12 
1.555000e+01 7.597637e-12 1.555000e+01 3.739796e-12 
1.545000e+01 8.182070e-12 1.545000e+01 4.030608e-12 
1.535000e+01 8.816396e-12 1.535000e+01 4.343164e-12 
1.525000e+01 9.493483e-12 1.525000e+01 4.680180e-12 
1.515000e+01 1.022759e-11 1.515000e+01 5.044375e-12 
1.505000e+01 1.101871e-11 1.505000e+01 5.435749e-12 
1.495000e+01 1.186685e-11 1.495000e+01 5.857020e-12 
1.485000e+01 1.277914e-11 1.485000e+01 6.310904e-12 
1.475000e+01 1.376983e-11 1.475000e+01 6.800122e-12 
1.465000e+01 1.483178e-11 1.465000e+01 7.321955e-12 
1.455000e+01 1.597214e-11 1.455000e+01 7.887272e-12 
1.445000e+01 1.720516e-11 1.445000e+01 8.498794e-12 
1.435000e+01 1.853082e-11 1.435000e+01 9.156520e-12 
1.425000e+01 1.995627e-11 1.425000e+01 9.865886e-12 
1.415000e+01 2.148862e-11 1.415000e+01 1.063504e-11 
1.405000e+01 2.314927e-11 1.405000e+01 1.146671e-11 
1.395000e+01 2.493108e-11 1.395000e+01 1.235818e-11 
1.385000e+01 2.684831e-11 1.385000e+01 1.332030e-11 
1.375000e+01 2.891521e-11 1.375000e+01 1.435581e-11 
1.365000e+01 3.113891e-11 1.365000e+01 1.547014e-11 
1.355000e+01 3.353366e-11 1.355000e+01 1.667416e-11 
1.345000e+01 3.611372e-11 1.345000e+01 1.797874e-11 
1.335000e+01 3.889334e-11 1.335000e+01 1.940019e-11 
1.325000e+01 4.189391e-11 1.325000e+01 2.094666e-11 
1.315000e+01 4.512255e-11 1.315000e+01 2.262359e-11 
1.305000e+01 4.860065e-11 1.305000e+01 2.444728e-11 
1.295000e+01 5.235670e-11 1.295000e+01 2.643677e-11 
1.285000e+01 5.641210e-11 1.285000e+01 2.859204e-11 
1.275000e+01 6.078821e-11 1.275000e+01 3.095659e-11 
1.265000e+01 6.552783e-11 1.265000e+01 3.356575e-11 
1.255000e+01 7.065232e-11 1.255000e+01 3.650105e-11 
1.245000e+01 7.619019e-11 1.245000e+01 3.981686e-11 
1.235000e+01 8.224833e-11 1.235000e+01 4.367625e-11 
1.225000e+01 8.880540e-11 1.225000e+01 4.805202e-11 
1.215000e+01 9.586135e-11 1.215000e+01 5.272677e-11 
1.205000e+01 1.034162e-10 1.205000e+01 5.734715e-11 
1.195000e+01 1.113988e-10 1.195000e+01 6.169575e-11 
1.185000e+01 1.198089e-10 1.185000e+01 6.569103e-11 
1.175000e+01 1.287892e-10 1.175000e+01 6.982220e-11 
1.165000e+01 1.385535e-10 1.165000e+01 7.438822e-11 
1.155000e+01 1.490306e-10 1.155000e+01 7.957938e-11 
1.145000e+01 1.602916e-10 1.145000e+01 8.547716e-11 
1.135000e+01 1.724792e-10 1.135000e+01 9.197289e-11 
1.125000e+01 1.855933e-10 1.125000e+01 9.882192e-11 
1.115000e+01 1.996340e-10 1.115000e+01 1.060243e-10 
1.105000e+01 2.147437e-10 1.105000e+01 1.135528e-10 
1.095000e+01 2.309226e-10 1.095000e+01 1.214346e-10 
1.085000e+01 2.483130e-10 1.085000e+01 1.298057e-10 
1.075000e+01 2.669863e-10 1.075000e+01 1.387203e-10 
1.065000e+01 2.870852e-10 1.065000e+01 1.482057e-10 
1.055000e+01 3.086807e-10 1.055000e+01 1.582890e-10 
1.045000e+01 3.318443e-10 1.045000e+01 1.689975e-10 
1.035000e+01 3.567183e-10 1.035000e+01 1.806300e-10 
1.025000e+01 3.835167e-10 1.025000e+01 1.932409e-10 
1.015000e+01 4.123820e-10 1.015000e+01 2.070205e-10 
1.005000e+01 4.433856e-10 1.005000e+01 2.221047e-10 
9.950000e+00 4.768123e-10 9.950000e+00 2.386294e-10 
9.850000e+00 5.126623e-10 9.850000e+00 2.561325e-10 
9.750000e+00 5.511494e-10 9.750000e+00 2.745054e-10 
9.650000e+00 5.923448e-10 9.650000e+00 2.938022e-10 
9.550000e+00 6.366050e-10 9.550000e+00 3.139145e-10 
9.450000e+00 6.840724e-10 9.450000e+00 3.351140e-10 
9.350000e+00 7.348183e-10 9.350000e+00 3.574005e-10 
9.250000e+00 7.896980e-10 9.250000e+00 3.810461e-10 
9.150000e+00 8.481414e-10 9.150000e+00 4.060504e-10 
9.050000e+00 9.115738e-10 9.050000e+00 4.329574e-10 
8.950000e+00 9.785699e-10 8.950000e+00 4.614951e-10 
8.850000e+00 1.051268e-09 8.850000e+00 4.927507e-10 
8.750000e+00 1.129667e-09 8.750000e+00 5.269959e-10 
8.650000e+00 1.213056e-09 8.650000e+00 5.645026e-10 
8.550000e+00 1.303572e-09 8.550000e+00 6.044554e-10 
8.450000e+00 1.399790e-09 8.450000e+00 6.460388e-10 
8.350000e+00 1.503135e-09 8.350000e+00 6.897966e-10 
8.250000e+00 1.613607e-09 8.250000e+00 7.387183e-10 
8.150000e+00 1.733345e-09 8.150000e+00 7.938912e-10 
8.050000e+00 1.862348e-09 8.050000e+00 8.569458e-10 
7.950000e+00 2.026274e-09 7.950000e+00 9.216313e-10 
7.850000e+00 2.233677e-09 7.850000e+00 9.876757e-10 
7.750000e+00 2.465312e-09 7.750000e+00 1.063776e-09 
7.650000e+00 2.726169e-09 7.650000e+00 1.156456e-09 
7.550000e+00 3.018385e-09 7.550000e+00 1.257832e-09 
7.450000e+00 3.344813e-09 7.450000e+00 1.358937e-09 
7.350000e+00 3.711153e-09 7.350000e+00 1.467652e-09 
7.250000e+00 4.123821e-09 7.250000e+00 1.586695e-09 
7.150000e+00 4.585665e-09 7.150000e+00 1.697856e-09 
7.050000e+00 5.103815e-09 7.050000e+00 1.801136e-09 
6.950000e+00 5.566373e-09 6.950000e+00 1.915830e-09 
6.850000e+00 5.949106e-09 6.850000e+00 2.036232e-09 
6.750000e+00 6.364624e-09 6.750000e+00 2.168864e-09 
6.650000e+00 6.824331e-09 6.650000e+00 2.361018e-09 
6.550000e+00 7.333929e-09 6.550000e+00 2.633892e-09 
6.450000e+00 7.896980e-09 6.450000e+00 2.970637e-09 
6.350000e+00 8.509923e-09 6.350000e+00 3.381036e-09 
6.250000e+00 9.187010e-09 6.250000e+00 3.824050e-09 
6.150000e+00 9.906863e-09 6.150000e+00 4.212706e-09 
6.050000e+00 1.068373e-08 6.050000e+00 4.541568e-09 
5.950000e+00 1.136082e-08 5.950000e+00 4.878585e-09 
5.850000e+00 1.191674e-08 5.850000e+00 5.218320e-09 
5.750000e+00 1.250830e-08 5.750000e+00 5.579797e-09 
5.650000e+00 1.313550e-08 5.650000e+00 5.979325e-09 
5.550000e+00 1.381259e-08 5.550000e+00 6.422338e-09 
5.450000e+00 1.453244e-08 5.450000e+00 6.897966e-09 
5.350000e+00 1.530931e-08 5.350000e+00 7.406208e-09 
5.250000e+00 1.613607e-08 5.250000e+00 7.952501e-09 
5.150000e+00 1.703410e-08 5.150000e+00 8.531409e-09 
5.050000e+00 1.799628e-08 5.050000e+00 9.145647e-09 
4.950000e+00 1.905824e-08 4.950000e+00 9.765324e-09 
4.850000e+00 2.024136e-08 4.850000e+00 1.040131e-08 
4.750000e+00 2.151713e-08 4.750000e+00 1.109436e-08 
4.650000e+00 2.290695e-08 4.650000e+00 1.183906e-08 
4.550000e+00 2.441792e-08 4.550000e+00 1.264355e-08 
4.450000e+00 2.607144e-08 4.450000e+00 1.353501e-08 
4.350000e+00 2.787463e-08 4.350000e+00 1.454335e-08 
4.250000e+00 2.985600e-08 4.250000e+00 1.566039e-08 
4.150000e+00 3.202981e-08 4.150000e+00 1.697856e-08 
4.050000e+00 3.443882e-08 4.050000e+00 1.856852e-08 
3.950000e+00 3.697612e-08 3.950000e+00 1.996551e-08 
3.850000e+00 3.964170e-08 3.850000e+00 2.104722e-08 
3.750000e+00 4.258525e-08 3.750000e+00 2.220504e-08 
3.650000e+00 4.584240e-08 3.650000e+00 2.343623e-08 
3.550000e+00 4.944166e-08 3.550000e+00 2.473538e-08 
3.450000e+00 5.344717e-08 3.450000e+00 2.625467e-08 
3.350000e+00 5.791595e-08 3.350000e+00 2.799411e-08 
3.250000e+00 6.292639e-08 3.250000e+00 3.000534e-08 
3.150000e+00 6.856403e-08 3.150000e+00 3.245142e-08 
3.050000e+00 7.490728e-08 3.050000e+00 3.527801e-08 
2.950000e+00 8.011016e-08 2.950000e+00 3.783281e-08 
2.850000e+00 8.367378e-08 2.850000e+00 4.003429e-08 
2.750000e+00 8.759376e-08 2.750000e+00 4.253474e-08 
2.650000e+00 9.179883e-08 2.650000e+00 4.522543e-08 
2.550000e+00 9.643154e-08 2.550000e+00 4.824227e-08 
2.450000e+00 1.014206e-07 2.450000e+00 5.155809e-08 
2.350000e+00 1.069086e-07 2.350000e+00 5.525439e-08 
2.250000e+00 1.129667e-07 2.250000e+00 5.957582e-08 
2.150000e+00 1.195951e-07 2.150000e+00 6.425055e-08 
2.050000e+00 1.270074e-07 2.050000e+00 6.946888e-08 
1.950000e+00 1.331368e-07 1.950000e+00 7.495898e-08 
1.850000e+00 1.376270e-07 1.850000e+00 7.955219e-08 
1.750000e+00 1.424735e-07 1.750000e+00 8.487923e-08 
1.650000e+00 1.478189e-07 1.650000e+00 9.140213e-08 
1.550000e+00 1.537345e-07 1.550000e+00 9.944704e-08 
1.450000e+00 1.633563e-07 1.450000e+00 1.071658e-07 
1.350000e+00 1.778246e-07 1.350000e+00 1.167871e-07 
1.250000e+00 1.947874e-07 1.250000e+00 1.268976e-07 
1.150000e+00 2.148863e-07 1.150000e+00 1.370352e-07 
1.050000e+00 2.392614e-07 1.050000e+00 1.472001e-07 
9.800000e-01 2.617835e-07 9.800000e-01 1.555168e-07 
9.400000e-01 2.803856e-07 9.400000e-01 1.597295e-07 
9.000000e-01 3.012684e-07 9.000000e-01 1.616320e-07 
8.600000e-01 3.247883e-07 8.600000e-01 1.683180e-07 
8.200000e-01 3.514442e-07 8.200000e-01 1.768249e-07 
7.800000e-01 3.818062e-07 7.800000e-01 1.850057e-07 
7.400000e-01 4.165871e-07 7.400000e-01 1.935127e-07 
7.050000e-01 4.468066e-07 7.050000e-01 2.057431e-07 
6.750000e-01 4.704690e-07 6.750000e-01 2.143316e-07 
6.450000e-01 4.965547e-07 6.450000e-01 2.208545e-07 
6.150000e-01 5.253488e-07 6.150000e-01 2.219417e-07 
5.875000e-01 5.546417e-07 5.875000e-01 2.260456e-07 
5.625000e-01 5.840772e-07 5.625000e-01 2.312368e-07 
5.375000e-01 6.167199e-07 5.375000e-01 2.366725e-07 
5.125000e-01 6.531401e-07 5.125000e-01 2.438205e-07 
4.875000e-01 6.844288e-07 4.875000e-01 2.581982e-07 
4.625000e-01 7.091602e-07 4.625000e-01 2.698578e-07 
4.375000e-01 7.362439e-07 4.375000e-01 2.807565e-07 
4.125000e-01 7.654654e-07 4.125000e-01 2.929869e-07 
3.900000e-01 7.925490e-07 3.900000e-01 3.049455e-07 
3.700000e-01 8.167817e-07 3.700000e-01 3.171760e-07 
3.500000e-01 8.445778e-07 3.500000e-01 3.304936e-07 
3.300000e-01 8.816394e-07 3.300000e-01 3.448983e-07 
3.100000e-01 9.158501e-07 3.100000e-01 3.617491e-07 
2.900000e-01 9.400828e-07 2.900000e-01 3.788718e-07 
2.750000e-01 9.557629e-07 2.750000e-01 3.911022e-07 
2.625000e-01 9.700171e-07 2.625000e-01 4.017019e-07 
2.475000e-01 9.750063e-07 2.475000e-01 4.161066e-07 
2.350000e-01 9.878354e-07 2.350000e-01 4.275217e-07 
2.250000e-01 1.004228e-06 2.250000e-01 4.340446e-07 
2.150000e-01 1.015631e-06 2.150000e-01 4.386650e-07 
2.050000e-01 1.019908e-06 2.050000e-01 4.465468e-07 
1.950000e-01 1.023471e-06 1.950000e-01 4.644848e-07 
1.850000e-01 1.019908e-06 1.850000e-01 4.943814e-07 
1.750000e-01 1.009930e-06 1.750000e-01 5.362367e-07 
1.650000e-01 1.014206e-06 1.650000e-01 5.878763e-07 
1.550000e-01 1.013493e-06 1.550000e-01 6.601717e-07 
1.462500e-01 1.017057e-06 1.462500e-01 7.215957e-07 
1.387500e-01 1.009217e-06 1.387500e-01 7.618203e-07 
1.312500e-01 1.002090e-06 1.312500e-01 7.930759e-07 
1.237500e-01 9.799953e-07 1.237500e-01 8.313978e-07 
1.175000e-01 9.721554e-07 1.175000e-01 8.610227e-07 
1.125000e-01 9.493482e-07 1.125000e-01 8.928218e-07 
1.075000e-01 9.436465e-07 1.075000e-01 9.213594e-07 
1.025000e-01 9.372319e-07 1.025000e-01 9.507125e-07 
9.800000e-02 9.187011e-07 9.800000e-02 9.811528e-07 
9.400000e-02 8.901921e-07 9.400000e-02 1.009419e-06 
9.000000e-02 8.652467e-07 9.000000e-02 1.041761e-06 
8.600000e-02 8.381633e-07 8.600000e-02 1.077909e-06 
8.200000e-02 8.110798e-07 8.200000e-02 1.120580e-06 
7.799999e-02 7.847090e-07 7.799999e-02 1.164338e-06 
7.400000e-02 7.590510e-07 7.400000e-02 1.214075e-06 
7.050000e-02 7.348183e-07 7.050000e-02 1.258919e-06 
6.750000e-02 7.162875e-07 6.750000e-02 1.295611e-06 
6.450000e-02 6.981844e-07 6.450000e-02 1.324149e-06 
6.150000e-02 6.801524e-07 6.150000e-02 1.321159e-06 
5.875000e-02 6.864956e-07 5.875000e-02 1.329584e-06 
5.625000e-02 6.743081e-07 5.625000e-02 1.360568e-06 
5.375000e-02 6.564187e-07 5.375000e-02 1.403782e-06 
5.125000e-02 6.381017e-07 5.125000e-02 1.460042e-06 
4.875000e-02 6.112321e-07 4.875000e-02 1.566311e-06 
4.625000e-02 5.637646e-07 4.625000e-02 1.673667e-06 
4.375000e-02 5.272731e-07 4.375000e-02 1.754388e-06 
4.125000e-02 4.999758e-07 4.125000e-02 1.831032e-06 
3.900000e-02 4.932049e-07 3.900000e-02 1.817171e-06 
3.700000e-02 4.723934e-07 3.700000e-02 1.884846e-06 
3.500000e-02 4.527222e-07 3.500000e-02 1.959859e-06 
3.300000e-02 4.284896e-07 3.300000e-02 2.052539e-06 
3.100000e-02 4.063951e-07 3.100000e-02 2.142501e-06 
2.900000e-02 3.676230e-07 2.900000e-02 2.349603e-06 
2.750000e-02 3.500187e-07 2.750000e-02 2.442010e-06 
2.625000e-02 3.337686e-07 2.625000e-02 2.519470e-06 
2.475000e-02 3.180887e-07 2.475000e-02 2.623565e-06 
2.350000e-02 3.020524e-07 2.350000e-02 2.702111e-06 
2.250000e-02 2.882968e-07 2.250000e-02 2.788539e-06 
2.150000e-02 2.762518e-07 2.150000e-02 2.875512e-06 
2.050000e-02 2.646344e-07 2.050000e-02 2.997816e-06 
1.950000e-02 2.516628e-07 1.950000e-02 3.082070e-06 
1.850000e-02 2.411145e-07 1.850000e-02 3.201656e-06 
1.750000e-02 2.287844e-07 1.750000e-02 3.334832e-06 
1.650000e-02 2.163117e-07 1.650000e-02 3.481597e-06 
1.550000e-02 2.037677e-07 1.550000e-02 3.641952e-06 
1.462500e-02 1.931482e-07 1.462500e-02 3.794153e-06 
1.387500e-02 1.842391e-07 1.387500e-02 3.951790e-06 
1.312500e-02 1.761854e-07 1.312500e-02 4.142041e-06 
1.237500e-02 1.674188e-07 1.237500e-02 4.337728e-06 
1.175000e-02 1.591513e-07 1.175000e-02 4.421982e-06 
1.125000e-02 1.530931e-07 1.125000e-02 4.593209e-06 
1.075000e-02 1.454669e-07 1.075000e-02 4.674745e-06 
1.025000e-02 1.396226e-07 1.025000e-02 4.810639e-06 
9.800000e-03 1.338495e-07 9.800000e-03 4.892174e-06 
9.400001e-03 1.295019e-07 9.400001e-03 5.049812e-06 
9.000000e-03 1.244416e-07 9.000000e-03 5.128630e-06 
8.600000e-03 1.213769e-07 8.600000e-03 5.144936e-06 
8.200000e-03 1.168155e-07 8.200000e-03 5.286267e-06 
7.800000e-03 1.138933e-07 7.800000e-03 5.433032e-06 
7.400000e-03 1.082628e-07 7.400000e-03 5.661333e-06 
7.050000e-03 1.051268e-07 7.050000e-03 5.905942e-06 
6.750000e-03 1.015632e-07 6.750000e-03 6.419620e-06 
6.450000e-03 9.821336e-08 6.450000e-03 6.618025e-06 
6.150000e-03 9.443590e-08 6.150000e-03 7.063756e-06 
5.875000e-03 9.251156e-08 5.875000e-03 7.164317e-06 
5.625000e-03 8.966066e-08 5.625000e-03 7.485026e-06 
5.375000e-03 8.745123e-08 5.375000e-03 7.550255e-06 
5.125000e-03 8.524178e-08 5.125000e-03 7.995987e-06 
4.875000e-03 8.203452e-08 4.875000e-03 8.164496e-06 
4.625000e-03 8.089416e-08 4.625000e-03 8.580329e-06 
4.375000e-03 7.961126e-08 4.375000e-03 8.854836e-06 
4.125000e-03 7.832836e-08 4.125000e-03 9.363078e-06 
3.900000e-03 7.697418e-08 3.900000e-03 9.523434e-06 
3.700000e-03 7.654654e-08 3.700000e-03 9.594098e-06 
3.500000e-03 7.718799e-08 3.500000e-03 9.197288e-06 
3.300000e-03 7.754436e-08 3.300000e-03 8.903758e-06 
3.100000e-03 7.626145e-08 3.100000e-03 9.110317e-06 
2.900000e-03 7.661782e-08 2.900000e-03 9.580509e-06 
2.750000e-03 7.889854e-08 2.750000e-03 9.835989e-06 
2.625000e-03 8.018144e-08 2.625000e-03 1.018931e-05 
2.475000e-03 8.125053e-08 2.475000e-03 1.088237e-05 
2.350000e-03 8.224833e-08 2.350000e-03 1.154010e-05 
2.250000e-03 8.310361e-08 2.250000e-03 1.217336e-05 
2.150000e-03 8.374506e-08 2.150000e-03 1.296154e-05 
2.050000e-03 8.495669e-08 2.050000e-03 1.364101e-05 
1.950000e-03 8.695231e-08 1.950000e-03 1.445366e-05 
1.850000e-03 8.994576e-08 1.850000e-03 1.539132e-05 
1.750000e-03 9.500609e-08 1.750000e-03 1.660893e-05 
1.650000e-03 9.899735e-08 1.650000e-03 1.766075e-05 
1.550000e-03 1.032737e-07 1.550000e-03 1.896533e-05 
1.462500e-03 1.076213e-07 1.462500e-03 2.009325e-05 
1.387500e-03 1.121115e-07 1.387500e-03 2.113963e-05 
1.312500e-03 1.171718e-07 1.312500e-03 2.218873e-05 
1.237500e-03 1.225172e-07 1.237500e-03 2.072923e-05 
1.175000e-03 1.275776e-07 1.175000e-03 2.052539e-05 
1.125000e-03 1.322816e-07 1.125000e-03 2.121030e-05 
1.075000e-03 1.371993e-07 1.075000e-03 2.213165e-05 
1.025000e-03 1.426873e-07 1.025000e-03 2.307747e-05 
9.800000e-04 1.480327e-07 9.800000e-04 2.467015e-05 
9.400000e-04 1.532356e-07 9.400000e-04 2.886383e-05 
9.000000e-04 1.584385e-07 9.000000e-04 3.030430e-05 
8.600000e-04 1.654232e-07 8.600000e-04 3.253296e-05 
8.200000e-04 1.722654e-07 8.200000e-04 3.410933e-05 
7.800000e-04 1.794639e-07 7.800000e-04 3.554980e-05 
7.400000e-04 1.876602e-07 7.400000e-04 3.739796e-05 
7.050000e-04 1.949300e-07 7.050000e-04 3.829485e-05 
6.750000e-04 2.027700e-07 6.750000e-04 3.940918e-05 
6.450000e-04 2.009881e-07 6.450000e-04 3.916457e-05 
6.150000e-04 2.091132e-07 6.150000e-04 4.065940e-05 
5.875000e-04 2.185924e-07 5.875000e-04 4.218141e-05 
5.625000e-04 2.273589e-07 5.625000e-04 4.367625e-05 
5.375000e-04 2.376221e-07 5.375000e-04 4.530697e-05 
5.125000e-04 2.594315e-07 5.125000e-04 4.729102e-05 
4.875000e-04 2.734722e-07 4.875000e-04 4.892174e-05 
4.625000e-04 2.864437e-07 4.625000e-04 4.979146e-05 
4.375000e-04 3.009120e-07 4.375000e-04 5.033504e-05 
4.125000e-04 3.173047e-07 4.125000e-04 5.036222e-05 
3.900000e-04 3.341962e-07 3.900000e-04 5.017196e-05 
3.700000e-04 3.495198e-07 3.700000e-04 5.202012e-05 
3.500000e-04 3.663401e-07 3.500000e-04 5.465646e-05 
3.300000e-04 3.849422e-07 3.300000e-04 5.775484e-05 
3.100000e-04 4.057537e-07 3.100000e-04 6.117936e-05 
2.900000e-04 4.289172e-07 2.900000e-04 6.536488e-05 
2.750000e-04 4.475193e-07 2.750000e-04 7.036578e-05 
2.625000e-04 4.644109e-07 2.625000e-04 7.566564e-05 
2.475000e-04 4.874319e-07 2.475000e-04 8.140034e-05 
2.350000e-04 5.085284e-07 2.350000e-04 8.591201e-05 
2.250000e-04 5.269168e-07 2.250000e-04 8.966268e-05 
2.150000e-04 5.465167e-07 2.150000e-04 9.387539e-05 
2.050000e-04 5.681122e-07 2.050000e-04 9.835989e-05 
1.950000e-04 5.909195e-07 1.950000e-04 1.030618e-04 
1.850000e-04 6.154370e-07 1.850000e-04 1.090955e-04 
1.750000e-04 6.423781e-07 1.750000e-04 1.152107e-04 
1.650000e-04 6.721698e-07 1.650000e-04 1.214075e-04 
1.550000e-04 7.053115e-07 1.550000e-04 1.284196e-04 
1.462500e-04 7.362439e-07 1.462500e-04 1.351327e-04 
1.387500e-04 7.640401e-07 1.387500e-04 1.414382e-04 
1.312500e-04 7.932617e-07 1.312500e-04 1.484231e-04 
1.237500e-04 8.260470e-07 1.237500e-04 1.562234e-04 
1.175000e-04 8.595450e-07 1.175000e-04 1.634530e-04 
1.125000e-04 8.866285e-07 1.125000e-04 1.695954e-04 
1.075000e-04 9.158501e-07 1.075000e-04 1.761726e-04 
1.025000e-04 9.479227e-07 1.025000e-04 1.835109e-04 
9.800000e-05 9.792827e-07 9.800000e-05 1.927789e-04 
9.400000e-05 1.003515e-06 9.400000e-05 2.033242e-04 
9.000000e-05 1.035588e-06 9.000000e-05 2.157177e-04 
8.600000e-05 1.079777e-06 8.600000e-05 2.314270e-04 
8.200000e-05 1.117551e-06 8.200000e-05 2.470004e-04 
7.800000e-05 1.160315e-06 7.800000e-05 2.644764e-04 
7.400000e-05 1.206641e-06 7.400000e-05 2.842897e-04 
7.050000e-05 1.246554e-06 7.050000e-05 3.033148e-04 
6.750000e-05 1.289318e-06 6.750000e-05 3.291346e-04 
6.450000e-05 1.325666e-06 6.450000e-05 3.470726e-04 
6.150000e-05 1.364866e-06 6.150000e-05 3.658260e-04 
5.875000e-05 1.404066e-06 5.875000e-05 3.843075e-04 
5.625000e-05 1.441840e-06 5.625000e-05 4.027890e-04 
5.375000e-05 1.473200e-06 5.375000e-05 4.117580e-04 
5.125000e-05 1.505986e-06 5.125000e-05 4.299678e-04 
4.875000e-05 1.550887e-06 4.875000e-05 4.527979e-04 
4.625000e-05 1.604341e-06 4.625000e-05 4.778024e-04 
4.375000e-05 1.662072e-06 4.375000e-05 5.052529e-04 
4.125000e-05 1.725505e-06 4.125000e-05 5.362366e-04 
3.900000e-05 1.795352e-06 3.900000e-05 5.674923e-04 
3.700000e-05 1.858784e-06 3.700000e-05 5.987478e-04 
3.500000e-05 1.926493e-06 3.500000e-05 6.332648e-04 
3.300000e-05 1.999190e-06 3.300000e-05 6.721304e-04 
3.100000e-05 2.083292e-06 3.100000e-05 7.158882e-04 
2.900000e-05 2.178797e-06 2.900000e-05 7.732353e-04 
2.750000e-05 2.270739e-06 2.750000e-05 8.278646e-04 
2.625000e-05 2.359116e-06 2.625000e-05 8.792325e-04 
2.475000e-05 2.472439e-06 2.475000e-05 9.485382e-04 
2.350000e-05 2.577210e-06 2.350000e-05 1.013767e-03 
2.250000e-05 2.666300e-06 2.250000e-05 1.072202e-03 
2.150000e-05 2.773209e-06 2.150000e-05 1.136887e-03 
2.050000e-05 2.877979e-06 2.050000e-05 1.208911e-03 
1.950000e-05 2.982037e-06 1.950000e-05 1.285555e-03 
1.850000e-05 3.084669e-06 1.850000e-05 1.367091e-03 
1.750000e-05 3.196567e-06 1.750000e-05 1.458955e-03 
1.650000e-05 3.309890e-06 1.650000e-05 1.562778e-03 
1.550000e-05 3.449584e-06 1.550000e-05 1.681277e-03 
1.462500e-05 3.589990e-06 1.462500e-05 1.799233e-03 
1.387500e-05 3.736098e-06 1.387500e-05 1.913384e-03 
1.312500e-05 3.891473e-06 1.312500e-05 2.041667e-03 
1.237500e-05 4.061101e-06 1.237500e-05 2.187073e-03 
1.175000e-05 4.212910e-06 1.175000e-05 2.322968e-03 
1.125000e-05 4.349041e-06 1.125000e-05 2.444457e-03 
1.075000e-05 4.486597e-06 1.075000e-05 2.577904e-03 
1.025000e-05 4.648386e-06 1.025000e-05 2.726028e-03 
9.800000e-06 4.819439e-06 9.800000e-06 2.864640e-03 
9.400001e-06 4.991918e-06 9.400001e-06 2.992380e-03 
8.999999e-06 5.157270e-06 8.999999e-06 3.130992e-03 
8.600000e-06 5.331888e-06 8.600000e-06 3.285911e-03 
8.200001e-06 5.523610e-06 8.200001e-06 3.451701e-03 
7.800000e-06 5.731014e-06 7.800000e-06 3.639234e-03 
7.400000e-06 5.954808e-06 7.400000e-06 3.845792e-03 
7.050000e-06 6.178603e-06 7.050000e-06 4.052351e-03 
6.750000e-06 6.379592e-06 6.750000e-06 4.253474e-03 
6.450000e-06 6.592696e-06 6.450000e-06 4.484493e-03 
6.150000e-06 6.822193e-06 6.150000e-06 4.745409e-03 
5.875000e-06 7.053828e-06 5.875000e-06 5.036222e-03 
5.625000e-06 7.284038e-06 5.625000e-06 5.384109e-03 
5.375000e-06 7.504982e-06 5.375000e-06 5.721126e-03 
5.125000e-06 7.740182e-06 5.125000e-06 6.025529e-03 
4.875000e-06 8.011017e-06 4.875000e-06 6.340802e-03 
4.625000e-06 8.324614e-06 4.625000e-06 6.666947e-03 
4.375000e-06 8.666723e-06 4.375000e-06 7.025707e-03 
4.125000e-06 9.023084e-06 4.125000e-06 7.302929e-03 
3.900000e-06 9.365192e-06 3.900000e-06 7.593742e-03 
3.700000e-06 9.693044e-06 3.700000e-06 7.933476e-03 
3.500000e-06 1.006366e-05 3.500000e-06 8.333004e-03 
3.300000e-06 1.047704e-05 3.300000e-06 8.797760e-03 
3.100000e-06 1.094031e-05 3.100000e-06 9.333181e-03 
2.900000e-06 1.147485e-05 2.900000e-06 9.969163e-03 
2.750000e-06 1.193100e-05 2.750000e-06 1.053177e-02 
2.625000e-06 1.234438e-05 2.625000e-06 1.105632e-02 
2.475000e-06 1.290030e-05 2.475000e-06 1.175481e-02 
2.350000e-06 1.341346e-05 2.350000e-06 1.240982e-02 
2.250000e-06 1.385535e-05 2.250000e-06 1.298601e-02 
2.150000e-06 1.433288e-05 2.150000e-06 1.361927e-02 
2.050000e-06 1.486029e-05 2.050000e-06 1.431505e-02 
1.950000e-06 1.541622e-05 1.950000e-06 1.504344e-02 
1.850000e-06 1.601491e-05 1.850000e-06 1.580444e-02 
1.750000e-06 1.666349e-05 1.750000e-06 1.664970e-02 
1.650000e-06 1.739046e-05 1.650000e-06 1.759552e-02 
1.550000e-06 1.819584e-05 1.550000e-06 1.866093e-02 
1.462500e-06 1.902973e-05 1.462500e-06 1.970459e-02 
1.387500e-06 1.988500e-05 1.387500e-06 2.070477e-02 
1.312500e-06 2.083292e-05 1.312500e-06 2.181638e-02 
1.237500e-06 2.189488e-05 1.237500e-06 2.305573e-02 
1.175000e-06 2.287131e-05 1.175000e-06 2.420268e-02 
1.125000e-06 2.371945e-05 1.125000e-06 2.521372e-02 
1.075000e-06 2.464599e-05 1.075000e-06 2.631446e-02 
1.025000e-06 2.564381e-05 1.025000e-06 2.753207e-02 
9.800000e-07 2.654897e-05 9.800000e-07 2.870076e-02 
9.399999e-07 2.735434e-05 9.399999e-07 2.986944e-02 
9.000000e-07 2.821674e-05 9.000000e-07 3.111967e-02 
8.600000e-07 2.915754e-05 8.600000e-07 3.250578e-02 
8.200000e-07 3.017672e-05 8.200000e-07 3.402779e-02 
7.800000e-07 3.128858e-05 7.800000e-07 3.568569e-02 
7.400000e-07 3.250021e-05 7.400000e-07 3.750667e-02 
7.050000e-07 3.364770e-05 7.050000e-07 3.927328e-02 
6.750000e-07 3.472390e-05 6.750000e-07 4.090401e-02 
6.450000e-07 3.587852e-05 6.450000e-07 4.264345e-02 
6.150000e-07 3.712579e-05 6.150000e-07 4.457314e-02 
5.875000e-07 3.836593e-05 5.875000e-07 4.650283e-02 
5.625000e-07 3.958468e-05 5.625000e-07 4.840535e-02 
5.375000e-07 4.089610e-05 5.375000e-07 5.047093e-02 
5.125000e-07 4.232155e-05 5.125000e-07 5.272677e-02 
4.875000e-07 4.382539e-05 4.875000e-07 5.533593e-02 
4.625000e-07 4.541477e-05 4.625000e-07 5.835277e-02 
4.375000e-07 4.716807e-05 4.375000e-07 6.169575e-02 
4.125000e-07 4.909955e-05 4.125000e-07 6.544642e-02 
3.900000e-07 5.103816e-05 3.900000e-07 6.925146e-02 
3.700000e-07 5.296251e-05 3.700000e-07 7.305647e-02 
3.500000e-07 5.515058e-05 3.500000e-07 7.732353e-02 
3.300000e-07 5.767362e-05 3.300000e-07 8.216135e-02 
3.100000e-07 6.051739e-05 3.100000e-07 8.762428e-02 
2.900000e-07 6.404537e-05 2.900000e-07 9.376668e-02 
2.750000e-07 6.739517e-05 2.750000e-07 9.893064e-02 
2.625000e-07 7.050977e-05 2.625000e-07 1.037685e-01 
2.475000e-07 7.412329e-05 2.475000e-07 1.099380e-01 
2.350000e-07 7.711672e-05 2.350000e-07 1.155097e-01 
2.250000e-07 7.975381e-05 2.250000e-07 1.204019e-01 
2.150000e-07 8.246216e-05 2.150000e-07 1.257017e-01 
2.050000e-07 8.538433e-05 2.050000e-07 1.314636e-01 
1.950000e-07 8.844904e-05 1.950000e-07 1.380680e-01 
1.850000e-07 9.172757e-05 1.850000e-07 1.456509e-01 
1.750000e-07 9.529117e-05 1.750000e-07 1.541307e-01 
1.650000e-07 9.921116e-05 1.650000e-07 1.636160e-01 
1.550000e-07 1.036301e-04 1.550000e-07 1.743517e-01 
1.462500e-07 1.077638e-04 1.462500e-07 1.849242e-01 
1.387500e-07 1.114700e-04 1.387500e-07 1.950619e-01 
1.312500e-07 1.155325e-04 1.312500e-07 2.064226e-01 
1.237500e-07 1.200227e-04 1.237500e-07 2.191422e-01 
1.175000e-07 1.240852e-04 1.175000e-07 2.309378e-01 
1.125000e-07 1.276488e-04 1.125000e-07 2.413744e-01 
1.075000e-07 1.314975e-04 1.075000e-07 2.527623e-01 
1.025000e-07 1.355601e-04 1.025000e-07 2.653189e-01 
9.800000e-08 1.397652e-04 9.800000e-08 2.780385e-01 
9.400000e-08 1.440415e-04 9.400000e-08 2.905408e-01 
9.000000e-08 1.486742e-04 9.000000e-08 3.041302e-01 
8.600000e-08 1.536633e-04 8.600000e-08 3.193502e-01 
8.200000e-08 1.590800e-04 8.200000e-08 3.359293e-01 
7.800000e-08 1.649243e-04 7.800000e-08 3.541391e-01 
7.400000e-08 1.713388e-04 7.400000e-08 3.745231e-01 
7.050000e-08 1.766843e-04 7.050000e-08 3.938201e-01 
6.750000e-08 1.807468e-04 6.750000e-08 4.109426e-01 
6.450000e-08 1.850944e-04 6.450000e-08 4.286088e-01 
6.150000e-08 1.897984e-04 6.150000e-08 4.481775e-01 
5.875000e-08 1.943598e-04 5.875000e-08 4.677462e-01 
5.625000e-08 1.988500e-04 5.625000e-08 4.870431e-01 
5.375000e-08 2.036965e-04 5.375000e-08 5.082425e-01 
5.125000e-08 2.088281e-04 5.125000e-08 5.313444e-01 
4.875000e-08 2.166681e-04 4.875000e-08 5.566208e-01 
4.625000e-08 2.268600e-04 4.625000e-08 5.829841e-01 
4.375000e-08 2.369094e-04 4.375000e-08 6.088039e-01 
4.125000e-08 2.466025e-04 4.125000e-08 6.335366e-01 
3.900000e-08 2.549413e-04 3.900000e-08 6.550078e-01 
3.700000e-08 2.617835e-04 3.700000e-08 6.726740e-01 
3.500000e-08 2.680554e-04 3.500000e-08 6.887094e-01 
3.300000e-08 2.735434e-04 3.300000e-08 7.028424e-01 
3.100000e-08 2.781049e-04 3.100000e-08 7.145293e-01 
2.900000e-08 2.816684e-04 2.900000e-08 7.234982e-01 
2.750000e-08 2.835928e-04 2.750000e-08 7.283905e-01 
2.625000e-08 2.843768e-04 2.625000e-08 7.302929e-01 
2.475000e-08 2.845194e-04 2.475000e-08 7.308365e-01 
2.350000e-08 2.839492e-04 2.350000e-08 7.292057e-01 
2.250000e-08 2.828801e-04 2.250000e-08 7.264879e-01 
2.150000e-08 2.812409e-04 2.150000e-08 7.221392e-01 
2.050000e-08 2.790314e-04 2.050000e-08 7.164317e-01 
1.950000e-08 2.761805e-04 1.950000e-08 7.090935e-01 
1.850000e-08 2.726169e-04 1.850000e-08 6.998527e-01 
1.750000e-08 2.682693e-04 1.750000e-08 6.887094e-01 
1.650000e-08 2.632090e-04 1.650000e-08 6.756637e-01 
1.550000e-08 2.572220e-04 1.550000e-08 6.601717e-01 
1.462500e-08 2.513065e-04 1.462500e-08 6.449516e-01 
1.387500e-08 2.456046e-04 1.387500e-08 6.305469e-01 
1.312500e-08 2.393327e-04 1.312500e-08 6.142397e-01 
1.237500e-08 2.324906e-04 1.237500e-08 5.965735e-01 
1.175000e-08 2.262898e-04 1.175000e-08 5.808098e-01 
1.125000e-08 2.210157e-04 1.125000e-08 5.672205e-01 
1.075000e-08 2.154564e-04 1.075000e-08 5.528156e-01 
1.025000e-08 2.095408e-04 1.025000e-08 5.375956e-01 
9.800000e-09 2.039103e-04 9.800000e-09 5.231909e-01 
9.400000e-09 1.987787e-04 9.400000e-09 5.098733e-01 
9.000000e-09 1.933620e-04 9.000000e-09 4.960122e-01 
8.600000e-09 1.876602e-04 8.600000e-09 4.816074e-01 
8.200000e-09 1.818159e-04 8.200000e-09 4.663873e-01 
7.800000e-09 1.756865e-04 7.800000e-09 4.508954e-01 
7.400000e-09 1.693432e-04 7.400000e-09 4.345882e-01 
7.050000e-09 1.636414e-04 7.050000e-09 4.199116e-01 
6.750000e-09 1.585098e-04 6.750000e-09 4.065940e-01 
6.450000e-09 1.533069e-04 6.450000e-09 3.932765e-01 
6.150000e-09 1.478902e-04 6.150000e-09 3.794153e-01 
5.875000e-09 1.428299e-04 5.875000e-09 3.663695e-01 
5.625000e-09 1.381259e-04 5.625000e-09 3.544109e-01 
5.375000e-09 1.332794e-04 5.375000e-09 3.419086e-01 
5.125000e-09 1.283616e-04 5.125000e-09 3.294064e-01 
4.875000e-09 1.233012e-04 4.875000e-09 3.163606e-01 
4.625000e-09 1.181696e-04 4.625000e-09 3.030430e-01 
4.375000e-09 1.128955e-04 4.375000e-09 2.897254e-01 
4.125000e-09 1.074788e-04 4.125000e-09 2.758643e-01 
3.900000e-09 1.025610e-04 3.900000e-09 2.630631e-01 
3.700000e-09 9.807081e-05 3.700000e-09 2.515665e-01 
3.500000e-09 9.350938e-05 3.500000e-09 2.398524e-01 
3.300000e-09 8.887667e-05 3.300000e-09 2.279481e-01 
3.100000e-09 8.410142e-05 3.100000e-09 2.158264e-01 
2.900000e-09 7.932616e-05 2.900000e-09 2.035145e-01 
2.750000e-09 7.569128e-05 2.750000e-09 1.941378e-01 
2.625000e-09 7.255529e-05 2.625000e-09 1.862288e-01 
2.475000e-09 6.884200e-05 2.475000e-09 1.766347e-01 
2.350000e-09 6.569176e-05 2.350000e-09 1.685626e-01 
2.250000e-09 6.314734e-05 2.250000e-09 1.620125e-01 
2.150000e-09 6.058154e-05 2.150000e-09 1.554352e-01 
2.050000e-09 5.799434e-05 2.050000e-09 1.487765e-01 
1.950000e-09 5.538578e-05 1.950000e-09 1.420905e-01 
1.850000e-09 5.274869e-05 1.850000e-09 1.353502e-01 
1.750000e-09 5.009736e-05 1.750000e-09 1.285283e-01 
1.650000e-09 4.742465e-05 1.650000e-09 1.216792e-01 
1.550000e-09 4.472343e-05 1.550000e-09 1.147487e-01 
1.462500e-09 4.235006e-05 1.462500e-09 1.086606e-01 
1.387500e-09 4.029741e-05 1.387500e-09 1.033880e-01 
1.312500e-09 3.823051e-05 1.312500e-09 9.808809e-02 
1.237500e-09 3.614936e-05 1.237500e-09 9.276105e-02 
1.175000e-09 3.441031e-05 1.175000e-09 8.827657e-02 
1.125000e-09 3.301337e-05 1.125000e-09 8.468898e-02 
1.075000e-09 3.160931e-05 1.075000e-09 8.110138e-02 
1.025000e-09 3.019811e-05 1.025000e-09 7.748662e-02 
9.800000e-10 2.892234e-05 9.800000e-10 7.419799e-02 
9.400000e-10 2.778910e-05 9.400000e-10 7.128985e-02 
9.000000e-10 2.664875e-05 9.000000e-10 6.835455e-02 
8.600000e-10 2.550126e-05 8.600000e-10 6.541925e-02 
8.200000e-10 2.435377e-05 8.200000e-10 6.248394e-02 
7.800000e-10 2.320629e-05 7.800000e-10 5.952146e-02 
7.400000e-10 2.205168e-05 7.400000e-10 5.655898e-02 
7.050000e-10 2.103248e-05 7.050000e-10 5.397699e-02 
6.750000e-10 2.016296e-05 6.750000e-10 5.172115e-02 
6.450000e-10 1.929344e-05 6.450000e-10 4.949250e-02 
6.150000e-10 1.841678e-05 6.150000e-10 4.723666e-02 
5.875000e-10 1.761141e-05 5.875000e-10 4.517108e-02 
5.625000e-10 1.687730e-05 5.625000e-10 4.329574e-02 
5.375000e-10 1.614320e-05 5.375000e-10 4.142041e-02 
5.125000e-10 1.540909e-05 5.125000e-10 3.954508e-02 
4.875000e-10 1.466786e-05 4.875000e-10 3.764256e-02 
4.625000e-10 1.393375e-05 4.625000e-10 3.574005e-02 
4.375000e-10 1.319252e-05 4.375000e-10 3.383753e-02 
4.125000e-10 1.245128e-05 4.125000e-10 3.193503e-02 
3.900000e-10 1.178133e-05 3.900000e-10 3.022277e-02 
3.700000e-10 1.118977e-05 3.700000e-10 2.870076e-02 
3.500000e-10 1.059108e-05 3.500000e-10 2.717331e-02 
3.300000e-10 9.992389e-06 3.300000e-10 2.564043e-02 
3.100000e-10 9.393701e-06 3.100000e-10 2.410483e-02 
2.900000e-10 8.795014e-06 2.900000e-10 2.256651e-02 
2.750000e-10 8.345997e-06 2.750000e-10 2.141413e-02 
2.625000e-10 7.968253e-06 2.625000e-10 2.044929e-02 
2.475000e-10 7.519237e-06 2.475000e-10 1.929148e-02 
2.350000e-10 7.141494e-06 2.350000e-10 1.832663e-02 
2.250000e-10 6.842150e-06 2.250000e-10 1.755475e-02 
2.150000e-10 6.540668e-06 2.150000e-10 1.678016e-02 
2.050000e-10 6.239185e-06 2.050000e-10 1.600557e-02 
1.950000e-10 5.936990e-06 1.950000e-10 1.523097e-02 
1.850000e-10 5.634795e-06 1.850000e-10 1.445638e-02 
1.750000e-10 5.331887e-06 1.750000e-10 1.368178e-02 
1.650000e-10 5.029693e-06 1.650000e-10 1.290447e-02 
1.550000e-10 4.726784e-06 1.550000e-10 1.212716e-02 
1.462500e-10 4.460939e-06 1.462500e-10 1.144497e-02 
1.387500e-10 4.233580e-06 1.387500e-10 1.086335e-02 
1.312500e-10 4.006221e-06 1.312500e-10 1.027900e-02 
1.237500e-10 3.778149e-06 1.237500e-10 9.694658e-03 
1.175000e-10 3.588565e-06 1.175000e-10 9.205442e-03 
1.125000e-10 3.436042e-06 1.125000e-10 8.816785e-03 
1.075000e-10 3.284232e-06 1.075000e-10 8.425411e-03 
1.025000e-10 3.132422e-06 1.025000e-10 8.036756e-03 
