1.995000e+01 4.848126e-11 1.995000e+01 6.302140e-22 1.995000e+01 1.000000e-33 
1.985000e+01 5.225696e-11 1.985000e+01 6.794327e-22 1.985000e+01 1.000000e-33 
1.975000e+01 5.631822e-11 1.975000e+01 7.323965e-22 1.975000e+01 1.000000e-33 
1.965000e+01 6.072848e-11 1.965000e+01 7.896400e-22 1.965000e+01 1.000000e-33 
1.955000e+01 6.545605e-11 1.955000e+01 8.511634e-22 1.955000e+01 1.000000e-33 
1.945000e+01 7.056435e-11 1.945000e+01 9.175017e-22 1.945000e+01 1.000000e-33 
1.935000e+01 7.605340e-11 1.935000e+01 9.891901e-22 1.935000e+01 1.000000e-33 
1.925000e+01 8.198663e-11 1.925000e+01 1.066228e-21 1.925000e+01 1.000000e-33 
1.915000e+01 8.836407e-11 1.915000e+01 1.149151e-21 1.915000e+01 1.000000e-33 
1.905000e+01 9.524918e-11 1.905000e+01 1.238494e-21 1.905000e+01 1.000000e-33 
1.895000e+01 1.026419e-10 1.895000e+01 1.334791e-21 1.895000e+01 1.000000e-33 
1.885000e+01 1.106375e-10 1.885000e+01 1.439114e-21 1.885000e+01 1.000000e-33 
1.875000e+01 1.192677e-10 1.875000e+01 1.550926e-21 1.875000e+01 1.000000e-33 
1.865000e+01 1.285324e-10 1.865000e+01 1.671298e-21 1.865000e+01 1.000000e-33 
1.855000e+01 1.385269e-10 1.855000e+01 1.801299e-21 1.855000e+01 1.000000e-33 
1.845000e+01 1.493147e-10 1.845000e+01 1.941466e-21 1.845000e+01 1.000000e-33 
1.835000e+01 1.609273e-10 1.835000e+01 2.092867e-21 1.835000e+01 1.000000e-33 
1.825000e+01 1.734284e-10 1.825000e+01 2.255503e-21 1.825000e+01 1.000000e-33 
1.815000e+01 1.869130e-10 1.815000e+01 2.430443e-21 1.815000e+01 1.000000e-33 
1.805000e+01 2.014447e-10 1.805000e+01 2.619294e-21 1.805000e+01 1.000000e-33 
1.795000e+01 2.170869e-10 1.795000e+01 2.823124e-21 1.795000e+01 1.550158e-12 
1.785000e+01 2.284457e-10 1.785000e+01 3.042468e-21 1.785000e+01 1.685172e-12 
1.775000e+01 2.348549e-10 1.775000e+01 3.278397e-21 1.775000e+01 1.831187e-12 
1.765000e+01 2.414862e-10 1.765000e+01 3.533051e-21 1.765000e+01 1.990203e-12 
1.755000e+01 2.483395e-10 1.755000e+01 3.807499e-21 1.755000e+01 2.163221e-12 
1.745000e+01 2.554467e-10 1.745000e+01 4.102811e-21 1.745000e+01 2.350240e-12 
1.735000e+01 2.627761e-10 1.735000e+01 4.421129e-21 1.735000e+01 2.554261e-12 
1.725000e+01 2.703592e-10 1.725000e+01 4.764054e-21 1.725000e+01 2.775283e-12 
1.715000e+01 2.782279e-10 1.715000e+01 5.133730e-21 1.715000e+01 3.015307e-12 
1.705000e+01 2.863504e-10 1.705000e+01 5.531760e-21 1.705000e+01 3.275334e-12 
1.695000e+01 2.947584e-10 1.695000e+01 5.959749e-21 1.695000e+01 3.558363e-12 
1.685000e+01 3.034838e-10 1.685000e+01 6.419837e-21 1.685000e+01 3.865394e-12 
1.675000e+01 3.125265e-10 1.675000e+01 6.917375e-21 1.675000e+01 4.199429e-12 
1.665000e+01 3.217278e-10 1.665000e+01 7.457712e-21 1.665000e+01 4.561466e-12 
1.655000e+01 3.315636e-10 1.655000e+01 8.035497e-21 1.655000e+01 4.954505e-12 
1.645000e+01 3.417167e-10 1.645000e+01 8.656082e-21 1.645000e+01 5.380548e-12 
1.635000e+01 3.521872e-10 1.635000e+01 9.324814e-21 1.635000e+01 5.843596e-12 
1.625000e+01 3.629749e-10 1.625000e+01 1.004705e-20 1.625000e+01 6.346647e-12 
1.615000e+01 3.740799e-10 1.615000e+01 1.082278e-20 1.615000e+01 6.891703e-12 
1.605000e+01 3.855022e-10 1.605000e+01 1.166270e-20 1.605000e+01 7.483764e-12 
1.595000e+01 3.978763e-10 1.595000e+01 1.256148e-20 1.595000e+01 8.125829e-12 
1.585000e+01 4.102504e-10 1.585000e+01 1.353516e-20 1.585000e+01 8.821900e-12 
1.575000e+01 4.232592e-10 1.575000e+01 1.457838e-20 1.575000e+01 9.577977e-12 
1.565000e+01 4.365852e-10 1.565000e+01 1.570720e-20 1.565000e+01 1.040106e-11 
1.555000e+01 4.508630e-10 1.555000e+01 1.691627e-20 1.555000e+01 1.129115e-11 
1.545000e+01 4.651409e-10 1.545000e+01 1.822699e-20 1.545000e+01 1.225125e-11 
1.535000e+01 4.803706e-10 1.535000e+01 1.963400e-20 1.535000e+01 1.330136e-11 
1.525000e+01 4.962349e-10 1.525000e+01 2.114802e-20 1.525000e+01 1.443147e-11 
1.515000e+01 5.124165e-10 1.515000e+01 2.277973e-20 1.515000e+01 1.567160e-11 
1.505000e+01 5.295499e-10 1.505000e+01 2.453448e-20 1.505000e+01 1.700173e-11 
1.495000e+01 5.470006e-10 1.495000e+01 2.642833e-20 1.495000e+01 1.845188e-11 
1.485000e+01 5.654032e-10 1.485000e+01 2.846128e-20 1.485000e+01 2.002204e-11 
1.475000e+01 5.847576e-10 1.475000e+01 3.065473e-20 1.475000e+01 2.172221e-11 
1.465000e+01 6.047466e-10 1.465000e+01 3.301936e-20 1.465000e+01 2.357241e-11 
1.455000e+01 6.253703e-10 1.455000e+01 3.556055e-20 1.455000e+01 2.557261e-11 
1.445000e+01 6.469456e-10 1.445000e+01 1.245983e-19 1.445000e+01 2.774283e-11 
1.435000e+01 6.694729e-10 1.435000e+01 1.013264e-18 1.435000e+01 3.009307e-11 
1.425000e+01 6.929521e-10 1.425000e+01 8.361838e-18 1.425000e+01 3.264333e-11 
1.415000e+01 7.157966e-10 1.415000e+01 7.002973e-17 1.415000e+01 3.540361e-11 
1.405000e+01 7.380066e-10 1.405000e+01 5.954399e-16 1.405000e+01 3.839392e-11 
1.395000e+01 7.611685e-10 1.395000e+01 5.143360e-15 1.395000e+01 4.163425e-11 
1.385000e+01 7.852822e-10 1.385000e+01 4.511006e-14 1.385000e+01 4.515461e-11 
1.375000e+01 8.103478e-10 1.375000e+01 4.018818e-13 1.375000e+01 4.896500e-11 
1.365000e+01 8.363652e-10 1.365000e+01 3.638443e-12 1.365000e+01 5.308541e-11 
1.355000e+01 8.633345e-10 1.355000e+01 3.347945e-11 1.355000e+01 5.755587e-11 
1.345000e+01 8.915730e-10 1.345000e+01 8.351139e-11 1.345000e+01 6.239637e-11 
1.335000e+01 9.207632e-10 1.335000e+01 8.329740e-11 1.335000e+01 6.763690e-11 
1.325000e+01 9.512227e-10 1.325000e+01 8.302990e-11 1.325000e+01 7.331748e-11 
1.315000e+01 9.829512e-10 1.315000e+01 8.281589e-11 1.315000e+01 7.946810e-11 
1.305000e+01 1.015632e-09 1.305000e+01 8.260191e-11 1.305000e+01 8.611879e-11 
1.295000e+01 1.050216e-09 1.295000e+01 8.238791e-11 1.295000e+01 9.332952e-11 
1.285000e+01 1.086069e-09 1.285000e+01 8.212042e-11 1.285000e+01 1.011103e-10 
1.275000e+01 1.123192e-09 1.275000e+01 8.190644e-11 1.275000e+01 1.096112e-10 
1.265000e+01 1.162218e-09 1.265000e+01 8.169244e-11 1.265000e+01 1.187121e-10 
1.255000e+01 1.202830e-09 1.255000e+01 8.142494e-11 1.255000e+01 1.286131e-10 
1.245000e+01 1.245029e-09 1.245000e+01 8.415337e-11 1.245000e+01 1.393142e-10 
1.235000e+01 1.289132e-09 1.235000e+01 9.009172e-11 1.235000e+01 1.509154e-10 
1.225000e+01 1.335456e-09 1.225000e+01 9.651156e-11 1.225000e+01 1.635167e-10 
1.215000e+01 1.383683e-09 1.215000e+01 1.034129e-10 1.215000e+01 1.770180e-10 
1.205000e+01 1.433814e-09 1.205000e+01 1.109027e-10 1.205000e+01 1.917195e-10 
1.195000e+01 1.486484e-09 1.195000e+01 1.190345e-10 1.195000e+01 2.076212e-10 
1.185000e+01 1.541374e-09 1.185000e+01 1.278083e-10 1.185000e+01 2.248229e-10 
1.175000e+01 1.599120e-09 1.175000e+01 1.373310e-10 1.175000e+01 2.434248e-10 
1.165000e+01 1.659087e-09 1.165000e+01 1.476028e-10 1.165000e+01 2.634269e-10 
1.155000e+01 1.722227e-09 1.155000e+01 1.587840e-10 1.155000e+01 2.852291e-10 
1.145000e+01 1.788222e-09 1.145000e+01 1.760640e-10 1.145000e+01 3.087315e-10 
1.135000e+01 1.853266e-09 1.135000e+01 2.010479e-10 1.135000e+01 3.340341e-10 
1.125000e+01 1.913233e-09 1.125000e+01 2.298302e-10 1.125000e+01 3.615369e-10 
1.115000e+01 1.971614e-09 1.115000e+01 2.630528e-10 1.115000e+01 3.911400e-10 
1.105000e+01 2.032215e-09 1.105000e+01 3.014649e-10 1.105000e+01 4.232432e-10 
1.095000e+01 2.095355e-09 1.095000e+01 3.459757e-10 1.095000e+01 4.578467e-10 
1.085000e+01 2.161033e-09 1.085000e+01 3.974414e-10 1.085000e+01 4.953505e-10 
1.075000e+01 2.229250e-09 1.075000e+01 4.572529e-10 1.075000e+01 5.357547e-10 
1.065000e+01 2.300321e-09 1.065000e+01 5.266941e-10 1.065000e+01 5.794591e-10 
1.055000e+01 2.374567e-09 1.055000e+01 6.077447e-10 1.055000e+01 6.266639e-10 
1.045000e+01 2.451667e-09 1.045000e+01 6.724780e-10 1.045000e+01 6.775691e-10 
1.035000e+01 2.532258e-09 1.035000e+01 7.158119e-10 1.035000e+01 7.325747e-10 
1.025000e+01 2.616338e-09 1.025000e+01 7.623557e-10 1.025000e+01 7.919808e-10 
1.015000e+01 2.703909e-09 1.015000e+01 8.121095e-10 1.015000e+01 8.560873e-10 
1.005000e+01 2.795287e-09 1.005000e+01 8.656080e-10 1.005000e+01 9.252944e-10 
9.950000e+00 2.891107e-09 9.950000e+00 9.233866e-10 9.950000e+00 1.000002e-09 
9.850000e+00 2.990735e-09 9.850000e+00 9.854451e-10 9.850000e+00 1.081110e-09 
9.750000e+00 3.095122e-09 9.750000e+00 1.052853e-09 9.750000e+00 1.167119e-09 
9.650000e+00 3.204586e-09 9.650000e+00 1.125077e-09 9.650000e+00 1.261129e-09 
9.550000e+00 3.318809e-09 9.550000e+00 1.203185e-09 9.550000e+00 1.362139e-09 
9.450000e+00 3.439377e-09 9.450000e+00 1.294132e-09 9.450000e+00 1.472150e-09 
9.350000e+00 3.563119e-09 9.350000e+00 1.398990e-09 9.350000e+00 1.589162e-09 
9.250000e+00 3.693206e-09 9.250000e+00 1.514012e-09 9.250000e+00 1.716175e-09 
9.150000e+00 3.832812e-09 9.150000e+00 1.639199e-09 9.150000e+00 1.853189e-09 
9.050000e+00 3.975590e-09 9.050000e+00 1.777225e-09 9.050000e+00 2.000204e-09 
8.950000e+00 4.131060e-09 8.950000e+00 1.928091e-09 8.950000e+00 2.159220e-09 
8.850000e+00 4.296049e-09 8.850000e+00 2.093402e-09 8.850000e+00 2.330238e-09 
8.750000e+00 4.467383e-09 8.750000e+00 2.275298e-09 8.750000e+00 2.515257e-09 
8.650000e+00 4.651409e-09 8.650000e+00 2.475383e-09 8.650000e+00 2.713276e-09 
8.550000e+00 4.841780e-09 8.550000e+00 2.695797e-09 8.550000e+00 2.927299e-09 
8.450000e+00 5.044844e-09 8.450000e+00 2.892672e-09 8.450000e+00 3.158322e-09 
8.350000e+00 5.257424e-09 8.350000e+00 3.057983e-09 8.350000e+00 3.405347e-09 
8.250000e+00 5.482698e-09 8.250000e+00 3.235063e-09 8.250000e+00 3.672375e-09 
8.150000e+00 5.720662e-09 8.150000e+00 3.424984e-09 8.150000e+00 3.959404e-09 
8.050000e+00 5.971318e-09 8.050000e+00 3.628278e-09 8.050000e+00 4.268435e-09 
7.950000e+00 6.237837e-09 7.950000e+00 3.847088e-09 7.950000e+00 4.601469e-09 
7.850000e+00 6.517050e-09 7.850000e+00 4.081412e-09 7.850000e+00 4.958506e-09 
7.750000e+00 6.815297e-09 7.750000e+00 4.333391e-09 7.750000e+00 5.343545e-09 
7.650000e+00 7.129410e-09 7.650000e+00 4.604628e-09 7.650000e+00 5.756587e-09 
7.550000e+00 7.462560e-09 7.550000e+00 4.896731e-09 7.550000e+00 6.200633e-09 
7.450000e+00 7.817921e-09 7.450000e+00 5.248752e-09 7.450000e+00 6.677681e-09 
7.350000e+00 8.192319e-09 7.350000e+00 5.670857e-09 7.350000e+00 7.190733e-09 
7.250000e+00 8.592097e-09 7.250000e+00 6.130945e-09 7.250000e+00 7.740789e-09 
7.150000e+00 9.007743e-09 7.150000e+00 6.639183e-09 7.150000e+00 8.332851e-09 
7.050000e+00 9.413867e-09 7.050000e+00 7.195568e-09 7.050000e+00 8.967914e-09 
6.950000e+00 9.816821e-09 6.950000e+00 7.805452e-09 6.950000e+00 9.648985e-09 
6.850000e+00 1.024198e-08 6.850000e+00 8.479534e-09 6.850000e+00 1.038106e-08 
6.750000e+00 1.068936e-08 6.750000e+00 9.223167e-09 6.750000e+00 1.116114e-08 
6.650000e+00 1.116846e-08 6.650000e+00 1.004705e-08 6.650000e+00 1.200122e-08 
6.550000e+00 1.167294e-08 6.550000e+00 1.095652e-08 6.550000e+00 1.291132e-08 
6.450000e+00 1.220916e-08 6.450000e+00 1.175900e-08 6.450000e+00 1.387141e-08 
6.350000e+00 1.278027e-08 6.350000e+00 1.243309e-08 6.350000e+00 1.491152e-08 
6.250000e+00 1.338628e-08 6.250000e+00 1.315532e-08 6.250000e+00 1.602163e-08 
6.150000e+00 1.403355e-08 6.150000e+00 1.393105e-08 6.150000e+00 1.721176e-08 
6.050000e+00 1.472206e-08 6.050000e+00 1.476563e-08 6.050000e+00 1.848188e-08 
5.950000e+00 1.545816e-08 5.950000e+00 1.566975e-08 5.950000e+00 1.984202e-08 
5.850000e+00 1.624186e-08 5.850000e+00 1.664343e-08 5.850000e+00 2.129217e-08 
5.750000e+00 1.708266e-08 5.750000e+00 1.769200e-08 5.750000e+00 2.285233e-08 
5.650000e+00 1.794568e-08 5.650000e+00 1.883152e-08 5.650000e+00 2.452250e-08 
5.550000e+00 1.880870e-08 5.550000e+00 2.006734e-08 5.550000e+00 2.630268e-08 
5.450000e+00 1.970344e-08 5.450000e+00 2.138341e-08 5.450000e+00 2.820288e-08 
5.350000e+00 2.066165e-08 5.350000e+00 2.278507e-08 5.350000e+00 3.022308e-08 
5.250000e+00 2.168331e-08 5.250000e+00 2.430443e-08 5.250000e+00 3.239330e-08 
5.150000e+00 2.277794e-08 5.150000e+00 2.595754e-08 5.150000e+00 3.470354e-08 
5.050000e+00 2.395190e-08 5.050000e+00 2.776580e-08 5.050000e+00 3.716379e-08 
4.950000e+00 2.521152e-08 4.950000e+00 2.973455e-08 4.950000e+00 3.979406e-08 
4.850000e+00 2.656316e-08 4.850000e+00 3.189054e-08 4.850000e+00 4.258434e-08 
4.750000e+00 2.801950e-08 4.750000e+00 3.405189e-08 4.750000e+00 4.556465e-08 
4.650000e+00 2.958689e-08 4.650000e+00 3.599389e-08 4.650000e+00 4.873498e-08 
4.550000e+00 3.128120e-08 4.550000e+00 3.787705e-08 4.550000e+00 5.210532e-08 
4.450000e+00 3.287080e-08 4.450000e+00 3.990464e-08 4.450000e+00 5.568568e-08 
4.350000e+00 3.436205e-08 4.350000e+00 4.208739e-08 4.350000e+00 5.949607e-08 
4.250000e+00 3.591675e-08 4.250000e+00 4.425943e-08 4.250000e+00 6.353648e-08 
4.150000e+00 3.759836e-08 4.150000e+00 4.622283e-08 4.150000e+00 6.781691e-08 
4.050000e+00 3.940689e-08 4.050000e+00 4.812203e-08 4.050000e+00 7.236738e-08 
3.950000e+00 4.134233e-08 3.950000e+00 5.014963e-08 3.950000e+00 7.717787e-08 
3.850000e+00 4.340469e-08 3.850000e+00 5.232168e-08 3.850000e+00 8.226839e-08 
3.750000e+00 4.565742e-08 3.750000e+00 5.467562e-08 3.750000e+00 8.765894e-08 
3.650000e+00 4.806879e-08 3.650000e+00 5.735055e-08 3.650000e+00 9.334953e-08 
3.550000e+00 5.038498e-08 3.550000e+00 6.029298e-08 3.550000e+00 9.936013e-08 
3.450000e+00 5.244733e-08 3.450000e+00 6.344940e-08 3.450000e+00 1.057108e-07 
3.350000e+00 5.450969e-08 3.350000e+00 6.687331e-08 3.350000e+00 1.124115e-07 
3.250000e+00 5.669896e-08 3.250000e+00 7.109971e-08 3.250000e+00 1.194122e-07 
3.150000e+00 5.907861e-08 3.150000e+00 7.666357e-08 3.150000e+00 1.267129e-07 
3.050000e+00 6.161689e-08 3.050000e+00 8.340439e-08 3.050000e+00 1.345137e-07 
2.950000e+00 6.434555e-08 2.950000e+00 9.105470e-08 2.950000e+00 1.426145e-07 
2.850000e+00 6.720112e-08 2.850000e+00 9.966798e-08 2.850000e+00 1.511154e-07 
2.750000e+00 6.996150e-08 2.750000e+00 1.084953e-07 2.750000e+00 1.599163e-07 
2.650000e+00 7.269016e-08 2.650000e+00 1.175900e-07 2.650000e+00 1.692173e-07 
2.550000e+00 7.564092e-08 2.550000e+00 1.278083e-07 2.550000e+00 1.788183e-07 
2.450000e+00 7.884551e-08 2.450000e+00 1.363681e-07 2.450000e+00 1.887193e-07 
2.350000e+00 8.233565e-08 2.350000e+00 1.396315e-07 2.350000e+00 1.990203e-07 
2.250000e+00 8.585751e-08 2.250000e+00 1.400060e-07 2.250000e+00 2.097214e-07 
2.150000e+00 8.918903e-08 2.150000e+00 1.410224e-07 2.150000e+00 2.206225e-07 
2.050000e+00 9.258398e-08 2.050000e+00 1.434834e-07 2.050000e+00 2.320237e-07 
1.950000e+00 9.629623e-08 1.950000e+00 1.469073e-07 1.950000e+00 2.432248e-07 
1.850000e+00 1.003575e-07 1.850000e+00 1.541831e-07 1.850000e+00 2.548260e-07 
1.750000e+00 1.061321e-07 1.750000e+00 1.662203e-07 1.750000e+00 2.665272e-07 
1.650000e+00 1.140960e-07 1.650000e+00 1.744056e-07 1.650000e+00 2.782284e-07 
1.550000e+00 1.233924e-07 1.550000e+00 1.779365e-07 1.550000e+00 2.898296e-07 
1.450000e+00 1.338946e-07 1.450000e+00 1.843028e-07 1.450000e+00 3.012307e-07 
1.350000e+00 1.447458e-07 1.350000e+00 1.942001e-07 1.350000e+00 3.121318e-07 
1.250000e+00 1.562315e-07 1.250000e+00 2.003524e-07 1.250000e+00 3.225329e-07 
1.150000e+00 1.696210e-07 1.150000e+00 2.019574e-07 1.150000e+00 3.321339e-07 
1.050000e+00 1.853266e-07 1.050000e+00 2.029739e-07 1.050000e+00 3.406347e-07 
9.800000e-01 1.978911e-07 9.800000e-01 2.031879e-07 9.800000e-01 3.459353e-07 
9.400000e-01 2.059819e-07 9.400000e-01 2.118546e-07 9.400000e-01 3.484355e-07 
9.000000e-01 2.144852e-07 9.000000e-01 2.337891e-07 9.000000e-01 3.506358e-07 
8.600000e-01 2.230836e-07 8.600000e-01 2.588264e-07 8.600000e-01 3.525359e-07 
8.200000e-01 2.320311e-07 8.200000e-01 2.705427e-07 8.200000e-01 3.539361e-07 
7.800000e-01 2.418035e-07 7.800000e-01 2.704357e-07 7.800000e-01 3.549362e-07 
7.400000e-01 2.525277e-07 7.400000e-01 2.723616e-07 7.400000e-01 3.555363e-07 
7.050000e-01 2.628395e-07 7.050000e-01 2.764810e-07 7.050000e-01 3.555363e-07 
6.750000e-01 2.724532e-07 6.750000e-01 2.809214e-07 6.750000e-01 3.552363e-07 
6.450000e-01 2.828920e-07 6.450000e-01 2.844523e-07 6.450000e-01 3.545362e-07 
6.150000e-01 2.942825e-07 6.150000e-01 2.864318e-07 6.150000e-01 3.534361e-07 
5.875000e-01 3.056096e-07 5.875000e-01 2.877692e-07 5.875000e-01 3.521359e-07 
5.625000e-01 3.172857e-07 5.625000e-01 2.918351e-07 5.625000e-01 3.505357e-07 
5.375000e-01 3.309291e-07 5.375000e-01 2.989504e-07 5.375000e-01 3.486355e-07 
5.125000e-01 3.461587e-07 5.125000e-01 2.872343e-07 5.125000e-01 3.462353e-07 
4.875000e-01 3.629749e-07 4.875000e-01 2.575425e-07 4.875000e-01 3.435351e-07 
4.625000e-01 3.816948e-07 4.625000e-01 2.458798e-07 4.625000e-01 3.404347e-07 
4.375000e-01 4.013664e-07 4.375000e-01 2.513902e-07 4.375000e-01 3.368344e-07 
4.125000e-01 4.219901e-07 4.125000e-01 2.666373e-07 4.125000e-01 3.327339e-07 
3.900000e-01 4.422963e-07 3.900000e-01 2.911931e-07 3.900000e-01 3.285335e-07 
3.700000e-01 4.626026e-07 3.700000e-01 3.105597e-07 3.700000e-01 3.244331e-07 
3.500000e-01 4.835435e-07 3.500000e-01 3.243088e-07 3.500000e-01 3.198326e-07 
3.300000e-01 5.054362e-07 3.300000e-01 3.359180e-07 3.300000e-01 3.148321e-07 
3.100000e-01 5.289153e-07 3.100000e-01 3.428728e-07 3.100000e-01 3.093315e-07 
2.900000e-01 5.552500e-07 2.900000e-01 3.458152e-07 2.900000e-01 3.032309e-07 
2.750000e-01 5.758736e-07 2.750000e-01 3.489182e-07 2.750000e-01 2.983304e-07 
2.625000e-01 5.933243e-07 2.625000e-01 3.538935e-07 2.625000e-01 2.939300e-07 
2.475000e-01 6.161688e-07 2.475000e-01 3.612229e-07 2.475000e-01 2.883294e-07 
2.350000e-01 6.367925e-07 2.350000e-01 3.677497e-07 2.350000e-01 2.833289e-07 
2.250000e-01 6.542432e-07 2.250000e-01 3.734206e-07 2.250000e-01 2.791285e-07 
2.150000e-01 6.720112e-07 2.150000e-01 3.796264e-07 2.150000e-01 2.747280e-07 
2.050000e-01 6.907310e-07 2.050000e-01 3.863672e-07 2.050000e-01 2.701276e-07 
1.950000e-01 7.110373e-07 1.950000e-01 3.935895e-07 1.950000e-01 2.652270e-07 
1.850000e-01 7.329300e-07 1.850000e-01 4.013469e-07 1.850000e-01 2.600266e-07 
1.750000e-01 7.560919e-07 1.750000e-01 4.118861e-07 1.750000e-01 2.546259e-07 
1.650000e-01 7.811574e-07 1.650000e-01 4.280962e-07 1.650000e-01 2.489254e-07 
1.550000e-01 8.084441e-07 1.550000e-01 4.485326e-07 1.550000e-01 2.429248e-07 
1.462500e-01 8.344614e-07 1.462500e-01 4.683271e-07 1.462500e-01 2.373242e-07 
1.387500e-01 8.569888e-07 1.387500e-01 4.871051e-07 1.387500e-01 2.323237e-07 
1.312500e-01 8.791988e-07 1.312500e-01 5.077022e-07 1.312500e-01 2.271232e-07 
1.237500e-01 9.029952e-07 1.237500e-01 5.258382e-07 1.237500e-01 2.216226e-07 
1.175000e-01 9.245706e-07 1.175000e-01 5.365914e-07 1.175000e-01 2.169221e-07 
1.125000e-01 9.451943e-07 1.125000e-01 5.440813e-07 1.125000e-01 2.129217e-07 
1.075000e-01 9.712116e-07 1.075000e-01 5.515711e-07 1.075000e-01 2.088213e-07 
1.025000e-01 1.000719e-06 1.025000e-01 5.601308e-07 1.025000e-01 2.046209e-07 
9.800000e-02 1.029275e-06 9.800000e-02 5.681557e-07 9.800000e-02 2.007205e-07 
9.400000e-02 1.056562e-06 9.400000e-02 5.751104e-07 9.400000e-02 1.971201e-07 
9.000000e-02 1.085752e-06 9.000000e-02 5.863452e-07 9.000000e-02 1.933197e-07 
8.600000e-02 1.117163e-06 8.600000e-02 6.056047e-07 8.600000e-02 1.895193e-07 
8.200000e-02 1.151113e-06 8.200000e-02 6.296791e-07 8.200000e-02 1.855189e-07 
7.799999e-02 1.187600e-06 7.799999e-02 6.558935e-07 7.799999e-02 1.814185e-07 
7.400000e-02 1.227578e-06 7.400000e-02 6.847826e-07 7.400000e-02 1.772181e-07 
7.050000e-02 1.264066e-06 7.050000e-02 7.109970e-07 7.050000e-02 1.734177e-07 
6.750000e-02 1.296112e-06 6.750000e-02 7.297215e-07 6.750000e-02 1.700173e-07 
6.450000e-02 1.330379e-06 6.450000e-02 7.463061e-07 6.450000e-02 1.665170e-07 
6.150000e-02 1.366867e-06 6.150000e-02 7.639607e-07 6.150000e-02 1.629166e-07 
5.875000e-02 1.403037e-06 5.875000e-02 7.816153e-07 5.875000e-02 1.595163e-07 
5.625000e-02 1.440477e-06 5.625000e-02 7.987348e-07 5.625000e-02 1.563159e-07 
5.375000e-02 1.484263e-06 5.375000e-02 8.169243e-07 5.375000e-02 1.531156e-07 
5.125000e-02 1.532807e-06 5.125000e-02 8.361839e-07 5.125000e-02 1.497153e-07 
4.875000e-02 1.585794e-06 4.875000e-02 8.607933e-07 4.875000e-02 1.463149e-07 
4.625000e-02 1.643223e-06 4.625000e-02 8.912875e-07 4.625000e-02 1.427146e-07 
4.375000e-02 1.707632e-06 4.375000e-02 9.244566e-07 4.375000e-02 1.390142e-07 
4.125000e-02 1.779656e-06 4.125000e-02 9.613707e-07 4.125000e-02 1.352138e-07 
3.900000e-02 1.851362e-06 3.900000e-02 9.972148e-07 3.900000e-02 1.317134e-07 
3.700000e-02 1.921165e-06 3.700000e-02 1.032524e-06 3.700000e-02 1.284131e-07 
3.500000e-02 2.000487e-06 3.500000e-02 1.071043e-06 3.500000e-02 1.251128e-07 
3.300000e-02 2.091865e-06 3.300000e-02 1.113842e-06 3.300000e-02 1.216124e-07 
3.100000e-02 2.194348e-06 3.100000e-02 1.160921e-06 3.100000e-02 1.180120e-07 
2.900000e-02 2.308888e-06 2.900000e-02 1.219234e-06 2.900000e-02 1.143117e-07 
2.750000e-02 2.404708e-06 2.750000e-02 1.272198e-06 2.750000e-02 1.114114e-07 
2.625000e-02 2.493231e-06 2.625000e-02 1.320881e-06 2.625000e-02 1.090111e-07 
2.475000e-02 2.609358e-06 2.475000e-02 1.385080e-06 2.475000e-02 1.059108e-07 
2.350000e-02 2.715966e-06 2.350000e-02 1.443929e-06 2.350000e-02 1.033105e-07 
2.250000e-02 2.798778e-06 2.250000e-02 1.495287e-06 2.250000e-02 1.011103e-07 
2.150000e-02 2.868897e-06 2.150000e-02 1.550926e-06 2.150000e-02 9.894009e-08 
2.050000e-02 2.935210e-06 2.050000e-02 1.611379e-06 2.050000e-02 9.667986e-08 
1.950000e-02 3.006283e-06 1.950000e-02 1.677717e-06 1.950000e-02 9.434962e-08 
1.850000e-02 3.083066e-06 1.850000e-02 1.750476e-06 1.850000e-02 9.195939e-08 
1.750000e-02 3.185549e-06 1.750000e-02 1.830724e-06 1.750000e-02 8.949912e-08 
1.650000e-02 3.318808e-06 1.650000e-02 1.919532e-06 1.650000e-02 8.696888e-08 
1.550000e-02 3.467933e-06 1.550000e-02 2.018504e-06 1.550000e-02 8.434861e-08 
1.462500e-02 3.613884e-06 1.462500e-02 2.114266e-06 1.462500e-02 8.197836e-08 
1.387500e-02 3.712244e-06 1.387500e-02 2.204679e-06 1.387500e-02 7.988815e-08 
1.312500e-02 3.772527e-06 1.312500e-02 2.304187e-06 1.312500e-02 7.773793e-08 
1.237500e-02 3.835984e-06 1.237500e-02 2.413859e-06 1.237500e-02 7.551770e-08 
1.175000e-02 3.893096e-06 1.175000e-02 2.514971e-06 1.175000e-02 7.362751e-08 
1.125000e-02 3.820120e-06 1.125000e-02 2.603244e-06 1.125000e-02 7.206734e-08 
1.075000e-02 3.556773e-06 1.075000e-02 2.699007e-06 1.075000e-02 7.046718e-08 
1.025000e-02 3.226796e-06 1.025000e-02 2.802794e-06 1.025000e-02 6.882702e-08 
9.800000e-03 2.945681e-06 9.800000e-03 2.903907e-06 9.800000e-03 6.732687e-08 
9.400001e-03 2.706130e-06 9.400001e-03 3.001809e-06 9.400001e-03 6.595673e-08 
9.000000e-03 2.476733e-06 9.000000e-03 3.106666e-06 9.000000e-03 6.455657e-08 
8.600000e-03 2.257805e-06 8.600000e-03 3.221154e-06 8.600000e-03 6.311644e-08 
8.200000e-03 2.049031e-06 8.200000e-03 3.344735e-06 8.200000e-03 6.164630e-08 
7.800000e-03 1.850728e-06 7.800000e-03 3.505766e-06 7.800000e-03 6.014614e-08 
7.400000e-03 1.701921e-06 7.400000e-03 3.710131e-06 7.400000e-03 5.859597e-08 
7.050000e-03 1.675269e-06 7.050000e-03 3.908611e-06 7.050000e-03 5.720583e-08 
6.750000e-03 1.730476e-06 6.750000e-03 4.095856e-06 6.750000e-03 5.598571e-08 
6.450000e-03 1.790126e-06 6.450000e-03 4.301291e-06 6.450000e-03 5.473559e-08 
6.150000e-03 1.854535e-06 6.150000e-03 4.527590e-06 6.150000e-03 5.346545e-08 
5.875000e-03 1.918944e-06 5.875000e-03 4.756030e-06 5.875000e-03 5.226533e-08 
5.625000e-03 1.982084e-06 5.625000e-03 4.984469e-06 5.625000e-03 5.114521e-08 
5.375000e-03 2.050300e-06 5.375000e-03 5.234307e-06 5.375000e-03 5.000511e-08 
5.125000e-03 2.124228e-06 5.125000e-03 5.510361e-06 5.125000e-03 4.883498e-08 
4.875000e-03 2.205136e-06 4.875000e-03 5.815302e-06 4.875000e-03 4.763486e-08 
4.625000e-03 2.293341e-06 4.625000e-03 6.152345e-06 4.625000e-03 4.640473e-08 
4.375000e-03 2.390114e-06 4.375000e-03 6.516135e-06 4.375000e-03 4.514460e-08 
4.125000e-03 2.497356e-06 4.125000e-03 6.901325e-06 4.125000e-03 4.384447e-08 
3.900000e-03 2.603646e-06 3.900000e-03 7.286516e-06 3.900000e-03 4.263435e-08 
3.700000e-03 2.707716e-06 3.700000e-03 7.671706e-06 3.700000e-03 4.153424e-08 
3.500000e-03 2.822257e-06 3.500000e-03 8.099695e-06 3.500000e-03 4.040412e-08 
3.300000e-03 2.948854e-06 3.300000e-03 8.575833e-06 3.300000e-03 3.923401e-08 
3.100000e-03 3.090046e-06 3.100000e-03 9.116169e-06 3.100000e-03 3.803388e-08 
2.900000e-03 3.249006e-06 2.900000e-03 9.726054e-06 2.900000e-03 3.679375e-08 
2.750000e-03 3.379093e-06 2.750000e-03 1.023964e-05 2.750000e-03 3.583365e-08 
2.625000e-03 3.499662e-06 2.625000e-03 1.071578e-05 2.625000e-03 3.501357e-08 
2.475000e-03 3.655132e-06 2.475000e-03 1.134706e-05 2.475000e-03 3.399346e-08 
2.350000e-03 3.801083e-06 2.350000e-03 1.193555e-05 2.350000e-03 3.313338e-08 
2.250000e-03 3.924824e-06 2.250000e-03 1.244913e-05 2.250000e-03 3.242330e-08 
2.150000e-03 4.061257e-06 2.150000e-03 1.301622e-05 2.150000e-03 3.169324e-08 
2.050000e-03 4.210382e-06 2.050000e-03 1.363146e-05 2.050000e-03 3.095316e-08 
1.950000e-03 4.369024e-06 1.950000e-03 1.428414e-05 1.950000e-03 3.019308e-08 
1.850000e-03 4.543532e-06 1.850000e-03 1.497427e-05 1.850000e-03 2.940300e-08 
1.750000e-03 4.737076e-06 1.750000e-03 1.573395e-05 1.750000e-03 2.860292e-08 
1.650000e-03 4.949658e-06 1.650000e-03 1.658458e-05 1.650000e-03 2.777283e-08 
1.550000e-03 5.190795e-06 1.550000e-03 1.753151e-05 1.550000e-03 2.692274e-08 
1.462500e-03 5.425586e-06 1.462500e-03 1.846238e-05 1.462500e-03 2.615267e-08 
1.387500e-03 5.650859e-06 1.387500e-03 1.935046e-05 1.387500e-03 2.547260e-08 
1.312500e-03 5.898341e-06 1.312500e-03 2.033484e-05 1.312500e-03 2.478253e-08 
1.237500e-03 6.171208e-06 1.237500e-03 2.143156e-05 1.237500e-03 2.406245e-08 
1.175000e-03 6.421863e-06 1.175000e-03 2.244268e-05 1.175000e-03 2.344239e-08 
1.125000e-03 6.640791e-06 1.125000e-03 2.333611e-05 1.125000e-03 2.294234e-08 
1.075000e-03 6.878754e-06 1.075000e-03 2.429909e-05 1.075000e-03 2.243229e-08 
1.025000e-03 7.135756e-06 1.025000e-03 2.535301e-05 1.025000e-03 2.190224e-08 
9.800000e-04 7.386412e-06 9.800000e-04 2.639088e-05 9.800000e-04 2.141218e-08 
9.400000e-04 7.627548e-06 9.400000e-04 2.739131e-05 9.400000e-04 2.097214e-08 
9.000000e-04 7.884551e-06 9.000000e-04 2.847198e-05 9.000000e-04 2.052209e-08 
8.600000e-04 8.166935e-06 8.600000e-04 2.963825e-05 8.600000e-04 2.006204e-08 
8.200000e-04 8.471529e-06 8.200000e-04 3.085267e-05 8.200000e-04 1.959200e-08 
7.800000e-04 8.804680e-06 7.800000e-04 3.213664e-05 7.800000e-04 1.911195e-08 
7.400000e-04 9.172731e-06 7.400000e-04 3.354365e-05 7.400000e-04 1.861190e-08 
7.050000e-04 9.534436e-06 7.050000e-04 3.489181e-05 7.050000e-04 1.817185e-08 
6.750000e-04 9.880278e-06 6.750000e-04 3.614904e-05 6.750000e-04 1.777181e-08 
6.450000e-04 1.025468e-05 6.450000e-04 3.751325e-05 6.450000e-04 1.738177e-08 
6.150000e-04 1.066080e-05 6.150000e-04 3.899517e-05 6.150000e-04 1.697173e-08 
5.875000e-04 1.106693e-05 5.875000e-04 4.047173e-05 5.875000e-04 1.658169e-08 
5.625000e-04 1.146671e-05 5.625000e-04 4.193224e-05 5.625000e-04 1.623166e-08 
5.375000e-04 1.190139e-05 5.375000e-04 4.362815e-05 5.375000e-04 1.586162e-08 
5.125000e-04 1.237414e-05 5.125000e-04 4.559689e-05 5.125000e-04 1.549158e-08 
4.875000e-04 1.289132e-05 4.875000e-04 4.776359e-05 4.875000e-04 1.511154e-08 
4.625000e-04 1.345609e-05 4.625000e-04 5.015498e-05 4.625000e-04 1.472150e-08 
4.375000e-04 1.408114e-05 4.375000e-04 5.280317e-05 4.375000e-04 1.431146e-08 
4.125000e-04 1.477600e-05 4.125000e-04 5.574559e-05 4.125000e-04 1.390142e-08 
3.900000e-04 1.546768e-05 3.900000e-04 5.874151e-05 3.900000e-04 1.351138e-08 
3.700000e-04 1.614984e-05 3.700000e-04 6.168394e-05 3.700000e-04 1.316134e-08 
3.500000e-04 1.689864e-05 3.500000e-04 6.494736e-05 3.500000e-04 1.280131e-08 
3.300000e-04 1.777752e-05 3.300000e-04 6.858526e-05 3.300000e-04 1.243127e-08 
3.100000e-04 1.880870e-05 3.100000e-04 7.270466e-05 3.100000e-04 1.205123e-08 
2.900000e-04 1.997631e-05 2.900000e-04 7.757304e-05 2.900000e-04 1.165119e-08 
2.750000e-04 2.095038e-05 2.750000e-04 8.185293e-05 2.750000e-04 1.135116e-08 
2.625000e-04 2.185464e-05 2.625000e-04 8.586534e-05 2.625000e-04 1.109113e-08 
2.475000e-04 2.304446e-05 2.475000e-04 9.116169e-05 2.475000e-04 1.077110e-08 
2.350000e-04 2.414227e-05 2.350000e-04 9.608357e-05 2.350000e-04 1.049107e-08 
2.250000e-04 2.510999e-05 2.250000e-04 1.004705e-04 2.250000e-04 1.027105e-08 
2.150000e-04 2.616021e-05 2.150000e-04 1.052318e-04 2.150000e-04 1.003102e-08 
2.050000e-04 2.730878e-05 2.050000e-04 1.104747e-04 2.050000e-04 9.799999e-09 
1.950000e-04 2.856841e-05 1.950000e-04 1.162526e-04 1.950000e-04 9.557976e-09 
1.850000e-04 2.995812e-05 1.850000e-04 1.227259e-04 1.850000e-04 9.308949e-09 
1.750000e-04 3.150013e-05 1.750000e-04 1.298412e-04 1.750000e-04 9.053923e-09 
1.650000e-04 3.321981e-05 1.650000e-04 1.379195e-04 1.650000e-04 8.791896e-09 
1.550000e-04 3.521872e-05 1.550000e-04 1.470143e-04 1.550000e-04 8.520868e-09 
1.462500e-04 3.712243e-05 1.462500e-04 1.557881e-04 1.462500e-04 8.277843e-09 
1.387500e-04 3.950208e-05 1.387500e-04 1.640269e-04 1.387500e-04 8.062822e-09 
1.312500e-04 4.140578e-05 1.312500e-04 1.732286e-04 1.312500e-04 7.841800e-09 
1.237500e-04 4.410272e-05 1.237500e-04 1.835004e-04 1.237500e-04 7.613776e-09 
1.175000e-04 4.651408e-05 1.175000e-04 1.930231e-04 1.175000e-04 7.419757e-09 
1.125000e-04 4.844953e-05 1.125000e-04 2.014224e-04 1.125000e-04 7.259740e-09 
1.075000e-04 5.079745e-05 1.075000e-04 2.105707e-04 1.075000e-04 7.096725e-09 
1.025000e-04 5.324055e-05 1.025000e-04 2.206284e-04 1.025000e-04 6.929707e-09 
9.800000e-05 5.584229e-05 9.800000e-05 2.305792e-04 9.800000e-05 6.775691e-09 
9.400000e-05 5.787292e-05 9.400000e-05 2.402089e-04 9.400000e-05 6.636677e-09 
9.000000e-05 6.053812e-05 9.000000e-05 2.506412e-04 9.000000e-05 6.493662e-09 
8.600000e-05 6.358406e-05 8.600000e-05 2.620364e-04 8.600000e-05 6.347648e-09 
8.200000e-05 6.678864e-05 8.200000e-05 2.745551e-04 8.200000e-05 6.198633e-09 
7.800000e-05 6.986631e-05 7.800000e-05 2.883577e-04 7.800000e-05 6.045617e-09 
7.400000e-05 7.380066e-05 7.400000e-05 3.030699e-04 7.400000e-05 5.888600e-09 
7.050000e-05 7.763982e-05 7.050000e-05 3.166585e-04 7.050000e-05 5.747586e-09 
6.750000e-05 8.132033e-05 6.750000e-05 3.292307e-04 6.750000e-05 5.623574e-09 
6.450000e-05 8.538159e-05 6.450000e-05 3.428728e-04 6.450000e-05 5.497561e-09 
6.150000e-05 8.985531e-05 6.150000e-05 3.577989e-04 6.150000e-05 5.367547e-09 
5.875000e-05 9.436078e-05 5.875000e-05 3.726716e-04 5.875000e-05 5.246535e-09 
5.625000e-05 9.883451e-05 5.625000e-05 3.874907e-04 5.625000e-05 5.133524e-09 
5.375000e-05 1.037842e-04 5.375000e-05 4.035403e-04 5.375000e-05 5.018512e-09 
5.125000e-05 1.092097e-04 5.125000e-05 4.210879e-04 5.125000e-05 4.900500e-09 
4.875000e-05 1.152065e-04 4.875000e-05 4.403474e-04 4.875000e-05 4.779487e-09 
4.625000e-05 1.219012e-04 4.625000e-05 4.615864e-04 4.625000e-05 4.655474e-09 
4.375000e-05 1.293574e-04 4.375000e-05 4.850722e-04 4.375000e-05 4.527462e-09 
4.125000e-05 1.377655e-04 4.125000e-05 5.112865e-04 4.125000e-05 4.396449e-09 
3.900000e-05 1.462687e-04 3.900000e-05 5.376614e-04 3.900000e-05 4.274436e-09 
3.700000e-05 1.547403e-04 3.700000e-05 5.633408e-04 3.700000e-05 4.163424e-09 
3.500000e-05 1.642906e-04 3.500000e-05 5.922300e-04 3.500000e-05 4.049413e-09 
3.300000e-05 1.752369e-04 3.300000e-05 6.243292e-04 3.300000e-05 3.932402e-09 
3.100000e-05 1.878649e-04 3.100000e-05 6.601734e-04 3.100000e-05 3.811389e-09 
2.900000e-05 2.023331e-04 2.900000e-05 7.029722e-04 2.900000e-05 3.686376e-09 
2.750000e-05 2.145803e-04 2.750000e-05 7.414913e-04 2.750000e-05 3.589366e-09 
2.625000e-05 2.260026e-04 2.625000e-05 7.768003e-04 2.625000e-05 3.507358e-09 
2.475000e-05 2.412958e-04 2.475000e-05 8.238791e-04 2.475000e-05 3.405348e-09 
2.350000e-05 2.555419e-04 2.350000e-05 8.677481e-04 2.350000e-05 3.318338e-09 
2.250000e-05 2.682016e-04 2.250000e-05 9.062670e-04 2.250000e-05 3.247331e-09 
2.150000e-05 2.821305e-04 2.150000e-05 9.479960e-04 2.150000e-05 3.174324e-09 
2.050000e-05 2.974871e-04 2.050000e-05 9.945398e-04 2.050000e-05 3.099316e-09 
1.950000e-05 3.144936e-04 1.950000e-05 1.045364e-03 1.950000e-05 3.022308e-09 
1.850000e-05 3.334673e-04 1.850000e-05 1.102072e-03 1.850000e-05 2.944300e-09 
1.750000e-05 3.547255e-04 1.750000e-05 1.165201e-03 1.750000e-05 2.863292e-09 
1.650000e-05 3.788392e-04 1.650000e-05 1.235819e-03 1.650000e-05 2.780284e-09 
1.550000e-05 4.083467e-04 1.550000e-05 1.315532e-03 1.550000e-05 2.695275e-09 
1.462500e-05 4.400753e-04 1.462500e-05 1.394175e-03 1.462500e-05 2.618267e-09 
1.387500e-05 4.711693e-04 1.387500e-05 1.469608e-03 1.387500e-05 2.550260e-09 
1.312500e-05 5.060707e-04 1.312500e-05 1.553601e-03 1.312500e-05 2.480253e-09 
1.237500e-05 5.463660e-04 1.237500e-05 1.647758e-03 1.237500e-05 2.408246e-09 
1.175000e-05 5.838058e-04 1.175000e-05 1.734961e-03 1.175000e-05 2.346239e-09 
1.125000e-05 6.177553e-04 1.125000e-05 1.811999e-03 1.125000e-05 2.296234e-09 
1.075000e-05 6.551951e-04 1.075000e-05 1.896527e-03 1.075000e-05 2.244229e-09 
1.025000e-05 6.967595e-04 1.025000e-05 1.989080e-03 1.025000e-05 2.191223e-09 
9.800000e-06 7.383238e-04 9.800000e-06 2.080027e-03 9.800000e-06 2.143219e-09 
9.400001e-06 7.792538e-04 9.400001e-06 2.168835e-03 9.400001e-06 2.099214e-09 
8.999999e-06 8.243084e-04 8.999999e-06 2.265133e-03 8.999999e-06 2.053209e-09 
8.600000e-06 8.741223e-04 8.600000e-06 2.370525e-03 8.600000e-06 2.007205e-09 
8.200001e-06 9.296472e-04 8.200001e-06 2.486082e-03 8.200001e-06 1.960200e-09 
7.800000e-06 9.915179e-04 7.800000e-06 2.613944e-03 7.800000e-06 1.912195e-09 
7.400000e-06 1.061955e-03 7.400000e-06 2.755180e-03 7.400000e-06 1.862190e-09 
7.050000e-06 1.131758e-03 7.050000e-06 2.891602e-03 7.050000e-06 1.817185e-09 
6.750000e-06 1.199340e-03 6.750000e-06 3.019998e-03 6.750000e-06 1.778181e-09 
6.450000e-06 1.274219e-03 6.450000e-06 3.160700e-03 6.450000e-06 1.738177e-09 
6.150000e-06 1.357666e-03 6.150000e-06 3.314776e-03 6.150000e-06 1.697173e-09 
5.875000e-06 1.443016e-03 5.875000e-06 3.469922e-03 5.875000e-06 1.659169e-09 
5.625000e-06 1.529000e-03 5.625000e-06 3.623998e-03 5.625000e-06 1.623166e-09 
5.375000e-06 1.624503e-03 5.375000e-06 3.621858e-03 5.375000e-06 1.587162e-09 
5.125000e-06 1.731111e-03 5.125000e-06 3.453338e-03 5.125000e-06 1.550158e-09 
4.875000e-06 1.850410e-03 4.875000e-06 3.284817e-03 4.875000e-06 1.511154e-09 
4.625000e-06 1.984939e-03 4.625000e-06 3.116296e-03 4.625000e-06 1.472150e-09 
4.375000e-06 2.137554e-03 4.375000e-06 2.947776e-03 4.375000e-06 1.432146e-09 
4.125000e-06 2.312061e-03 4.125000e-06 2.779255e-03 4.125000e-06 1.390142e-09 
3.900000e-06 2.491010e-03 3.900000e-06 2.627854e-03 3.900000e-06 1.352138e-09 
3.700000e-06 2.672181e-03 3.700000e-06 2.493037e-03 3.700000e-06 1.317135e-09 
3.500000e-06 2.877464e-03 3.500000e-06 2.358221e-03 3.500000e-06 1.280131e-09 
3.300000e-06 3.111304e-03 3.300000e-06 2.223404e-03 3.300000e-06 1.243127e-09 
3.100000e-06 3.379093e-03 3.100000e-06 2.088587e-03 3.100000e-06 1.205123e-09 
2.900000e-06 3.693206e-03 2.900000e-06 1.954305e-03 2.900000e-06 1.166119e-09 
2.750000e-06 3.959726e-03 2.750000e-06 1.853193e-03 2.750000e-06 1.135116e-09 
2.625000e-06 4.210381e-03 2.625000e-06 1.768665e-03 2.625000e-06 1.109113e-09 
2.475000e-06 4.553050e-03 2.475000e-06 1.667553e-03 2.475000e-06 1.077110e-09 
2.350000e-06 4.876682e-03 2.350000e-06 1.583560e-03 2.350000e-06 1.049107e-09 
2.250000e-06 5.165412e-03 2.250000e-06 1.516152e-03 2.250000e-06 1.027105e-09 
2.150000e-06 5.485870e-03 2.150000e-06 1.448743e-03 2.150000e-06 1.004102e-09 
2.050000e-06 5.841231e-03 2.050000e-06 1.381335e-03 2.050000e-06 9.800999e-10 
1.950000e-06 6.241011e-03 1.950000e-06 1.313927e-03 1.950000e-06 9.558975e-10 
1.850000e-06 6.691556e-03 1.850000e-06 1.246518e-03 1.850000e-06 9.309950e-10 
1.750000e-06 7.205559e-03 1.750000e-06 1.179110e-03 1.750000e-06 9.054924e-10 
1.650000e-06 7.789365e-03 1.650000e-06 1.111702e-03 1.650000e-06 8.792897e-10 
1.550000e-06 8.493739e-03 1.550000e-06 1.044294e-03 1.550000e-06 8.521869e-10 
1.462500e-06 9.233016e-03 1.462500e-06 9.854451e-04 1.462500e-06 8.278845e-10 
1.387500e-06 9.959599e-03 1.387500e-06 9.351564e-04 1.387500e-06 8.062822e-10 
1.312500e-06 1.079089e-02 1.312500e-06 8.843326e-04 1.312500e-06 7.841800e-10 
1.237500e-06 1.174909e-02 1.237500e-06 8.340439e-04 1.237500e-06 7.614777e-10 
1.175000e-06 1.265653e-02 1.175000e-06 7.917800e-04 1.175000e-06 7.420757e-10 
1.125000e-06 1.347513e-02 1.125000e-06 7.580759e-04 1.125000e-06 7.260740e-10 
1.075000e-06 1.438574e-02 1.075000e-06 7.243717e-04 1.075000e-06 7.097724e-10 
1.025000e-06 1.541057e-02 1.025000e-06 6.906675e-04 1.025000e-06 6.930707e-10 
9.800000e-07 1.643858e-02 9.800000e-07 6.601733e-04 9.800000e-07 6.776691e-10 
9.399999e-07 1.745389e-02 9.399999e-07 6.334240e-04 9.399999e-07 6.636677e-10 
9.000000e-07 1.858343e-02 9.000000e-07 6.066746e-04 9.000000e-07 6.493662e-10 
8.600000e-07 1.984305e-02 8.600000e-07 5.793904e-04 8.600000e-07 6.347647e-10 
8.200000e-07 2.125497e-02 8.200000e-07 5.526411e-04 8.200000e-07 6.198632e-10 
7.800000e-07 2.284457e-02 7.800000e-07 5.255707e-04 7.800000e-07 6.045616e-10 
7.400000e-07 2.450715e-02 7.400000e-07 4.986073e-04 7.400000e-07 5.888601e-10 
7.050000e-07 2.597935e-02 7.050000e-07 4.750145e-04 7.050000e-07 5.747586e-10 
6.750000e-07 2.733417e-02 6.750000e-07 4.548455e-04 6.750000e-07 5.623573e-10 
6.450000e-07 2.882541e-02 6.450000e-07 4.346230e-04 6.450000e-07 5.497561e-10 
6.150000e-07 3.047529e-02 6.150000e-07 4.144005e-04 6.150000e-07 5.367548e-10 
5.875000e-07 3.214104e-02 5.875000e-07 3.958900e-04 5.875000e-07 5.246535e-10 
5.625000e-07 3.382266e-02 5.625000e-07 3.790379e-04 5.625000e-07 5.134524e-10 
5.375000e-07 3.566292e-02 5.375000e-07 3.621858e-04 5.375000e-07 5.018511e-10 
5.125000e-07 3.772527e-02 5.125000e-07 3.453338e-04 5.125000e-07 4.900499e-10 
4.875000e-07 3.997800e-02 4.875000e-07 3.284817e-04 4.875000e-07 4.779487e-10 
4.625000e-07 4.251629e-02 4.625000e-07 3.116296e-04 4.625000e-07 4.655475e-10 
4.375000e-07 4.537186e-02 4.375000e-07 2.947776e-04 4.375000e-07 4.527462e-10 
4.125000e-07 4.860818e-02 4.125000e-07 2.779255e-04 4.125000e-07 4.396448e-10 
3.900000e-07 5.190795e-02 3.900000e-07 2.627854e-04 3.900000e-07 4.274436e-10 
3.700000e-07 5.660377e-02 3.700000e-07 2.493037e-04 3.700000e-07 4.163425e-10 
3.500000e-07 6.415518e-02 3.500000e-07 2.358220e-04 3.500000e-07 4.049413e-10 
3.300000e-07 7.392759e-02 3.300000e-07 2.223404e-04 3.300000e-07 3.932401e-10 
3.100000e-07 8.588925e-02 3.100000e-07 2.088587e-04 3.100000e-07 3.811388e-10 
2.900000e-07 1.008334e-01 2.900000e-07 1.954306e-04 2.900000e-07 3.686376e-10 
2.750000e-07 1.144132e-01 2.750000e-07 1.853193e-04 2.750000e-07 3.590366e-10 
2.625000e-07 1.280248e-01 2.625000e-07 1.768665e-04 2.625000e-07 3.507358e-10 
2.475000e-07 1.474744e-01 2.475000e-07 1.667553e-04 2.475000e-07 3.405347e-10 
2.350000e-07 1.668923e-01 2.350000e-07 1.583560e-04 2.350000e-07 3.318338e-10 
2.250000e-07 1.852631e-01 2.250000e-07 1.516152e-04 2.250000e-07 3.247331e-10 
2.150000e-07 1.891023e-01 2.150000e-07 1.448743e-04 2.150000e-07 3.174324e-10 
2.050000e-07 1.766647e-01 2.050000e-07 1.381335e-04 2.050000e-07 3.099316e-10 
1.950000e-07 1.644492e-01 1.950000e-07 1.313927e-04 1.950000e-07 3.023308e-10 
1.850000e-07 1.525193e-01 1.850000e-07 1.246518e-04 1.850000e-07 2.944300e-10 
1.750000e-07 1.408749e-01 1.750000e-07 1.179110e-04 1.750000e-07 2.863292e-10 
1.650000e-07 1.295160e-01 1.650000e-07 1.111702e-04 1.650000e-07 2.780284e-10 
1.550000e-07 1.184428e-01 1.550000e-07 1.044294e-04 1.550000e-07 2.695275e-10 
1.462500e-07 1.089877e-01 1.462500e-07 9.854451e-05 1.462500e-07 2.617267e-10 
1.387500e-07 1.010872e-01 1.387500e-07 9.351564e-05 1.387500e-07 2.549260e-10 
1.312500e-07 9.337720e-02 1.312500e-07 8.843326e-05 1.312500e-07 2.480253e-10 
1.237500e-07 8.582579e-02 1.237500e-07 8.340439e-05 1.237500e-07 2.408246e-10 
1.175000e-07 7.970218e-02 1.175000e-07 7.917800e-05 1.175000e-07 2.346239e-10 
1.125000e-07 7.487943e-02 1.125000e-07 7.580758e-05 1.125000e-07 2.296234e-10 
1.075000e-07 7.018360e-02 1.075000e-07 7.243716e-05 1.075000e-07 2.244229e-10 
1.025000e-07 6.555124e-02 1.025000e-07 6.906675e-05 1.025000e-07 2.191223e-10 
9.800000e-08 6.199764e-02 9.800000e-08 6.601732e-05 9.800000e-08 2.143219e-10 
9.400000e-08 5.949108e-02 9.400000e-08 6.334240e-05 9.400000e-08 2.099214e-10 
9.000000e-08 5.695279e-02 9.000000e-08 6.066746e-05 9.000000e-08 2.053209e-10 
8.600000e-08 5.441450e-02 8.600000e-08 5.793904e-05 8.600000e-08 2.007205e-10 
8.200000e-08 5.187621e-02 8.200000e-08 5.526410e-05 8.200000e-08 1.960200e-10 
7.800000e-08 4.936966e-02 7.800000e-08 5.255707e-05 7.800000e-08 1.911195e-10 
7.400000e-08 4.683138e-02 7.400000e-08 4.986074e-05 7.400000e-08 1.862190e-10 
7.050000e-08 4.461037e-02 7.050000e-08 4.750680e-05 7.050000e-08 1.818186e-10 
6.750000e-08 4.270666e-02 6.750000e-08 4.548455e-05 6.750000e-08 1.778181e-10 
6.450000e-08 4.080294e-02 6.450000e-08 4.346230e-05 6.450000e-08 1.738177e-10 
6.150000e-08 3.893096e-02 6.150000e-08 4.144005e-05 6.150000e-08 1.697173e-10 
5.875000e-08 3.718589e-02 5.875000e-08 3.958900e-05 5.875000e-08 1.659169e-10 
5.625000e-08 3.559946e-02 5.625000e-08 3.790379e-05 5.625000e-08 1.623165e-10 
5.375000e-08 3.401303e-02 5.375000e-08 3.621858e-05 5.375000e-08 1.587162e-10 
5.125000e-08 3.242660e-02 5.125000e-08 3.453338e-05 5.125000e-08 1.550158e-10 
4.875000e-08 3.084652e-02 4.875000e-08 3.284817e-05 4.875000e-08 1.511154e-10 
4.625000e-08 2.926643e-02 4.625000e-08 3.116296e-05 4.625000e-08 1.472150e-10 
4.375000e-08 2.768318e-02 4.375000e-08 2.947775e-05 4.375000e-08 1.432146e-10 
4.125000e-08 2.610310e-02 4.125000e-08 2.779255e-05 4.125000e-08 1.390142e-10 
3.900000e-08 2.467849e-02 3.900000e-08 2.627854e-05 3.900000e-08 1.352138e-10 
3.700000e-08 2.341251e-02 3.700000e-08 2.493037e-05 3.700000e-08 1.317134e-10 
3.500000e-08 2.214654e-02 3.500000e-08 2.358220e-05 3.500000e-08 1.281130e-10 
3.300000e-08 2.088057e-02 3.300000e-08 2.223404e-05 3.300000e-08 1.243127e-10 
3.100000e-08 1.961460e-02 3.100000e-08 2.088587e-05 3.100000e-08 1.205123e-10 
2.900000e-08 1.835181e-02 2.900000e-08 1.954305e-05 2.900000e-08 1.165119e-10 
2.750000e-08 1.739995e-02 2.750000e-08 1.853193e-05 2.750000e-08 1.135116e-10 
2.625000e-08 1.660991e-02 2.625000e-08 1.768665e-05 2.625000e-08 1.109113e-10 
2.475000e-08 1.566122e-02 2.475000e-08 1.667553e-05 2.475000e-08 1.077110e-10 
2.350000e-08 1.487118e-02 2.350000e-08 1.583560e-05 2.350000e-08 1.049107e-10 
2.250000e-08 1.423661e-02 2.250000e-08 1.516152e-05 2.250000e-08 1.027105e-10 
2.150000e-08 1.360521e-02 2.150000e-08 1.448743e-05 2.150000e-08 1.004102e-10 
2.050000e-08 1.297064e-02 2.050000e-08 1.381335e-05 2.050000e-08 9.800000e-11 
1.950000e-08 1.233924e-02 1.950000e-08 1.313927e-05 1.950000e-08 9.557975e-11 
1.850000e-08 1.170784e-02 1.850000e-08 1.246519e-05 1.850000e-08 9.309950e-11 
1.750000e-08 1.107327e-02 1.750000e-08 1.179110e-05 1.750000e-08 9.055923e-11 
1.650000e-08 1.044187e-02 1.650000e-08 1.111702e-05 1.650000e-08 8.792897e-11 
1.550000e-08 9.807302e-03 1.550000e-08 1.044294e-05 1.550000e-08 8.521869e-11 
1.462500e-08 9.255226e-03 1.462500e-08 9.854451e-06 1.462500e-08 8.276843e-11 
1.387500e-08 8.779296e-03 1.387500e-08 9.351564e-06 1.387500e-08 8.064822e-11 
1.312500e-08 8.306541e-03 1.312500e-08 8.843326e-06 1.312500e-08 7.844800e-11 
1.237500e-08 7.830611e-03 1.237500e-08 8.340440e-06 1.237500e-08 7.617777e-11 
1.175000e-08 7.434005e-03 1.175000e-08 7.917800e-06 1.175000e-08 7.420756e-11 
1.125000e-08 7.119892e-03 1.125000e-08 7.580758e-06 1.125000e-08 7.259740e-11 
1.075000e-08 6.802606e-03 1.075000e-08 7.243717e-06 1.075000e-08 7.097724e-11 
1.025000e-08 6.485321e-03 1.025000e-08 6.906675e-06 1.025000e-08 6.930706e-11 
9.800000e-09 6.199763e-03 9.800000e-09 6.601733e-06 9.800000e-09 6.774691e-11 
9.400000e-09 5.949108e-03 9.400000e-09 6.334240e-06 9.400000e-09 6.635677e-11 
9.000000e-09 5.695279e-03 9.000000e-09 6.066747e-06 9.000000e-09 6.494662e-11 
8.600000e-09 5.441450e-03 8.600000e-09 5.793904e-06 8.600000e-09 6.347647e-11 
8.200000e-09 5.187622e-03 8.200000e-09 5.526410e-06 8.200000e-09 6.197632e-11 
7.800000e-09 4.936965e-03 7.800000e-09 5.255707e-06 7.800000e-09 6.044616e-11 
7.400000e-09 4.683137e-03 7.400000e-09 4.986074e-06 7.400000e-09 5.888601e-11 
7.050000e-09 4.461037e-03 7.050000e-09 4.750680e-06 7.050000e-09 5.747586e-11 
6.750000e-09 4.270666e-03 6.750000e-09 4.548455e-06 6.750000e-09 5.623574e-11 
6.450000e-09 4.080295e-03 6.450000e-09 4.346230e-06 6.450000e-09 5.499561e-11 
6.150000e-09 3.893096e-03 6.150000e-09 4.144005e-06 6.150000e-09 5.369548e-11 
5.875000e-09 3.718588e-03 5.875000e-09 3.958900e-06 5.875000e-09 5.248536e-11 
5.625000e-09 3.559946e-03 5.625000e-09 3.790379e-06 5.625000e-09 5.135524e-11 
5.375000e-09 3.401303e-03 5.375000e-09 3.621859e-06 5.375000e-09 5.020512e-11 
5.125000e-09 3.242660e-03 5.125000e-09 3.453338e-06 5.125000e-09 4.902500e-11 
4.875000e-09 3.084652e-03 4.875000e-09 3.284817e-06 4.875000e-09 4.780487e-11 
4.625000e-09 2.926643e-03 4.625000e-09 3.116296e-06 4.625000e-09 4.656475e-11 
4.375000e-09 2.768318e-03 4.375000e-09 2.947776e-06 4.375000e-09 4.527462e-11 
4.125000e-09 2.610310e-03 4.125000e-09 2.779255e-06 4.125000e-09 4.394448e-11 
3.900000e-09 2.467849e-03 3.900000e-09 2.627854e-06 3.900000e-09 4.273436e-11 
3.700000e-09 2.341251e-03 3.700000e-09 2.493037e-06 3.700000e-09 4.163424e-11 
3.500000e-09 2.214655e-03 3.500000e-09 2.358220e-06 3.500000e-09 4.051413e-11 
3.300000e-09 2.088057e-03 3.300000e-09 2.223404e-06 3.300000e-09 3.932401e-11 
3.100000e-09 1.961460e-03 3.100000e-09 2.088587e-06 3.100000e-09 3.811389e-11 
2.900000e-09 1.835181e-03 2.900000e-09 1.954306e-06 2.900000e-09 3.687376e-11 
2.750000e-09 1.739995e-03 2.750000e-09 1.853193e-06 2.750000e-09 3.589366e-11 
2.625000e-09 1.660991e-03 2.625000e-09 1.768665e-06 2.625000e-09 3.505358e-11 
2.475000e-09 1.566122e-03 2.475000e-09 1.667553e-06 2.475000e-09 3.404347e-11 
2.350000e-09 1.487118e-03 2.350000e-09 1.583560e-06 2.350000e-09 3.318339e-11 
2.250000e-09 1.423661e-03 2.250000e-09 1.516152e-06 2.250000e-09 3.246331e-11 
2.150000e-09 1.360521e-03 2.150000e-09 1.448743e-06 2.150000e-09 3.173324e-11 
2.050000e-09 1.297064e-03 2.050000e-09 1.381335e-06 2.050000e-09 3.101316e-11 
1.950000e-09 1.233924e-03 1.950000e-09 1.313927e-06 1.950000e-09 3.024309e-11 
1.850000e-09 1.170784e-03 1.850000e-09 1.246519e-06 1.850000e-09 2.943300e-11 
1.750000e-09 1.107327e-03 1.750000e-09 1.179110e-06 1.750000e-09 2.862292e-11 
1.650000e-09 1.044187e-03 1.650000e-09 1.111702e-06 1.650000e-09 2.781284e-11 
1.550000e-09 9.807302e-04 1.550000e-09 1.044294e-06 1.550000e-09 2.695275e-11 
1.462500e-09 9.255224e-04 1.462500e-09 9.854451e-07 1.462500e-09 2.617267e-11 
1.387500e-09 8.779297e-04 1.387500e-09 9.351564e-07 1.387500e-09 2.550260e-11 
1.312500e-09 8.306541e-04 1.312500e-09 8.843326e-07 1.312500e-09 2.481253e-11 
1.237500e-09 7.830612e-04 1.237500e-09 8.340439e-07 1.237500e-09 2.409246e-11 
1.175000e-09 7.434005e-04 1.175000e-09 7.917800e-07 1.175000e-09 2.345239e-11 
1.125000e-09 7.119892e-04 1.125000e-09 7.580758e-07 1.125000e-09 2.294234e-11 
1.075000e-09 6.802606e-04 1.075000e-09 7.243717e-07 1.075000e-09 2.242229e-11 
1.025000e-09 6.485321e-04 1.025000e-09 6.906675e-07 1.025000e-09 2.190223e-11 
9.800000e-10 6.199764e-04 9.800000e-10 6.601733e-07 9.800000e-10 2.144219e-11 
9.400000e-10 5.949107e-04 9.400000e-10 6.334240e-07 9.400000e-10 2.100214e-11 
9.000000e-10 5.695279e-04 9.000000e-10 6.066747e-07 9.000000e-10 2.054210e-11 
8.600000e-10 5.441450e-04 8.600000e-10 5.793904e-07 8.600000e-10 2.008205e-11 
8.200000e-10 5.187622e-04 8.200000e-10 5.526410e-07 8.200000e-10 1.962200e-11 
7.800000e-10 4.936966e-04 7.800000e-10 5.255706e-07 7.800000e-10 1.913195e-11 
7.400000e-10 4.683138e-04 7.400000e-10 4.986074e-07 7.400000e-10 1.861190e-11 
7.050000e-10 4.461037e-04 7.050000e-10 4.750144e-07 7.050000e-10 1.818186e-11 
6.750000e-10 4.270666e-04 6.750000e-10 4.548455e-07 6.750000e-10 1.780181e-11 
6.450000e-10 4.080294e-04 6.450000e-10 4.346230e-07 6.450000e-10 1.740177e-11 
6.150000e-10 3.893096e-04 6.150000e-10 4.144005e-07 6.150000e-10 1.699173e-11 
5.875000e-10 3.718589e-04 5.875000e-10 3.958900e-07 5.875000e-10 1.659169e-11 
5.625000e-10 3.559946e-04 5.625000e-10 3.790379e-07 5.625000e-10 1.621165e-11 
5.375000e-10 3.401303e-04 5.375000e-10 3.621858e-07 5.375000e-10 1.587162e-11 
5.125000e-10 3.242660e-04 5.125000e-10 3.453337e-07 5.125000e-10 1.549158e-11 
4.875000e-10 3.084652e-04 4.875000e-10 3.284817e-07 4.875000e-10 1.512154e-11 
4.625000e-10 2.926644e-04 4.625000e-10 3.116296e-07 4.625000e-10 1.474150e-11 
4.375000e-10 2.768318e-04 4.375000e-10 2.947775e-07 4.375000e-10 1.434146e-11 
4.125000e-10 2.610309e-04 4.125000e-10 2.779255e-07 4.125000e-10 1.391142e-11 
3.900000e-10 2.467849e-04 3.900000e-10 2.627853e-07 3.900000e-10 1.350138e-11 
3.700000e-10 2.341251e-04 3.700000e-10 2.493037e-07 3.700000e-10 1.316134e-11 
3.500000e-10 2.214655e-04 3.500000e-10 2.358220e-07 3.500000e-10 1.281131e-11 
3.300000e-10 2.088058e-04 3.300000e-10 2.223404e-07 3.300000e-10 1.243127e-11 
3.100000e-10 1.961460e-04 3.100000e-10 2.088587e-07 3.100000e-10 1.203123e-11 
2.900000e-10 1.835181e-04 2.900000e-10 1.954305e-07 2.900000e-10 1.166119e-11 
2.750000e-10 1.739995e-04 2.750000e-10 1.853193e-07 2.750000e-10 1.137116e-11 
2.625000e-10 1.660991e-04 2.625000e-10 1.768665e-07 2.625000e-10 1.108113e-11 
2.475000e-10 1.566122e-04 2.475000e-10 1.667553e-07 2.475000e-10 1.076110e-11 
2.350000e-10 1.487118e-04 2.350000e-10 1.583560e-07 2.350000e-10 1.050107e-11 
2.250000e-10 1.423661e-04 2.250000e-10 1.516152e-07 2.250000e-10 1.027105e-11 
2.150000e-10 1.360521e-04 2.150000e-10 1.448743e-07 2.150000e-10 1.004103e-11 
2.050000e-10 1.297064e-04 2.050000e-10 1.381335e-07 2.050000e-10 9.810001e-12 
1.950000e-10 1.233924e-04 1.950000e-10 1.313927e-07 1.950000e-10 9.578977e-12 
1.850000e-10 1.170784e-04 1.850000e-10 1.246518e-07 1.850000e-10 9.319951e-12 
1.750000e-10 1.107327e-04 1.750000e-10 1.179110e-07 1.750000e-10 9.059924e-12 
1.650000e-10 1.044187e-04 1.650000e-10 1.111702e-07 1.650000e-10 8.800898e-12 
1.550000e-10 9.807302e-05 1.550000e-10 1.044294e-07 1.550000e-10 8.511868e-12 
1.462500e-10 9.255225e-05 1.462500e-10 9.854452e-08 1.462500e-10 8.280844e-12 
1.387500e-10 8.779296e-05 1.387500e-10 9.351565e-08 1.387500e-10 8.078824e-12 
1.312500e-10 8.306541e-05 1.312500e-10 8.843327e-08 1.312500e-10 7.847801e-12 
1.237500e-10 7.830612e-05 1.237500e-10 8.340439e-08 1.237500e-10 7.617776e-12 
1.175000e-10 7.434005e-05 1.175000e-10 7.917800e-08 1.175000e-10 7.414756e-12 
1.125000e-10 7.119892e-05 1.125000e-10 7.580758e-08 1.125000e-10 7.241738e-12 
1.075000e-10 6.802607e-05 1.075000e-10 7.243717e-08 1.075000e-10 7.097724e-12 
1.025000e-10 6.485320e-05 1.025000e-10 6.906676e-08 1.025000e-10 6.953709e-12 
