
   0.1025000E-09      0.4618037E-08
   0.1075000E-09      0.4844193E-08
   0.1125000E-09      0.5069341E-08
   0.1175000E-09      0.5294488E-08
   0.1237500E-09      0.5576173E-08
   0.1312500E-09      0.5913389E-08
   0.1387500E-09      0.6251615E-08
   0.1462500E-09      0.6589840E-08
   0.1550000E-09      0.6983595E-08
   0.1650000E-09      0.7434899E-08
   0.1750000E-09      0.7885194E-08
   0.1850000E-09      0.8335487E-08
   0.1950000E-09      0.8785779E-08
   0.2050000E-09      0.9237084E-08
   0.2150000E-09      0.9687377E-08
   0.2250000E-09      0.1013666E-07
   0.2350000E-09      0.1059099E-07
   0.2475000E-09      0.1115639E-07
   0.2625000E-09      0.1182274E-07
   0.2750000E-09      0.1238813E-07
   0.2900000E-09      0.1306458E-07
   0.3100000E-09      0.1396315E-07
   0.3300000E-09      0.1487182E-07
   0.3500000E-09      0.1577039E-07
   0.3700000E-09      0.1666895E-07
   0.3900000E-09      0.1756752E-07
   0.4125000E-09      0.1858725E-07
   0.4375000E-09      0.1970793E-07
   0.4625000E-09      0.2083872E-07
   0.4875000E-09      0.2196950E-07
   0.5125000E-09      0.2309018E-07
   0.5375000E-09      0.2422097E-07
   0.5625000E-09      0.2534166E-07
   0.5875000E-09      0.2647244E-07
   0.6150000E-09      0.2771428E-07
   0.6450000E-09      0.2906718E-07
   0.6750000E-09      0.3040999E-07
   0.7050000E-09      0.3176289E-07
   0.7400000E-09      0.3333790E-07
   0.7800000E-09      0.3514514E-07
   0.8200000E-09      0.3694228E-07
   0.8600000E-09      0.3874951E-07
   0.9000000E-09      0.4055674E-07
   0.9400000E-09      0.4235388E-07
   0.9800000E-09      0.4416112E-07
   0.1025000E-08      0.4618037E-07
   0.1075000E-08      0.4844194E-07
   0.1125000E-08      0.5069341E-07
   0.1175000E-08      0.5294488E-07
   0.1237500E-08      0.5576174E-07
   0.1312500E-08      0.5913389E-07
   0.1387500E-08      0.6251615E-07
   0.1462500E-08      0.6589840E-07
   0.1550000E-08      0.6983595E-07
   0.1650000E-08      0.7434899E-07
   0.1750000E-08      0.7885193E-07
   0.1850000E-08      0.8335487E-07
   0.1950000E-08      0.8785781E-07
   0.2050000E-08      0.9237085E-07
   0.2150000E-08      0.9687378E-07
   0.2250000E-08      0.1013666E-06
   0.2350000E-08      0.1059099E-06
   0.2475000E-08      0.1115639E-06
   0.2625000E-08      0.1182274E-06
   0.2750000E-08      0.1238813E-06
   0.2900000E-08      0.1306458E-06
   0.3100000E-08      0.1396315E-06
   0.3300000E-08      0.1487182E-06
   0.3500000E-08      0.1577039E-06
   0.3700000E-08      0.1666895E-06
   0.3900000E-08      0.1756752E-06
   0.4125000E-08      0.1858725E-06
   0.4375000E-08      0.1970793E-06
   0.4625000E-08      0.2083871E-06
   0.4875000E-08      0.2196950E-06
   0.5125000E-08      0.2309019E-06
   0.5375000E-08      0.2422097E-06
   0.5625000E-08      0.2534165E-06
   0.5875000E-08      0.2647244E-06
   0.6150000E-08      0.2771428E-06
   0.6450000E-08      0.2906718E-06
   0.6750000E-08      0.3040999E-06
   0.7050000E-08      0.3176289E-06
   0.7400000E-08      0.3333791E-06
   0.7800000E-08      0.3514514E-06
   0.8200000E-08      0.3694228E-06
   0.8600000E-08      0.3874951E-06
   0.9000000E-08      0.4055674E-06
   0.9400000E-08      0.4235388E-06
   0.9800000E-08      0.4416111E-06
   0.1025000E-07      0.4618037E-06
   0.1075000E-07      0.4844193E-06
   0.1125000E-07      0.5069340E-06
   0.1175000E-07      0.5294488E-06
   0.1237500E-07      0.5576173E-06
   0.1312500E-07      0.5913390E-06
   0.1387500E-07      0.6251615E-06
   0.1462500E-07      0.6589839E-06
   0.1550000E-07      0.6983594E-06
   0.1650000E-07      0.7434899E-06
   0.1750000E-07      0.7885193E-06
   0.1850000E-07      0.8335486E-06
   0.1950000E-07      0.8785780E-06
   0.2050000E-07      0.9237084E-06
   0.2150000E-07      0.9687378E-06
   0.2250000E-07      0.1013666E-05
   0.2350000E-07      0.1059100E-05
   0.2475000E-07      0.1115639E-05
   0.2625000E-07      0.1182274E-05
   0.2750000E-07      0.1238813E-05
   0.2900000E-07      0.1306458E-05
   0.3100000E-07      0.1396315E-05
   0.3300000E-07      0.1487182E-05
   0.3500000E-07      0.1577039E-05
   0.3700000E-07      0.1666895E-05
   0.3900000E-07      0.1756752E-05
   0.4125000E-07      0.1858724E-05
   0.4375000E-07      0.1970793E-05
   0.4625000E-07      0.2083872E-05
   0.4875000E-07      0.2196950E-05
   0.5125000E-07      0.2309019E-05
   0.5375000E-07      0.2422097E-05
   0.5625000E-07      0.2534166E-05
   0.5875000E-07      0.2647244E-05
   0.6150000E-07      0.2771428E-05
   0.6450000E-07      0.2906718E-05
   0.6750000E-07      0.3040998E-05
   0.7050000E-07      0.3176289E-05
   0.7400000E-07      0.3333791E-05
   0.7800000E-07      0.3514514E-05
   0.8200000E-07      0.3695238E-05
   0.8600000E-07      0.3874951E-05
   0.9000000E-07      0.4055675E-05
   0.9400000E-07      0.4235388E-05
   0.9800000E-07      0.4416111E-05
   0.1025000E-06      0.4618037E-05
   0.1075000E-06      0.4844193E-05
   0.1125000E-06      0.5069341E-05
   0.1175000E-06      0.5294487E-05
   0.1237500E-06      0.5576173E-05
   0.1312500E-06      0.5913389E-05
   0.1387500E-06      0.6251615E-05
   0.1462500E-06      0.6589840E-05
   0.1550000E-06      0.6983595E-05
   0.1650000E-06      0.7434898E-05
   0.1750000E-06      0.7885193E-05
   0.1850000E-06      0.8335486E-05
   0.1950000E-06      0.8785780E-05
   0.2050000E-06      0.9237084E-05
   0.2150000E-06      0.9687378E-05
   0.2250000E-06      0.1013666E-04
   0.2350000E-06      0.1059099E-04
   0.2475000E-06      0.1115638E-04
   0.2625000E-06      0.1182274E-04
   0.2750000E-06      0.1238813E-04
   0.2900000E-06      0.1306458E-04
   0.3100000E-06      0.1396315E-04
   0.3300000E-06      0.1487182E-04
   0.3500000E-06      0.1577039E-04
   0.3700000E-06      0.1666895E-04
   0.3900000E-06      0.1756752E-04
   0.4125000E-06      0.1858725E-04
   0.4375000E-06      0.1970793E-04
   0.4625000E-06      0.2083872E-04
   0.4875000E-06      0.2196950E-04
   0.5125000E-06      0.2309019E-04
   0.5375000E-06      0.2422097E-04
   0.5625000E-06      0.2534166E-04
   0.5875000E-06      0.2647244E-04
   0.6150000E-06      0.2771428E-04
   0.6450000E-06      0.2906718E-04
   0.6750000E-06      0.3040998E-04
   0.7050000E-06      0.3176289E-04
   0.7400000E-06      0.3333791E-04
   0.7800000E-06      0.3514514E-04
   0.8200000E-06      0.3695237E-04
   0.8600000E-06      0.3874951E-04
   0.9000000E-06      0.4055674E-04
   0.9399999E-06      0.4235388E-04
   0.9800000E-06      0.4416112E-04
   0.1025000E-05      0.4618037E-04
   0.1075000E-05      0.4844193E-04
   0.1125000E-05      0.5069341E-04
   0.1175000E-05      0.5294487E-04
   0.1237500E-05      0.5576174E-04
   0.1312500E-05      0.5913390E-04
   0.1387500E-05      0.6251615E-04
   0.1462500E-05      0.6589841E-04
   0.1550000E-05      0.6983594E-04
   0.1650000E-05      0.7434899E-04
   0.1750000E-05      0.7885191E-04
   0.1850000E-05      0.8335486E-04
   0.1950000E-05      0.8785781E-04
   0.2050000E-05      0.9237084E-04
   0.2150000E-05      0.9687378E-04
   0.2250000E-05      0.1013666E-03
   0.2350000E-05      0.1059099E-03
   0.2475000E-05      0.1115639E-03
   0.2625000E-05      0.1182274E-03
   0.2750000E-05      0.1238813E-03
   0.2900000E-05      0.1306458E-03
   0.3100000E-05      0.1396315E-03
   0.3300000E-05      0.1487182E-03
   0.3500000E-05      0.1577038E-03
   0.3700000E-05      0.1666895E-03
   0.3900000E-05      0.1756752E-03
   0.4125000E-05      0.1858725E-03
   0.4375000E-05      0.1970794E-03
   0.4625000E-05      0.2083872E-03
   0.4875000E-05      0.2196950E-03
   0.5125000E-05      0.2309019E-03
   0.5375000E-05      0.2422097E-03
   0.5625000E-05      0.2435222E-03
   0.5875000E-05      0.2355461E-03
   0.6150000E-05      0.2272672E-03
   0.6450000E-05      0.2190892E-03
   0.6750000E-05      0.2115170E-03
   0.7050000E-05      0.2045506E-03
   0.7400000E-05      0.1969784E-03
   0.7800000E-05      0.1891033E-03
   0.8200001E-05      0.1819349E-03
   0.8600000E-05      0.1753723E-03
   0.8999999E-05      0.1693146E-03
   0.9400001E-05      0.1636606E-03
   0.9800000E-05      0.1585116E-03
   0.1025000E-04      0.1530596E-03
   0.1075000E-04      0.1475066E-03
   0.1125000E-04      0.1424585E-03
   0.1175000E-04      0.1377132E-03
   0.1237500E-04      0.1322612E-03
   0.1312500E-04      0.1264054E-03
   0.1387500E-04      0.1210544E-03
   0.1462500E-04      0.1162082E-03
   0.1550000E-04      0.1111600E-03
   0.1650000E-04      0.1059099E-03
   0.1750000E-04      0.1011647E-03
   0.1850000E-04      0.9690406E-04
   0.1950000E-04      0.9302709E-04
   0.2050000E-04      0.8949340E-04
   0.2150000E-04      0.8625250E-04
   0.2250000E-04      0.8327408E-04
   0.2350000E-04      0.8050771E-04
   0.2475000E-04      0.7735768E-04
   0.2625000E-04      0.7390475E-04
   0.2750000E-04      0.7127972E-04
   0.2900000E-04      0.6842247E-04
   0.3100000E-04      0.6529262E-04
   0.3300000E-04      0.6278874E-04
   0.3500000E-04      0.6051708E-04
   0.3700000E-04      0.5844735E-04
   0.3900000E-04      0.5654924E-04
   0.4125000E-04      0.5460067E-04
   0.4375000E-04      0.5263189E-04
   0.4625000E-04      0.5083476E-04
   0.4875000E-04      0.4917896E-04
   0.5125000E-04      0.4766453E-04
   0.5375000E-04      0.4627123E-04
   0.5625000E-04      0.4496882E-04
   0.5875000E-04      0.4375726E-04
   0.6150000E-04      0.4252552E-04
   0.6450000E-04      0.4128367E-04
   0.6750000E-04      0.4012261E-04
   0.7050000E-04      0.3904230E-04
   0.7400000E-04      0.3797210E-04
   0.7800000E-04      0.3715430E-04
   0.8200000E-04      0.3663939E-04
   0.8600000E-04      0.3615476E-04
   0.9000000E-04      0.3570044E-04
   0.9400000E-04      0.3526630E-04
   0.9800000E-04      0.3486244E-04
   0.1025000E-03      0.3442831E-04
   0.1075000E-03      0.3397397E-04
   0.1125000E-03      0.3354993E-04
   0.1175000E-03      0.3314608E-04
   0.1237500E-03      0.3267156E-04
   0.1312500E-03      0.3213645E-04
   0.1387500E-03      0.3164173E-04
   0.1462500E-03      0.3118740E-04
   0.1550000E-03      0.2997584E-04
   0.1650000E-03      0.2815852E-04
   0.1750000E-03      0.2654311E-04
   0.1850000E-03      0.2510944E-04
   0.1950000E-03      0.2381712E-04
   0.2050000E-03      0.2265604E-04
   0.2150000E-03      0.2160603E-04
   0.2250000E-03      0.2064689E-04
   0.2350000E-03      0.1976851E-04
   0.2475000E-03      0.1876898E-04
   0.2625000E-03      0.1769877E-04
   0.2750000E-03      0.1689107E-04
   0.2900000E-03      0.1602279E-04
   0.3100000E-03      0.1507374E-04
   0.3300000E-03      0.1432662E-04
   0.3500000E-03      0.1365017E-04
   0.3700000E-03      0.1304439E-04
   0.3900000E-03      0.1249919E-04
   0.4125000E-03      0.1193380E-04
   0.4375000E-03      0.1137850E-04
   0.4625000E-03      0.1087369E-04
   0.4875000E-03      0.1040926E-04
   0.5125000E-03      0.9997332E-05
   0.5375000E-03      0.9615694E-05
   0.5625000E-03      0.9310787E-05
   0.5875000E-03      0.9072514E-05
   0.6150000E-03      0.8829194E-05
   0.6450000E-03      0.8581835E-05
   0.6750000E-03      0.8352649E-05
   0.7050000E-03      0.8139619E-05
   0.7400000E-03      0.7908414E-05
   0.7800000E-03      0.7664083E-05
   0.8200000E-03      0.7438937E-05
   0.8600000E-03      0.7218838E-05
   0.9000000E-03      0.6998739E-05
   0.9400000E-03      0.6789746E-05
   0.9800000E-03      0.6595898E-05
   0.1025000E-02      0.6393972E-05
   0.1075000E-02      0.6185988E-05
   0.1125000E-02      0.5993150E-05
   0.1175000E-02      0.5815456E-05
   0.1237500E-02      0.5609491E-05
   0.1312500E-02      0.5385354E-05
   0.1387500E-02      0.5181410E-05
   0.1462500E-02      0.4994628E-05
   0.1550000E-02      0.4797751E-05
   0.1650000E-02      0.4593806E-05
   0.1750000E-02      0.4410054E-05
   0.1850000E-02      0.4242455E-05
   0.1950000E-02      0.4090002E-05
   0.2050000E-02      0.3940577E-05
   0.2150000E-02      0.3793171E-05
   0.2250000E-02      0.3658891E-05
   0.2350000E-02      0.3533697E-05
   0.2475000E-02      0.3391340E-05
   0.2625000E-02      0.3235857E-05
   0.2750000E-02      0.3117730E-05
   0.2900000E-02      0.2988498E-05
   0.3100000E-02      0.2834025E-05
   0.3300000E-02      0.2695706E-05
   0.3500000E-02      0.2572531E-05
   0.3700000E-02      0.2460463E-05
   0.3900000E-02      0.2359500E-05
   0.4125000E-02      0.2256518E-05
   0.4375000E-02      0.2152526E-05
   0.4625000E-02      0.2070746E-05
   0.4875000E-02      0.2008150E-05
   0.5125000E-02      0.1950601E-05
   0.5375000E-02      0.1896081E-05
   0.5625000E-02      0.1846609E-05
   0.5875000E-02      0.1800166E-05
   0.6150000E-02      0.1752714E-05
   0.6450000E-02      0.1704252E-05
   0.6750000E-02      0.1658818E-05
   0.7050000E-02      0.1617424E-05
   0.7400000E-02      0.1571990E-05
   0.7800000E-02      0.1524538E-05
   0.8200000E-02      0.1492230E-05
   0.8600000E-02      0.1473047E-05
   0.9000000E-02      0.1454874E-05
   0.9400001E-02      0.1437710E-05
   0.9800000E-02      0.1421556E-05
   0.1025000E-01      0.1403382E-05
   0.1075000E-01      0.1385209E-05
   0.1125000E-01      0.1369055E-05
   0.1175000E-01      0.1352901E-05
   0.1237500E-01      0.1333718E-05
   0.1312500E-01      0.1312516E-05
   0.1387500E-01      0.1292323E-05
   0.1462500E-01      0.1274150E-05
   0.1550000E-01      0.1235784E-05
   0.1650000E-01      0.1180255E-05
   0.1750000E-01      0.1129773E-05
   0.1850000E-01      0.1085350E-05
   0.1950000E-01      0.1043955E-05
   0.2050000E-01      0.1006094E-05
   0.2150000E-01      0.9715648E-06
   0.2250000E-01      0.9396605E-06
   0.2350000E-01      0.9100784E-06
   0.2475000E-01      0.8761549E-06
   0.2625000E-01      0.8391016E-06
   0.2750000E-01      0.8108320E-06
   0.2900000E-01      0.7799374E-06
   0.3100000E-01      0.7490427E-06
   0.3300000E-01      0.7272349E-06
   0.3500000E-01      0.7073451E-06
   0.3700000E-01      0.6889699E-06
   0.3900000E-01      0.6721092E-06
   0.4125000E-01      0.6545416E-06
   0.4375000E-01      0.6366712E-06
   0.4625000E-01      0.6201133E-06
   0.4875000E-01      0.6049690E-06
   0.5125000E-01      0.5941659E-06
   0.5375000E-01      0.5873004E-06
   0.5625000E-01      0.5809398E-06
   0.5875000E-01      0.5748820E-06
   0.6150000E-01      0.5685213E-06
   0.6450000E-01      0.5619588E-06
   0.6750000E-01      0.5558001E-06
   0.7050000E-01      0.5485307E-06
   0.7400000E-01      0.5377277E-06
   0.7799999E-01      0.5255112E-06
   0.8200000E-01      0.5141024E-06
   0.8600000E-01      0.5035013E-06
   0.9000000E-01      0.4936070E-06
   0.9400000E-01      0.4844193E-06
   0.9800000E-01      0.4757366E-06
   0.1025000          0.4665490E-06
   0.1075000          0.4570585E-06
   0.1125000          0.4480728E-06
   0.1175000          0.4396929E-06
   0.1237500          0.4314139E-06
   0.1312500          0.4261638E-06
   0.1387500          0.4239427E-06
   0.1462500          0.4218224E-06
   0.1550000          0.4196013E-06
   0.1650000          0.4170772E-06
   0.1750000          0.4147551E-06
   0.1850000          0.4122310E-06
   0.1950000          0.4099088E-06
   0.2050000          0.4075867E-06
   0.2150000          0.4054665E-06
   0.2250000          0.4020338E-06
   0.2350000          0.3960769E-06
   0.2475000          0.3875960E-06
   0.2625000          0.3781056E-06
   0.2750000          0.3700285E-06
   0.2900000          0.3582159E-06
   0.3100000          0.3428696E-06
   0.3300000          0.3351964E-06
   0.3500000          0.3359031E-06
   0.3700000          0.3380234E-06
   0.3900000          0.3379224E-06
   0.4125000          0.3360041E-06
   0.4375000          0.3278261E-06
   0.4625000          0.3144990E-06
   0.4875000          0.3148019E-06
   0.5125000          0.3280280E-06
   0.5375000          0.3366099E-06
   0.5625000          0.3404464E-06
   0.5875000          0.3392349E-06
   0.6150000          0.3325713E-06
   0.6450000          0.3278261E-06
   0.6750000          0.3294415E-06
   0.7050000          0.3350954E-06
   0.7400000          0.3402445E-06
   0.7800000          0.3410522E-06
   0.8200000          0.3382253E-06
   0.8600000          0.3261097E-06
   0.9000000          0.3034941E-06
   0.9400000          0.2834025E-06
   0.9800000          0.2760322E-06
    1.050000          0.2778495E-06
    1.150000          0.2743158E-06
    1.250000          0.2657340E-06
    1.350000          0.2633109E-06
    1.450000          0.2664407E-06
    1.550000          0.2611907E-06
    1.650000          0.2486713E-06
    1.750000          0.2315076E-06
    1.850000          0.2108103E-06
    1.950000          0.1986947E-06
    2.050000          0.1935456E-06
    2.150000          0.1878917E-06
    2.250000          0.1809253E-06
    2.350000          0.1736560E-06
    2.450000          0.1658818E-06
    2.550000          0.1569971E-06
    2.650000          0.1480114E-06
    2.750000          0.1398334E-06
    2.850000          0.1320593E-06
    2.950000          0.1248910E-06
    3.050000          0.1182274E-06
    3.150000          0.1121696E-06
    3.250000          0.1058090E-06
    3.350000          0.9861034E-07
    3.450000          0.9142178E-07
    3.550000          0.8495007E-07
    3.650000          0.7909424E-07
    3.750000          0.7384417E-07
    3.850000          0.6914939E-07
    3.950000          0.6490896E-07
    4.050000          0.6102190E-07
    4.150000          0.5745791E-07
    4.250000          0.5393431E-07
    4.350000          0.5025927E-07
    4.450000          0.4670538E-07
    4.550000          0.4347457E-07
    4.650000          0.4053655E-07
    4.750000          0.3788123E-07
    4.850000          0.3551870E-07
    4.950000          0.3338839E-07
    5.050000          0.3141962E-07
    5.150000          0.2959219E-07
    5.250000          0.2791620E-07
    5.350000          0.2636138E-07
    5.450000          0.2491761E-07
    5.550000          0.2313057E-07
    5.650000          0.2108103E-07
    5.750000          0.1925360E-07
    5.850000          0.1760791E-07
    5.950000          0.1612375E-07
    6.050000          0.1479105E-07
    6.150000          0.1357949E-07
    6.250000          0.1248910E-07
    6.350000          0.1149966E-07
    6.450000          0.1061119E-07
    6.550000          0.9814590E-08
    6.650000          0.9108862E-08
    6.750000          0.8462699E-08
    6.850000          0.7871058E-08
    6.950000          0.7328887E-08
    7.050000          0.6831141E-08
    7.150000          0.6372771E-08
    7.250000          0.5951755E-08
    7.350000          0.5563048E-08
    7.450000          0.5204631E-08
    7.550000          0.4906791E-08
    7.650000          0.4660441E-08
    7.750000          0.4430246E-08
    7.850000          0.4214186E-08
    7.950000          0.4010241E-08
    8.050000          0.3819422E-08
    8.150000          0.3639708E-08
    8.250000          0.3470090E-08
    8.350000          0.3310570E-08
    8.450000          0.3160134E-08
    8.550000          0.2946093E-08
    8.650000          0.2681571E-08
    8.750000          0.2442290E-08
    8.850000          0.2228248E-08
    8.950000          0.2034400E-08
    9.050000          0.1858725E-08
    9.150000          0.1700213E-08
    9.250000          0.1556846E-08
    9.350000          0.1427613E-08
    9.450000          0.1309487E-08
    9.550000          0.1188332E-08
    9.650000          0.1065157E-08
    9.750000          0.9568242E-09
    9.850000          0.8602027E-09
    9.950000          0.7740816E-09
    10.05000          0.6974508E-09
    10.15000          0.6289980E-09
    10.25000          0.5678146E-09
    10.35000          0.5130928E-09
    10.45000          0.4641258E-09
    10.55000          0.4331303E-09
    10.65000          0.4171782E-09
    10.75000          0.4019328E-09
    10.85000          0.3873941E-09
    10.95000          0.3734613E-09
    11.05000          0.3602351E-09
    11.15000          0.3475139E-09
    11.25000          0.3353983E-09
    11.35000          0.3237876E-09
    11.45000          0.3126817E-09
    11.55000          0.2833015E-09
    11.65000          0.2404933E-09
    11.75000          0.2044496E-09
    11.85000          0.1740598E-09
    11.95000          0.1484153E-09
    12.05000          0.1267083E-09
    12.15000          0.1083331E-09
    12.25000          0.9267373E-10
    12.35000          0.7941733E-10
    12.45000          0.6813977E-10
    12.55000          0.6541378E-10
    12.65000          0.7027009E-10
    12.75000          0.7544947E-10
    12.85000          0.8096205E-10
    12.95000          0.8682798E-10
    13.05000          0.9307758E-10
    13.15000          0.9972093E-10
    13.25000          0.1068186E-09
    13.35000          0.1142898E-09
    13.45000          0.1222659E-09
    13.55000          0.1219630E-09
    13.65000          0.1135831E-09
    13.75000          0.1058090E-09
    13.85000          0.9855987E-10
    13.95000          0.9190641E-10
    14.05000          0.8573758E-10
    14.15000          0.8002309E-10
    14.25000          0.7472255E-10
    14.35000          0.6981575E-10
    14.45000          0.6525223E-10
    14.55000          0.6079978E-10
    14.65000          0.5644828E-10
    14.75000          0.5241987E-10
    14.85000          0.4866406E-10
    14.95000          0.4518084E-10
    15.05000          0.4195003E-10
    15.15000          0.3894134E-10
    15.25000          0.3615477E-10
    15.35000          0.3357012E-10
    15.45000          0.3115711E-10
    15.55000          0.2892584E-10
    15.65000          0.2685610E-10
    15.75000          0.2492771E-10
    15.85000          0.2314067E-10
    15.95000          0.2148488E-10
    16.05000          0.1994015E-10
    16.15000          0.1850647E-10
    16.25000          0.1717377E-10
    16.35000          0.1594202E-10
    16.45000          0.1480114E-10
    16.55000          0.1373094E-10
    16.65000          0.1275160E-10
    16.75000          0.1183284E-10
    16.85000          0.1098475E-10
    16.95000          0.1018714E-10
    17.05000          0.9458192E-11
    17.15000          0.8777704E-11
    17.25000          0.8145676E-11
    17.35000          0.7559083E-11
    17.45000          0.7014893E-11
    17.55000          0.6510079E-11
    17.65000          0.6040602E-11
    17.75000          0.5605453E-11
    17.85000          0.5201602E-11
    17.95000          0.4827030E-11
    18.05000          0.4478708E-11
    18.15000          0.4155627E-11
    18.25000          0.3855768E-11
    18.35000          0.3578120E-11
    18.45000          0.3319656E-11
    18.55000          0.3080374E-11
    18.65000          0.2858256E-11
    18.75000          0.2651282E-11
    18.85000          0.2460463E-11
    18.95000          0.2282768E-11
    19.05000          0.2118199E-11
    19.15000          0.1964735E-11
    19.25000          0.1822378E-11
    19.35000          0.1691126E-11
    19.45000          0.1568961E-11
    19.55000          0.1455883E-11
    19.65000          0.1349872E-11
    19.75000          0.1252948E-11
    19.85000          0.1162081E-11
    19.95000          0.1078282E-11
