    19.95000          0.3883391E-21
    19.85000          0.4186678E-21
    19.75000          0.4513041E-21
    19.65000          0.4865776E-21
    19.55000          0.5244885E-21
    19.45000          0.5653663E-21
    19.35000          0.6095407E-21
    19.25000          0.6570117E-21
    19.15000          0.7081090E-21
    19.05000          0.7631621E-21
    18.95000          0.8225009E-21
    18.85000          0.8867845E-21
    18.75000          0.9556834E-21
    18.65000          0.1029857E-20
    18.55000          0.1109964E-20
    18.45000          0.1196335E-20
    18.35000          0.1289628E-20
    18.25000          0.1389845E-20
    18.15000          0.1497644E-20
    18.05000          0.1614014E-20
    17.95000          0.1739614E-20
    17.85000          0.1874774E-20
    17.75000          0.2020155E-20
    17.65000          0.2177073E-20
    17.55000          0.2346188E-20
    17.45000          0.2528160E-20
    17.35000          0.2724308E-20
    17.25000          0.2935619E-20
    17.15000          0.3163414E-20
    17.05000          0.3408681E-20
    16.95000          0.3672409E-20
    16.85000          0.3955916E-20
    16.75000          0.4262500E-20
    16.65000          0.4595456E-20
    16.55000          0.4951489E-20
    16.45000          0.5333894E-20
    16.35000          0.5745968E-20
    16.25000          0.6191009E-20
    16.15000          0.6669015E-20
    16.05000          0.7186581E-20
    15.95000          0.7740409E-20
    15.85000          0.8340389E-20
    15.75000          0.8983227E-20
    15.65000          0.9678808E-20
    15.55000          0.1042384E-19
    15.45000          0.1123151E-19
    15.35000          0.1209851E-19
    15.25000          0.1303145E-19
    15.15000          0.1403691E-19
    15.05000          0.1511819E-19
    14.95000          0.1628519E-19
    14.85000          0.1753789E-19
    14.75000          0.1888950E-19
    14.65000          0.2034659E-19
    14.55000          0.2191248E-19
    14.45000          0.7677773E-19
    14.35000          0.6243754E-18
    14.25000          0.5152580E-17
    14.15000          0.4315245E-16
    14.05000          0.3669112E-15
    13.95000          0.3169348E-14
    13.85000          0.2779690E-13
    13.75000          0.2476404E-12
    13.65000          0.2242016E-11
    13.55000          0.2063010E-10
    13.45000          0.5429495E-10
    13.35000          0.6029476E-10
    13.25000          0.6698685E-10
    13.15000          0.7450308E-10
    13.05000          0.8294238E-10
    12.95000          0.9237064E-10
    12.85000          0.1029857E-09
    12.75000          0.1149194E-09
    12.65000          0.1283365E-09
    12.55000          0.1434679E-09
    12.45000          0.1553027E-09
    12.35000          0.1628849E-09
    12.25000          0.1708956E-09
    12.15000          0.1793678E-09
    12.05000          0.1883675E-09
    11.95000          0.1978617E-09
    11.85000          0.2079493E-09
    11.75000          0.2186303E-09
    11.65000          0.2299706E-09
    11.55000          0.2420031E-09
    11.45000          0.2556181E-09
    11.35000          0.2710132E-09
    11.25000          0.2874632E-09
    11.15000          0.3051001E-09
    11.05000          0.3239895E-09
    10.95000          0.3441647E-09
    10.85000          0.3659222E-09
    10.75000          0.3893280E-09
    10.65000          0.4143822E-09
    10.55000          0.4410846E-09
    10.45000          0.4793251E-09
    10.35000          0.5314114E-09
    10.25000          0.5894315E-09
    10.15000          0.6547041E-09
    10.05000          0.7278885E-09
    9.950000          0.8103035E-09
    9.850000          0.9026082E-09
    9.750000          0.1007110E-08
    9.650000          0.1124469E-08
    9.550000          0.1256993E-08
    9.450000          0.1376329E-08
    9.350000          0.1475557E-08
    9.250000          0.1583685E-08
    9.150000          0.1700714E-08
    9.050000          0.1827963E-08
    8.950000          0.1966090E-08
    8.850000          0.2116745E-08
    8.750000          0.2280585E-08
    8.650000          0.2459261E-08
    8.550000          0.2654090E-08
    8.450000          0.2853534E-08
    8.350000          0.3055945E-08
    8.250000          0.3275499E-08
    8.150000          0.3514172E-08
    8.050000          0.3774603E-08
    7.950000          0.4054814E-08
    7.850000          0.4361397E-08
    7.750000          0.4694354E-08
    7.650000          0.5060276E-08
    7.550000          0.5459164E-08
    7.450000          0.5854756E-08
    7.350000          0.6247051E-08
    7.250000          0.6672312E-08
    7.150000          0.7130538E-08
    7.050000          0.7628325E-08
    6.950000          0.8168967E-08
    6.850000          0.8759057E-08
    6.750000          0.9398597E-08
    6.650000          0.1009418E-07
    6.550000          0.1085569E-07
    6.450000          0.1153809E-07
    6.350000          0.1212159E-07
    6.250000          0.1274135E-07
    6.150000          0.1340726E-07
    6.050000          0.1411603E-07
    5.950000          0.1487754E-07
    5.850000          0.1569510E-07
    5.750000          0.1657199E-07
    5.650000          0.1751482E-07
    5.550000          0.1852687E-07
    5.450000          0.1972684E-07
    5.350000          0.2114107E-07
    5.250000          0.2268388E-07
    5.150000          0.2437504E-07
    5.050000          0.2623102E-07
    4.950000          0.2826502E-07
    4.850000          0.3050670E-07
    4.750000          0.3284729E-07
    4.650000          0.3514172E-07
    4.550000          0.3751527E-07
    4.450000          0.4008661E-07
    4.350000          0.4292168E-07
    4.250000          0.4559194E-07
    4.150000          0.4763582E-07
    4.050000          0.4935005E-07
    3.950000          0.5119615E-07
    3.850000          0.5314114E-07
    3.750000          0.5558062E-07
    3.650000          0.5897612E-07
    3.550000          0.6306389E-07
    3.450000          0.6758024E-07
    3.350000          0.7259106E-07
    3.250000          0.7819526E-07
    3.150000          0.8462364E-07
    3.050000          0.9190911E-07
    2.950000          0.1000847E-06
    2.850000          0.1093151E-06
    2.750000          0.1178204E-06
    2.650000          0.1252707E-06
    2.550000          0.1335122E-06
    2.450000          0.1402043E-06
    2.350000          0.1423800E-06
    2.250000          0.1421163E-06
    2.150000          0.1424130E-06
    2.050000          0.1439294E-06
    1.950000          0.1461381E-06
    1.850000          0.1501929E-06
    1.750000          0.1563246E-06
    1.650000          0.1653902E-06
    1.550000          0.1780821E-06
    1.450000          0.1856643E-06
    1.350000          0.1869830E-06
    1.250000          0.1884994E-06
    1.150000          0.1902466E-06
    1.050000          0.1949278E-06
   0.9800000          0.2004331E-06
   0.9400000          0.2093668E-06
   0.9000000          0.2270036E-06
   0.8600000          0.2479041E-06
   0.8200000          0.2659694E-06
   0.7800000          0.2816612E-06
   0.7400000          0.2877270E-06
   0.7050000          0.2807711E-06
   0.6750000          0.2715077E-06
   0.6450000          0.2667276E-06
   0.6150000          0.2688704E-06
   0.5875000          0.2731560E-06
   0.5625000          0.2803426E-06
   0.5375000          0.2912543E-06
   0.5125000          0.2911554E-06
   0.4875000          0.2793536E-06
   0.4625000          0.2669584E-06
   0.4375000          0.2539698E-06
   0.4125000          0.2588158E-06
   0.3900000          0.2812656E-06
   0.3700000          0.3012760E-06
   0.3500000          0.3198358E-06
   0.3300000          0.3379012E-06
   0.3100000          0.3510876E-06
   0.2900000          0.3596587E-06
   0.2750000          0.3669112E-06
   0.2625000          0.3735044E-06
   0.2475000          0.3824052E-06
   0.2350000          0.3903170E-06
   0.2250000          0.3972399E-06
   0.2150000          0.4048221E-06
   0.2050000          0.4133932E-06
   0.1950000          0.4222940E-06
   0.1850000          0.4321838E-06
   0.1750000          0.4430626E-06
   0.1650000          0.4552600E-06
   0.1550000          0.4691057E-06
   0.1462500          0.4822921E-06
   0.1387500          0.4944895E-06
   0.1312500          0.5076759E-06
   0.1237500          0.5195436E-06
   0.1175000          0.5277851E-06
   0.1125000          0.5333893E-06
   0.1075000          0.5396528E-06
   0.1025000          0.5459165E-06
   0.9800000E-01      0.5521799E-06
   0.9400000E-01      0.5581138E-06
   0.9000000E-01      0.5656959E-06
   0.8600000E-01      0.5772340E-06
   0.8200000E-01      0.5914094E-06
   0.7799999E-01      0.6065737E-06
   0.7400000E-01      0.6227271E-06
   0.7050000E-01      0.6405288E-06
   0.6750000E-01      0.6649236E-06
   0.6450000E-01      0.6965709E-06
   0.6150000E-01      0.7311851E-06
   0.5875000E-01      0.7661290E-06
   0.5625000E-01      0.8010729E-06
   0.5375000E-01      0.8393135E-06
   0.5125000E-01      0.8808507E-06
   0.4875000E-01      0.9161242E-06
   0.4625000E-01      0.9431564E-06
   0.4375000E-01      0.9724961E-06
   0.4125000E-01      0.1004803E-05
   0.3900000E-01      0.1036120E-05
   0.3700000E-01      0.1066779E-05
   0.3500000E-01      0.1100074E-05
   0.3300000E-01      0.1136337E-05
   0.3100000E-01      0.1176555E-05
   0.2900000E-01      0.1232597E-05
   0.2750000E-01      0.1288640E-05
   0.2625000E-01      0.1340067E-05
   0.2475000E-01      0.1407976E-05
   0.2350000E-01      0.1470282E-05
   0.2250000E-01      0.1525006E-05
   0.2150000E-01      0.1584344E-05
   0.2050000E-01      0.1648958E-05
   0.1950000E-01      0.1719505E-05
   0.1850000E-01      0.1797304E-05
   0.1750000E-01      0.1883016E-05
   0.1650000E-01      0.1978617E-05
   0.1550000E-01      0.2085097E-05
   0.1462500E-01      0.2186632E-05
   0.1387500E-01      0.2279597E-05
   0.1312500E-01      0.2382121E-05
   0.1237500E-01      0.2495524E-05
   0.1175000E-01      0.2599696E-05
   0.1125000E-01      0.2690682E-05
   0.1075000E-01      0.2789251E-05
   0.1025000E-01      0.2896390E-05
   0.9800000E-02      0.3000892E-05
   0.9400001E-02      0.3101439E-05
   0.9000000E-02      0.3210225E-05
   0.8600000E-02      0.3326266E-05
   0.8200000E-02      0.3454833E-05
   0.7800000E-02      0.3613070E-05
   0.7400000E-02      0.3800976E-05
   0.7050000E-02      0.3985585E-05
   0.6750000E-02      0.4157009E-05
   0.6450000E-02      0.4344914E-05
   0.6150000E-02      0.4552600E-05
   0.5875000E-02      0.4760285E-05
   0.5625000E-02      0.4964675E-05
   0.5375000E-02      0.5188843E-05
   0.5125000E-02      0.5436088E-05
   0.4875000E-02      0.5706409E-05
   0.4625000E-02      0.6006399E-05
   0.4375000E-02      0.6329466E-05
   0.4125000E-02      0.6672312E-05
   0.3900000E-02      0.7018454E-05
   0.3700000E-02      0.7358004E-05
   0.3500000E-02      0.7737112E-05
   0.3300000E-02      0.8159077E-05
   0.3100000E-02      0.8630490E-05
   0.2900000E-02      0.9167836E-05
   0.2750000E-02      0.9612877E-05
   0.2625000E-02      0.1002825E-04
   0.2475000E-02      0.1057219E-04
   0.2350000E-02      0.1107656E-04
   0.2250000E-02      0.1151831E-04
   0.2150000E-02      0.1199961E-04
   0.2050000E-02      0.1252707E-04
   0.1950000E-02      0.1313034E-04
   0.1850000E-02      0.1382263E-04
   0.1750000E-02      0.1459403E-04
   0.1650000E-02      0.1545445E-04
   0.1550000E-02      0.1643024E-04
   0.1462500E-02      0.1738296E-04
   0.1387500E-02      0.1830270E-04
   0.1312500E-02      0.1932135E-04
   0.1237500E-02      0.2046527E-04
   0.1175000E-02      0.2152348E-04
   0.1125000E-02      0.2245642E-04
   0.1075000E-02      0.2347507E-04
   0.1025000E-02      0.2458932E-04
   0.9800000E-03      0.2569038E-04
   0.9400000E-03      0.2675518E-04
   0.9000000E-03      0.2791888E-04
   0.8600000E-03      0.2918147E-04
   0.8200000E-03      0.3056275E-04
   0.7800000E-03      0.3207588E-04
   0.7400000E-03      0.3375715E-04
   0.7050000E-03      0.3537248E-04
   0.6750000E-03      0.3688892E-04
   0.6450000E-03      0.3853721E-04
   0.6150000E-03      0.4035035E-04
   0.5875000E-03      0.4219644E-04
   0.5625000E-03      0.4397660E-04
   0.5375000E-03      0.4562490E-04
   0.5125000E-03      0.4704243E-04
   0.4875000E-03      0.4855887E-04
   0.4625000E-03      0.5024013E-04
   0.4375000E-03      0.5205326E-04
   0.4125000E-03      0.5406418E-04
   0.3900000E-03      0.5600918E-04
   0.3700000E-03      0.5795417E-04
   0.3500000E-03      0.6003102E-04
   0.3300000E-03      0.6233864E-04
   0.3100000E-03      0.6490999E-04
   0.2900000E-03      0.6889887E-04
   0.2750000E-03      0.7318445E-04
   0.2625000E-03      0.7717332E-04
   0.2475000E-03      0.8251382E-04
   0.2350000E-03      0.8752464E-04
   0.2250000E-03      0.9197505E-04
   0.2150000E-03      0.9685401E-04
   0.2050000E-03      0.1022604E-03
   0.1950000E-03      0.1082602E-03
   0.1850000E-03      0.1149523E-03
   0.1750000E-03      0.1224686E-03
   0.1650000E-03      0.1309738E-03
   0.1550000E-03      0.1406328E-03
   0.1462500E-03      0.1499952E-03
   0.1387500E-03      0.1587971E-03
   0.1312500E-03      0.1686209E-03
   0.1237500E-03      0.1796975E-03
   0.1175000E-03      0.1900158E-03
   0.1125000E-03      0.1991474E-03
   0.1075000E-03      0.2091691E-03
   0.1025000E-03      0.2202456E-03
   0.9800000E-04      0.2311573E-03
   0.9400000E-04      0.2418054E-03
   0.9000000E-04      0.2534424E-03
   0.8600000E-04      0.2662002E-03
   0.8200000E-04      0.2802766E-03
   0.7800000E-04      0.2958366E-03
   0.7400000E-04      0.3121218E-03
   0.7050000E-04      0.3266598E-03
   0.6750000E-04      0.3398791E-03
   0.6450000E-04      0.3543842E-03
   0.6150000E-04      0.3705375E-03
   0.5875000E-04      0.3863611E-03
   0.5625000E-04      0.4021848E-03
   0.5375000E-04      0.4193271E-03
   0.5125000E-04      0.4381177E-03
   0.4875000E-04      0.4585566E-03
   0.4625000E-04      0.4813031E-03
   0.4375000E-04      0.5066869E-03
   0.4125000E-04      0.5347080E-03
   0.3900000E-04      0.5630588E-03
   0.3700000E-04      0.5910798E-03
   0.3500000E-04      0.6220678E-03
   0.3300000E-04      0.6566821E-03
   0.3100000E-04      0.6952522E-03
   0.2900000E-04      0.7394266E-03
   0.2750000E-04      0.7760188E-03
   0.2625000E-04      0.8099737E-03
   0.2475000E-04      0.8548075E-03
   0.2350000E-04      0.8963447E-03
   0.2250000E-04      0.9329369E-03
   0.2150000E-04      0.9724961E-03
   0.2050000E-04      0.1016011E-02
   0.1950000E-04      0.1063482E-02
   0.1850000E-04      0.1116228E-02
   0.1750000E-04      0.1174577E-02
   0.1650000E-04      0.1239520E-02
   0.1550000E-04      0.1312705E-02
   0.1462500E-04      0.1384571E-02
   0.1387500E-04      0.1452810E-02
   0.1312500E-04      0.1528962E-02
   0.1237500E-04      0.1613684E-02
   0.1175000E-04      0.1692143E-02
   0.1125000E-04      0.1760712E-02
   0.1075000E-04      0.1835875E-02
   0.1025000E-04      0.1917630E-02
   0.9800000E-05      0.1998067E-02
   0.9400001E-05      0.2075867E-02
   0.8999999E-05      0.2160260E-02
   0.8600000E-05      0.2252235E-02
   0.8200001E-05      0.2352781E-02
   0.7800000E-05      0.2463217E-02
   0.7400000E-05      0.2585191E-02
   0.7050000E-05      0.2702220E-02
   0.6750000E-05      0.2812327E-02
   0.6450000E-05      0.2931993E-02
   0.6150000E-05      0.3062868E-02
   0.5875000E-05      0.3194072E-02
   0.5625000E-05      0.3322970E-02
   0.5375000E-05      0.3316376E-02
   0.5125000E-05      0.3161106E-02
   0.4875000E-05      0.3006826E-02
   0.4625000E-05      0.2852875E-02
   0.4375000E-05      0.2698594E-02
   0.4125000E-05      0.2544313E-02
   0.3900000E-05      0.2405526E-02
   0.3700000E-05      0.2282234E-02
   0.3500000E-05      0.2158941E-02
   0.3300000E-05      0.2035648E-02
   0.3100000E-05      0.1912026E-02
   0.2900000E-05      0.1788733E-02
   0.2750000E-05      0.1696099E-02
   0.2625000E-05      0.1619288E-02
   0.2475000E-05      0.1526654E-02
   0.2350000E-05      0.1449514E-02
   0.2250000E-05      0.1387867E-02
   0.2150000E-05      0.1326221E-02
   0.2050000E-05      0.1264575E-02
   0.1950000E-05      0.1202928E-02
   0.1850000E-05      0.1140952E-02
   0.1750000E-05      0.1079306E-02
   0.1650000E-05      0.1017659E-02
   0.1550000E-05      0.9560130E-03
   0.1462500E-05      0.9019488E-03
   0.1387500E-05      0.8557966E-03
   0.1312500E-05      0.8096442E-03
   0.1237500E-05      0.7631622E-03
   0.1175000E-05      0.7249216E-03
   0.1125000E-05      0.6939336E-03
   0.1075000E-05      0.6629456E-03
   0.1025000E-05      0.6322873E-03
   0.9800000E-06      0.6045958E-03
   0.9399999E-06      0.5798714E-03
   0.9000000E-06      0.5551469E-03
   0.8600000E-06      0.5304224E-03
   0.8200000E-06      0.5056980E-03
   0.7800000E-06      0.4809734E-03
   0.7400000E-06      0.4565787E-03
   0.7050000E-06      0.4348211E-03
   0.6750000E-06      0.4163602E-03
   0.6450000E-06      0.3978993E-03
   0.6150000E-06      0.3794383E-03
   0.5875000E-06      0.3622959E-03
   0.5625000E-06      0.3468019E-03
   0.5375000E-06      0.3316376E-03
   0.5125000E-06      0.3161106E-03
   0.4875000E-06      0.3006826E-03
   0.4625000E-06      0.2852875E-03
   0.4375000E-06      0.2698594E-03
   0.4125000E-06      0.2544313E-03
   0.3900000E-06      0.2405527E-03
   0.3700000E-06      0.2282234E-03
   0.3500000E-06      0.2158941E-03
   0.3300000E-06      0.2035649E-03
   0.3100000E-06      0.1912026E-03
   0.2900000E-06      0.1788733E-03
   0.2750000E-06      0.1696099E-03
   0.2625000E-06      0.1619288E-03
   0.2475000E-06      0.1526654E-03
   0.2350000E-06      0.1449514E-03
   0.2250000E-06      0.1387867E-03
   0.2150000E-06      0.1326221E-03
   0.2050000E-06      0.1264575E-03
   0.1950000E-06      0.1202928E-03
   0.1850000E-06      0.1140952E-03
   0.1750000E-06      0.1079306E-03
   0.1650000E-06      0.1017659E-03
   0.1550000E-06      0.9560130E-04
   0.1462500E-06      0.9019490E-04
   0.1387500E-06      0.8557965E-04
   0.1312500E-06      0.8096442E-04
   0.1237500E-06      0.7631622E-04
   0.1175000E-06      0.7249216E-04
   0.1125000E-06      0.6939336E-04
   0.1075000E-06      0.6629455E-04
   0.1025000E-06      0.6322873E-04
   0.9800000E-07      0.6045958E-04
   0.9400000E-07      0.5798714E-04
   0.9000000E-07      0.5551469E-04
   0.8600000E-07      0.5304224E-04
   0.8200000E-07      0.5056979E-04
   0.7800000E-07      0.4809735E-04
   0.7400000E-07      0.4565786E-04
   0.7050000E-07      0.4348211E-04
   0.6750000E-07      0.4163601E-04
   0.6450000E-07      0.3978992E-04
   0.6150000E-07      0.3794383E-04
   0.5875000E-07      0.3622959E-04
   0.5625000E-07      0.3468020E-04
   0.5375000E-07      0.3316376E-04
   0.5125000E-07      0.3161106E-04
   0.4875000E-07      0.3006826E-04
   0.4625000E-07      0.2852875E-04
   0.4375000E-07      0.2698594E-04
   0.4125000E-07      0.2544313E-04
   0.3900000E-07      0.2405527E-04
   0.3700000E-07      0.2282234E-04
   0.3500000E-07      0.2158941E-04
   0.3300000E-07      0.2035649E-04
   0.3100000E-07      0.1912026E-04
   0.2900000E-07      0.1788733E-04
   0.2750000E-07      0.1696099E-04
   0.2625000E-07      0.1619288E-04
   0.2475000E-07      0.1526654E-04
   0.2350000E-07      0.1449513E-04
   0.2250000E-07      0.1387867E-04
   0.2150000E-07      0.1326221E-04
   0.2050000E-07      0.1264574E-04
   0.1950000E-07      0.1202928E-04
   0.1850000E-07      0.1140952E-04
   0.1750000E-07      0.1079306E-04
   0.1650000E-07      0.1017659E-04
   0.1550000E-07      0.9560130E-05
   0.1462500E-07      0.9019489E-05
   0.1387500E-07      0.8557965E-05
   0.1312500E-07      0.8096441E-05
   0.1237500E-07      0.7631621E-05
   0.1175000E-07      0.7249216E-05
   0.1125000E-07      0.6939336E-05
   0.1075000E-07      0.6629456E-05
   0.1025000E-07      0.6322872E-05
   0.9800000E-08      0.6045958E-05
   0.9400000E-08      0.5798713E-05
   0.9000000E-08      0.5551469E-05
   0.8600000E-08      0.5304224E-05
   0.8200000E-08      0.5056980E-05
   0.7800000E-08      0.4809734E-05
   0.7400000E-08      0.4565787E-05
   0.7050000E-08      0.4348211E-05
   0.6750000E-08      0.4163602E-05
   0.6450000E-08      0.3978992E-05
   0.6150000E-08      0.3794383E-05
   0.5875000E-08      0.3622960E-05
   0.5625000E-08      0.3468020E-05
   0.5375000E-08      0.3316376E-05
   0.5125000E-08      0.3161107E-05
   0.4875000E-08      0.3006826E-05
   0.4625000E-08      0.2852875E-05
   0.4375000E-08      0.2698594E-05
   0.4125000E-08      0.2544313E-05
   0.3900000E-08      0.2405526E-05
   0.3700000E-08      0.2282234E-05
   0.3500000E-08      0.2158941E-05
   0.3300000E-08      0.2035648E-05
   0.3100000E-08      0.1912026E-05
   0.2900000E-08      0.1788733E-05
   0.2750000E-08      0.1696099E-05
   0.2625000E-08      0.1619288E-05
   0.2475000E-08      0.1526654E-05
   0.2350000E-08      0.1449514E-05
   0.2250000E-08      0.1387867E-05
   0.2150000E-08      0.1326221E-05
   0.2050000E-08      0.1264574E-05
   0.1950000E-08      0.1202928E-05
   0.1850000E-08      0.1140952E-05
   0.1750000E-08      0.1079306E-05
   0.1650000E-08      0.1017659E-05
   0.1550000E-08      0.9560130E-06
   0.1462500E-08      0.9019488E-06
   0.1387500E-08      0.8557966E-06
   0.1312500E-08      0.8096442E-06
   0.1237500E-08      0.7631621E-06
   0.1175000E-08      0.7249216E-06
   0.1125000E-08      0.6939336E-06
   0.1075000E-08      0.6629456E-06
   0.1025000E-08      0.6322872E-06
   0.9800000E-09      0.6045958E-06
   0.9400000E-09      0.5798714E-06
   0.9000000E-09      0.5551469E-06
   0.8600000E-09      0.5304224E-06
   0.8200000E-09      0.5056980E-06
   0.7800000E-09      0.4809735E-06
   0.7400000E-09      0.4565787E-06
   0.7050000E-09      0.4348211E-06
   0.6750000E-09      0.4163602E-06
   0.6450000E-09      0.3978992E-06
   0.6150000E-09      0.3794383E-06
   0.5875000E-09      0.3622960E-06
   0.5625000E-09      0.3468020E-06
   0.5375000E-09      0.3316377E-06
   0.5125000E-09      0.3161106E-06
   0.4875000E-09      0.3006826E-06
   0.4625000E-09      0.2852875E-06
   0.4375000E-09      0.2698594E-06
   0.4125000E-09      0.2544313E-06
   0.3900000E-09      0.2405527E-06
   0.3700000E-09      0.2282234E-06
   0.3500000E-09      0.2158941E-06
   0.3300000E-09      0.2035649E-06
   0.3100000E-09      0.1912026E-06
   0.2900000E-09      0.1788733E-06
   0.2750000E-09      0.1696099E-06
   0.2625000E-09      0.1619288E-06
   0.2475000E-09      0.1526654E-06
   0.2350000E-09      0.1449514E-06
   0.2250000E-09      0.1387867E-06
   0.2150000E-09      0.1326221E-06
   0.2050000E-09      0.1264575E-06
   0.1950000E-09      0.1202928E-06
   0.1850000E-09      0.1140952E-06
   0.1750000E-09      0.1079306E-06
   0.1650000E-09      0.1017659E-06
   0.1550000E-09      0.9560131E-07
   0.1462500E-09      0.9019490E-07
   0.1387500E-09      0.8557965E-07
   0.1312500E-09      0.8096442E-07
   0.1237500E-09      0.7631620E-07
   0.1175000E-09      0.7249216E-07
   0.1125000E-09      0.6939336E-07
   0.1075000E-09      0.6629456E-07
   0.1025000E-09      0.6322873E-07
