    19.95000          0.1540372E-11
    19.85000          0.1660083E-11
    19.75000          0.1789889E-11
    19.65000          0.1928349E-11
    19.55000          0.2079791E-11
    19.45000          0.2241328E-11
    19.35000          0.2415846E-11
    19.25000          0.2603344E-11
    19.15000          0.2806708E-11
    19.05000          0.3025937E-11
    18.95000          0.3261031E-11
    18.85000          0.3514875E-11
    18.75000          0.3787469E-11
    18.65000          0.4083140E-11
    18.55000          0.4400445E-11
    18.45000          0.4742269E-11
    18.35000          0.5111497E-11
    18.25000          0.5508128E-11
    18.15000          0.5936490E-11
    18.05000          0.6398024E-11
    17.95000          0.6895616E-11
    17.85000          0.7430709E-11
    17.75000          0.8007626E-11
    17.65000          0.8629255E-11
    17.55000          0.9299923E-11
    17.45000          0.1002107E-10
    17.35000          0.1079847E-10
    17.25000          0.1163644E-10
    17.15000          0.1253932E-10
    17.05000          0.1351143E-10
    16.95000          0.1455277E-10
    16.85000          0.1569218E-10
    16.75000          0.1690371E-10
    16.65000          0.1821619E-10
    16.55000          0.1961522E-10
    16.45000          0.2114406E-10
    16.35000          0.2277385E-10
    16.25000          0.2453345E-10
    16.15000          0.2643728E-10
    16.05000          0.2848534E-10
    15.95000          0.3069206E-10
    15.85000          0.3305742E-10
    15.75000          0.3561029E-10
    15.65000          0.3836507E-10
    15.55000          0.4132178E-10
    15.45000          0.4450925E-10
    15.35000          0.4795634E-10
    15.25000          0.5164862E-10
    15.15000          0.5562935E-10
    15.05000          0.5992740E-10
    14.95000          0.6454273E-10
    14.85000          0.6951866E-10
    14.75000          0.7488399E-10
    14.65000          0.8063876E-10
    14.55000          0.8685506E-10
    14.45000          0.9321557E-10
    14.35000          0.9973476E-10
    14.25000          0.1067443E-09
    14.15000          0.1143164E-09
    14.05000          0.1224798E-09
    13.95000          0.1312922E-09
    13.85000          0.1407969E-09
    13.75000          0.1511526E-09
    13.65000          0.1622583E-09
    13.55000          0.1742293E-09
    13.45000          0.1746620E-09
    13.35000          0.1632679E-09
    13.25000          0.1525949E-09
    13.15000          0.1424556E-09
    13.05000          0.1329653E-09
    12.95000          0.1240374E-09
    12.85000          0.1156577E-09
    12.75000          0.1077828E-09
    12.65000          0.1003838E-09
    12.55000          0.9344635E-10
    12.45000          0.9367711E-10
    12.35000          0.1012203E-09
    12.25000          0.1094414E-09
    12.15000          0.1183981E-09
    12.05000          0.1281768E-09
    11.95000          0.1388498E-09
    11.85000          0.1505757E-09
    11.75000          0.1632679E-09
    11.65000          0.1772581E-09
    11.55000          0.1925465E-09
    11.45000          0.2058156E-09
    11.35000          0.2166328E-09
    11.25000          0.2280270E-09
    11.15000          0.2402865E-09
    11.05000          0.2531229E-09
    10.95000          0.2669689E-09
    10.85000          0.2815361E-09
    10.75000          0.2971129E-09
    10.65000          0.3136994E-09
    10.55000          0.3314396E-09
    10.45000          0.3599970E-09
    10.35000          0.4021120E-09
    10.25000          0.4497079E-09
    10.15000          0.5033612E-09
    10.05000          0.5639377E-09
    9.950000          0.6327351E-09
    9.850000          0.7106192E-09
    9.750000          0.7990320E-09
    9.650000          0.8995599E-09
    9.550000          0.1014078E-08
    9.450000          0.1129606E-08
    9.350000          0.1244124E-08
    9.250000          0.1371623E-08
    9.150000          0.1514411E-08
    9.050000          0.1673063E-08
    8.950000          0.1850466E-08
    8.850000          0.2048060E-08
    8.750000          0.2270174E-08
    8.650000          0.2521133E-08
    8.550000          0.2800939E-08
    8.450000          0.2979783E-08
    8.350000          0.3034591E-08
    8.250000          0.3090840E-08
    8.150000          0.3148532E-08
    8.050000          0.3209108E-08
    7.950000          0.3271127E-08
    7.850000          0.3336030E-08
    7.750000          0.3400934E-08
    7.650000          0.3470164E-08
    7.550000          0.3540837E-08
    7.450000          0.3724008E-08
    7.350000          0.4036986E-08
    7.250000          0.4381695E-08
    7.150000          0.4761018E-08
    7.050000          0.5177843E-08
    6.950000          0.5639377E-08
    6.850000          0.6149949E-08
    6.750000          0.6715330E-08
    6.650000          0.7341286E-08
    6.550000          0.8036473E-08
    6.450000          0.8793677E-08
    6.350000          0.9615786E-08
    6.250000          0.1053020E-07
    6.150000          0.1154702E-07
    6.050000          0.1268355E-07
    5.950000          0.1395277E-07
    5.850000          0.1537487E-07
    5.750000          0.1696140E-07
    5.650000          0.1876427E-07
    5.550000          0.2078348E-07
    5.450000          0.2254309E-07
    5.350000          0.2397096E-07
    5.250000          0.2551421E-07
    5.150000          0.2718728E-07
    5.050000          0.2901899E-07
    4.950000          0.3099494E-07
    4.850000          0.3317280E-07
    4.750000          0.3529298E-07
    4.650000          0.3708142E-07
    4.550000          0.3875449E-07
    4.450000          0.4052851E-07
    4.350000          0.4243234E-07
    4.250000          0.4456694E-07
    4.150000          0.4707654E-07
    4.050000          0.4990344E-07
    3.950000          0.5298995E-07
    3.850000          0.5635050E-07
    3.750000          0.5976874E-07
    3.650000          0.6299948E-07
    3.550000          0.6624465E-07
    3.450000          0.6974943E-07
    3.350000          0.7354267E-07
    3.250000          0.7798493E-07
    3.150000          0.8352335E-07
    3.050000          0.9001369E-07
    2.950000          0.9725400E-07
    2.850000          0.1053453E-06
    2.750000          0.1138837E-06
    2.650000          0.1228548E-06
    2.550000          0.1329364E-06
    2.450000          0.1421671E-06
    2.350000          0.1479796E-06
    2.250000          0.1520180E-06
    2.150000          0.1537488E-06
    2.050000          0.1502872E-06
    1.950000          0.1442296E-06
    1.850000          0.1487007E-06
    1.750000          0.1654313E-06
    1.650000          0.1802870E-06
    1.550000          0.1924023E-06
    1.450000          0.2004791E-06
    1.350000          0.2036522E-06
    1.250000          0.2110079E-06
    1.150000          0.2237001E-06
    1.050000          0.2303346E-06
   0.9800000          0.2296135E-06
   0.9400000          0.2327865E-06
   0.9000000          0.2412961E-06
   0.8600000          0.2506710E-06
   0.8200000          0.2565844E-06
   0.7800000          0.2593248E-06
   0.7400000          0.2662478E-06
   0.7050000          0.2773535E-06
   0.6750000          0.2890361E-06
   0.6450000          0.2962476E-06
   0.6150000          0.2956706E-06
   0.5875000          0.2924976E-06
   0.5625000          0.2896130E-06
   0.5375000          0.2870169E-06
   0.5125000          0.2776420E-06
   0.4875000          0.2617767E-06
   0.4625000          0.2623536E-06
   0.4375000          0.2811034E-06
   0.4125000          0.2971130E-06
   0.3900000          0.3083629E-06
   0.3700000          0.3165839E-06
   0.3500000          0.3217762E-06
   0.3300000          0.3281223E-06
   0.3100000          0.3428337E-06
   0.2900000          0.3654778E-06
   0.2750000          0.3816315E-06
   0.2625000          0.3872564E-06
   0.2475000          0.3908622E-06
   0.2350000          0.3940352E-06
   0.2250000          0.3956218E-06
   0.2150000          0.3949006E-06
   0.2050000          0.3930256E-06
   0.1950000          0.3908622E-06
   0.1850000          0.3888430E-06
   0.1750000          0.3898525E-06
   0.1650000          0.3980736E-06
   0.1550000          0.4106217E-06
   0.1462500          0.4225927E-06
   0.1387500          0.4338426E-06
   0.1312500          0.4459579E-06
   0.1237500          0.4626885E-06
   0.1175000          0.4818710E-06
   0.1125000          0.5001882E-06
   0.1075000          0.5200919E-06
   0.1025000          0.5418705E-06
   0.9800000E-01      0.5630723E-06
   0.9400000E-01      0.5836972E-06
   0.9000000E-01      0.6012932E-06
   0.8600000E-01      0.6109565E-06
   0.8200000E-01      0.6162930E-06
   0.7799999E-01      0.6220622E-06
   0.7400000E-01      0.6281198E-06
   0.7050000E-01      0.6363409E-06
   0.6750000E-01      0.6522062E-06
   0.6450000E-01      0.6747060E-06
   0.6150000E-01      0.6992250E-06
   0.5875000E-01      0.7235998E-06
   0.5625000E-01      0.7475420E-06
   0.5375000E-01      0.7733590E-06
   0.5125000E-01      0.8014837E-06
   0.4875000E-01      0.8336469E-06
   0.4625000E-01      0.8702813E-06
   0.4375000E-01      0.9108098E-06
   0.4125000E-01      0.9558095E-06
   0.3900000E-01      0.1000665E-05
   0.3700000E-01      0.1044799E-05
   0.3500000E-01      0.1093549E-05
   0.3300000E-01      0.1147491E-05
   0.3100000E-01      0.1207779E-05
   0.2900000E-01      0.1270663E-05
   0.2750000E-01      0.1318691E-05
   0.2625000E-01      0.1362681E-05
   0.2475000E-01      0.1420229E-05
   0.2350000E-01      0.1472584E-05
   0.2250000E-01      0.1518738E-05
   0.2150000E-01      0.1567775E-05
   0.2050000E-01      0.1621141E-05
   0.1950000E-01      0.1678832E-05
   0.1850000E-01      0.1742293E-05
   0.1750000E-01      0.1811524E-05
   0.1650000E-01      0.1889407E-05
   0.1550000E-01      0.1973061E-05
   0.1462500E-01      0.2071137E-05
   0.1387500E-01      0.2182194E-05
   0.1312500E-01      0.2306231E-05
   0.1237500E-01      0.2444692E-05
   0.1175000E-01      0.2573056E-05
   0.1125000E-01      0.2686997E-05
   0.1075000E-01      0.2809592E-05
   0.1025000E-01      0.2948053E-05
   0.9800000E-02      0.3079302E-05
   0.9400001E-02      0.3211993E-05
   0.9000000E-02      0.3351896E-05
   0.8600000E-02      0.3507663E-05
   0.8200000E-02      0.3676412E-05
   0.7800000E-02      0.3832180E-05
   0.7400000E-02      0.3967756E-05
   0.7050000E-02      0.4097562E-05
   0.6750000E-02      0.4215830E-05
   0.6450000E-02      0.4345638E-05
   0.6150000E-02      0.4484098E-05
   0.5875000E-02      0.4622558E-05
   0.5625000E-02      0.4756691E-05
   0.5375000E-02      0.4902363E-05
   0.5125000E-02      0.5059574E-05
   0.4875000E-02      0.5229765E-05
   0.4625000E-02      0.5414379E-05
   0.4375000E-02      0.5666780E-05
   0.4125000E-02      0.5999950E-05
   0.3900000E-02      0.6336005E-05
   0.3700000E-02      0.6669175E-05
   0.3500000E-02      0.7038403E-05
   0.3300000E-02      0.7452342E-05
   0.3100000E-02      0.7919647E-05
   0.2900000E-02      0.8448970E-05
   0.2750000E-02      0.8894638E-05
   0.2625000E-02      0.9305692E-05
   0.2475000E-02      0.9853765E-05
   0.2350000E-02      0.1036145E-04
   0.2250000E-02      0.1080712E-04
   0.2150000E-02      0.1129606E-04
   0.2050000E-02      0.1183115E-04
   0.1950000E-02      0.1237201E-04
   0.1850000E-02      0.1291720E-04
   0.1750000E-02      0.1352008E-04
   0.1650000E-02      0.1418786E-04
   0.1550000E-02      0.1492776E-04
   0.1462500E-02      0.1566333E-04
   0.1387500E-02      0.1635563E-04
   0.1312500E-02      0.1712005E-04
   0.1237500E-02      0.1795658E-04
   0.1175000E-02      0.1873542E-04
   0.1125000E-02      0.1941330E-04
   0.1075000E-02      0.2016330E-04
   0.1025000E-02      0.2095656E-04
   0.9800000E-03      0.2174982E-04
   0.9400000E-03      0.2249982E-04
   0.9000000E-03      0.2332192E-04
   0.8600000E-03      0.2424499E-04
   0.8200000E-03      0.2538441E-04
   0.7800000E-03      0.2678343E-04
   0.7400000E-03      0.2832669E-04
   0.7050000E-03      0.2981226E-04
   0.6750000E-03      0.3122570E-04
   0.6450000E-03      0.3276896E-04
   0.6150000E-03      0.3447087E-04
   0.5875000E-03      0.3618720E-04
   0.5625000E-03      0.3790354E-04
   0.5375000E-03      0.3986506E-04
   0.5125000E-03      0.4210062E-04
   0.4875000E-03      0.4459579E-04
   0.4625000E-03      0.4737942E-04
   0.4375000E-03      0.5049478E-04
   0.4125000E-03      0.5404283E-04
   0.3900000E-03      0.5763414E-04
   0.3700000E-03      0.6122547E-04
   0.3500000E-03      0.6526388E-04
   0.3300000E-03      0.6983596E-04
   0.3100000E-03      0.7504265E-04
   0.2900000E-03      0.8029262E-04
   0.2750000E-03      0.8415797E-04
   0.2625000E-03      0.8772044E-04
   0.2475000E-03      0.9243673E-04
   0.2350000E-03      0.9677805E-04
   0.2250000E-03      0.1006001E-03
   0.2150000E-03      0.1047395E-03
   0.2050000E-03      0.1092828E-03
   0.1950000E-03      0.1142443E-03
   0.1850000E-03      0.1197250E-03
   0.1750000E-03      0.1257826E-03
   0.1650000E-03      0.1325470E-03
   0.1550000E-03      0.1401335E-03
   0.1462500E-03      0.1465373E-03
   0.1387500E-03      0.1512968E-03
   0.1312500E-03      0.1566333E-03
   0.1237500E-03      0.1624025E-03
   0.1175000E-03      0.1677390E-03
   0.1125000E-03      0.1722101E-03
   0.1075000E-03      0.1771139E-03
   0.1025000E-03      0.1824504E-03
   0.9800000E-04      0.1874984E-03
   0.9400000E-04      0.1924023E-03
   0.9000000E-04      0.1975945E-03
   0.8600000E-04      0.2032195E-03
   0.8200000E-04      0.2092771E-03
   0.7800000E-04      0.2159117E-03
   0.7400000E-04      0.2254308E-03
   0.7050000E-04      0.2375461E-03
   0.6750000E-04      0.2496614E-03
   0.6450000E-04      0.2630748E-03
   0.6150000E-04      0.2779304E-03
   0.5875000E-04      0.2929303E-03
   0.5625000E-04      0.3079301E-03
   0.5375000E-04      0.3245165E-03
   0.5125000E-04      0.3428337E-03
   0.4875000E-04      0.3631701E-03
   0.4625000E-04      0.3858142E-03
   0.4375000E-04      0.4113428E-03
   0.4125000E-04      0.4400445E-03
   0.3900000E-04      0.4693231E-03
   0.3700000E-04      0.4987459E-03
   0.3500000E-04      0.5316302E-03
   0.3300000E-04      0.5689857E-03
   0.3100000E-04      0.6113893E-03
   0.2900000E-04      0.6546581E-03
   0.2750000E-04      0.6868213E-03
   0.2625000E-04      0.7166768E-03
   0.2475000E-04      0.7559072E-03
   0.2350000E-04      0.7922531E-03
   0.2250000E-04      0.8242721E-03
   0.2150000E-04      0.8590314E-03
   0.2050000E-04      0.8969639E-03
   0.1950000E-04      0.9386462E-03
   0.1850000E-04      0.9846553E-03
   0.1750000E-04      0.1035713E-02
   0.1650000E-04      0.1092683E-02
   0.1550000E-04      0.1156577E-02
   0.1462500E-04      0.1219028E-02
   0.1387500E-04      0.1278884E-02
   0.1312500E-04      0.1345085E-02
   0.1237500E-04      0.1418931E-02
   0.1175000E-04      0.1487007E-02
   0.1125000E-04      0.1547583E-02
   0.1075000E-04      0.1612487E-02
   0.1025000E-04      0.1683159E-02
   0.9800000E-05      0.1753832E-02
   0.9400001E-05      0.1821620E-02
   0.8999999E-05      0.1895177E-02
   0.8600000E-05      0.1974503E-02
   0.8200001E-05      0.2062483E-02
   0.7800000E-05      0.2157675E-02
   0.7400000E-05      0.2262962E-02
   0.7050000E-05      0.2365365E-02
   0.6750000E-05      0.2460557E-02
   0.6450000E-05      0.2564402E-02
   0.6150000E-05      0.2678343E-02
   0.5875000E-05      0.2790842E-02
   0.5625000E-05      0.2903341E-02
   0.5375000E-05      0.2896130E-02
   0.5125000E-05      0.2760554E-02
   0.4875000E-05      0.2626421E-02
   0.4625000E-05      0.2492287E-02
   0.4375000E-05      0.2356711E-02
   0.4125000E-05      0.2222578E-02
   0.3900000E-05      0.2101425E-02
   0.3700000E-05      0.1993253E-02
   0.3500000E-05      0.1885081E-02
   0.3300000E-05      0.1778351E-02
   0.3100000E-05      0.1670179E-02
   0.2900000E-05      0.1562007E-02
   0.2750000E-05      0.1481238E-02
   0.2625000E-05      0.1414315E-02
   0.2475000E-05      0.1333402E-02
   0.2350000E-05      0.1266191E-02
   0.2250000E-05      0.1212250E-02
   0.2150000E-05      0.1158308E-02
   0.2050000E-05      0.1104510E-02
   0.1950000E-05      0.1050568E-02
   0.1850000E-05      0.9967708E-03
   0.1750000E-05      0.9428287E-03
   0.1650000E-05      0.8890311E-03
   0.1550000E-05      0.8350893E-03
   0.1462500E-05      0.7879263E-03
   0.1387500E-05      0.7475419E-03
   0.1312500E-05      0.7071577E-03
   0.1237500E-05      0.6667733E-03
   0.1175000E-05      0.6330236E-03
   0.1125000E-05      0.6060528E-03
   0.1075000E-05      0.5792260E-03
   0.1025000E-05      0.5522551E-03
   0.9800000E-06      0.5280245E-03
   0.9399999E-06      0.5063901E-03
   0.9000000E-06      0.4848999E-03
   0.8600000E-06      0.4634096E-03
   0.8200000E-06      0.4417752E-03
   0.7800000E-06      0.4202850E-03
   0.7400000E-06      0.3986506E-03
   0.7050000E-06      0.3799007E-03
   0.6750000E-06      0.3636028E-03
   0.6450000E-06      0.3474491E-03
   0.6150000E-06      0.3312954E-03
   0.5875000E-06      0.3165840E-03
   0.5625000E-06      0.3030264E-03
   0.5375000E-06      0.2896130E-03
   0.5125000E-06      0.2760554E-03
   0.4875000E-06      0.2626421E-03
   0.4625000E-06      0.2492287E-03
   0.4375000E-06      0.2356711E-03
   0.4125000E-06      0.2222578E-03
   0.3900000E-06      0.2101425E-03
   0.3700000E-06      0.1993253E-03
   0.3500000E-06      0.1885081E-03
   0.3300000E-06      0.1778351E-03
   0.3100000E-06      0.1670178E-03
   0.2900000E-06      0.1562007E-03
   0.2750000E-06      0.1481238E-03
   0.2625000E-06      0.1414315E-03
   0.2475000E-06      0.1333402E-03
   0.2350000E-06      0.1266192E-03
   0.2250000E-06      0.1212250E-03
   0.2150000E-06      0.1158308E-03
   0.2050000E-06      0.1104510E-03
   0.1950000E-06      0.1050568E-03
   0.1850000E-06      0.9967706E-04
   0.1750000E-06      0.9428288E-04
   0.1650000E-06      0.8890311E-04
   0.1550000E-06      0.8350892E-04
   0.1462500E-06      0.7879263E-04
   0.1387500E-06      0.7475419E-04
   0.1312500E-06      0.7071576E-04
   0.1237500E-06      0.6667734E-04
   0.1175000E-06      0.6330237E-04
   0.1125000E-06      0.6060527E-04
   0.1075000E-06      0.5792260E-04
   0.1025000E-06      0.5522551E-04
   0.9800000E-07      0.5280245E-04
   0.9400000E-07      0.5063901E-04
   0.9000000E-07      0.4848999E-04
   0.8600000E-07      0.4634097E-04
   0.8200000E-07      0.4417752E-04
   0.7800000E-07      0.4202850E-04
   0.7400000E-07      0.3986506E-04
   0.7050000E-07      0.3799007E-04
   0.6750000E-07      0.3636028E-04
   0.6450000E-07      0.3474491E-04
   0.6150000E-07      0.3312953E-04
   0.5875000E-07      0.3165839E-04
   0.5625000E-07      0.3030264E-04
   0.5375000E-07      0.2896130E-04
   0.5125000E-07      0.2760554E-04
   0.4875000E-07      0.2626421E-04
   0.4625000E-07      0.2492287E-04
   0.4375000E-07      0.2356711E-04
   0.4125000E-07      0.2222578E-04
   0.3900000E-07      0.2101425E-04
   0.3700000E-07      0.1993253E-04
   0.3500000E-07      0.1885081E-04
   0.3300000E-07      0.1778351E-04
   0.3100000E-07      0.1670179E-04
   0.2900000E-07      0.1562006E-04
   0.2750000E-07      0.1481238E-04
   0.2625000E-07      0.1414315E-04
   0.2475000E-07      0.1333403E-04
   0.2350000E-07      0.1266192E-04
   0.2250000E-07      0.1212250E-04
   0.2150000E-07      0.1158308E-04
   0.2050000E-07      0.1104510E-04
   0.1950000E-07      0.1050568E-04
   0.1850000E-07      0.9967706E-05
   0.1750000E-07      0.9428288E-05
   0.1650000E-07      0.8890313E-05
   0.1550000E-07      0.8350893E-05
   0.1462500E-07      0.7879263E-05
   0.1387500E-07      0.7475419E-05
   0.1312500E-07      0.7071576E-05
   0.1237500E-07      0.6667734E-05
   0.1175000E-07      0.6330237E-05
   0.1125000E-07      0.6060528E-05
   0.1075000E-07      0.5792260E-05
   0.1025000E-07      0.5522551E-05
   0.9800000E-08      0.5280245E-05
   0.9400000E-08      0.5063901E-05
   0.9000000E-08      0.4848999E-05
   0.8600000E-08      0.4634096E-05
   0.8200000E-08      0.4417752E-05
   0.7800000E-08      0.4202851E-05
   0.7400000E-08      0.3986506E-05
   0.7050000E-08      0.3799007E-05
   0.6750000E-08      0.3636028E-05
   0.6450000E-08      0.3474490E-05
   0.6150000E-08      0.3312953E-05
   0.5875000E-08      0.3165839E-05
   0.5625000E-08      0.3030264E-05
   0.5375000E-08      0.2896130E-05
   0.5125000E-08      0.2760554E-05
   0.4875000E-08      0.2626421E-05
   0.4625000E-08      0.2492287E-05
   0.4375000E-08      0.2356711E-05
   0.4125000E-08      0.2222578E-05
   0.3900000E-08      0.2101425E-05
   0.3700000E-08      0.1993253E-05
   0.3500000E-08      0.1885081E-05
   0.3300000E-08      0.1778351E-05
   0.3100000E-08      0.1670179E-05
   0.2900000E-08      0.1562006E-05
   0.2750000E-08      0.1481238E-05
   0.2625000E-08      0.1414315E-05
   0.2475000E-08      0.1333402E-05
   0.2350000E-08      0.1266191E-05
   0.2250000E-08      0.1212250E-05
   0.2150000E-08      0.1158308E-05
   0.2050000E-08      0.1104510E-05
   0.1950000E-08      0.1050568E-05
   0.1850000E-08      0.9967706E-06
   0.1750000E-08      0.9428287E-06
   0.1650000E-08      0.8890312E-06
   0.1550000E-08      0.8350893E-06
   0.1462500E-08      0.7879262E-06
   0.1387500E-08      0.7475419E-06
   0.1312500E-08      0.7071577E-06
   0.1237500E-08      0.6667734E-06
   0.1175000E-08      0.6330237E-06
   0.1125000E-08      0.6060528E-06
   0.1075000E-08      0.5792260E-06
   0.1025000E-08      0.5522551E-06
   0.9800000E-09      0.5280245E-06
   0.9400000E-09      0.5063901E-06
   0.9000000E-09      0.4848999E-06
   0.8600000E-09      0.4634097E-06
   0.8200000E-09      0.4417752E-06
   0.7800000E-09      0.4202850E-06
   0.7400000E-09      0.3986506E-06
   0.7050000E-09      0.3799007E-06
   0.6750000E-09      0.3636028E-06
   0.6450000E-09      0.3474490E-06
   0.6150000E-09      0.3312954E-06
   0.5875000E-09      0.3165839E-06
   0.5625000E-09      0.3030264E-06
   0.5375000E-09      0.2896130E-06
   0.5125000E-09      0.2760554E-06
   0.4875000E-09      0.2626421E-06
   0.4625000E-09      0.2492287E-06
   0.4375000E-09      0.2356712E-06
   0.4125000E-09      0.2222578E-06
   0.3900000E-09      0.2101425E-06
   0.3700000E-09      0.1993253E-06
   0.3500000E-09      0.1885081E-06
   0.3300000E-09      0.1778351E-06
   0.3100000E-09      0.1670179E-06
   0.2900000E-09      0.1562007E-06
   0.2750000E-09      0.1481238E-06
   0.2625000E-09      0.1414315E-06
   0.2475000E-09      0.1333402E-06
   0.2350000E-09      0.1266191E-06
   0.2250000E-09      0.1212250E-06
   0.2150000E-09      0.1158308E-06
   0.2050000E-09      0.1104510E-06
   0.1950000E-09      0.1050568E-06
   0.1850000E-09      0.9967707E-07
   0.1750000E-09      0.9428287E-07
   0.1650000E-09      0.8890311E-07
   0.1550000E-09      0.8350893E-07
   0.1462500E-09      0.7879262E-07
   0.1387500E-09      0.7475418E-07
   0.1312500E-09      0.7071576E-07
   0.1237500E-09      0.6667734E-07
   0.1175000E-09      0.6330237E-07
   0.1125000E-09      0.6060527E-07
   0.1075000E-09      0.5792260E-07
   0.1025000E-09      0.5522551E-07
