1.025000e-10 1.732171e-05 1.025000e-10 1.619126e-05 
1.075000e-10 1.816257e-05 1.075000e-10 1.697718e-05 
1.125000e-10 1.900343e-05 1.125000e-10 1.776310e-05 
1.175000e-10 1.984429e-05 1.175000e-10 1.854903e-05 
1.237500e-10 2.089719e-05 1.237500e-10 1.953143e-05 
1.312500e-10 2.215483e-05 1.312500e-10 2.071236e-05 
1.387500e-10 2.341246e-05 1.387500e-10 2.187897e-05 
1.462500e-10 2.467009e-05 1.462500e-10 2.306604e-05 
1.550000e-10 2.613977e-05 1.550000e-10 2.443732e-05 
1.650000e-10 2.781417e-05 1.650000e-10 2.599279e-05 
1.750000e-10 2.949590e-05 1.750000e-10 2.756873e-05 
1.850000e-10 3.116299e-05 1.850000e-10 2.912420e-05 
1.950000e-10 3.283740e-05 1.950000e-10 3.067968e-05 
2.050000e-10 3.450449e-05 2.050000e-10 3.225562e-05 
2.150000e-10 3.617890e-05 2.150000e-10 3.381109e-05 
2.250000e-10 3.784600e-05 2.250000e-10 3.536656e-05 
2.350000e-10 3.950578e-05 2.350000e-10 3.692204e-05 
2.475000e-10 4.158964e-05 2.475000e-10 3.886638e-05 
2.625000e-10 4.408298e-05 2.625000e-10 4.119959e-05 
2.750000e-10 4.615954e-05 2.750000e-10 4.314394e-05 
2.900000e-10 4.864556e-05 2.900000e-10 4.547715e-05 
3.100000e-10 5.195781e-05 3.100000e-10 4.856763e-05 
3.300000e-10 5.527007e-05 3.300000e-10 5.165811e-05 
3.500000e-10 5.857501e-05 3.500000e-10 5.474858e-05 
3.700000e-10 6.187265e-05 3.700000e-10 5.747067e-05 
3.900000e-10 6.517029e-05 3.900000e-10 5.921034e-05 
4.125000e-10 6.886275e-05 4.125000e-10 6.045882e-05 
4.375000e-10 7.296468e-05 4.375000e-10 6.176869e-05 
4.625000e-10 7.706662e-05 4.625000e-10 6.303762e-05 
4.875000e-10 8.116124e-05 4.875000e-10 6.428611e-05 
5.125000e-10 8.518273e-05 5.125000e-10 6.547318e-05 
5.375000e-10 8.927736e-05 5.375000e-10 6.661931e-05 
5.625000e-10 9.337198e-05 5.625000e-10 6.774498e-05 
5.875000e-10 9.739347e-05 5.875000e-10 6.882972e-05 
6.150000e-10 1.018537e-04 6.150000e-10 6.999633e-05 
6.450000e-10 1.066795e-04 6.450000e-10 7.124479e-05 
6.750000e-10 1.115053e-04 6.750000e-10 7.243187e-05 
7.050000e-10 1.163311e-04 7.050000e-10 7.359848e-05 
7.400000e-10 1.219612e-04 7.400000e-10 7.492882e-05 
7.800000e-10 1.283225e-04 7.800000e-10 7.638196e-05 
8.200000e-10 1.346838e-04 8.200000e-10 7.781462e-05 
8.600000e-10 1.410451e-04 8.600000e-10 7.918590e-05 
9.000000e-10 1.473332e-04 9.000000e-10 8.051624e-05 
9.400000e-10 1.536945e-04 9.400000e-10 8.180565e-05 
9.800000e-10 1.599827e-04 9.800000e-10 8.307459e-05 
1.025000e-09 1.670020e-04 1.025000e-09 8.444586e-05 
1.075000e-09 1.748257e-04 1.075000e-09 8.593994e-05 
1.125000e-09 1.825762e-04 1.125000e-09 8.739308e-05 
1.175000e-09 1.903268e-04 1.175000e-09 8.878482e-05 
1.237500e-09 1.999783e-04 1.237500e-09 9.050403e-05 
1.312500e-09 2.114579e-04 1.312500e-09 9.246884e-05 
1.387500e-09 2.228644e-04 1.387500e-09 9.439271e-05 
1.462500e-09 2.341977e-04 1.462500e-09 9.623472e-05 
1.550000e-09 2.473590e-04 1.550000e-09 9.830185e-05 
1.650000e-09 2.622751e-04 1.650000e-09 1.005941e-04 
1.750000e-09 2.770450e-04 1.750000e-09 1.027841e-04 
1.850000e-09 2.917417e-04 1.850000e-09 1.049126e-04 
1.950000e-09 3.062922e-04 1.950000e-09 1.069593e-04 
2.050000e-09 3.206965e-04 2.050000e-09 1.089446e-04 
2.150000e-09 3.350278e-04 2.150000e-09 1.108480e-04 
2.250000e-09 3.492126e-04 2.250000e-09 1.136519e-04 
2.350000e-09 3.633245e-04 2.350000e-09 1.178476e-04 
2.475000e-09 3.807266e-04 2.475000e-09 1.237216e-04 
2.625000e-09 4.014191e-04 2.625000e-09 1.307621e-04 
2.750000e-09 4.184556e-04 2.750000e-09 1.365952e-04 
2.900000e-09 4.386363e-04 2.900000e-09 1.435948e-04 
3.100000e-09 4.651782e-04 3.100000e-09 1.528662e-04 
3.300000e-09 4.912814e-04 3.300000e-09 1.621172e-04 
3.500000e-09 5.169459e-04 3.500000e-09 1.713273e-04 
3.700000e-09 5.422448e-04 3.700000e-09 1.805168e-04 
3.900000e-09 5.670318e-04 3.900000e-09 1.896655e-04 
4.125000e-09 5.943781e-04 4.125000e-09 1.999398e-04 
4.375000e-09 6.242103e-04 4.375000e-09 2.112170e-04 
4.625000e-09 6.533845e-04 4.625000e-09 2.226784e-04 
4.875000e-09 6.819006e-04 4.875000e-09 2.339351e-04 
5.125000e-09 7.098318e-04 5.125000e-09 2.451918e-04 
5.375000e-09 7.370317e-04 5.375000e-09 2.564485e-04 
5.625000e-09 7.640855e-04 5.625000e-09 2.675006e-04 
5.875000e-09 7.904081e-04 5.875000e-09 2.787573e-04 
6.150000e-09 8.181931e-04 6.150000e-09 2.910373e-04 
6.450000e-09 8.474403e-04 6.450000e-09 3.043408e-04 
6.750000e-09 8.766876e-04 6.750000e-09 3.176441e-04 
7.050000e-09 9.044725e-04 7.050000e-09 3.327896e-04 
7.400000e-09 9.366446e-04 7.400000e-09 3.561216e-04 
7.800000e-09 9.717413e-04 7.800000e-09 3.866171e-04 
8.200000e-09 1.005376e-03 8.200000e-09 4.179313e-04 
8.600000e-09 1.037548e-03 8.600000e-09 4.500641e-04 
9.000000e-09 1.068989e-03 9.000000e-09 4.830155e-04 
9.400000e-09 1.098967e-03 9.400000e-09 5.169904e-04 
9.800000e-09 1.127483e-03 9.800000e-09 5.515792e-04 
1.025000e-08 1.158924e-03 1.025000e-08 5.914894e-04 
1.075000e-08 1.191827e-03 1.075000e-08 6.371303e-04 
1.125000e-08 1.222537e-03 1.125000e-08 6.837945e-04 
1.175000e-08 1.251784e-03 1.175000e-08 7.316867e-04 
1.237500e-08 1.285418e-03 1.237500e-08 7.932917e-04 
1.312500e-08 1.323440e-03 1.312500e-08 8.694280e-04 
1.387500e-08 1.358537e-03 1.387500e-08 9.480204e-04 
1.462500e-08 1.389977e-03 1.462500e-08 1.028864e-03 
1.550000e-08 1.422881e-03 1.550000e-08 1.126491e-03 
1.650000e-08 1.455784e-03 1.650000e-08 1.241719e-03 
1.750000e-08 1.484300e-03 1.750000e-08 1.318469e-03 
1.850000e-08 1.508429e-03 1.850000e-08 1.334228e-03 
1.950000e-08 1.528171e-03 1.950000e-08 1.330339e-03 
2.050000e-08 1.544257e-03 2.050000e-08 1.326656e-03 
2.150000e-08 1.556687e-03 2.150000e-08 1.323176e-03 
2.250000e-08 1.566192e-03 2.250000e-08 1.319902e-03 
2.350000e-08 1.572042e-03 2.350000e-08 1.316627e-03 
2.475000e-08 1.574967e-03 2.475000e-08 1.312943e-03 
2.625000e-08 1.574967e-03 2.625000e-08 1.308645e-03 
2.750000e-08 1.570579e-03 2.750000e-08 1.305370e-03 
2.900000e-08 1.558881e-03 2.900000e-08 1.301481e-03 
3.100000e-08 1.539139e-03 3.100000e-08 1.296774e-03 
3.300000e-08 1.514279e-03 3.300000e-08 1.292271e-03 
3.500000e-08 1.484300e-03 3.500000e-08 1.288178e-03 
3.700000e-08 1.449203e-03 3.700000e-08 1.284085e-03 
3.900000e-08 1.411913e-03 3.900000e-08 1.280401e-03 
4.125000e-08 1.365848e-03 4.125000e-08 1.276512e-03 
4.375000e-08 1.311741e-03 4.375000e-08 1.272419e-03 
4.625000e-08 1.256171e-03 4.625000e-08 1.259729e-03 
4.875000e-08 1.202064e-03 4.875000e-08 1.235578e-03 
5.125000e-08 1.155268e-03 5.125000e-08 1.208972e-03 
5.375000e-08 1.116515e-03 5.375000e-08 1.184411e-03 
5.625000e-08 1.082150e-03 5.625000e-08 1.161284e-03 
5.875000e-08 1.051440e-03 5.875000e-08 1.139589e-03 
6.150000e-08 1.019268e-03 6.150000e-08 1.117076e-03 
6.450000e-08 9.870961e-04 6.450000e-08 1.094358e-03 
6.750000e-08 9.571176e-04 6.750000e-08 1.072868e-03 
7.050000e-08 9.271391e-04 7.050000e-08 1.052810e-03 
7.400000e-08 8.905800e-04 7.400000e-08 1.031116e-03 
7.800000e-08 8.481715e-04 7.800000e-08 1.007783e-03 
8.200000e-08 8.094188e-04 8.200000e-08 9.815858e-04 
8.600000e-08 7.735909e-04 8.600000e-08 9.079056e-04 
9.000000e-08 7.406877e-04 9.000000e-08 8.025017e-04 
9.400000e-08 7.106361e-04 9.400000e-08 7.130619e-04 
9.800000e-08 6.818275e-04 9.800000e-08 6.367210e-04 
1.025000e-07 6.485587e-04 1.025000e-07 5.638593e-04 
1.075000e-07 6.117802e-04 1.075000e-07 4.952957e-04 
1.125000e-07 5.777071e-04 1.125000e-07 4.377840e-04 
1.175000e-07 5.469243e-04 1.175000e-07 3.890732e-04 
1.237500e-07 5.124857e-04 1.237500e-07 3.358596e-04 
1.312500e-07 4.758534e-04 1.312500e-07 2.803947e-04 
1.387500e-07 4.436814e-04 1.387500e-07 2.351631e-04 
1.462500e-07 4.145804e-04 1.462500e-07 1.990597e-04 
1.550000e-07 3.826277e-04 1.550000e-07 1.657603e-04 
1.650000e-07 3.493589e-04 1.650000e-07 1.359607e-04 
1.750000e-07 3.201116e-04 1.750000e-07 1.159237e-04 
1.850000e-07 2.947396e-04 1.850000e-07 1.048308e-04 
1.950000e-07 2.711224e-04 1.950000e-07 9.746272e-05 
2.050000e-07 2.464085e-04 2.050000e-07 9.095429e-05 
2.150000e-07 2.214020e-04 2.150000e-07 8.514174e-05 
2.250000e-07 1.988085e-04 2.250000e-07 7.994317e-05 
2.350000e-07 1.793590e-04 2.350000e-07 7.527675e-05 
2.475000e-07 1.588128e-04 2.475000e-07 7.007820e-05 
2.625000e-07 1.380472e-04 2.625000e-07 6.459310e-05 
2.750000e-07 1.231311e-04 2.750000e-07 6.056115e-05 
2.900000e-07 1.082150e-04 2.900000e-07 5.740927e-05 
3.100000e-07 9.205585e-05 3.100000e-07 5.501465e-05 
3.300000e-07 7.940640e-05 3.300000e-07 5.350012e-05 
3.500000e-07 6.922834e-05 3.500000e-07 5.212885e-05 
3.700000e-07 6.092211e-05 3.700000e-07 5.083944e-05 
3.900000e-07 5.410018e-05 3.900000e-07 4.967283e-05 
4.125000e-07 4.773889e-05 4.125000e-07 4.844482e-05 
4.375000e-07 4.184557e-05 4.375000e-07 4.719635e-05 
4.625000e-07 3.694664e-05 4.625000e-07 4.605022e-05 
4.875000e-07 3.298363e-05 4.875000e-07 4.484268e-05 
5.125000e-07 3.001503e-05 5.125000e-07 4.183406e-05 
5.375000e-07 2.780686e-05 5.375000e-07 3.757698e-05 
5.625000e-07 2.597160e-05 5.625000e-07 3.389296e-05 
5.875000e-07 2.431912e-05 5.875000e-07 3.072061e-05 
6.150000e-07 2.268859e-05 6.150000e-07 2.771200e-05 
6.450000e-07 2.110923e-05 6.450000e-07 2.488758e-05 
6.750000e-07 1.969074e-05 6.750000e-07 2.245204e-05 
7.050000e-07 1.846967e-05 7.050000e-07 1.962148e-05 
7.400000e-07 1.733633e-05 7.400000e-07 1.610734e-05 
7.800000e-07 1.629074e-05 7.800000e-07 1.292476e-05 
8.200000e-07 1.538408e-05 8.200000e-07 1.048717e-05 
8.600000e-07 1.457246e-05 8.600000e-07 8.593994e-06 
9.000000e-07 1.382666e-05 9.000000e-07 7.106060e-06 
9.399999e-07 1.314666e-05 9.399999e-07 6.056115e-06 
9.800000e-07 1.253978e-05 9.800000e-07 5.618126e-06 
1.025000e-06 1.196214e-05 1.025000e-06 5.521933e-06 
1.075000e-06 1.141376e-05 1.075000e-06 5.419599e-06 
1.125000e-06 1.093117e-05 1.125000e-06 5.325452e-06 
1.175000e-06 1.048515e-05 1.175000e-06 5.235398e-06 
1.237500e-06 9.987949e-06 1.237500e-06 5.131017e-06 
1.312500e-06 9.446874e-06 1.312500e-06 5.016403e-06 
1.387500e-06 8.964294e-06 1.387500e-06 4.907930e-06 
1.462500e-06 8.518274e-06 1.462500e-06 4.809689e-06 
1.550000e-06 8.064942e-06 1.550000e-06 4.701215e-06 
1.650000e-06 7.611608e-06 1.650000e-06 4.588648e-06 
1.750000e-06 7.206533e-06 1.750000e-06 4.484268e-06 
1.850000e-06 6.841673e-06 1.850000e-06 4.349187e-06 
1.950000e-06 6.519221e-06 1.950000e-06 4.138379e-06 
2.050000e-06 6.250146e-06 2.050000e-06 3.903011e-06 
2.150000e-06 6.024942e-06 2.150000e-06 3.692204e-06 
2.250000e-06 5.821673e-06 2.250000e-06 3.501863e-06 
2.350000e-06 5.632298e-06 2.350000e-06 3.327896e-06 
2.475000e-06 5.416598e-06 2.475000e-06 3.133461e-06 
2.625000e-06 5.175309e-06 2.625000e-06 2.926747e-06 
2.750000e-06 4.986663e-06 2.750000e-06 2.771199e-06 
2.900000e-06 4.784126e-06 2.900000e-06 2.605419e-06 
3.100000e-06 4.553803e-06 3.100000e-06 2.410984e-06 
3.300000e-06 4.360040e-06 3.300000e-06 2.241110e-06 
3.500000e-06 4.181632e-06 3.500000e-06 2.091703e-06 
3.700000e-06 4.013460e-06 3.700000e-06 1.960306e-06 
3.900000e-06 3.859180e-06 3.900000e-06 1.867592e-06 
4.125000e-06 3.707825e-06 4.125000e-06 1.851628e-06 
4.375000e-06 3.568901e-06 4.375000e-06 1.880896e-06 
4.625000e-06 3.454837e-06 4.625000e-06 1.908935e-06 
4.875000e-06 3.347353e-06 4.875000e-06 1.935951e-06 
5.125000e-06 3.229632e-06 5.125000e-06 1.961739e-06 
5.375000e-06 3.106062e-06 5.375000e-06 1.986913e-06 
5.625000e-06 2.996385e-06 5.625000e-06 2.011064e-06 
5.875000e-06 2.908643e-06 5.875000e-06 2.034396e-06 
6.150000e-06 2.826019e-06 6.150000e-06 2.058956e-06 
6.450000e-06 2.744858e-06 6.450000e-06 2.036238e-06 
6.750000e-06 2.662235e-06 6.750000e-06 1.903818e-06 
7.050000e-06 2.571568e-06 7.050000e-06 1.726781e-06 
7.400000e-06 2.499181e-06 7.400000e-06 1.549538e-06 
7.800000e-06 2.437031e-06 7.800000e-06 1.376799e-06 
8.200001e-06 2.379998e-06 8.200001e-06 1.230666e-06 
8.600000e-06 2.339783e-06 8.600000e-06 1.105819e-06 
8.999999e-06 2.328816e-06 8.999999e-06 9.985733e-07 
9.400001e-06 2.276171e-06 9.400001e-06 9.058589e-07 
9.800000e-06 2.173074e-06 9.800000e-06 8.250152e-07 
1.025000e-05 2.079483e-06 1.025000e-05 7.460135e-07 
1.075000e-05 2.004171e-06 1.075000e-05 6.864552e-07 
1.125000e-05 1.958837e-06 1.125000e-05 6.578018e-07 
1.175000e-05 1.928859e-06 1.175000e-05 6.393817e-07 
1.237500e-05 1.910579e-06 1.237500e-05 6.183009e-07 
1.312500e-05 1.857934e-06 1.312500e-05 5.951734e-07 
1.387500e-05 1.811139e-06 1.387500e-05 5.742974e-07 
1.462500e-05 1.759956e-06 1.462500e-05 5.548539e-07 
1.550000e-05 1.691224e-06 1.550000e-05 5.343871e-07 
1.650000e-05 1.639311e-06 1.650000e-05 5.133064e-07 
1.750000e-05 1.615182e-06 1.750000e-05 4.930443e-07 
1.850000e-05 1.581547e-06 1.850000e-05 4.717589e-07 
1.950000e-05 1.535483e-06 1.950000e-05 4.510875e-07 
2.050000e-05 1.487225e-06 2.050000e-05 4.324627e-07 
2.150000e-05 1.450666e-06 2.150000e-05 4.152706e-07 
2.250000e-05 1.421418e-06 2.250000e-05 3.995112e-07 
2.350000e-05 1.385590e-06 2.350000e-05 3.849798e-07 
2.475000e-05 1.357074e-06 2.475000e-05 3.684017e-07 
2.625000e-05 1.346107e-06 2.625000e-05 3.503910e-07 
2.750000e-05 1.329289e-06 2.750000e-05 3.368829e-07 
2.900000e-05 1.294193e-06 2.900000e-05 3.223515e-07 
3.100000e-05 1.251784e-06 3.100000e-05 3.053641e-07 
3.300000e-05 1.214494e-06 3.300000e-05 2.906280e-07 
3.500000e-05 1.175741e-06 3.500000e-05 2.773246e-07 
3.700000e-05 1.139182e-06 3.700000e-05 2.652492e-07 
3.900000e-05 1.110666e-06 3.900000e-05 2.544019e-07 
4.125000e-05 1.082150e-06 4.125000e-05 2.433498e-07 
4.375000e-05 1.044128e-06 4.375000e-05 2.322978e-07 
4.625000e-05 1.009763e-06 4.625000e-05 2.222690e-07 
4.875000e-05 9.783220e-07 4.875000e-05 2.114216e-07 
5.125000e-05 9.322575e-07 5.125000e-05 1.994486e-07 
5.375000e-05 8.671823e-07 5.375000e-05 1.884784e-07 
5.625000e-05 8.174619e-07 5.625000e-05 1.785725e-07 
5.875000e-05 7.926016e-07 5.875000e-05 1.695876e-07 
6.150000e-05 7.735908e-07 6.150000e-05 1.606436e-07 
6.450000e-05 7.560425e-07 6.450000e-05 1.518020e-07 
6.750000e-05 7.509242e-07 6.750000e-05 1.438199e-07 
7.050000e-05 7.596984e-07 7.050000e-05 1.365952e-07 
7.400000e-05 7.516555e-07 7.400000e-05 1.289611e-07 
7.800000e-05 7.271607e-07 7.800000e-05 1.214702e-07 
8.200000e-05 7.056640e-07 8.200000e-05 1.158214e-07 
8.600000e-05 6.968898e-07 8.600000e-05 1.114006e-07 
9.000000e-05 6.977672e-07 9.000000e-05 1.073686e-07 
9.400000e-05 6.856296e-07 9.400000e-05 1.036232e-07 
9.800000e-05 6.637673e-07 9.800000e-05 1.001643e-07 
1.025000e-04 6.451953e-07 1.025000e-04 9.658265e-08 
1.075000e-04 6.282318e-07 1.075000e-04 9.289864e-08 
1.125000e-04 6.128039e-07 1.125000e-04 8.952161e-08 
1.175000e-04 5.969372e-07 1.175000e-04 8.641067e-08 
1.237500e-04 5.759524e-07 1.237500e-04 8.284946e-08 
1.312500e-04 5.518233e-07 1.312500e-04 8.072091e-08 
1.387500e-04 5.294491e-07 1.387500e-04 8.137584e-08 
1.462500e-04 5.075136e-07 1.462500e-04 8.289038e-08 
1.550000e-04 4.784857e-07 1.550000e-04 8.458913e-08 
1.650000e-04 4.419997e-07 1.650000e-04 8.647207e-08 
1.750000e-04 4.079997e-07 1.750000e-04 8.827315e-08 
1.850000e-04 3.835782e-07 1.850000e-04 9.001283e-08 
1.950000e-04 3.671998e-07 1.950000e-04 9.171156e-08 
2.050000e-04 3.494320e-07 2.050000e-04 9.332843e-08 
2.150000e-04 3.322492e-07 2.150000e-04 9.396291e-08 
2.250000e-04 3.164557e-07 2.250000e-04 9.296004e-08 
2.350000e-04 3.020514e-07 2.350000e-04 9.130223e-08 
2.475000e-04 2.884514e-07 2.475000e-04 8.935788e-08 
2.625000e-04 2.755095e-07 2.625000e-04 8.720887e-08 
2.750000e-04 2.666622e-07 2.750000e-04 8.555106e-08 
2.900000e-04 2.573762e-07 2.900000e-04 8.368860e-08 
3.100000e-04 2.456773e-07 3.100000e-04 8.061859e-08 
3.300000e-04 2.346364e-07 3.300000e-04 7.603403e-08 
3.500000e-04 2.243999e-07 3.500000e-04 7.091734e-08 
3.700000e-04 2.148214e-07 3.700000e-04 6.643511e-08 
3.900000e-04 2.061934e-07 3.900000e-04 6.242362e-08 
4.125000e-04 1.973461e-07 4.125000e-04 6.541178e-08 
4.375000e-04 1.884257e-07 4.375000e-04 7.593168e-08 
4.625000e-04 1.801633e-07 4.625000e-04 8.765915e-08 
4.875000e-04 1.724859e-07 4.875000e-04 1.004509e-07 
5.125000e-04 1.625418e-07 5.125000e-04 1.111345e-07 
5.375000e-04 1.503311e-07 5.375000e-04 1.147981e-07 
5.625000e-04 1.440429e-07 5.625000e-04 1.141841e-07 
5.875000e-04 1.404601e-07 5.875000e-04 1.135905e-07 
6.150000e-04 1.365849e-07 6.150000e-04 1.129970e-07 
6.450000e-04 1.351956e-07 6.450000e-04 1.123625e-07 
6.750000e-04 1.374623e-07 6.750000e-04 9.639845e-08 
7.050000e-04 1.355612e-07 7.050000e-04 7.122433e-08 
7.400000e-04 1.310279e-07 7.400000e-04 5.081897e-08 
7.800000e-04 1.251784e-07 7.800000e-04 3.508003e-08 
8.200000e-04 1.194021e-07 8.200000e-04 2.468292e-08 
8.600000e-04 1.140644e-07 8.600000e-04 1.972996e-08 
9.000000e-04 1.087999e-07 9.000000e-04 1.845488e-08 
9.400000e-04 1.043397e-07 9.400000e-04 1.782041e-08 
9.800000e-04 1.006838e-07 9.800000e-04 1.723097e-08 
1.025000e-03 9.732036e-08 1.025000e-03 1.736196e-08 
1.075000e-03 9.424941e-08 1.075000e-03 1.886422e-08 
1.125000e-03 9.183650e-08 1.125000e-03 2.116263e-08 
1.175000e-03 8.942359e-08 1.175000e-03 2.472385e-08 
1.237500e-03 8.657199e-08 1.237500e-03 3.198955e-08 
1.312500e-03 8.328167e-08 1.312500e-03 4.240713e-08 
1.387500e-03 8.013759e-08 1.387500e-03 5.343871e-08 
1.462500e-03 7.743220e-08 1.462500e-03 6.498197e-08 
1.550000e-03 7.465371e-08 1.550000e-03 7.679129e-08 
1.650000e-03 7.171435e-08 1.650000e-03 8.358626e-08 
1.750000e-03 6.854835e-08 1.750000e-03 5.970155e-08 
1.850000e-03 6.509716e-08 1.850000e-03 2.920607e-08 
1.950000e-03 6.301329e-08 1.950000e-03 2.050770e-08 
2.050000e-03 6.208469e-08 2.050000e-03 2.181757e-08 
2.150000e-03 6.207006e-08 2.150000e-03 2.486712e-08 
2.250000e-03 6.231136e-08 2.250000e-03 3.070014e-08 
2.350000e-03 6.185071e-08 2.350000e-03 3.960319e-08 
2.475000e-03 6.231136e-08 2.475000e-03 4.727822e-08 
2.625000e-03 6.386877e-08 2.625000e-03 4.909976e-08 
2.750000e-03 6.473157e-08 2.750000e-03 4.707355e-08 
2.900000e-03 6.634748e-08 2.900000e-03 3.839565e-08 
3.100000e-03 7.072727e-08 3.100000e-03 2.863300e-08 
3.300000e-03 7.458060e-08 3.300000e-03 2.779386e-08 
3.500000e-03 7.809027e-08 3.500000e-03 3.221468e-08 
3.700000e-03 8.225802e-08 3.700000e-03 3.563263e-08 
3.900000e-03 8.620639e-08 3.900000e-03 3.798631e-08 
4.125000e-03 9.030101e-08 4.125000e-03 4.537481e-08 
4.375000e-03 9.388381e-08 4.375000e-03 6.119562e-08 
4.625000e-03 9.732036e-08 4.625000e-03 7.263655e-08 
4.875000e-03 9.958703e-08 4.875000e-03 7.075361e-08 
5.125000e-03 1.018537e-07 5.125000e-03 6.426562e-08 
5.375000e-03 1.037548e-07 5.375000e-03 5.679527e-08 
5.625000e-03 1.063870e-07 5.625000e-03 4.920210e-08 
5.875000e-03 1.091655e-07 5.875000e-03 4.617301e-08 
6.150000e-03 1.131139e-07 6.150000e-03 5.219025e-08 
6.450000e-03 1.169892e-07 6.450000e-03 6.506384e-08 
6.750000e-03 1.207913e-07 6.750000e-03 7.445808e-08 
7.050000e-03 1.237892e-07 7.050000e-03 7.713923e-08 
7.400000e-03 1.288343e-07 7.400000e-03 7.787602e-08 
7.800000e-03 1.350494e-07 7.800000e-03 7.576796e-08 
8.200000e-03 1.407526e-07 8.200000e-03 7.136760e-08 
8.600000e-03 1.469676e-07 8.600000e-03 7.204300e-08 
9.000000e-03 1.536945e-07 9.000000e-03 8.135539e-08 
9.400001e-03 1.591784e-07 9.400001e-03 9.555932e-08 
9.800000e-03 1.651741e-07 9.800000e-03 1.067342e-07 
1.025000e-02 1.724128e-07 1.025000e-02 1.126286e-07 
1.075000e-02 1.805289e-07 1.075000e-02 1.172541e-07 
1.125000e-02 1.874752e-07 1.125000e-02 1.179909e-07 
1.175000e-02 1.939096e-07 1.175000e-02 1.149823e-07 
1.237500e-02 2.011482e-07 1.237500e-02 1.160670e-07 
1.312500e-02 2.107267e-07 1.312500e-02 1.290429e-07 
1.387500e-02 2.212557e-07 1.387500e-02 1.488957e-07 
1.462500e-02 2.317117e-07 1.462500e-02 1.541147e-07 
1.550000e-02 2.437762e-07 1.550000e-02 1.456005e-07 
1.650000e-02 2.586923e-07 1.650000e-02 1.460918e-07 
1.750000e-02 2.730235e-07 1.750000e-02 1.562228e-07 
1.850000e-02 2.847955e-07 1.850000e-02 1.698332e-07 
1.950000e-02 2.960557e-07 1.950000e-02 1.879053e-07 
2.050000e-02 3.078278e-07 2.050000e-02 2.087610e-07 
2.150000e-02 3.182105e-07 2.150000e-02 2.335258e-07 
2.250000e-02 3.304213e-07 2.250000e-02 2.619746e-07 
2.350000e-02 3.436557e-07 2.350000e-02 2.857160e-07 
2.475000e-02 3.598879e-07 2.475000e-02 3.022941e-07 
2.625000e-02 3.776557e-07 2.625000e-02 2.846926e-07 
2.750000e-02 3.924986e-07 2.750000e-02 2.640213e-07 
2.900000e-02 4.083653e-07 2.900000e-02 2.744593e-07 
3.100000e-02 4.300814e-07 3.100000e-02 2.891953e-07 
3.300000e-02 4.520169e-07 3.300000e-02 3.035221e-07 
3.500000e-02 4.735136e-07 3.500000e-02 3.174395e-07 
3.700000e-02 4.945717e-07 3.700000e-02 3.280822e-07 
3.900000e-02 5.165803e-07 3.900000e-02 3.352456e-07 
4.125000e-02 5.426104e-07 4.125000e-02 3.428182e-07 
4.375000e-02 5.712727e-07 4.375000e-02 3.512097e-07 
4.625000e-02 6.026404e-07 4.625000e-02 3.632850e-07 
4.875000e-02 6.326189e-07 4.875000e-02 3.847751e-07 
5.125000e-02 6.551393e-07 5.125000e-02 4.111772e-07 
5.375000e-02 6.732726e-07 5.375000e-02 4.381934e-07 
5.625000e-02 6.918447e-07 5.625000e-02 4.654142e-07 
5.875000e-02 7.075650e-07 5.875000e-02 4.914069e-07 
6.150000e-02 7.237973e-07 6.150000e-02 5.102363e-07 
6.450000e-02 7.450748e-07 6.450000e-02 5.235398e-07 
6.750000e-02 7.670103e-07 6.750000e-02 5.364339e-07 
7.050000e-02 7.882145e-07 7.050000e-02 5.491232e-07 
7.400000e-02 8.086876e-07 7.400000e-02 5.636547e-07 
7.799999e-02 8.298919e-07 7.799999e-02 5.753207e-07 
8.200000e-02 8.481715e-07 8.200000e-02 5.812561e-07 
8.600000e-02 8.657199e-07 8.600000e-02 5.867821e-07 
9.000000e-02 8.825370e-07 9.000000e-02 5.921034e-07 
9.400000e-02 9.030102e-07 9.400000e-02 5.972202e-07 
9.800000e-02 9.234833e-07 9.800000e-02 6.047928e-07 
1.025000e-01 9.403005e-07 1.025000e-01 6.199382e-07 
1.075000e-01 9.519994e-07 1.075000e-01 6.397909e-07 
1.125000e-01 9.600424e-07 1.125000e-01 6.592344e-07 
1.175000e-01 9.658918e-07 1.175000e-01 6.784732e-07 
1.237500e-01 9.724724e-07 1.237500e-01 6.993493e-07 
1.312500e-01 9.797843e-07 1.312500e-01 7.120386e-07 
1.387500e-01 9.870961e-07 1.387500e-01 7.149040e-07 
1.462500e-01 9.914833e-07 1.462500e-01 7.177694e-07 
1.550000e-01 9.892897e-07 1.550000e-01 7.206347e-07 
1.650000e-01 9.812466e-07 1.650000e-01 7.273887e-07 
1.750000e-01 9.724724e-07 1.750000e-01 7.380315e-07 
1.850000e-01 9.636982e-07 1.850000e-01 7.486742e-07 
1.950000e-01 9.549241e-07 1.950000e-01 7.591123e-07 
2.050000e-01 9.432252e-07 2.050000e-01 7.687316e-07 
2.150000e-01 9.286015e-07 2.150000e-01 7.765090e-07 
2.250000e-01 9.139779e-07 2.250000e-01 7.830583e-07 
2.350000e-01 9.008167e-07 2.350000e-01 7.891983e-07 
2.475000e-01 8.854618e-07 2.475000e-01 7.967711e-07 
2.625000e-01 8.679133e-07 2.625000e-01 8.039344e-07 
2.750000e-01 8.540209e-07 2.750000e-01 8.055718e-07 
2.900000e-01 8.364725e-07 2.900000e-01 8.020924e-07 
3.100000e-01 8.094188e-07 3.100000e-01 7.977944e-07 
3.300000e-01 7.794404e-07 3.300000e-01 7.937011e-07 
3.500000e-01 7.501930e-07 3.500000e-01 7.812163e-07 
3.700000e-01 7.234318e-07 3.700000e-01 7.601355e-07 
3.900000e-01 6.993027e-07 3.900000e-01 7.396687e-07 
4.125000e-01 6.746619e-07 4.125000e-01 7.237047e-07 
4.375000e-01 6.498017e-07 4.375000e-01 7.167459e-07 
4.625000e-01 6.272813e-07 4.625000e-01 7.142900e-07 
4.875000e-01 6.054189e-07 4.875000e-01 7.083547e-07 
5.125000e-01 5.820942e-07 5.125000e-01 7.001680e-07 
5.375000e-01 5.581114e-07 5.375000e-01 6.846132e-07 
5.625000e-01 5.356641e-07 5.625000e-01 6.606671e-07 
5.875000e-01 5.140212e-07 5.875000e-01 6.367210e-07 
6.150000e-01 4.909158e-07 6.150000e-01 6.137982e-07 
6.450000e-01 4.685416e-07 6.450000e-01 5.916941e-07 
6.750000e-01 4.479223e-07 6.750000e-01 5.702040e-07 
7.050000e-01 4.289846e-07 7.050000e-01 5.468718e-07 
7.400000e-01 4.091696e-07 7.400000e-01 5.194464e-07 
7.800000e-01 3.884771e-07 7.800000e-01 4.893602e-07 
8.200000e-01 3.696126e-07 8.200000e-01 4.596835e-07 
8.600000e-01 3.523567e-07 8.600000e-01 4.328720e-07 
9.000000e-01 3.368557e-07 9.000000e-01 4.122006e-07 
9.400000e-01 3.225245e-07 9.400000e-01 3.962365e-07 
9.800000e-01 3.092901e-07 9.800000e-01 3.812958e-07 
1.050000e+00 2.876471e-07 1.050000e+00 3.577590e-07 
1.150000e+00 2.600084e-07 1.150000e+00 3.252169e-07 
1.250000e+00 2.363181e-07 1.250000e+00 2.936980e-07 
1.350000e+00 2.165762e-07 1.350000e+00 2.646352e-07 
1.450000e+00 1.995396e-07 1.450000e+00 2.392564e-07 
1.550000e+00 1.846235e-07 1.550000e+00 2.165384e-07 
1.650000e+00 1.716816e-07 1.650000e+00 1.958874e-07 
1.750000e+00 1.602020e-07 1.750000e+00 1.777743e-07 
1.850000e+00 1.497461e-07 1.850000e+00 1.622195e-07 
1.950000e+00 1.403139e-07 1.950000e+00 1.484250e-07 
2.050000e+00 1.315397e-07 2.050000e+00 1.355718e-07 
2.150000e+00 1.229849e-07 2.150000e+00 1.238034e-07 
2.250000e+00 1.147225e-07 2.250000e+00 1.135291e-07 
2.350000e+00 1.071913e-07 2.350000e+00 1.045033e-07 
2.450000e+00 1.003913e-07 2.450000e+00 9.652125e-08 
2.550000e+00 9.424941e-08 2.550000e+00 8.829361e-08 
2.650000e+00 8.861930e-08 2.650000e+00 7.959524e-08 
2.750000e+00 8.357414e-08 2.750000e+00 7.165413e-08 
2.850000e+00 7.896769e-08 2.850000e+00 6.475684e-08 
2.950000e+00 7.443435e-08 2.950000e+00 5.871914e-08 
3.050000e+00 6.951350e-08 3.050000e+00 5.341825e-08 
3.150000e+00 6.427823e-08 3.150000e+00 4.875183e-08 
3.250000e+00 5.937932e-08 3.250000e+00 4.455614e-08 
3.350000e+00 5.500685e-08 3.350000e+00 4.076979e-08 
3.450000e+00 5.109502e-08 3.450000e+00 3.735184e-08 
3.550000e+00 4.756341e-08 3.550000e+00 3.430229e-08 
3.650000e+00 4.436082e-08 3.650000e+00 3.158021e-08 
3.750000e+00 4.145804e-08 3.750000e+00 2.914467e-08 
3.850000e+00 3.882578e-08 3.850000e+00 2.693426e-08 
3.950000e+00 3.640557e-08 3.950000e+00 2.496945e-08 
4.050000e+00 3.412428e-08 4.050000e+00 2.316838e-08 
4.150000e+00 3.196729e-08 4.150000e+00 2.149010e-08 
4.250000e+00 2.997116e-08 4.250000e+00 1.983843e-08 
4.350000e+00 2.814321e-08 4.350000e+00 1.824612e-08 
4.450000e+00 2.645418e-08 4.450000e+00 1.681344e-08 
4.550000e+00 2.490407e-08 4.550000e+00 1.552199e-08 
4.650000e+00 2.347826e-08 4.650000e+00 1.435539e-08 
4.750000e+00 2.216214e-08 4.750000e+00 1.329725e-08 
4.850000e+00 2.094837e-08 4.850000e+00 1.233736e-08 
4.950000e+00 1.983697e-08 4.950000e+00 1.146343e-08 
5.050000e+00 1.885719e-08 5.050000e+00 1.066932e-08 
5.150000e+00 1.800171e-08 5.150000e+00 9.942753e-09 
5.250000e+00 1.720472e-08 5.250000e+00 9.277583e-09 
5.350000e+00 1.646622e-08 5.350000e+00 8.647207e-09 
5.450000e+00 1.577160e-08 5.450000e+00 8.027063e-09 
5.550000e+00 1.512085e-08 5.550000e+00 7.439668e-09 
5.650000e+00 1.451397e-08 5.650000e+00 6.905486e-09 
5.750000e+00 1.394365e-08 5.750000e+00 6.416330e-09 
5.850000e+00 1.340257e-08 5.850000e+00 5.970154e-09 
5.950000e+00 1.282494e-08 5.950000e+00 5.562866e-09 
6.050000e+00 1.207182e-08 6.050000e+00 5.188324e-09 
6.150000e+00 1.117247e-08 6.150000e+00 4.844483e-09 
6.250000e+00 1.026580e-08 6.250000e+00 4.529294e-09 
6.350000e+00 9.410316e-09 6.350000e+00 4.238666e-09 
6.450000e+00 8.627951e-09 6.450000e+00 3.970552e-09 
6.550000e+00 7.926017e-09 6.550000e+00 3.722904e-09 
6.650000e+00 7.305243e-09 6.650000e+00 3.495723e-09 
6.750000e+00 6.764168e-09 6.750000e+00 3.284916e-09 
6.850000e+00 6.291093e-09 6.850000e+00 3.080248e-09 
6.950000e+00 5.832641e-09 6.950000e+00 2.859207e-09 
7.050000e+00 5.330319e-09 7.050000e+00 2.636119e-09 
7.150000e+00 4.799481e-09 7.150000e+00 2.433498e-09 
7.250000e+00 4.297889e-09 7.250000e+00 2.249297e-09 
7.350000e+00 3.846750e-09 7.350000e+00 2.079423e-09 
7.450000e+00 3.447524e-09 7.450000e+00 1.926536e-09 
7.550000e+00 3.092901e-09 7.550000e+00 1.785930e-09 
7.650000e+00 2.775568e-09 7.650000e+00 1.657398e-09 
7.750000e+00 2.494063e-09 7.750000e+00 1.539510e-09 
7.850000e+00 2.246192e-09 7.850000e+00 1.431241e-09 
7.950000e+00 2.034149e-09 7.950000e+00 1.331977e-09 
8.050000e+00 1.864515e-09 8.050000e+00 1.240695e-09 
8.150000e+00 1.728515e-09 8.150000e+00 1.156577e-09 
8.250000e+00 1.610063e-09 8.250000e+00 1.079212e-09 
8.350000e+00 1.501117e-09 8.350000e+00 1.007783e-09 
8.450000e+00 1.400214e-09 8.450000e+00 9.418804e-10 
8.550000e+00 1.305891e-09 8.550000e+00 8.808895e-10 
8.650000e+00 1.216687e-09 8.650000e+00 8.246059e-10 
8.750000e+00 1.134064e-09 8.750000e+00 7.724155e-10 
8.850000e+00 1.056559e-09 8.850000e+00 7.183834e-10 
8.950000e+00 9.849026e-10 8.950000e+00 6.614857e-10 
9.050000e+00 9.183649e-10 9.050000e+00 6.080675e-10 
9.150000e+00 8.569456e-10 9.150000e+00 5.593567e-10 
9.250000e+00 7.984510e-10 9.250000e+00 5.151484e-10 
9.350000e+00 7.443436e-10 9.350000e+00 4.748289e-10 
9.450000e+00 6.935264e-10 9.450000e+00 4.379887e-10 
9.550000e+00 6.460727e-10 9.550000e+00 4.044232e-10 
9.650000e+00 6.016168e-10 9.650000e+00 3.737231e-10 
9.750000e+00 5.600125e-10 9.750000e+00 3.454790e-10 
9.850000e+00 5.210405e-10 9.850000e+00 3.198955e-10 
9.950000e+00 4.846276e-10 9.950000e+00 2.961540e-10 
1.005000e+01 4.507008e-10 1.005000e+01 2.746639e-10 
1.015000e+01 4.191869e-10 1.015000e+01 2.548112e-10 
1.025000e+01 3.900127e-10 1.025000e+01 2.363911e-10 
1.035000e+01 3.629589e-10 1.035000e+01 2.196083e-10 
1.045000e+01 3.379524e-10 1.045000e+01 2.042378e-10 
1.055000e+01 3.147008e-10 1.055000e+01 1.900134e-10 
1.065000e+01 2.929848e-10 1.065000e+01 1.768738e-10 
1.075000e+01 2.728041e-10 1.075000e+01 1.647779e-10 
1.085000e+01 2.539396e-10 1.085000e+01 1.536031e-10 
1.095000e+01 2.363181e-10 1.095000e+01 1.415072e-10 
1.105000e+01 2.199396e-10 1.105000e+01 1.285517e-10 
1.115000e+01 2.045848e-10 1.115000e+01 1.165991e-10 
1.125000e+01 1.902536e-10 1.125000e+01 1.058746e-10 
1.135000e+01 1.767999e-10 1.135000e+01 9.619378e-11 
1.145000e+01 1.642967e-10 1.145000e+01 8.749541e-11 
1.155000e+01 1.527440e-10 1.155000e+01 7.963617e-11 
1.165000e+01 1.420687e-10 1.165000e+01 7.255467e-11 
1.175000e+01 1.322709e-10 1.175000e+01 6.612811e-11 
1.185000e+01 1.231311e-10 1.185000e+01 6.033602e-11 
1.195000e+01 1.145763e-10 1.195000e+01 5.509652e-11 
1.205000e+01 1.064602e-10 1.205000e+01 5.034823e-11 
1.215000e+01 9.863648e-11 1.215000e+01 4.605021e-11 
1.225000e+01 9.125155e-11 1.225000e+01 4.214106e-11 
1.235000e+01 8.445156e-11 1.235000e+01 3.857984e-11 
1.245000e+01 7.816339e-11 1.245000e+01 3.536656e-11 
1.255000e+01 7.237973e-11 1.255000e+01 3.243982e-11 
1.265000e+01 6.709328e-11 1.265000e+01 2.982007e-11 
1.275000e+01 6.223093e-11 1.275000e+01 2.773246e-11 
1.285000e+01 5.774878e-11 1.285000e+01 2.603372e-11 
1.295000e+01 5.359566e-11 1.295000e+01 2.445778e-11 
1.305000e+01 4.974234e-11 1.305000e+01 2.298417e-11 
1.315000e+01 4.616685e-11 1.315000e+01 2.161290e-11 
1.325000e+01 4.285459e-11 1.325000e+01 2.032759e-11 
1.335000e+01 3.978363e-11 1.335000e+01 1.912824e-11 
1.345000e+01 3.693933e-11 1.345000e+01 1.801075e-11 
1.355000e+01 3.429976e-11 1.355000e+01 1.696285e-11 
1.365000e+01 3.185030e-11 1.365000e+01 1.598454e-11 
1.375000e+01 2.956901e-11 1.375000e+01 1.506968e-11 
1.385000e+01 2.745590e-11 1.385000e+01 1.421212e-11 
1.395000e+01 2.549633e-11 1.395000e+01 1.340982e-11 
1.405000e+01 2.367568e-11 1.405000e+01 1.265869e-11 
1.415000e+01 2.197934e-11 1.415000e+01 1.191575e-11 
1.425000e+01 2.040730e-11 1.425000e+01 1.084534e-11 
1.435000e+01 1.894493e-11 1.435000e+01 9.566165e-12 
1.445000e+01 1.759225e-11 1.445000e+01 8.446633e-12 
1.455000e+01 1.633461e-11 1.455000e+01 7.464229e-12 
1.465000e+01 1.516472e-11 1.465000e+01 6.600531e-12 
1.475000e+01 1.407526e-11 1.475000e+01 5.843261e-12 
1.485000e+01 1.306623e-11 1.485000e+01 5.176044e-12 
1.495000e+01 1.213031e-11 1.495000e+01 4.588648e-12 
1.505000e+01 1.126021e-11 1.505000e+01 4.070839e-12 
1.515000e+01 1.045591e-11 1.515000e+01 3.614430e-12 
1.525000e+01 9.710101e-12 1.525000e+01 3.213282e-12 
1.535000e+01 9.008167e-12 1.535000e+01 2.857160e-12 
1.545000e+01 8.364726e-12 1.545000e+01 2.544018e-12 
1.555000e+01 7.765156e-12 1.555000e+01 2.265671e-12 
1.565000e+01 7.210189e-12 1.565000e+01 2.019251e-12 
1.575000e+01 6.691780e-12 1.575000e+01 1.801280e-12 
1.585000e+01 6.211393e-12 1.585000e+01 1.613190e-12 
1.595000e+01 5.765373e-12 1.595000e+01 1.469923e-12 
1.605000e+01 5.351523e-12 1.605000e+01 1.358174e-12 
1.615000e+01 4.966921e-12 1.615000e+01 1.255636e-12 
1.625000e+01 4.610104e-12 1.625000e+01 1.161284e-12 
1.635000e+01 4.278879e-12 1.635000e+01 1.074505e-12 
1.645000e+01 3.971051e-12 1.645000e+01 9.948892e-13 
1.655000e+01 3.685890e-12 1.655000e+01 9.214136e-13 
1.665000e+01 3.420471e-12 1.665000e+01 8.538733e-13 
1.675000e+01 3.174793e-12 1.675000e+01 7.916543e-13 
1.685000e+01 2.945933e-12 1.685000e+01 7.341428e-13 
1.695000e+01 2.734622e-12 1.695000e+01 6.811339e-13 
1.705000e+01 2.537934e-12 1.705000e+01 6.324229e-13 
1.715000e+01 2.355138e-12 1.715000e+01 5.873961e-13 
1.725000e+01 2.185504e-12 1.725000e+01 5.456439e-13 
1.735000e+01 2.027569e-12 1.735000e+01 5.071664e-13 
1.745000e+01 1.881332e-12 1.745000e+01 4.717588e-13 
1.755000e+01 1.746063e-12 1.755000e+01 4.388074e-13 
1.765000e+01 1.620300e-12 1.765000e+01 4.083119e-13 
1.775000e+01 1.503311e-12 1.775000e+01 3.802724e-13 
1.785000e+01 1.395096e-12 1.785000e+01 3.540750e-13 
1.795000e+01 1.294924e-12 1.795000e+01 3.299242e-13 
1.805000e+01 1.201332e-12 1.805000e+01 3.076154e-13 
1.815000e+01 1.114322e-12 1.815000e+01 2.867393e-13 
1.825000e+01 1.033892e-12 1.825000e+01 2.675006e-13 
1.835000e+01 9.593112e-13 1.835000e+01 2.496945e-13 
1.845000e+01 8.898487e-13 1.845000e+01 2.320931e-13 
1.855000e+01 8.255048e-13 1.855000e+01 2.155150e-13 
1.865000e+01 7.662791e-13 1.865000e+01 1.998989e-13 
1.875000e+01 7.110016e-13 1.875000e+01 1.854698e-13 
1.885000e+01 6.595995e-13 1.885000e+01 1.720641e-13 
1.895000e+01 6.119995e-13 1.895000e+01 1.596407e-13 
1.905000e+01 5.677630e-13 1.905000e+01 1.481180e-13 
1.915000e+01 5.267437e-13 1.915000e+01 1.374138e-13 
1.925000e+01 4.887222e-13 1.925000e+01 1.274875e-13 
1.935000e+01 4.533330e-13 1.935000e+01 1.182774e-13 
1.945000e+01 4.205761e-13 1.945000e+01 1.097223e-13 
1.955000e+01 3.902320e-13 1.955000e+01 1.018017e-13 
1.965000e+01 3.620083e-13 1.965000e+01 9.443364e-14 
1.975000e+01 3.358320e-13 1.975000e+01 8.759774e-14 
1.985000e+01 3.114837e-13 1.985000e+01 8.127352e-14 
1.995000e+01 2.889633e-13 1.995000e+01 7.539955e-14 
