1.025000e-10 4.694906e-02 1.025000e-10 3.669795e-02 1.025000e-10 7.380237e-02 
1.075000e-10 4.922219e-02 1.075000e-10 3.847909e-02 1.075000e-10 7.737799e-02 
1.125000e-10 5.149533e-02 1.125000e-10 4.026023e-02 1.125000e-10 8.096700e-02 
1.175000e-10 5.376847e-02 1.175000e-10 4.204138e-02 1.175000e-10 8.454262e-02 
1.237500e-10 5.660990e-02 1.237500e-10 4.425577e-02 1.237500e-10 8.902889e-02 
1.312500e-10 6.001960e-02 1.312500e-10 4.693551e-02 1.312500e-10 9.438562e-02 
1.387500e-10 6.342931e-02 1.387500e-10 4.959920e-02 1.387500e-10 9.975574e-02 
1.462500e-10 6.683902e-02 1.462500e-10 5.226289e-02 1.462500e-10 1.051125e-01 
1.550000e-10 7.081701e-02 1.550000e-10 5.537587e-02 1.550000e-10 1.113665e-01 
1.650000e-10 7.536329e-02 1.650000e-10 5.892211e-02 1.650000e-10 1.185043e-01 
1.750000e-10 7.990956e-02 1.750000e-10 6.246835e-02 1.750000e-10 1.256422e-01 
1.850000e-10 8.445584e-02 1.850000e-10 6.601460e-02 1.850000e-10 1.327666e-01 
1.950000e-10 8.895840e-02 1.950000e-10 6.954478e-02 1.950000e-10 1.399446e-01 
2.050000e-10 9.350468e-02 2.050000e-10 7.309102e-02 2.050000e-10 1.470423e-01 
2.150000e-10 9.800724e-02 2.150000e-10 7.662121e-02 2.150000e-10 1.541400e-01 
2.250000e-10 1.025098e-01 2.250000e-10 8.015141e-02 2.250000e-10 1.612376e-01 
2.350000e-10 1.070561e-01 2.350000e-10 8.368159e-02 2.350000e-10 1.683353e-01 
2.475000e-10 1.126952e-01 2.475000e-10 8.809434e-02 2.475000e-10 1.771739e-01 
2.625000e-10 1.194272e-01 2.625000e-10 9.337359e-02 2.625000e-10 1.877535e-01 
2.750000e-10 1.250663e-01 2.750000e-10 9.777027e-02 2.750000e-10 1.965921e-01 
2.900000e-10 1.317983e-01 2.900000e-10 1.030495e-01 2.900000e-10 2.073055e-01 
3.100000e-10 1.408034e-01 3.100000e-10 1.100617e-01 3.100000e-10 2.213669e-01 
3.300000e-10 1.497649e-01 3.300000e-10 1.170740e-01 3.300000e-10 2.354283e-01 
3.500000e-10 1.586826e-01 3.500000e-10 1.240702e-01 3.500000e-10 2.494898e-01 
3.700000e-10 1.676440e-01 3.700000e-10 1.308578e-01 3.700000e-10 2.627477e-01 
3.900000e-10 1.765617e-01 3.900000e-10 1.370677e-01 3.900000e-10 2.738629e-01 
4.125000e-10 1.865722e-01 4.125000e-10 1.436146e-01 4.125000e-10 2.845764e-01 
4.375000e-10 1.976756e-01 4.375000e-10 1.508194e-01 4.375000e-10 2.962273e-01 
4.625000e-10 2.087790e-01 4.625000e-10 1.579440e-01 4.625000e-10 3.077443e-01 
4.875000e-10 2.198387e-01 4.875000e-10 1.649563e-01 4.875000e-10 3.189934e-01 
5.125000e-10 2.308984e-01 5.125000e-10 1.720166e-01 5.125000e-10 3.301086e-01 
5.375000e-10 2.419144e-01 5.375000e-10 1.789165e-01 5.375000e-10 3.410899e-01 
5.625000e-10 2.529304e-01 5.625000e-10 1.858165e-01 5.625000e-10 3.518034e-01 
5.875000e-10 2.639027e-01 5.875000e-10 1.927164e-01 5.875000e-10 3.623829e-01 
6.150000e-10 2.759678e-01 6.150000e-10 2.002582e-01 6.150000e-10 3.738999e-01 
6.450000e-10 2.890820e-01 6.450000e-10 2.082813e-01 6.450000e-10 3.863543e-01 
6.750000e-10 3.021526e-01 6.750000e-10 2.163045e-01 6.750000e-10 3.985409e-01 
7.050000e-10 3.152231e-01 7.050000e-10 2.243277e-01 7.050000e-10 4.105935e-01 
7.400000e-10 3.303920e-01 7.400000e-10 2.334740e-01 7.400000e-10 4.243871e-01 
7.800000e-10 3.477028e-01 7.800000e-10 2.439042e-01 7.800000e-10 4.399216e-01 
8.200000e-10 3.649698e-01 8.200000e-10 2.543343e-01 8.200000e-10 4.553223e-01 
8.600000e-10 3.821495e-01 8.600000e-10 2.646039e-01 8.600000e-10 4.703211e-01 
9.000000e-10 3.992856e-01 9.000000e-10 2.747131e-01 9.000000e-10 4.851860e-01 
9.400000e-10 4.163778e-01 9.400000e-10 2.848223e-01 9.400000e-10 4.999171e-01 
9.800000e-10 4.334264e-01 9.800000e-10 2.949315e-01 9.800000e-10 5.143803e-01 
1.025000e-09 4.524420e-01 1.025000e-09 3.061639e-01 1.025000e-09 5.303164e-01 
1.075000e-09 4.738620e-01 1.075000e-09 3.185196e-01 1.075000e-09 5.479938e-01 
1.125000e-09 4.948448e-01 1.125000e-09 3.307148e-01 1.125000e-09 5.652692e-01 
1.175000e-09 5.158276e-01 1.175000e-09 3.429100e-01 1.175000e-09 5.822768e-01 
1.237500e-09 5.416190e-01 1.237500e-09 3.581540e-01 1.237500e-09 6.033020e-01 
1.312500e-09 5.730932e-01 1.312500e-09 3.759654e-01 1.312500e-09 6.280768e-01 
1.387500e-09 6.036932e-01 1.387500e-09 3.937768e-01 1.387500e-09 6.524500e-01 
1.462500e-09 6.347303e-01 1.462500e-09 4.114278e-01 1.462500e-09 6.764214e-01 
1.550000e-09 6.701388e-01 1.550000e-09 4.318067e-01 1.550000e-09 7.037407e-01 
1.650000e-09 7.107930e-01 1.650000e-09 4.549133e-01 1.650000e-09 7.345420e-01 
1.750000e-09 7.505729e-01 1.750000e-09 4.776991e-01 1.750000e-09 7.646736e-01 
1.850000e-09 7.903528e-01 1.850000e-09 5.003245e-01 1.850000e-09 7.944034e-01 
1.950000e-09 8.296956e-01 1.950000e-09 5.226289e-01 1.950000e-09 8.234636e-01 
2.050000e-09 8.690383e-01 2.050000e-09 5.449333e-01 2.050000e-09 8.521221e-01 
2.150000e-09 9.079440e-01 2.150000e-09 5.669168e-01 2.150000e-09 8.803790e-01 
2.250000e-09 9.464124e-01 2.250000e-09 5.895421e-01 2.250000e-09 9.119837e-01 
2.350000e-09 9.844438e-01 2.350000e-09 6.136115e-01 2.350000e-09 9.494808e-01 
2.475000e-09 1.031655e+00 2.475000e-09 6.440995e-01 2.475000e-09 9.990305e-01 
2.625000e-09 1.087609e+00 2.625000e-09 6.805248e-01 2.625000e-09 1.058357e+00 
2.750000e-09 1.133947e+00 2.750000e-09 7.108523e-01 2.750000e-09 1.107772e+00 
2.900000e-09 1.188589e+00 2.900000e-09 7.469565e-01 2.900000e-09 1.166964e+00 
3.100000e-09 1.260718e+00 3.100000e-09 7.950955e-01 3.100000e-09 1.245842e+00 
3.300000e-09 1.331535e+00 3.300000e-09 8.430740e-01 3.300000e-09 1.324586e+00 
3.500000e-09 1.401040e+00 3.500000e-09 8.907316e-01 3.500000e-09 1.403464e+00 
3.700000e-09 1.469234e+00 3.700000e-09 9.382288e-01 3.700000e-09 1.482476e+00 
3.900000e-09 1.536554e+00 3.900000e-09 9.857259e-01 3.900000e-09 1.560148e+00 
4.125000e-09 1.610431e+00 4.125000e-09 1.038839e+00 4.125000e-09 1.648534e+00 
4.375000e-09 1.691303e+00 4.375000e-09 1.097569e+00 4.375000e-09 1.746295e+00 
4.625000e-09 1.770425e+00 4.625000e-09 1.156138e+00 4.625000e-09 1.844055e+00 
4.875000e-09 1.847800e+00 4.875000e-09 1.214546e+00 4.875000e-09 1.941815e+00 
5.125000e-09 1.923425e+00 5.125000e-09 1.272795e+00 5.125000e-09 2.039576e+00 
5.375000e-09 1.997302e+00 5.375000e-09 1.330722e+00 5.375000e-09 2.137336e+00 
5.625000e-09 2.069868e+00 5.625000e-09 1.388649e+00 5.625000e-09 2.235096e+00 
5.875000e-09 2.140248e+00 5.875000e-09 1.446255e+00 5.875000e-09 2.331518e+00 
6.150000e-09 2.216310e+00 6.150000e-09 1.509639e+00 6.150000e-09 2.438652e+00 
6.450000e-09 2.297182e+00 6.450000e-09 1.578317e+00 6.450000e-09 2.555161e+00 
6.750000e-09 2.375430e+00 6.750000e-09 1.646353e+00 6.750000e-09 2.671670e+00 
7.050000e-09 2.451930e+00 7.050000e-09 1.708934e+00 7.050000e-09 2.774787e+00 
7.400000e-09 2.538047e+00 7.400000e-09 1.758678e+00 7.400000e-09 2.855138e+00 
7.800000e-09 2.632906e+00 7.800000e-09 1.803607e+00 7.800000e-09 2.923436e+00 
8.200000e-09 2.724706e+00 8.200000e-09 1.846932e+00 8.200000e-09 2.991735e+00 
8.600000e-09 2.812572e+00 8.600000e-09 1.890257e+00 8.600000e-09 3.056016e+00 
9.000000e-09 2.896940e+00 9.000000e-09 1.931978e+00 9.000000e-09 3.120296e+00 
9.400000e-09 2.978249e+00 9.400000e-09 1.973698e+00 9.400000e-09 3.181899e+00 
9.800000e-09 3.056060e+00 9.800000e-09 2.013814e+00 9.800000e-09 3.243501e+00 
1.025000e-08 3.139991e+00 1.025000e-08 2.057139e+00 1.025000e-08 3.310461e+00 
1.075000e-08 3.228731e+00 1.075000e-08 2.105278e+00 1.075000e-08 3.382776e+00 
1.125000e-08 3.312662e+00 1.125000e-08 2.151813e+00 1.125000e-08 3.452414e+00 
1.175000e-08 3.391785e+00 1.175000e-08 2.198347e+00 1.175000e-08 3.522052e+00 
1.237500e-08 3.484459e+00 1.237500e-08 2.252904e+00 1.237500e-08 3.605081e+00 
1.312500e-08 3.587625e+00 1.312500e-08 2.318694e+00 1.312500e-08 3.702841e+00 
1.387500e-08 3.681610e+00 1.387500e-08 2.381275e+00 1.387500e-08 3.797923e+00 
1.462500e-08 3.766853e+00 1.462500e-08 2.442251e+00 1.462500e-08 3.888988e+00 
1.550000e-08 3.855593e+00 1.550000e-08 2.512855e+00 1.550000e-08 3.993444e+00 
1.650000e-08 3.944770e+00 1.650000e-08 2.589877e+00 1.650000e-08 4.108613e+00 
1.750000e-08 4.021707e+00 1.750000e-08 2.633202e+00 1.750000e-08 4.167538e+00 
1.850000e-08 4.085967e+00 1.850000e-08 2.628388e+00 1.850000e-08 4.151467e+00 
1.950000e-08 4.139735e+00 1.950000e-08 2.610738e+00 1.950000e-08 4.112631e+00 
2.050000e-08 4.183012e+00 2.050000e-08 2.594691e+00 2.050000e-08 4.075134e+00 
2.150000e-08 4.216671e+00 2.150000e-08 2.578645e+00 2.150000e-08 4.041654e+00 
2.250000e-08 4.241152e+00 2.250000e-08 2.564203e+00 2.250000e-08 4.008175e+00 
2.350000e-08 4.257763e+00 2.350000e-08 2.549762e+00 2.350000e-08 3.977374e+00 
2.475000e-08 4.266507e+00 2.475000e-08 2.533715e+00 2.475000e-08 3.941216e+00 
2.625000e-08 4.264321e+00 2.625000e-08 2.514460e+00 2.625000e-08 3.901040e+00 
2.750000e-08 4.252518e+00 2.750000e-08 2.498413e+00 2.750000e-08 3.867561e+00 
2.900000e-08 4.223667e+00 2.900000e-08 2.482367e+00 2.900000e-08 3.831403e+00 
3.100000e-08 4.171209e+00 3.100000e-08 2.461507e+00 3.100000e-08 3.787210e+00 
3.300000e-08 4.102578e+00 3.300000e-08 2.442251e+00 3.300000e-08 3.744356e+00 
3.500000e-08 4.019958e+00 3.500000e-08 2.422996e+00 3.500000e-08 3.705519e+00 
3.700000e-08 3.926410e+00 3.700000e-08 2.406949e+00 3.700000e-08 3.669362e+00 
3.900000e-08 3.823682e+00 3.900000e-08 2.390903e+00 3.900000e-08 3.634542e+00 
4.125000e-08 3.698659e+00 4.125000e-08 2.373252e+00 4.125000e-08 3.598385e+00 
4.375000e-08 3.553528e+00 4.375000e-08 2.355601e+00 4.375000e-08 3.560888e+00 
4.625000e-08 3.402713e+00 4.625000e-08 2.299439e+00 4.625000e-08 3.464466e+00 
4.875000e-08 3.249277e+00 4.875000e-08 2.193533e+00 4.875000e-08 3.286355e+00 
5.125000e-08 3.045131e+00 5.125000e-08 2.079604e+00 5.125000e-08 3.100209e+00 
5.375000e-08 2.809949e+00 5.375000e-08 1.976907e+00 5.375000e-08 2.932811e+00 
5.625000e-08 2.602744e+00 5.625000e-08 1.883839e+00 5.625000e-08 2.781483e+00 
5.875000e-08 2.419144e+00 5.875000e-08 1.798793e+00 5.875000e-08 2.643548e+00 
6.150000e-08 2.239916e+00 6.150000e-08 1.712143e+00 6.150000e-08 2.506951e+00 
6.450000e-08 2.067245e+00 6.450000e-08 1.628702e+00 6.450000e-08 2.370354e+00 
6.750000e-08 1.914682e+00 6.750000e-08 1.551359e+00 6.750000e-08 2.248488e+00 
7.050000e-08 1.786600e+00 7.050000e-08 1.481236e+00 7.050000e-08 2.137336e+00 
7.400000e-08 1.665948e+00 7.400000e-08 1.406942e+00 7.400000e-08 2.019488e+00 
7.800000e-08 1.547046e+00 7.800000e-08 1.330240e+00 7.800000e-08 1.898962e+00 
8.200000e-08 1.441694e+00 8.200000e-08 1.258032e+00 8.200000e-08 1.786470e+00 
8.600000e-08 1.348146e+00 8.600000e-08 1.157743e+00 8.600000e-08 1.633803e+00 
9.000000e-08 1.264652e+00 9.000000e-08 1.040123e+00 9.000000e-08 1.457031e+00 
9.400000e-08 1.189463e+00 9.400000e-08 9.387102e-01 9.400000e-08 1.306507e+00 
9.800000e-08 1.121706e+00 9.800000e-08 8.509367e-01 9.800000e-08 1.176472e+00 
1.025000e-07 1.047830e+00 1.025000e-07 7.657307e-01 1.025000e-07 1.051259e+00 
1.075000e-07 9.704553e-01 1.075000e-07 6.843759e-01 1.075000e-07 9.326071e-01 
1.125000e-07 9.013868e-01 1.125000e-07 6.148952e-01 1.125000e-07 8.317665e-01 
1.175000e-07 8.401870e-01 1.175000e-07 5.550424e-01 1.175000e-07 7.456571e-01 
1.237500e-07 7.728671e-01 1.237500e-07 4.895734e-01 1.237500e-07 6.516465e-01 
1.312500e-07 7.029244e-01 1.312500e-07 4.215370e-01 1.312500e-07 5.537522e-01 
1.387500e-07 6.421617e-01 1.387500e-07 3.647330e-01 1.387500e-07 4.728655e-01 
1.462500e-07 5.901418e-01 1.462500e-07 3.180382e-01 1.462500e-07 4.071116e-01 
1.550000e-07 5.372475e-01 1.550000e-07 2.735899e-01 1.550000e-07 3.453753e-01 
1.650000e-07 4.856648e-01 1.650000e-07 2.325113e-01 1.650000e-07 2.891296e-01 
1.750000e-07 4.415135e-01 1.750000e-07 2.005791e-01 1.750000e-07 2.462758e-01 
1.850000e-07 4.034821e-01 1.850000e-07 1.763491e-01 1.850000e-07 2.142693e-01 
1.950000e-07 3.705216e-01 1.950000e-07 1.568047e-01 1.950000e-07 1.888248e-01 
2.050000e-07 3.412331e-01 2.050000e-07 1.402609e-01 2.050000e-07 1.673979e-01 
2.150000e-07 3.150483e-01 2.150000e-07 1.261241e-01 2.150000e-07 1.493189e-01 
2.250000e-07 2.918797e-01 2.250000e-07 1.139771e-01 2.250000e-07 1.339183e-01 
2.350000e-07 2.712029e-01 2.350000e-07 1.034346e-01 2.350000e-07 1.206738e-01 
2.475000e-07 2.485152e-01 2.475000e-07 9.221824e-02 2.475000e-07 1.066391e-01 
2.625000e-07 2.245599e-01 2.625000e-07 8.087347e-02 2.625000e-07 9.259112e-02 
2.750000e-07 2.068993e-01 2.750000e-07 7.286637e-02 2.750000e-07 8.276151e-02 
2.900000e-07 1.887142e-01 2.900000e-07 6.628737e-02 2.900000e-07 7.465945e-02 
3.100000e-07 1.675128e-01 3.100000e-07 6.057488e-02 3.100000e-07 6.754839e-02 
3.300000e-07 1.492403e-01 3.300000e-07 5.645098e-02 3.300000e-07 6.239253e-02 
3.500000e-07 1.338966e-01 3.500000e-07 5.284056e-02 3.500000e-07 5.790627e-02 
3.700000e-07 1.208698e-01 3.700000e-07 4.963129e-02 3.700000e-07 5.396908e-02 
3.900000e-07 1.097664e-01 3.900000e-07 4.677504e-02 3.900000e-07 5.047381e-02 
4.125000e-07 9.910009e-02 4.125000e-07 4.391880e-02 4.125000e-07 4.701871e-02 
4.375000e-07 8.900212e-02 4.375000e-07 4.111069e-02 4.375000e-07 4.364398e-02 
4.625000e-07 8.043414e-02 4.625000e-07 3.860746e-02 4.625000e-07 4.067099e-02 
4.875000e-07 7.309015e-02 4.875000e-07 3.637702e-02 4.875000e-07 3.803280e-02 
5.125000e-07 6.653302e-02 5.125000e-07 3.419472e-02 5.125000e-07 3.568923e-02 
5.375000e-07 6.063160e-02 5.375000e-07 3.207661e-02 5.375000e-07 3.358671e-02 
5.625000e-07 5.551704e-02 5.625000e-07 3.016710e-02 5.625000e-07 3.169846e-02 
5.875000e-07 5.101447e-02 5.875000e-07 2.846619e-02 5.875000e-07 2.998431e-02 
6.150000e-07 4.668676e-02 6.150000e-07 2.676527e-02 6.150000e-07 2.828355e-02 
6.450000e-07 4.255140e-02 6.450000e-07 2.511250e-02 6.450000e-07 2.662296e-02 
6.750000e-07 3.895810e-02 6.750000e-07 2.362019e-02 6.750000e-07 2.512307e-02 
7.050000e-07 3.590684e-02 7.050000e-07 2.251299e-02 7.050000e-07 2.389103e-02 
7.400000e-07 3.297362e-02 7.400000e-07 2.163045e-02 7.400000e-07 2.279289e-02 
7.800000e-07 3.009723e-02 7.800000e-07 2.073185e-02 7.800000e-07 2.164120e-02 
8.200000e-07 2.759678e-02 8.200000e-07 1.991349e-02 8.200000e-07 2.062342e-02 
8.600000e-07 2.541107e-02 8.600000e-07 1.915932e-02 8.600000e-07 1.968599e-02 
9.000000e-07 2.348327e-02 9.000000e-07 1.846932e-02 9.000000e-07 1.882891e-02 
9.399999e-07 2.178279e-02 9.399999e-07 1.781142e-02 9.399999e-07 1.803879e-02 
9.800000e-07 2.026591e-02 9.800000e-07 1.705725e-02 9.800000e-07 1.724868e-02 
1.025000e-06 1.881897e-02 1.025000e-06 1.620679e-02 1.025000e-06 1.640499e-02 
1.075000e-06 1.745508e-02 1.075000e-06 1.535473e-02 1.075000e-06 1.556131e-02 
1.125000e-06 1.624420e-02 1.125000e-06 1.457809e-02 1.125000e-06 1.478458e-02 
1.175000e-06 1.516883e-02 1.175000e-06 1.387205e-02 1.175000e-06 1.408821e-02 
1.237500e-06 1.397980e-02 1.237500e-06 1.307776e-02 1.237500e-06 1.330077e-02 
1.312500e-06 1.273832e-02 1.312500e-06 1.222730e-02 1.312500e-06 1.245440e-02 
1.387500e-06 1.166732e-02 1.387500e-06 1.147473e-02 1.387500e-06 1.170580e-02 
1.462500e-06 1.074058e-02 1.462500e-06 1.080560e-02 1.462500e-06 1.103755e-02 
1.550000e-06 9.800724e-03 1.550000e-06 1.011400e-02 1.550000e-06 1.034653e-02 
1.650000e-06 8.882727e-03 1.650000e-06 9.415984e-03 1.650000e-06 9.648814e-03 
1.750000e-06 8.095870e-03 1.750000e-06 8.804619e-03 1.750000e-06 9.034129e-03 
1.850000e-06 7.413929e-03 1.850000e-06 8.286323e-03 1.850000e-06 8.510508e-03 
1.950000e-06 6.828159e-03 1.950000e-06 7.872327e-03 1.950000e-06 8.079291e-03 
2.050000e-06 6.342931e-03 2.050000e-06 7.525727e-03 2.050000e-06 7.711015e-03 
2.150000e-06 5.940761e-03 2.150000e-06 7.208010e-03 2.150000e-06 7.374881e-03 
2.250000e-06 5.586675e-03 2.250000e-06 6.919176e-03 2.250000e-06 7.069547e-03 
2.350000e-06 5.267561e-03 2.350000e-06 6.652806e-03 2.350000e-06 6.788319e-03 
2.475000e-06 4.909105e-03 2.475000e-06 6.349532e-03 2.475000e-06 6.468254e-03 
2.625000e-06 4.528792e-03 2.625000e-06 6.020582e-03 2.625000e-06 6.122745e-03 
2.750000e-06 4.253829e-03 2.750000e-06 5.771864e-03 2.750000e-06 5.861604e-03 
2.900000e-06 3.961818e-03 2.900000e-06 5.503890e-03 2.900000e-06 5.580375e-03 
3.100000e-06 3.633087e-03 3.100000e-06 5.181358e-03 3.100000e-06 5.242902e-03 
3.300000e-06 3.362934e-03 3.300000e-06 4.897339e-03 3.300000e-06 4.945603e-03 
3.500000e-06 3.128625e-03 3.500000e-06 4.643807e-03 3.500000e-06 4.681784e-03 
3.700000e-06 2.923606e-03 3.700000e-06 4.415949e-03 3.700000e-06 4.444749e-03 
3.900000e-06 2.741755e-03 3.900000e-06 4.215370e-03 3.900000e-06 4.231818e-03 
4.125000e-06 2.559904e-03 4.125000e-06 4.022814e-03 4.125000e-06 4.014871e-03 
4.375000e-06 2.378490e-03 4.375000e-06 3.838281e-03 4.375000e-06 3.799262e-03 
4.625000e-06 2.218059e-03 4.625000e-06 3.671400e-03 4.625000e-06 3.605081e-03 
4.875000e-06 2.075550e-03 4.875000e-06 3.520565e-03 4.875000e-06 3.430987e-03 
5.125000e-06 1.951402e-03 5.125000e-06 3.382566e-03 5.125000e-06 3.272963e-03 
5.375000e-06 1.842117e-03 5.375000e-06 3.255800e-03 5.375000e-06 3.129670e-03 
5.625000e-06 1.743322e-03 5.625000e-06 3.138661e-03 5.625000e-06 2.999770e-03 
5.875000e-06 1.651085e-03 5.875000e-06 3.031151e-03 5.875000e-06 2.879244e-03 
6.150000e-06 1.558411e-03 6.150000e-06 2.923641e-03 6.150000e-06 2.757378e-03 
6.450000e-06 1.467486e-03 6.450000e-06 2.808107e-03 6.450000e-06 2.636852e-03 
6.750000e-06 1.384866e-03 6.750000e-06 2.692574e-03 6.750000e-06 2.525699e-03 
7.050000e-06 1.311863e-03 7.050000e-06 2.578645e-03 7.050000e-06 2.423921e-03 
7.400000e-06 1.239735e-03 7.400000e-06 2.456693e-03 7.400000e-06 2.314108e-03 
7.800000e-06 1.167606e-03 7.800000e-06 2.331532e-03 7.800000e-06 2.201617e-03 
8.200001e-06 1.102909e-03 8.200001e-06 2.217602e-03 8.200001e-06 2.099839e-03 
8.600000e-06 1.044332e-03 8.600000e-06 2.114906e-03 8.600000e-06 2.006096e-03 
8.999999e-06 9.918754e-04 8.999999e-06 2.021837e-03 8.999999e-06 1.921728e-03 
9.400001e-06 9.442267e-04 9.400001e-06 1.936792e-03 9.400001e-06 1.844055e-03 
9.800000e-06 9.009497e-04 9.800000e-06 1.858165e-03 9.800000e-06 1.771739e-03 
1.025000e-05 8.620440e-04 1.025000e-05 1.776329e-03 1.025000e-05 1.698084e-03 
1.075000e-05 8.266356e-04 1.075000e-05 1.696097e-03 1.075000e-05 1.624429e-03 
1.125000e-05 7.942871e-04 1.125000e-05 1.622284e-03 1.125000e-05 1.560148e-03 
1.175000e-05 7.645615e-04 1.175000e-05 1.556815e-03 1.175000e-05 1.502563e-03 
1.237500e-05 7.309015e-04 1.237500e-05 1.481878e-03 1.237500e-05 1.436943e-03 
1.312500e-05 6.946187e-04 1.312500e-05 1.400684e-03 1.312500e-05 1.364627e-03 
1.387500e-05 6.618331e-04 1.387500e-05 1.328315e-03 1.387500e-05 1.300748e-03 
1.462500e-05 6.321074e-04 1.462500e-05 1.263167e-03 1.462500e-05 1.242494e-03 
1.550000e-05 6.015074e-04 1.550000e-05 1.194970e-03 1.550000e-05 1.181428e-03 
1.650000e-05 5.700332e-04 1.650000e-05 1.125650e-03 1.650000e-05 1.118887e-03 
1.750000e-05 5.416190e-04 1.750000e-05 1.064995e-03 1.750000e-05 1.062508e-03 
1.850000e-05 5.162648e-04 1.850000e-05 1.012363e-03 1.850000e-05 1.010681e-03 
1.950000e-05 4.935333e-04 1.950000e-05 9.661493e-04 1.950000e-05 9.631405e-04 
2.050000e-05 4.738620e-04 2.050000e-05 9.241080e-04 2.050000e-05 9.201526e-04 
2.150000e-05 4.568134e-04 2.150000e-05 8.857572e-04 2.150000e-05 8.809146e-04 
2.250000e-05 4.410763e-04 2.250000e-05 8.507763e-04 2.250000e-05 8.451585e-04 
2.350000e-05 4.266069e-04 2.350000e-05 8.185231e-04 2.350000e-05 8.122146e-04 
2.475000e-05 4.100392e-04 2.475000e-05 7.817770e-04 2.475000e-05 7.747174e-04 
2.625000e-05 3.919416e-04 2.625000e-05 7.419822e-04 2.625000e-05 7.341402e-04 
2.750000e-05 3.781715e-04 2.750000e-05 7.118151e-04 2.750000e-05 7.034728e-04 
2.900000e-05 3.631776e-04 2.900000e-05 6.774759e-04 2.900000e-05 6.695914e-04 
3.100000e-05 3.454733e-04 3.100000e-05 6.339903e-04 3.100000e-05 6.280768e-04 
3.300000e-05 3.300422e-04 3.300000e-05 5.943560e-04 3.300000e-05 5.909814e-04 
3.500000e-05 3.161411e-04 3.500000e-05 5.592145e-04 3.500000e-05 5.579036e-04 
3.700000e-05 3.035514e-04 3.700000e-05 5.280846e-04 3.700000e-05 5.284416e-04 
3.900000e-05 2.921420e-04 3.900000e-05 5.001641e-04 3.900000e-05 5.019258e-04 
4.125000e-05 2.808638e-04 4.125000e-05 4.719225e-04 4.125000e-05 4.752761e-04 
4.375000e-05 2.691046e-04 4.375000e-05 4.441623e-04 4.375000e-05 4.487602e-04 
4.625000e-05 2.585258e-04 4.625000e-05 4.192906e-04 4.625000e-05 4.250567e-04 
4.875000e-05 2.490835e-04 4.875000e-05 3.992326e-04 4.875000e-05 4.038976e-04 
5.125000e-05 2.407779e-04 5.125000e-05 3.831863e-04 5.125000e-05 3.848812e-04 
5.375000e-05 2.370621e-04 5.375000e-05 3.689050e-04 5.375000e-05 3.677396e-04 
5.625000e-05 2.313793e-04 5.625000e-05 3.557471e-04 5.625000e-05 3.520712e-04 
5.875000e-05 2.238167e-04 5.875000e-05 3.435519e-04 5.875000e-05 3.376080e-04 
6.150000e-05 2.161667e-04 6.150000e-05 3.311962e-04 6.150000e-05 3.231449e-04 
6.450000e-05 2.084730e-04 6.450000e-05 3.188405e-04 6.450000e-05 3.086817e-04 
6.750000e-05 2.012165e-04 6.750000e-05 3.074476e-04 6.750000e-05 2.955577e-04 
7.050000e-05 1.926485e-04 7.050000e-05 2.970175e-04 7.050000e-05 2.835051e-04 
7.400000e-05 1.860913e-04 7.400000e-05 2.857851e-04 7.400000e-05 2.705150e-04 
7.800000e-05 1.791845e-04 7.800000e-05 2.737503e-04 7.800000e-05 2.572571e-04 
8.200000e-05 1.730645e-04 8.200000e-05 2.617156e-04 8.200000e-05 2.453383e-04 
8.600000e-05 1.676002e-04 8.600000e-05 2.501622e-04 8.600000e-05 2.344909e-04 
9.000000e-05 1.574586e-04 9.000000e-05 2.397321e-04 9.000000e-05 2.245810e-04 
9.400000e-05 1.527374e-04 9.400000e-05 2.299439e-04 9.400000e-05 2.154746e-04 
9.800000e-05 1.518194e-04 9.800000e-05 2.211184e-04 9.800000e-05 2.070377e-04 
1.025000e-04 1.472732e-04 1.025000e-04 2.119720e-04 1.025000e-04 1.984669e-04 
1.075000e-04 1.426394e-04 1.075000e-04 2.026651e-04 1.075000e-04 1.896283e-04 
1.125000e-04 1.385303e-04 1.125000e-04 1.941606e-04 1.125000e-04 1.815932e-04 
1.175000e-04 1.344649e-04 1.175000e-04 1.862978e-04 1.175000e-04 1.742277e-04 
1.237500e-04 1.279078e-04 1.237500e-04 1.773119e-04 1.237500e-04 1.659248e-04 
1.312500e-04 1.240609e-04 1.312500e-04 1.678446e-04 1.312500e-04 1.570862e-04 
1.387500e-04 1.212195e-04 1.387500e-04 1.595326e-04 1.387500e-04 1.493189e-04 
1.462500e-04 1.179846e-04 1.462500e-04 1.520871e-04 1.462500e-04 1.423552e-04 
1.550000e-04 1.136132e-04 1.550000e-04 1.442565e-04 1.550000e-04 1.349896e-04 
1.650000e-04 1.090669e-04 1.650000e-04 1.362815e-04 1.650000e-04 1.276108e-04 
1.750000e-04 1.049141e-04 1.750000e-04 1.291890e-04 1.750000e-04 1.209952e-04 
1.850000e-04 1.006301e-04 1.850000e-04 1.228186e-04 1.850000e-04 1.150626e-04 
1.950000e-04 9.617125e-05 1.950000e-04 1.170740e-04 1.950000e-04 1.097059e-04 
2.050000e-04 9.311125e-05 2.050000e-04 1.118589e-04 2.050000e-04 1.048446e-04 
2.150000e-04 9.040097e-05 2.150000e-04 1.071092e-04 2.150000e-04 1.003985e-04 
2.250000e-04 8.821526e-05 2.250000e-04 1.027286e-04 2.250000e-04 9.627386e-05 
2.350000e-04 8.616069e-05 2.350000e-04 9.870096e-05 2.350000e-04 9.247059e-05 
2.475000e-04 8.323184e-05 2.475000e-04 9.412775e-05 2.475000e-04 8.815841e-05 
2.625000e-04 8.052156e-05 2.625000e-04 8.916944e-05 2.625000e-04 8.347128e-05 
2.750000e-04 7.785499e-05 2.750000e-04 8.541460e-05 2.750000e-04 7.993583e-05 
2.900000e-04 7.510100e-05 2.900000e-04 8.137093e-05 2.900000e-04 7.611915e-05 
3.100000e-04 7.199728e-05 3.100000e-04 7.649283e-05 3.100000e-04 7.153915e-05 
3.300000e-04 6.915587e-05 3.300000e-04 7.212823e-05 3.300000e-04 6.744126e-05 
3.500000e-04 6.653302e-05 3.500000e-04 6.822898e-05 3.500000e-04 6.375850e-05 
3.700000e-04 6.417245e-05 3.700000e-04 6.471483e-05 3.700000e-04 6.047750e-05 
3.900000e-04 6.207417e-05 3.900000e-04 6.156976e-05 3.900000e-04 5.751791e-05 
4.125000e-04 6.001960e-05 4.125000e-04 5.861723e-05 4.125000e-04 5.469223e-05 
4.375000e-04 5.800874e-05 4.375000e-04 5.584122e-05 4.375000e-04 5.202726e-05 
4.625000e-04 5.573561e-05 4.625000e-04 5.335404e-05 4.625000e-04 4.963012e-05 
4.875000e-04 5.381218e-05 4.875000e-04 5.109150e-05 4.875000e-04 4.746064e-05 
5.125000e-04 5.132048e-05 5.125000e-04 4.905362e-05 5.125000e-04 4.542509e-05 
5.375000e-04 4.887248e-05 5.375000e-04 4.722434e-05 5.375000e-04 4.344309e-05 
5.625000e-04 4.655563e-05 5.625000e-04 4.555552e-05 5.625000e-04 4.155485e-05 
5.875000e-04 4.471963e-05 5.875000e-04 4.401508e-05 5.875000e-04 3.982730e-05 
6.150000e-04 4.272189e-05 6.150000e-04 4.244254e-05 6.150000e-04 3.808637e-05 
6.450000e-04 4.089464e-05 6.450000e-04 4.088604e-05 6.450000e-04 3.635882e-05 
6.750000e-04 3.887941e-05 6.750000e-04 3.899257e-05 6.750000e-04 3.485893e-05 
7.050000e-04 3.717019e-05 7.050000e-04 3.685842e-05 7.050000e-04 3.358672e-05 
7.400000e-04 3.570577e-05 7.400000e-04 3.459588e-05 7.400000e-04 3.222075e-05 
7.800000e-04 3.427631e-05 7.800000e-04 3.230126e-05 7.800000e-04 3.078781e-05 
8.200000e-04 3.274631e-05 8.200000e-04 3.026337e-05 8.200000e-04 2.948881e-05 
8.600000e-04 3.152668e-05 8.600000e-04 2.864269e-05 8.600000e-04 2.843086e-05 
9.000000e-04 3.035514e-05 9.000000e-04 2.739108e-05 9.000000e-04 2.760056e-05 
9.400000e-04 2.917923e-05 9.400000e-04 2.631598e-05 9.400000e-04 2.685062e-05 
9.800000e-04 2.837489e-05 9.800000e-04 2.532110e-05 9.800000e-04 2.615424e-05 
1.025000e-03 2.729515e-05 1.025000e-03 2.439042e-05 1.025000e-03 2.508290e-05 
1.075000e-03 2.606240e-05 1.075000e-03 2.365229e-05 1.075000e-03 2.347588e-05 
1.125000e-03 2.492147e-05 1.125000e-03 2.305857e-05 1.125000e-03 2.177512e-05 
1.175000e-03 2.389856e-05 1.175000e-03 2.260927e-05 1.175000e-03 2.047611e-05 
1.237500e-03 2.267018e-05 1.237500e-03 2.225625e-05 1.237500e-03 1.932441e-05 
1.312500e-03 2.137625e-05 1.312500e-03 2.145394e-05 1.312500e-03 1.813254e-05 
1.387500e-03 2.025716e-05 1.387500e-03 1.991349e-05 1.387500e-03 1.703441e-05 
1.462500e-03 1.924299e-05 1.462500e-03 1.826072e-05 1.462500e-03 1.609698e-05 
1.550000e-03 1.819385e-05 1.550000e-03 1.716957e-05 1.550000e-03 1.550774e-05 
1.650000e-03 1.713159e-05 1.650000e-03 1.643144e-05 1.650000e-03 1.513277e-05 
1.750000e-03 1.617425e-05 1.750000e-03 1.549273e-05 1.750000e-03 1.457031e-05 
1.850000e-03 1.533494e-05 1.850000e-03 1.442404e-05 1.850000e-03 1.387394e-05 
1.950000e-03 1.456557e-05 1.950000e-03 1.366184e-05 1.950000e-03 1.318024e-05 
2.050000e-03 1.389237e-05 2.050000e-03 1.317083e-05 2.050000e-03 1.246779e-05 
2.150000e-03 1.331098e-05 2.150000e-03 1.270548e-05 2.150000e-03 1.187721e-05 
2.250000e-03 1.274706e-05 2.250000e-03 1.217756e-05 2.250000e-03 1.150894e-05 
2.350000e-03 1.222686e-05 2.350000e-03 1.163038e-05 2.350000e-03 1.127458e-05 
2.475000e-03 1.164546e-05 2.475000e-03 1.121317e-05 2.475000e-03 1.080185e-05 
2.625000e-03 1.102472e-05 2.625000e-03 1.102383e-05 2.625000e-03 1.003450e-05 
2.750000e-03 1.055698e-05 2.750000e-03 1.091150e-05 2.750000e-03 9.407760e-06 
2.900000e-03 1.005427e-05 2.900000e-03 1.026484e-05 2.900000e-03 8.979222e-06 
3.100000e-03 9.477239e-06 3.100000e-03 9.332543e-06 3.100000e-03 8.529257e-06 
3.300000e-03 8.996382e-06 3.300000e-03 8.868805e-06 3.300000e-03 7.901180e-06 
3.500000e-03 8.576728e-06 3.500000e-03 8.676248e-06 3.500000e-03 7.235606e-06 
3.700000e-03 8.196413e-06 3.700000e-03 8.334462e-06 3.700000e-03 6.900810e-06 
3.900000e-03 7.842328e-06 3.900000e-03 7.893189e-06 3.900000e-03 6.800371e-06 
4.125000e-03 7.483872e-06 4.125000e-03 7.490426e-06 4.125000e-03 6.545927e-06 
4.375000e-03 7.125415e-06 4.375000e-03 7.132593e-06 4.375000e-03 6.134798e-06 
4.625000e-03 6.797559e-06 4.625000e-03 6.680086e-06 4.625000e-03 5.733043e-06 
4.875000e-03 6.500302e-06 4.875000e-03 6.086371e-06 4.875000e-03 5.362089e-06 
5.125000e-03 6.203045e-06 5.125000e-03 5.569680e-06 5.125000e-03 5.040685e-06 
5.375000e-03 5.914532e-06 5.375000e-03 5.354659e-06 5.375000e-03 4.807667e-06 
5.625000e-03 5.647875e-06 5.625000e-03 5.345031e-06 5.625000e-03 4.637591e-06 
5.875000e-03 5.407447e-06 5.875000e-03 5.285660e-06 5.875000e-03 4.486263e-06 
6.150000e-03 5.167019e-06 6.150000e-03 5.104337e-06 6.150000e-03 4.345649e-06 
6.450000e-03 4.930962e-06 6.450000e-03 4.865246e-06 6.450000e-03 4.210391e-06 
6.750000e-03 4.708020e-06 6.750000e-03 4.683923e-06 6.750000e-03 4.059064e-06 
7.050000e-03 4.520049e-06 7.050000e-03 4.561970e-06 7.050000e-03 3.887648e-06 
7.400000e-03 4.348689e-06 7.400000e-03 4.430391e-06 7.400000e-03 3.698824e-06 
7.800000e-03 4.179952e-06 7.800000e-03 4.181672e-06 7.800000e-03 3.507320e-06 
8.200000e-03 4.024330e-06 8.200000e-03 3.868769e-06 8.200000e-03 3.337245e-06 
8.600000e-03 3.886193e-06 8.600000e-03 3.623261e-06 8.600000e-03 3.196630e-06 
9.000000e-03 3.759422e-06 9.000000e-03 3.457983e-06 9.000000e-03 3.089496e-06 
9.400001e-03 3.644016e-06 9.400001e-03 3.326404e-06 9.400001e-03 2.997092e-06 
9.800000e-03 3.536042e-06 9.800000e-03 3.215684e-06 9.800000e-03 2.928793e-06 
1.025000e-02 3.406211e-06 1.025000e-02 3.112987e-06 1.025000e-02 2.883261e-06 
1.075000e-02 3.259331e-06 1.075000e-02 3.011896e-06 1.075000e-02 2.841746e-06 
1.125000e-02 3.126440e-06 1.125000e-02 2.907594e-06 1.125000e-02 2.723898e-06 
1.175000e-02 3.005351e-06 1.175000e-02 2.798479e-06 1.175000e-02 2.539091e-06 
1.237500e-02 2.865903e-06 1.237500e-02 2.671713e-06 1.237500e-02 2.346249e-06 
1.312500e-02 2.715963e-06 1.312500e-02 2.527296e-06 1.312500e-02 2.162780e-06 
1.387500e-02 2.580887e-06 1.387500e-02 2.397321e-06 1.387500e-02 2.023506e-06 
1.462500e-02 2.459361e-06 1.462500e-02 2.299439e-06 1.462500e-02 1.943155e-06 
1.550000e-02 2.332590e-06 1.550000e-02 2.212789e-06 1.550000e-02 1.898962e-06 
1.650000e-02 2.203633e-06 1.650000e-02 2.127743e-06 1.650000e-02 1.846733e-06 
1.750000e-02 2.087791e-06 1.750000e-02 2.053930e-06 1.750000e-02 1.791827e-06 
1.850000e-02 1.984625e-06 1.850000e-02 1.976907e-06 1.850000e-02 1.715493e-06 
1.950000e-02 1.891514e-06 1.950000e-02 1.895071e-06 1.950000e-02 1.619072e-06 
2.050000e-02 1.813265e-06 2.050000e-02 1.822863e-06 2.050000e-02 1.532025e-06 
2.150000e-02 1.746382e-06 2.150000e-02 1.763491e-06 2.150000e-02 1.461049e-06 
2.250000e-02 1.686057e-06 2.250000e-02 1.713748e-06 2.250000e-02 1.399446e-06 
2.350000e-02 1.630540e-06 2.350000e-02 1.657585e-06 2.350000e-02 1.347218e-06 
2.475000e-02 1.566717e-06 2.475000e-02 1.578477e-06 2.475000e-02 1.293651e-06 
2.625000e-02 1.496774e-06 2.625000e-02 1.475139e-06 2.625000e-02 1.224683e-06 
2.750000e-02 1.443880e-06 2.750000e-02 1.387044e-06 2.750000e-02 1.180356e-06 
2.900000e-02 1.385740e-06 2.900000e-02 1.293173e-06 2.900000e-02 1.161875e-06 
3.100000e-02 1.314486e-06 3.100000e-02 1.210374e-06 3.100000e-02 1.120762e-06 
3.300000e-02 1.250663e-06 3.300000e-02 1.162396e-06 3.300000e-02 1.065856e-06 
3.500000e-02 1.192523e-06 3.500000e-02 1.119071e-06 3.500000e-02 1.016574e-06 
3.700000e-02 1.140941e-06 3.700000e-02 1.077350e-06 3.700000e-02 9.723808e-07 
3.900000e-02 1.093729e-06 3.900000e-02 1.037235e-06 3.900000e-02 9.324731e-07 
4.125000e-02 1.046081e-06 4.125000e-02 9.961560e-07 4.125000e-02 8.918959e-07 
4.375000e-02 9.979952e-07 4.375000e-02 9.545960e-07 4.375000e-02 8.511847e-07 
4.625000e-02 9.547183e-07 4.625000e-02 9.175291e-07 4.625000e-02 8.150267e-07 
4.875000e-02 9.149383e-07 4.875000e-02 8.846341e-07 4.875000e-02 7.832882e-07 
5.125000e-02 8.777812e-07 5.125000e-02 8.549483e-07 5.125000e-02 7.547636e-07 
5.375000e-02 8.423727e-07 5.375000e-02 8.276696e-07 5.375000e-02 7.286495e-07 
5.625000e-02 8.100243e-07 5.625000e-02 8.023164e-07 5.625000e-02 7.045442e-07 
5.875000e-02 7.807356e-07 5.875000e-02 7.790492e-07 5.875000e-02 6.823138e-07 
6.150000e-02 7.505728e-07 6.150000e-02 7.562634e-07 6.150000e-02 6.596816e-07 
6.450000e-02 7.204101e-07 6.450000e-02 7.337985e-07 6.450000e-02 6.371832e-07 
6.750000e-02 6.928701e-07 6.750000e-02 7.129383e-07 6.750000e-02 6.162921e-07 
7.050000e-02 6.692644e-07 7.050000e-02 6.935222e-07 7.050000e-02 5.968739e-07 
7.400000e-02 6.482816e-07 7.400000e-02 6.726620e-07 7.400000e-02 5.761166e-07 
7.799999e-02 6.272988e-07 7.799999e-02 6.513204e-07 7.799999e-02 5.565644e-07 
8.200000e-02 6.080646e-07 8.200000e-02 6.325461e-07 8.200000e-02 5.407621e-07 
8.600000e-02 5.897046e-07 8.600000e-02 6.150557e-07 8.600000e-02 5.262989e-07 
9.000000e-02 5.735304e-07 9.000000e-02 5.990094e-07 9.000000e-02 5.129071e-07 
9.400000e-02 5.577933e-07 9.400000e-02 5.839258e-07 9.400000e-02 5.004526e-07 
9.800000e-02 5.429304e-07 9.800000e-02 5.699656e-07 9.800000e-02 4.885340e-07 
1.025000e-01 5.263190e-07 1.025000e-01 5.553633e-07 1.025000e-01 4.755439e-07 
1.075000e-01 5.075219e-07 1.075000e-01 5.402798e-07 1.075000e-01 4.620182e-07 
1.125000e-01 4.900363e-07 1.125000e-01 5.263195e-07 1.125000e-01 4.494298e-07 
1.175000e-01 4.738619e-07 1.175000e-01 5.131615e-07 1.175000e-01 4.376450e-07 
1.237500e-01 4.559392e-07 1.237500e-01 4.983989e-07 1.237500e-01 4.243871e-07 
1.312500e-01 4.358743e-07 1.312500e-01 4.829944e-07 1.312500e-01 4.107274e-07 
1.387500e-01 4.179078e-07 1.387500e-01 4.695156e-07 1.387500e-01 3.990766e-07 
1.462500e-01 4.015587e-07 1.462500e-01 4.573203e-07 1.462500e-01 3.883631e-07 
1.550000e-01 3.842916e-07 1.550000e-01 4.440018e-07 1.550000e-01 3.768461e-07 
1.650000e-01 3.664998e-07 1.650000e-01 4.313253e-07 1.650000e-01 3.639899e-07 
1.750000e-01 3.504568e-07 1.750000e-01 4.208952e-07 1.750000e-01 3.509999e-07 
1.850000e-01 3.359000e-07 1.850000e-01 4.115883e-07 1.850000e-01 3.390811e-07 
1.950000e-01 3.226983e-07 1.950000e-01 4.029233e-07 1.950000e-01 3.282338e-07 
2.050000e-01 3.105020e-07 2.050000e-01 3.945792e-07 2.050000e-01 3.187256e-07 
2.150000e-01 2.992237e-07 2.150000e-01 3.862351e-07 2.150000e-01 3.124314e-07 
2.250000e-01 2.888198e-07 2.250000e-01 3.780515e-07 2.250000e-01 3.082799e-07 
2.350000e-01 2.792026e-07 2.350000e-01 3.701888e-07 2.350000e-01 3.043963e-07 
2.475000e-01 2.682303e-07 2.475000e-01 3.612028e-07 2.475000e-01 2.998431e-07 
2.625000e-01 2.562527e-07 2.625000e-01 3.510936e-07 2.625000e-01 2.943524e-07 
2.750000e-01 2.471164e-07 2.750000e-01 3.430705e-07 2.750000e-01 2.887279e-07 
2.900000e-01 2.371933e-07 2.900000e-01 3.339240e-07 2.900000e-01 2.809606e-07 
3.100000e-01 2.256090e-07 3.100000e-01 3.228521e-07 3.100000e-01 2.714524e-07 
3.300000e-01 2.155984e-07 3.300000e-01 3.125824e-07 3.300000e-01 2.628816e-07 
3.500000e-01 2.065933e-07 3.500000e-01 3.042383e-07 3.500000e-01 2.556500e-07 
3.700000e-01 1.984188e-07 3.700000e-01 2.971780e-07 3.700000e-01 2.498916e-07 
3.900000e-01 1.909436e-07 3.900000e-01 2.909199e-07 3.900000e-01 2.446687e-07 
4.125000e-01 1.833374e-07 4.125000e-01 2.840200e-07 4.125000e-01 2.385085e-07 
4.375000e-01 1.756874e-07 4.375000e-01 2.763177e-07 4.375000e-01 2.310091e-07 
4.625000e-01 1.687368e-07 4.625000e-01 2.687760e-07 4.625000e-01 2.232418e-07 
4.875000e-01 1.623983e-07 4.875000e-01 2.609133e-07 4.875000e-01 2.156085e-07 
5.125000e-01 1.569340e-07 5.125000e-01 2.532110e-07 5.125000e-01 2.083769e-07 
5.375000e-01 1.521692e-07 5.375000e-01 2.458297e-07 5.375000e-01 2.018149e-07 
5.625000e-01 1.477103e-07 5.625000e-01 2.387693e-07 5.625000e-01 1.956546e-07 
5.875000e-01 1.436449e-07 5.875000e-01 2.320299e-07 5.875000e-01 1.900301e-07 
6.150000e-01 1.394483e-07 6.150000e-01 2.252904e-07 6.150000e-01 1.846733e-07 
6.450000e-01 1.352080e-07 6.450000e-01 2.185510e-07 6.450000e-01 1.798523e-07 
6.750000e-01 1.312738e-07 6.750000e-01 2.122929e-07 6.750000e-01 1.750312e-07 
7.050000e-01 1.276018e-07 7.050000e-01 2.060348e-07 7.050000e-01 1.696745e-07 
7.400000e-01 1.235801e-07 7.400000e-01 1.992954e-07 7.400000e-01 1.629786e-07 
7.800000e-01 1.193835e-07 7.800000e-01 1.914327e-07 7.800000e-01 1.561487e-07 
8.200000e-01 1.155366e-07 8.200000e-01 1.835700e-07 8.200000e-01 1.497207e-07 
8.600000e-01 1.119958e-07 8.600000e-01 1.761887e-07 8.600000e-01 1.439622e-07 
9.000000e-01 1.086735e-07 9.000000e-01 1.699306e-07 9.000000e-01 1.386054e-07 
9.400000e-01 1.055698e-07 9.400000e-01 1.644749e-07 9.400000e-01 1.337040e-07 
9.800000e-01 1.025972e-07 9.800000e-01 1.593079e-07 9.800000e-01 1.291508e-07 
1.050000e+00 9.713297e-08 1.050000e+00 1.489580e-07 1.050000e+00 1.217853e-07 
1.150000e+00 8.996384e-08 1.150000e+00 1.361531e-07 1.150000e+00 1.120494e-07 
1.250000e+00 8.384384e-08 1.250000e+00 1.260760e-07 1.250000e+00 1.031305e-07 
1.350000e+00 7.855443e-08 1.350000e+00 1.166087e-07 1.350000e+00 9.506861e-08 
1.450000e+00 7.396443e-08 1.450000e+00 1.077832e-07 1.450000e+00 8.794414e-08 
1.550000e+00 6.994272e-08 1.550000e+00 9.993652e-08 1.550000e+00 8.155624e-08 
1.650000e+00 6.640187e-08 1.650000e+00 9.281196e-08 1.650000e+00 7.566384e-08 
1.750000e+00 6.329817e-08 1.750000e+00 8.647365e-08 1.750000e+00 7.042763e-08 
1.850000e+00 6.050046e-08 1.850000e+00 8.088954e-08 1.850000e+00 6.580746e-08 
1.950000e+00 5.827104e-08 1.950000e+00 7.580284e-08 1.950000e+00 6.160243e-08 
2.050000e+00 5.586676e-08 2.050000e+00 7.092476e-08 2.050000e+00 5.751791e-08 
2.150000e+00 5.298162e-08 2.150000e+00 6.635156e-08 2.150000e+00 5.367446e-08 
2.250000e+00 5.027134e-08 2.250000e+00 6.225976e-08 2.250000e+00 5.024615e-08 
2.350000e+00 4.773591e-08 2.350000e+00 5.858514e-08 2.350000e+00 4.716602e-08 
2.450000e+00 4.506935e-08 2.450000e+00 5.526355e-08 2.450000e+00 4.439392e-08 
2.550000e+00 4.252955e-08 2.550000e+00 5.170127e-08 2.550000e+00 4.148789e-08 
2.650000e+00 4.018647e-08 2.650000e+00 4.776992e-08 2.650000e+00 3.836759e-08 
2.750000e+00 3.815813e-08 2.750000e+00 4.409531e-08 2.750000e+00 3.546157e-08 
2.850000e+00 3.658441e-08 2.850000e+00 4.082185e-08 2.850000e+00 3.285016e-08 
2.950000e+00 3.515933e-08 2.950000e+00 3.788538e-08 2.950000e+00 3.053337e-08 
3.050000e+00 3.315722e-08 3.050000e+00 3.523773e-08 3.050000e+00 2.843086e-08 
3.150000e+00 3.097588e-08 3.150000e+00 3.286288e-08 3.150000e+00 2.654261e-08 
3.250000e+00 2.896940e-08 3.250000e+00 3.068058e-08 3.250000e+00 2.481506e-08 
3.350000e+00 2.702849e-08 3.350000e+00 2.864269e-08 3.350000e+00 2.320804e-08 
3.450000e+00 2.527118e-08 3.450000e+00 2.676527e-08 3.450000e+00 2.173494e-08 
3.550000e+00 2.361004e-08 3.550000e+00 2.504832e-08 3.550000e+00 2.038237e-08 
3.650000e+00 2.193579e-08 3.650000e+00 2.349182e-08 3.650000e+00 1.916371e-08 
3.750000e+00 2.052819e-08 3.750000e+00 2.207975e-08 3.750000e+00 1.803880e-08 
3.850000e+00 1.932605e-08 3.850000e+00 2.076395e-08 3.850000e+00 1.700763e-08 
3.950000e+00 1.827254e-08 3.950000e+00 1.957652e-08 3.950000e+00 1.607020e-08 
4.050000e+00 1.743760e-08 4.050000e+00 1.848537e-08 4.050000e+00 1.519973e-08 
4.150000e+00 1.669008e-08 4.150000e+00 1.742631e-08 4.150000e+00 1.435604e-08 
4.250000e+00 1.584640e-08 4.250000e+00 1.633516e-08 4.250000e+00 1.344540e-08 
4.350000e+00 1.496774e-08 4.350000e+00 1.524401e-08 4.350000e+00 1.255216e-08 
4.450000e+00 1.411969e-08 4.450000e+00 1.425395e-08 4.450000e+00 1.173124e-08 
4.550000e+00 1.332409e-08 4.550000e+00 1.334894e-08 4.550000e+00 1.097996e-08 
4.650000e+00 1.257221e-08 4.650000e+00 1.251774e-08 4.650000e+00 1.029162e-08 
4.750000e+00 1.192960e-08 4.750000e+00 1.175554e-08 4.750000e+00 9.660867e-09 
4.850000e+00 1.135695e-08 4.850000e+00 1.105431e-08 4.850000e+00 9.079661e-09 
4.950000e+00 1.083675e-08 4.950000e+00 1.040604e-08 4.950000e+00 8.545327e-09 
5.050000e+00 1.033841e-08 5.050000e+00 9.809121e-09 5.050000e+00 8.051168e-09 
5.150000e+00 9.875038e-09 5.150000e+00 9.257126e-09 5.150000e+00 7.594506e-09 
5.250000e+00 9.459754e-09 5.250000e+00 8.746853e-09 5.250000e+00 7.172665e-09 
5.350000e+00 9.083812e-09 5.350000e+00 8.231766e-09 5.350000e+00 6.750822e-09 
5.450000e+00 8.738470e-09 5.450000e+00 7.674958e-09 5.450000e+00 6.300855e-09 
5.550000e+00 8.414983e-09 5.550000e+00 7.126173e-09 5.550000e+00 5.858926e-09 
5.650000e+00 8.095871e-09 5.650000e+00 6.623924e-09 5.650000e+00 5.454493e-09 
5.750000e+00 7.785500e-09 5.750000e+00 6.166604e-09 5.750000e+00 5.084878e-09 
5.850000e+00 7.479501e-09 5.850000e+00 5.747794e-09 5.850000e+00 4.746065e-09 
5.950000e+00 7.173501e-09 5.950000e+00 5.362682e-09 5.950000e+00 4.435374e-09 
6.050000e+00 6.670787e-09 6.050000e+00 5.011268e-09 6.050000e+00 4.148789e-09 
6.150000e+00 6.010703e-09 6.150000e+00 4.685527e-09 6.150000e+00 3.886309e-09 
6.250000e+00 5.416189e-09 6.250000e+00 4.387066e-09 6.250000e+00 3.642578e-09 
6.350000e+00 4.874134e-09 6.350000e+00 4.112673e-09 6.350000e+00 3.418934e-09 
6.450000e+00 4.393277e-09 6.450000e+00 3.857537e-09 6.450000e+00 3.211361e-09 
6.550000e+00 3.968812e-09 6.550000e+00 3.623261e-09 6.550000e+00 3.019858e-09 
6.650000e+00 3.591559e-09 6.650000e+00 3.406635e-09 6.650000e+00 2.843085e-09 
6.750000e+00 3.256708e-09 6.750000e+00 3.204451e-09 6.750000e+00 2.678366e-09 
6.850000e+00 2.959015e-09 6.850000e+00 3.008686e-09 6.850000e+00 2.516325e-09 
6.950000e+00 2.691921e-09 6.950000e+00 2.798479e-09 6.950000e+00 2.339552e-09 
7.050000e+00 2.452804e-09 7.050000e+00 2.585063e-09 7.050000e+00 2.157424e-09 
7.150000e+00 2.237730e-09 7.150000e+00 2.390903e-09 7.150000e+00 1.992705e-09 
7.250000e+00 2.044076e-09 7.250000e+00 2.214393e-09 7.250000e+00 1.842716e-09 
7.350000e+00 1.870968e-09 7.350000e+00 2.052325e-09 7.350000e+00 1.704780e-09 
7.450000e+00 1.714034e-09 7.450000e+00 1.903094e-09 7.450000e+00 1.578897e-09 
7.550000e+00 1.572837e-09 7.550000e+00 1.768305e-09 7.550000e+00 1.465066e-09 
7.650000e+00 1.445192e-09 7.650000e+00 1.643144e-09 7.650000e+00 1.359271e-09 
7.750000e+00 1.329786e-09 7.750000e+00 1.528733e-09 7.750000e+00 1.263385e-09 
7.850000e+00 1.224435e-09 7.850000e+00 1.423791e-09 7.850000e+00 1.174999e-09 
7.950000e+00 1.129138e-09 7.950000e+00 1.327192e-09 7.950000e+00 1.093845e-09 
8.050000e+00 1.045207e-09 8.050000e+00 1.238295e-09 8.050000e+00 1.019252e-09 
8.150000e+00 9.713296e-10 8.150000e+00 1.156298e-09 8.150000e+00 9.504182e-10 
8.250000e+00 9.022610e-10 8.250000e+00 1.080560e-09 8.250000e+00 8.870749e-10 
8.350000e+00 8.384385e-10 8.350000e+00 1.010758e-09 8.350000e+00 8.286864e-10 
8.450000e+00 7.785501e-10 8.450000e+00 9.460914e-10 8.450000e+00 7.747174e-10 
8.550000e+00 7.230329e-10 8.550000e+00 8.862386e-10 8.550000e+00 7.248998e-10 
8.650000e+00 6.718873e-10 8.650000e+00 8.308789e-10 8.650000e+00 6.786979e-10 
8.750000e+00 6.242389e-10 8.750000e+00 7.795306e-10 8.750000e+00 6.359779e-10 
8.850000e+00 5.796503e-10 8.850000e+00 7.272195e-10 8.850000e+00 5.923206e-10 
8.950000e+00 5.389961e-10 8.950000e+00 6.728225e-10 8.950000e+00 5.469223e-10 
9.050000e+00 5.005276e-10 9.050000e+00 6.217951e-10 9.050000e+00 5.042025e-10 
9.150000e+00 4.655562e-10 9.150000e+00 5.751004e-10 9.150000e+00 4.653661e-10 
9.250000e+00 4.325521e-10 9.250000e+00 5.324172e-10 9.250000e+00 4.297439e-10 
9.350000e+00 4.021269e-10 9.350000e+00 4.932640e-10 9.350000e+00 3.973356e-10 
9.450000e+00 3.738875e-10 9.450000e+00 4.573204e-10 9.450000e+00 3.676058e-10 
9.550000e+00 3.476590e-10 9.550000e+00 4.242649e-10 9.550000e+00 3.402864e-10 
9.650000e+00 3.233103e-10 9.650000e+00 3.940977e-10 9.650000e+00 3.153776e-10 
9.750000e+00 3.006663e-10 9.750000e+00 3.661772e-10 9.750000e+00 2.924776e-10 
9.850000e+00 2.797272e-10 9.850000e+00 3.406635e-10 9.850000e+00 2.714524e-10 
9.950000e+00 2.602744e-10 9.950000e+00 3.170754e-10 9.950000e+00 2.521682e-10 
1.005000e+01 2.421767e-10 1.005000e+01 2.952524e-10 1.005000e+01 2.343571e-10 
1.015000e+01 2.253467e-10 1.015000e+01 2.751945e-10 1.015000e+01 2.180190e-10 
1.025000e+01 2.096533e-10 1.025000e+01 2.567412e-10 1.025000e+01 2.028862e-10 
1.035000e+01 1.949653e-10 1.035000e+01 2.395717e-10 1.035000e+01 1.890926e-10 
1.045000e+01 1.813265e-10 1.045000e+01 2.238463e-10 1.045000e+01 1.762365e-10 
1.055000e+01 1.686494e-10 1.055000e+01 2.090836e-10 1.055000e+01 1.643177e-10 
1.065000e+01 1.568466e-10 1.065000e+01 1.956048e-10 1.065000e+01 1.534704e-10 
1.075000e+01 1.458306e-10 1.075000e+01 1.830886e-10 1.075000e+01 1.432926e-10 
1.085000e+01 1.356015e-10 1.085000e+01 1.713748e-10 1.085000e+01 1.339049e-10 
1.095000e+01 1.260718e-10 1.095000e+01 1.583452e-10 1.095000e+01 1.241155e-10 
1.105000e+01 1.171978e-10 1.105000e+01 1.439997e-10 1.105000e+01 1.139109e-10 
1.115000e+01 1.089358e-10 1.115000e+01 1.307294e-10 1.115000e+01 1.044563e-10 
1.125000e+01 1.012858e-10 1.125000e+01 1.187910e-10 1.125000e+01 9.585872e-11 
1.135000e+01 9.416039e-11 1.135000e+01 1.080399e-10 1.135000e+01 8.803789e-11 
1.145000e+01 8.755955e-11 1.145000e+01 9.833189e-11 1.145000e+01 8.091344e-11 
1.155000e+01 8.139585e-11 1.155000e+01 8.958664e-11 1.155000e+01 7.443179e-11 
1.165000e+01 7.566928e-11 1.165000e+01 8.167581e-11 1.165000e+01 6.851261e-11 
1.175000e+01 7.037988e-11 1.175000e+01 7.451914e-11 1.175000e+01 6.310231e-11 
1.185000e+01 6.539645e-11 1.185000e+01 6.803642e-11 1.185000e+01 5.816072e-11 
1.195000e+01 6.076274e-11 1.195000e+01 6.217951e-11 1.195000e+01 5.364767e-11 
1.205000e+01 5.647875e-11 1.205000e+01 5.685214e-11 1.205000e+01 4.950959e-11 
1.215000e+01 5.245705e-11 1.215000e+01 5.203823e-11 1.215000e+01 4.573310e-11 
1.225000e+01 4.874133e-11 1.225000e+01 4.765759e-11 1.225000e+01 4.226462e-11 
1.235000e+01 4.533163e-11 1.235000e+01 4.367810e-11 1.235000e+01 3.909075e-11 
1.245000e+01 4.211426e-11 1.245000e+01 4.005163e-11 1.245000e+01 3.617133e-11 
1.255000e+01 3.912858e-11 1.255000e+01 3.676214e-11 1.255000e+01 3.349297e-11 
1.265000e+01 3.635273e-11 1.265000e+01 3.377752e-11 1.265000e+01 3.100209e-11 
1.275000e+01 3.376485e-11 1.275000e+01 3.116197e-11 1.275000e+01 2.853799e-11 
1.285000e+01 3.135620e-11 1.285000e+01 2.881921e-11 1.285000e+01 2.615425e-11 
1.295000e+01 2.912677e-11 1.295000e+01 2.668504e-11 1.295000e+01 2.399816e-11 
1.305000e+01 2.705909e-11 1.305000e+01 2.472739e-11 1.305000e+01 2.202956e-11 
1.315000e+01 2.514004e-11 1.315000e+01 2.291415e-11 1.315000e+01 2.023505e-11 
1.325000e+01 2.335650e-11 1.325000e+01 2.124534e-11 1.325000e+01 1.860125e-11 
1.335000e+01 2.170410e-11 1.335000e+01 1.972094e-11 1.335000e+01 1.710137e-11 
1.345000e+01 2.016099e-11 1.345000e+01 1.830886e-11 1.345000e+01 1.573540e-11 
1.355000e+01 1.872279e-11 1.355000e+01 1.700911e-11 1.355000e+01 1.448996e-11 
1.365000e+01 1.738514e-11 1.365000e+01 1.580242e-11 1.365000e+01 1.335567e-11 
1.375000e+01 1.614366e-11 1.375000e+01 1.469523e-11 1.375000e+01 1.231245e-11 
1.385000e+01 1.498960e-11 1.385000e+01 1.367307e-11 1.385000e+01 1.135895e-11 
1.395000e+01 1.391860e-11 1.395000e+01 1.272795e-11 1.395000e+01 1.048446e-11 
1.405000e+01 1.292629e-11 1.405000e+01 1.185503e-11 1.405000e+01 9.683633e-12 
1.415000e+01 1.200829e-11 1.415000e+01 1.103827e-11 1.415000e+01 8.953777e-12 
1.425000e+01 1.115149e-11 1.425000e+01 1.019423e-11 1.425000e+01 8.337753e-12 
1.435000e+01 1.035589e-11 1.435000e+01 9.346985e-12 1.435000e+01 7.816811e-12 
1.445000e+01 9.617125e-12 1.445000e+01 8.573552e-12 1.445000e+01 7.332026e-12 
1.455000e+01 8.930812e-12 1.455000e+01 7.870722e-12 1.455000e+01 6.879383e-12 
1.465000e+01 8.288213e-12 1.465000e+01 7.228870e-12 1.465000e+01 6.458879e-12 
1.475000e+01 7.693700e-12 1.475000e+01 6.643179e-12 1.475000e+01 6.065160e-12 
1.485000e+01 7.142901e-12 1.485000e+01 6.108836e-12 1.485000e+01 5.698223e-12 
1.495000e+01 6.631445e-12 1.495000e+01 5.619423e-12 1.495000e+01 5.356732e-12 
1.505000e+01 6.154960e-12 1.505000e+01 5.173337e-12 1.505000e+01 5.036668e-12 
1.515000e+01 5.717818e-12 1.515000e+01 4.764155e-12 1.515000e+01 4.738029e-12 
1.525000e+01 5.306904e-12 1.525000e+01 4.390275e-12 1.525000e+01 4.459479e-12 
1.535000e+01 4.926590e-12 1.535000e+01 4.048489e-12 1.535000e+01 4.198339e-12 
1.545000e+01 4.572506e-12 1.545000e+01 3.733980e-12 1.545000e+01 3.953268e-12 
1.555000e+01 4.241589e-12 1.555000e+01 3.446751e-12 1.555000e+01 3.725607e-12 
1.565000e+01 3.935590e-12 1.565000e+01 3.183591e-12 1.565000e+01 3.511338e-12 
1.575000e+01 3.651448e-12 1.575000e+01 2.941292e-12 1.575000e+01 3.310460e-12 
1.585000e+01 3.388725e-12 1.585000e+01 2.715039e-12 1.585000e+01 3.104226e-12 
1.595000e+01 3.144800e-12 1.595000e+01 2.488785e-12 1.595000e+01 2.829694e-12 
1.605000e+01 2.918797e-12 1.605000e+01 2.268951e-12 1.605000e+01 2.519003e-12 
1.615000e+01 2.708969e-12 1.615000e+01 2.069976e-12 1.615000e+01 2.244471e-12 
1.625000e+01 2.514878e-12 1.625000e+01 1.888653e-12 1.625000e+01 2.000740e-12 
1.635000e+01 2.335213e-12 1.635000e+01 1.724980e-12 1.635000e+01 1.785131e-12 
1.645000e+01 2.168662e-12 1.645000e+01 1.576712e-12 1.645000e+01 1.593628e-12 
1.655000e+01 2.013476e-12 1.655000e+01 1.441602e-12 1.655000e+01 1.423551e-12 
1.665000e+01 1.869656e-12 1.665000e+01 1.318687e-12 1.665000e+01 1.272759e-12 
1.675000e+01 1.735891e-12 1.675000e+01 1.207005e-12 1.675000e+01 1.138574e-12 
1.685000e+01 1.611305e-12 1.685000e+01 1.105271e-12 1.685000e+01 1.019252e-12 
1.695000e+01 1.495463e-12 1.695000e+01 1.012684e-12 1.695000e+01 9.130549e-13 
1.705000e+01 1.387926e-12 1.705000e+01 9.282800e-13 1.705000e+01 8.183748e-13 
1.715000e+01 1.288258e-12 1.715000e+01 8.514182e-13 1.715000e+01 7.340062e-13 
1.725000e+01 1.195583e-12 1.725000e+01 7.812956e-13 1.725000e+01 6.588780e-13 
1.735000e+01 1.110341e-12 1.735000e+01 7.172709e-13 1.735000e+01 5.916511e-13 
1.745000e+01 1.030781e-12 1.745000e+01 6.588622e-13 1.745000e+01 5.316557e-13 
1.755000e+01 9.573412e-13 1.755000e+01 6.054279e-13 1.755000e+01 4.780883e-13 
1.765000e+01 8.887098e-13 1.765000e+01 5.566470e-13 1.765000e+01 4.301456e-13 
1.775000e+01 8.253242e-13 1.775000e+01 5.120382e-13 1.775000e+01 3.872918e-13 
1.785000e+01 7.663100e-13 1.785000e+01 4.711202e-13 1.785000e+01 3.488572e-13 
1.795000e+01 7.116672e-13 1.795000e+01 4.338927e-13 1.795000e+01 3.144402e-13 
1.805000e+01 1.000000e-30 1.805000e+01 3.995535e-13 1.805000e+01 2.835050e-13 
1.815000e+01 1.000000e-30 1.815000e+01 3.682633e-13 1.815000e+01 2.557840e-13 
1.825000e+01 1.000000e-30 1.825000e+01 3.395403e-13 1.825000e+01 2.310091e-13 
1.835000e+01 1.000000e-30 1.835000e+01 3.132243e-13 1.835000e+01 2.090465e-13 
1.845000e+01 1.000000e-30 1.845000e+01 2.899571e-13 1.845000e+01 1.916371e-13 
1.855000e+01 1.000000e-30 1.855000e+01 2.690969e-13 1.855000e+01 1.778435e-13 
1.865000e+01 1.000000e-30 1.865000e+01 2.496808e-13 1.865000e+01 1.649873e-13 
1.875000e+01 1.000000e-30 1.875000e+01 2.315485e-13 1.875000e+01 1.530686e-13 
1.885000e+01 1.000000e-30 1.885000e+01 2.148603e-13 1.885000e+01 1.420873e-13 
1.895000e+01 1.000000e-30 1.895000e+01 1.992954e-13 1.895000e+01 1.317890e-13 
1.905000e+01 1.000000e-30 1.905000e+01 1.850142e-13 1.905000e+01 1.222808e-13 
1.915000e+01 1.000000e-30 1.915000e+01 1.715352e-13 1.915000e+01 1.134422e-13 
1.925000e+01 1.000000e-30 1.925000e+01 1.591956e-13 1.925000e+01 1.052464e-13 
1.935000e+01 1.000000e-30 1.935000e+01 1.476904e-13 1.935000e+01 9.763983e-14 
1.945000e+01 1.000000e-30 1.945000e+01 1.370196e-13 1.945000e+01 9.058234e-14 
1.955000e+01 1.000000e-30 1.955000e+01 1.271029e-13 1.955000e+01 8.403374e-14 
1.965000e+01 1.000000e-30 1.965000e+01 1.179245e-13 1.965000e+01 7.795384e-14 
1.975000e+01 1.000000e-30 1.975000e+01 1.093878e-13 1.975000e+01 7.231589e-14 
1.985000e+01 1.000000e-30 1.985000e+01 1.014770e-13 1.985000e+01 6.709307e-14 
1.995000e+01 1.000000e-30 1.995000e+01 9.414380e-14 1.995000e+01 6.223184e-14 
