    19.95000          0.2928845E-12
    19.85000          0.3157950E-12
    19.75000          0.3404052E-12
    19.65000          0.3669371E-12
    19.55000          0.3955382E-12
    19.45000          0.4263565E-12
    19.35000          0.4595397E-12
    19.25000          0.4953096E-12
    19.15000          0.5338879E-12
    19.05000          0.5754963E-12
    18.95000          0.6202825E-12
    18.85000          0.6685423E-12
    18.75000          0.7205712E-12
    18.65000          0.7767388E-12
    18.55000          0.8373408E-12
    18.45000          0.9023769E-12
    18.35000          0.9725864E-12
    18.25000          0.1047969E-11
    18.15000          0.1129265E-11
    18.05000          0.1217211E-11
    17.95000          0.1311809E-11
    17.85000          0.1413798E-11
    17.75000          0.1523177E-11
    17.65000          0.1642163E-11
    17.55000          0.1769280E-11
    17.45000          0.1906742E-11
    17.35000          0.2054552E-11
    17.25000          0.2214186E-11
    17.15000          0.2385645E-11
    17.05000          0.2570407E-11
    16.95000          0.2769950E-11
    16.85000          0.2984274E-11
    16.75000          0.3215595E-11
    16.65000          0.3465394E-11
    16.55000          0.3733667E-11
    16.45000          0.4022636E-11
    16.35000          0.4333775E-11
    16.25000          0.4669302E-11
    16.15000          0.5030696E-11
    16.05000          0.5419435E-11
    15.95000          0.5838474E-11
    15.85000          0.6290033E-11
    15.75000          0.6776326E-11
    15.65000          0.7299572E-11
    15.55000          0.7863465E-11
    15.45000          0.8469484E-11
    15.35000          0.9127236E-11
    15.25000          0.9829331E-11
    15.15000          0.1059055E-10
    15.05000          0.1140350E-10
    14.95000          0.1228297E-10
    14.85000          0.1322895E-10
    14.75000          0.1424884E-10
    14.65000          0.1535002E-10
    14.55000          0.1653249E-10
    14.45000          0.1780365E-10
    14.35000          0.1917089E-10
    14.25000          0.2064899E-10
    14.15000          0.2223794E-10
    14.05000          0.2394514E-10
    13.95000          0.2578536E-10
    13.85000          0.2776601E-10
    13.75000          0.2990186E-10
    13.65000          0.3219291E-10
    13.55000          0.3466872E-10
    13.45000          0.3732929E-10
    13.35000          0.4018940E-10
    13.25000          0.4327123E-10
    13.15000          0.4659694E-10
    13.05000          0.5016653E-10
    12.95000          0.5401697E-10
    12.85000          0.5815564E-10
    12.75000          0.6261210E-10
    12.65000          0.6740852E-10
    12.55000          0.7258184E-10
    12.45000          0.7819122E-10
    12.35000          0.8417751E-10
    12.25000          0.9068112E-10
    12.15000          0.9762817E-10
    12.05000          0.1051664E-09
    11.95000          0.1131482E-09
    11.85000          0.1217211E-09
    11.75000          0.1308853E-09
    11.65000          0.1407885E-09
    11.55000          0.1514308E-09
    11.45000          0.1629600E-09
    11.35000          0.1753760E-09
    11.25000          0.1886788E-09
    11.15000          0.2029424E-09
    11.05000          0.2183146E-09
    10.95000          0.2347215E-09
    10.85000          0.2524586E-09
    10.75000          0.2714521E-09
    10.65000          0.2918498E-09
    10.55000          0.3137996E-09
    10.45000          0.3373752E-09
    10.35000          0.3626506E-09
    10.25000          0.3899215E-09
    10.15000          0.4192617E-09
    10.05000          0.4508189E-09
    9.950000          0.4847412E-09
    9.850000          0.5211763E-09
    9.750000          0.5602719E-09
    9.650000          0.6022498E-09
    9.550000          0.6471839E-09
    9.450000          0.6954436E-09
    9.350000          0.7471770E-09
    9.250000          0.8026056E-09
    9.150000          0.8624683E-09
    9.050000          0.9260264E-09
    8.950000          0.9947579E-09
    8.850000          0.1068663E-08
    8.750000          0.1147741E-08
    8.650000          0.1232731E-08
    8.550000          0.1323634E-08
    8.450000          0.1421188E-08
    8.350000          0.1526133E-08
    8.250000          0.1638468E-08
    8.150000          0.1758933E-08
    8.050000          0.1889744E-08
    7.950000          0.2058247E-08
    7.850000          0.2274788E-08
    7.750000          0.2517196E-08
    7.650000          0.2790643E-08
    7.550000          0.3096609E-08
    7.450000          0.3441005E-08
    7.350000          0.3828266E-08
    7.250000          0.4265043E-08
    7.150000          0.4756510E-08
    7.050000          0.5310795E-08
    6.950000          0.5827389E-08
    6.850000          0.6285599E-08
    6.750000          0.6787412E-08
    6.650000          0.7343914E-08
    6.550000          0.7959541E-08
    6.450000          0.8646855E-08
    6.350000          0.9400684E-08
    6.250000          0.1022842E-07
    6.150000          0.1114484E-07
    6.050000          0.1214255E-07
    5.950000          0.1291855E-07
    5.850000          0.1342849E-07
    5.750000          0.1396800E-07
    5.650000          0.1453706E-07
    5.550000          0.1515047E-07
    5.450000          0.1579344E-07
    5.350000          0.1648815E-07
    5.250000          0.1722720E-07
    5.150000          0.1801059E-07
    5.050000          0.1885310E-07
    4.950000          0.1985081E-07
    4.850000          0.2102590E-07
    4.750000          0.2229706E-07
    4.650000          0.2367169E-07
    4.550000          0.2517195E-07
    4.450000          0.2679786E-07
    4.350000          0.2857896E-07
    4.250000          0.3051527E-07
    4.150000          0.3264373E-07
    4.050000          0.3497912E-07
    3.950000          0.3739580E-07
    3.850000          0.3990856E-07
    3.750000          0.4266521E-07
    3.650000          0.4569531E-07
    3.550000          0.4903580E-07
    3.450000          0.5272365E-07
    3.350000          0.5681797E-07
    3.250000          0.6137789E-07
    3.150000          0.6646993E-07
    3.050000          0.7218276E-07
    2.950000          0.7723046E-07
    2.850000          0.8144303E-07
    2.750000          0.8602512E-07
    2.650000          0.9105064E-07
    2.550000          0.9659350E-07
    2.450000          0.1026537E-06
    2.350000          0.1093790E-06
    2.250000          0.1169173E-06
    2.150000          0.1252685E-06
    2.050000          0.1346544E-06
    1.950000          0.1422666E-06
    1.850000          0.1475878E-06
    1.750000          0.1533523E-06
    1.650000          0.1597082E-06
    1.550000          0.1666552E-06
    1.450000          0.1762628E-06
    1.350000          0.1893440E-06
    1.250000          0.2044944E-06
    1.150000          0.2224533E-06
    1.050000          0.2440334E-06
   0.9800000          0.2653181E-06
   0.9400000          0.2849028E-06
   0.9000000          0.3068525E-06
   0.8600000          0.3315367E-06
   0.8200000          0.3595466E-06
   0.7800000          0.3916212E-06
   0.7400000          0.4284258E-06
   0.7050000          0.4579877E-06
   0.6750000          0.4777942E-06
   0.6450000          0.4993744E-06
   0.6150000          0.5233934E-06
   0.5875000          0.5474125E-06
   0.5625000          0.5717271E-06
   0.5375000          0.5987763E-06
   0.5125000          0.6274513E-06
   0.4875000          0.6514704E-06
   0.4625000          0.6741592E-06
   0.4375000          0.6967001E-06
   0.4125000          0.7236753E-06
   0.3900000          0.7523504E-06
   0.3700000          0.7819121E-06
   0.3500000          0.8085179E-06
   0.3300000          0.8402970E-06
   0.3100000          0.8757712E-06
   0.2900000          0.9016380E-06
   0.2750000          0.9082893E-06
   0.2625000          0.9134627E-06
   0.2475000          0.9289827E-06
   0.2350000          0.9385903E-06
   0.2250000          0.9415464E-06
   0.2150000          0.9474589E-06
   0.2050000          0.9651959E-06
   0.1950000          0.9755427E-06
   0.1850000          0.9851502E-06
   0.1750000          0.9999313E-06
   0.1650000          0.1011017E-05
   0.1550000          0.1020624E-05
   0.1462500          0.1021364E-05
   0.1387500          0.1009539E-05
   0.1312500          0.9755425E-06
   0.1237500          0.9688912E-06
   0.1175000          0.9555883E-06
   0.1125000          0.9430245E-06
   0.1075000          0.9334169E-06
   0.1025000          0.9585445E-06
   0.9800000E-01      0.9467198E-06
   0.9400000E-01      0.9267655E-06
   0.9000000E-01      0.9082893E-06
   0.8600000E-01      0.8853788E-06
   0.8200000E-01      0.8632074E-06
   0.7799999E-01      0.8417749E-06
   0.7400000E-01      0.8188646E-06
   0.7050000E-01      0.7878245E-06
   0.6750000E-01      0.7538284E-06
   0.6450000E-01      0.7202756E-06
   0.6150000E-01      0.6815496E-06
   0.5875000E-01      0.6346939E-06
   0.5625000E-01      0.6035061E-06
   0.5375000E-01      0.5723183E-06
   0.5125000E-01      0.5431999E-06
   0.4875000E-01      0.5172593E-06
   0.4625000E-01      0.5045476E-06
   0.4375000E-01      0.4817850E-06
   0.4125000E-01      0.4574704E-06
   0.3900000E-01      0.4210353E-06
   0.3700000E-01      0.4011549E-06
   0.3500000E-01      0.3805355E-06
   0.3300000E-01      0.3612464E-06
   0.3100000E-01      0.3404053E-06
   0.2900000E-01      0.3358232E-06
   0.2750000E-01      0.3223725E-06
   0.2625000E-01      0.3098826E-06
   0.2475000E-01      0.2975405E-06
   0.2350000E-01      0.2850506E-06
   0.2250000E-01      0.2741127E-06
   0.2150000E-01      0.2647268E-06
   0.2050000E-01      0.2556365E-06
   0.1950000E-01      0.2454377E-06
   0.1850000E-01      0.2361996E-06
   0.1750000E-01      0.2249660E-06
   0.1650000E-01      0.2141020E-06
   0.1550000E-01      0.2027207E-06
   0.1462500E-01      0.1916350E-06
   0.1387500E-01      0.1832838E-06
   0.1312500E-01      0.1755977E-06
   0.1237500E-01      0.1665813E-06
   0.1175000E-01      0.1599299E-06
   0.1125000E-01      0.1543131E-06
   0.1075000E-01      0.1472183E-06
   0.1025000E-01      0.1414537E-06
   0.9800000E-02      0.1366499E-06
   0.9400001E-02      0.1324373E-06
   0.9000000E-02      0.1280030E-06
   0.8600000E-02      0.1233470E-06
   0.8200000E-02      0.1192822E-06
   0.7800000E-02      0.1163261E-06
   0.7400000E-02      0.1111527E-06
   0.7050000E-02      0.1081966E-06
   0.6750000E-02      0.1062011E-06
   0.6450000E-02      0.1025059E-06
   0.6150000E-02      0.9762816E-07
   0.5875000E-02      0.9481978E-07
   0.5625000E-02      0.9082893E-07
   0.5375000E-02      0.8957255E-07
   0.5125000E-02      0.8676417E-07
   0.4875000E-02      0.8366018E-07
   0.4625000E-02      0.8166475E-07
   0.4375000E-02      0.7959541E-07
   0.4125000E-02      0.7597408E-07
   0.3900000E-02      0.7372738E-07
   0.3700000E-02      0.7126634E-07
   0.3500000E-02      0.6870924E-07
   0.3300000E-02      0.6599694E-07
   0.3100000E-02      0.6400890E-07
   0.2900000E-02      0.6462970E-07
   0.2750000E-02      0.6709072E-07
   0.2625000E-02      0.6961088E-07
   0.2475000E-02      0.7340959E-07
   0.2350000E-02      0.7715655E-07
   0.2250000E-02      0.8107351E-07
   0.2150000E-02      0.8417750E-07
   0.2050000E-02      0.8669026E-07
   0.1950000E-02      0.8979426E-07
   0.1850000E-02      0.9378513E-07
   0.1750000E-02      0.9836722E-07
   0.1650000E-02      0.1037623E-06
   0.1550000E-02      0.1096007E-06
   0.1462500E-02      0.1155131E-06
   0.1387500E-02      0.1214255E-06
   0.1312500E-02      0.1285204E-06
   0.1237500E-02      0.1418232E-06
   0.1175000E-02      0.1498788E-06
   0.1125000E-02      0.1557173E-06
   0.1075000E-02      0.1615558E-06
   0.1025000E-02      0.1681333E-06
   0.9800000E-03      0.1734544E-06
   0.9400000E-03      0.1710895E-06
   0.9000000E-03      0.1752282E-06
   0.8600000E-03      0.1813622E-06
   0.8200000E-03      0.1880137E-06
   0.7800000E-03      0.1956259E-06
   0.7400000E-03      0.2037554E-06
   0.7050000E-03      0.2110719E-06
   0.6750000E-03      0.2178712E-06
   0.6450000E-03      0.2211969E-06
   0.6150000E-03      0.2284396E-06
   0.5875000E-03      0.2363474E-06
   0.5625000E-03      0.2438117E-06
   0.5375000E-03      0.2522369E-06
   0.5125000E-03      0.2667961E-06
   0.4875000E-03      0.2787687E-06
   0.4625000E-03      0.2920715E-06
   0.4375000E-03      0.3064090E-06
   0.4125000E-03      0.3251070E-06
   0.3900000E-03      0.3446178E-06
   0.3700000E-03      0.3589553E-06
   0.3500000E-03      0.3732190E-06
   0.3300000E-03      0.3880738E-06
   0.3100000E-03      0.4053675E-06
   0.2900000E-03      0.4208875E-06
   0.2750000E-03      0.4262087E-06
   0.2625000E-03      0.4300518E-06
   0.2475000E-03      0.4420243E-06
   0.2350000E-03      0.4525187E-06
   0.2250000E-03      0.4619785E-06
   0.2150000E-03      0.4707732E-06
   0.2050000E-03      0.4804547E-06
   0.1950000E-03      0.4903580E-06
   0.1850000E-03      0.5001874E-06
   0.1750000E-03      0.5118642E-06
   0.1650000E-03      0.5247236E-06
   0.1550000E-03      0.5389873E-06
   0.1462500E-03      0.5550246E-06
   0.1387500E-03      0.5720967E-06
   0.1312500E-03      0.5907207E-06
   0.1237500E-03      0.6111183E-06
   0.1175000E-03      0.6296684E-06
   0.1125000E-03      0.6461492E-06
   0.1075000E-03      0.6639602E-06
   0.1025000E-03      0.6829537E-06
   0.9800000E-04      0.6996562E-06
   0.9400000E-04      0.7124417E-06
   0.9000000E-04      0.7268532E-06
   0.8600000E-04      0.7442208E-06
   0.8200000E-04      0.7604798E-06
   0.7800000E-04      0.7782170E-06
   0.7400000E-04      0.7981712E-06
   0.7050000E-04      0.8173865E-06
   0.6750000E-04      0.8410360E-06
   0.6450000E-04      0.8624684E-06
   0.6150000E-04      0.8846398E-06
   0.5875000E-04      0.9068112E-06
   0.5625000E-04      0.9282437E-06
   0.5375000E-04      0.9467198E-06
   0.5125000E-04      0.9688912E-06
   0.4875000E-04      0.9947578E-06
   0.4625000E-04      0.1022842E-05
   0.4375000E-04      0.1053143E-05
   0.4125000E-04      0.1087139E-05
   0.3900000E-04      0.1121135E-05
   0.3700000E-04      0.1153653E-05
   0.3500000E-04      0.1188388E-05
   0.3300000E-04      0.1226080E-05
   0.3100000E-04      0.1267466E-05
   0.2900000E-04      0.1308114E-05
   0.2750000E-04      0.1339154E-05
   0.2625000E-04      0.1367238E-05
   0.2475000E-04      0.1401973E-05
   0.2350000E-04      0.1434491E-05
   0.2250000E-04      0.1463314E-05
   0.2150000E-04      0.1495093E-05
   0.2050000E-04      0.1526872E-05
   0.1950000E-04      0.1568998E-05
   0.1850000E-04      0.1621470E-05
   0.1750000E-04      0.1678377E-05
   0.1650000E-04      0.1736762E-05
   0.1550000E-04      0.1806971E-05
   0.1462500E-04      0.1869790E-05
   0.1387500E-04      0.1920045E-05
   0.1312500E-04      0.1973257E-05
   0.1237500E-04      0.2032381E-05
   0.1175000E-04      0.2080419E-05
   0.1125000E-04      0.2125500E-05
   0.1075000E-04      0.2171321E-05
   0.1025000E-04      0.2226011E-05
   0.9800000E-05      0.2282178E-05
   0.9400001E-05      0.2341302E-05
   0.8999999E-05      0.2393775E-05
   0.8600000E-05      0.2445508E-05
   0.8200001E-05      0.2506110E-05
   0.7800000E-05      0.2570407E-05
   0.7400000E-05      0.2640617E-05
   0.7050000E-05      0.2708609E-05
   0.6750000E-05      0.2775123E-05
   0.6450000E-05      0.2842376E-05
   0.6150000E-05      0.2913325E-05
   0.5875000E-05      0.2985013E-05
   0.5625000E-05      0.3054483E-05
   0.5375000E-05      0.3124693E-05
   0.5125000E-05      0.3197119E-05
   0.4875000E-05      0.3292457E-05
   0.4625000E-05      0.3413660E-05
   0.4375000E-05      0.3545950E-05
   0.4125000E-05      0.3687847E-05
   0.3900000E-05      0.3823831E-05
   0.3700000E-05      0.3956860E-05
   0.3500000E-05      0.4103931E-05
   0.3300000E-05      0.4267260E-05
   0.3100000E-05      0.4450544E-05
   0.2900000E-05      0.4679649E-05
   0.2750000E-05      0.4889538E-05
   0.2625000E-05      0.5083169E-05
   0.2475000E-05      0.5339617E-05
   0.2350000E-05      0.5576113E-05
   0.2250000E-05      0.5783046E-05
   0.2150000E-05      0.6007717E-05
   0.2050000E-05      0.6253081E-05
   0.1950000E-05      0.6564219E-05
   0.1850000E-05      0.6952958E-05
   0.1750000E-05      0.7388996E-05
   0.1650000E-05      0.7878245E-05
   0.1550000E-05      0.8439923E-05
   0.1462500E-05      0.9060720E-05
   0.1387500E-05      0.9755427E-05
   0.1312500E-05      0.1054621E-04
   0.1237500E-05      0.1145524E-04
   0.1175000E-05      0.1231253E-04
   0.1125000E-05      0.1308853E-04
   0.1075000E-05      0.1394583E-04
   0.1025000E-05      0.1491398E-04
   0.9800000E-06      0.1584518E-04
   0.9399999E-06      0.1672464E-04
   0.9000000E-06      0.1770019E-04
   0.8600000E-06      0.1877919E-04
   0.8200000E-06      0.1997645E-04
   0.7800000E-06      0.2132152E-04
   0.7400000E-06      0.2283657E-04
   0.7050000E-06      0.2443291E-04
   0.6750000E-06      0.2610315E-04
   0.6450000E-06      0.2797294E-04
   0.6150000E-06      0.3007923E-04
   0.5875000E-06      0.3224464E-04
   0.5625000E-06      0.3445439E-04
   0.5375000E-06      0.3693020E-04
   0.5125000E-06      0.3970902E-04
   0.4875000E-06      0.4282041E-04
   0.4625000E-06      0.4631611E-04
   0.4375000E-06      0.5031435E-04
   0.4125000E-06      0.5493340E-04
   0.3900000E-06      0.5973720E-04
   0.3700000E-06      0.6468882E-04
   0.3500000E-06      0.7042383E-04
   0.3300000E-06      0.7715655E-04
   0.3100000E-06      0.8499045E-04
   0.2900000E-06      0.9563273E-04
   0.2750000E-06      0.1064228E-03
   0.2625000E-06      0.1169173E-03
   0.2475000E-06      0.1310331E-03
   0.2350000E-06      0.1443360E-03
   0.2250000E-06      0.1565303E-03
   0.2150000E-06      0.1702765E-03
   0.2050000E-06      0.1860183E-03
   0.1950000E-06      0.2023512E-03
   0.1850000E-06      0.2194232E-03
   0.1750000E-06      0.2390079E-03
   0.1650000E-06      0.2616228E-03
   0.1550000E-06      0.2880068E-03
   0.1462500E-06      0.3118780E-03
   0.1387500E-06      0.3316845E-03
   0.1312500E-06      0.3540037E-03
   0.1237500E-06      0.3792052E-03
   0.1175000E-06      0.4028548E-03
   0.1125000E-06      0.4239177E-03
   0.1075000E-06      0.4470498E-03
   0.1025000E-06      0.4726947E-03
   0.9800000E-07      0.4971572E-03
   0.9400000E-07      0.5198460E-03
   0.9000000E-07      0.5446041E-03
   0.8600000E-07      0.5718010E-03
   0.8200000E-07      0.6017324E-03
   0.7800000E-07      0.6348418E-03
   0.7400000E-07      0.6717202E-03
   0.7050000E-07      0.7004691E-03
   0.6750000E-07      0.7193149E-03
   0.6450000E-07      0.7397865E-03
   0.6150000E-07      0.7612189E-03
   0.5875000E-07      0.7826512E-03
   0.5625000E-07      0.8040837E-03
   0.5375000E-07      0.8262550E-03
   0.5125000E-07      0.8506437E-03
   0.4875000E-07      0.8846398E-03
   0.4625000E-07      0.9260264E-03
   0.4375000E-07      0.9674131E-03
   0.4125000E-07      0.1006583E-02
   0.3900000E-07      0.1040579E-02
   0.3700000E-07      0.1068663E-02
   0.3500000E-07      0.1094529E-02
   0.3300000E-07      0.1116701E-02
   0.3100000E-07      0.1135916E-02
   0.2900000E-07      0.1149958E-02
   0.2750000E-07      0.1157348E-02
   0.2625000E-07      0.1161044E-02
   0.2475000E-07      0.1161783E-02
   0.2350000E-07      0.1159565E-02
   0.2250000E-07      0.1155131E-02
   0.2150000E-07      0.1147741E-02
   0.2050000E-07      0.1138872E-02
   0.1950000E-07      0.1127047E-02
   0.1850000E-07      0.1112266E-02
   0.1750000E-07      0.1095268E-02
   0.1650000E-07      0.1073836E-02
   0.1550000E-07      0.1050186E-02
   0.1462500E-07      0.1025798E-02
   0.1387500E-07      0.1002148E-02
   0.1312500E-07      0.9770207E-03
   0.1237500E-07      0.9489370E-03
   0.1175000E-07      0.9238093E-03
   0.1125000E-07      0.9016379E-03
   0.1075000E-07      0.8794665E-03
   0.1025000E-07      0.8550779E-03
   0.9800000E-08      0.8321674E-03
   0.9400000E-08      0.8107351E-03
   0.9000000E-08      0.7885637E-03
   0.8600000E-08      0.7656532E-03
   0.8200000E-08      0.7420037E-03
   0.7800000E-08      0.7170239E-03
   0.7400000E-08      0.6910833E-03
   0.7050000E-08      0.6676554E-03
   0.6750000E-08      0.6468144E-03
   0.6450000E-08      0.6254559E-03
   0.6150000E-08      0.6035062E-03
   0.5875000E-08      0.5828868E-03
   0.5625000E-08      0.5635975E-03
   0.5375000E-08      0.5439389E-03
   0.5125000E-08      0.5237630E-03
   0.4875000E-08      0.5031435E-03
   0.4625000E-08      0.4821545E-03
   0.4375000E-08      0.4605744E-03
   0.4125000E-08      0.4386246E-03
   0.3900000E-08      0.4183747E-03
   0.3700000E-08      0.4001203E-03
   0.3500000E-08      0.3814963E-03
   0.3300000E-08      0.3625028E-03
   0.3100000E-08      0.3432876E-03
   0.2900000E-08      0.3237028E-03
   0.2750000E-08      0.3087740E-03
   0.2625000E-08      0.2962102E-03
   0.2475000E-08      0.2809119E-03
   0.2350000E-08      0.2680525E-03
   0.2250000E-08      0.2577058E-03
   0.2150000E-08      0.2472114E-03
   0.2050000E-08      0.2366430E-03
   0.1950000E-08      0.2260007E-03
   0.1850000E-08      0.2152845E-03
   0.1750000E-08      0.2044205E-03
   0.1650000E-08      0.1934826E-03
   0.1550000E-08      0.1824708E-03
   0.1462500E-08      0.1727893E-03
   0.1387500E-08      0.1644381E-03
   0.1312500E-08      0.1560129E-03
   0.1237500E-08      0.1475139E-03
   0.1175000E-08      0.1404190E-03
   0.1125000E-08      0.1347284E-03
   0.1075000E-08      0.1289638E-03
   0.1025000E-08      0.1231992E-03
   0.9800000E-09      0.1180259E-03
   0.9400000E-09      0.1133699E-03
   0.9000000E-09      0.1087139E-03
   0.8600000E-09      0.1040579E-03
   0.8200000E-09      0.9940188E-04
   0.7800000E-09      0.9467198E-04
   0.7400000E-09      0.8994208E-04
   0.7050000E-09      0.8580340E-04
   0.6750000E-09      0.8225597E-04
   0.6450000E-09      0.7870856E-04
   0.6150000E-09      0.7516112E-04
   0.5875000E-09      0.7186498E-04
   0.5625000E-09      0.6887184E-04
   0.5375000E-09      0.6587870E-04
   0.5125000E-09      0.6287816E-04
   0.4875000E-09      0.5987023E-04
   0.4625000E-09      0.5685492E-04
   0.4375000E-09      0.5383222E-04
   0.4125000E-09      0.5080951E-04
   0.3900000E-09      0.4808242E-04
   0.3700000E-09      0.4565096E-04
   0.3500000E-09      0.4321949E-04
   0.3300000E-09      0.4078064E-04
   0.3100000E-09      0.3833439E-04
   0.2900000E-09      0.3589553E-04
   0.2750000E-09      0.3405531E-04
   0.2625000E-09      0.3252548E-04
   0.2475000E-09      0.3068525E-04
   0.2350000E-09      0.2914803E-04
   0.2250000E-09      0.2792121E-04
   0.2150000E-09      0.2668701E-04
   0.2050000E-09      0.2546018E-04
   0.1950000E-09      0.2422598E-04
   0.1850000E-09      0.2299176E-04
   0.1750000E-09      0.2175756E-04
   0.1650000E-09      0.2052335E-04
   0.1550000E-09      0.1928914E-04
   0.1462500E-09      0.1820274E-04
   0.1387500E-09      0.1727893E-04
   0.1312500E-09      0.1634773E-04
   0.1237500E-09      0.1541653E-04
   0.1175000E-09      0.1464053E-04
   0.1125000E-09      0.1401973E-04
   0.1075000E-09      0.1339893E-04
   0.1025000E-09      0.1277813E-04
