    19.95000          0.2893245E-12
    19.85000          0.3119234E-12
    19.75000          0.3362045E-12
    19.65000          0.3624601E-12
    19.55000          0.3906905E-12
    19.45000          0.4211149E-12
    19.35000          0.4539529E-12
    19.25000          0.4892773E-12
    19.15000          0.5273810E-12
    19.05000          0.5684832E-12
    18.95000          0.6127303E-12
    18.85000          0.6604147E-12
    18.75000          0.7118290E-12
    18.65000          0.7671927E-12
    18.55000          0.8271640E-12
    18.45000          0.8915232E-12
    18.35000          0.9602708E-12
    18.25000          0.1035600E-11
    18.15000          0.1116050E-11
    18.05000          0.1202350E-11
    17.95000          0.1295963E-11
    17.85000          0.1396890E-11
    17.75000          0.1505131E-11
    17.65000          0.1622148E-11
    17.55000          0.1747941E-11
    17.45000          0.1883974E-11
    17.35000          0.2030245E-11
    17.25000          0.2187487E-11
    17.15000          0.2357161E-11
    17.05000          0.2540000E-11
    16.95000          0.2737467E-11
    16.85000          0.2949560E-11
    16.75000          0.3177743E-11
    16.65000          0.3424210E-11
    16.55000          0.3689692E-11
    16.45000          0.3974921E-11
    16.35000          0.4282823E-11
    16.25000          0.4614858E-11
    16.15000          0.4971760E-11
    16.05000          0.5356454E-11
    15.95000          0.5771132E-11
    15.85000          0.6217259E-11
    15.75000          0.6697761E-11
    15.65000          0.7215561E-11
    15.55000          0.7774317E-11
    15.45000          0.8374030E-11
    15.35000          0.9017623E-11
    15.25000          0.9719724E-11
    15.15000          0.1046571E-10
    15.05000          0.1127751E-10
    14.95000          0.1214783E-10
    14.85000          0.1308396E-10
    14.75000          0.1409324E-10
    14.65000          0.1517564E-10
    14.55000          0.1634581E-10
    14.45000          0.1760374E-10
    14.35000          0.1895676E-10
    14.25000          0.2041947E-10
    14.15000          0.2199188E-10
    14.05000          0.2368863E-10
    13.95000          0.2550971E-10
    13.85000          0.2746974E-10
    13.75000          0.2958336E-10
    13.65000          0.3185788E-10
    13.55000          0.3430792E-10
    13.45000          0.3694812E-10
    13.35000          0.3979310E-10
    13.25000          0.4285748E-10
    13.15000          0.4616321E-10
    13.05000          0.4971760E-10
    12.95000          0.5355722E-10
    12.85000          0.5769669E-10
    12.75000          0.6215797E-10
    12.65000          0.6697760E-10
    12.55000          0.7220681E-10
    12.45000          0.7788944E-10
    12.35000          0.8403284E-10
    12.25000          0.9076131E-10
    12.15000          0.9807487E-10
    12.05000          0.1057541E-09
    11.95000          0.1137990E-09
    11.85000          0.1222828E-09
    11.75000          0.1313516E-09
    11.65000          0.1412249E-09
    11.55000          0.1518296E-09
    11.45000          0.1633850E-09
    11.35000          0.1758180E-09
    11.25000          0.1892019E-09
    11.15000          0.2034633E-09
    11.05000          0.2187487E-09
    10.95000          0.2351311E-09
    10.85000          0.2527567E-09
    10.75000          0.2715526E-09
    10.65000          0.2918112E-09
    10.55000          0.3135325E-09
    10.45000          0.3367896E-09
    10.35000          0.3618751E-09
    10.25000          0.3889353E-09
    10.15000          0.4180432E-09
    10.05000          0.4494915E-09
    9.950000          0.4834265E-09
    9.850000          0.5197749E-09
    9.750000          0.5586830E-09
    9.650000          0.6002973E-09
    9.550000          0.6448369E-09
    9.450000          0.6924481E-09
    9.350000          0.7430580E-09
    9.250000          0.7979097E-09
    9.150000          0.8564182E-09
    9.050000          0.9185835E-09
    8.950000          0.9858683E-09
    8.850000          0.1058273E-08
    8.750000          0.1135796E-08
    8.650000          0.1219902E-08
    8.550000          0.1309128E-08
    8.450000          0.1404204E-08
    8.350000          0.1505863E-08
    8.250000          0.1616298E-08
    8.150000          0.1735508E-08
    8.050000          0.1864227E-08
    7.950000          0.2033902E-08
    7.850000          0.2252577E-08
    7.750000          0.2499044E-08
    7.650000          0.2779885E-08
    7.550000          0.3095100E-08
    7.450000          0.3447613E-08
    7.350000          0.3844740E-08
    7.250000          0.4294524E-08
    7.150000          0.4796966E-08
    7.050000          0.5356454E-08
    6.950000          0.5865477E-08
    6.850000          0.6298440E-08
    6.750000          0.6771627E-08
    6.650000          0.7309175E-08
    6.550000          0.7920589E-08
    6.450000          0.8615377E-08
    6.350000          0.9383301E-08
    6.250000          0.1021705E-07
    6.150000          0.1110930E-07
    6.050000          0.1206738E-07
    5.950000          0.1282068E-07
    5.850000          0.1332531E-07
    5.750000          0.1385189E-07
    5.650000          0.1441503E-07
    5.550000          0.1501475E-07
    5.450000          0.1565834E-07
    5.350000          0.1633850E-07
    5.250000          0.1706985E-07
    5.150000          0.1783778E-07
    5.050000          0.1866421E-07
    4.950000          0.1963692E-07
    4.850000          0.2079246E-07
    4.750000          0.2203577E-07
    4.650000          0.2338877E-07
    4.550000          0.2485149E-07
    4.450000          0.2643853E-07
    4.350000          0.2817184E-07
    4.250000          0.3005874E-07
    4.150000          0.3213579E-07
    4.050000          0.3441762E-07
    3.950000          0.3679453E-07
    3.850000          0.3925920E-07
    3.750000          0.4196522E-07
    3.650000          0.4495647E-07
    3.550000          0.4824026E-07
    3.450000          0.5188242E-07
    3.350000          0.5592682E-07
    3.250000          0.6043928E-07
    3.150000          0.6551489E-07
    3.050000          0.7126335E-07
    2.950000          0.7642674E-07
    2.850000          0.8081487E-07
    2.750000          0.8564182E-07
    2.650000          0.9098073E-07
    2.550000          0.9683156E-07
    2.450000          0.1032675E-06
    2.350000          0.1104348E-06
    2.250000          0.1183334E-06
    2.150000          0.1271829E-06
    2.050000          0.1371293E-06
    1.950000          0.1456862E-06
    1.850000          0.1522684E-06
    1.750000          0.1595088E-06
    1.650000          0.1672612E-06
    1.550000          0.1755986E-06
    1.450000          0.1850332E-06
    1.350000          0.1959303E-06
    1.250000          0.2083634E-06
    1.150000          0.2229905E-06
    1.050000          0.2404699E-06
   0.9800000          0.2594120E-06
   0.9400000          0.2787930E-06
   0.9000000          0.3005875E-06
   0.8600000          0.3253073E-06
   0.8200000          0.3534645E-06
   0.7800000          0.3857173E-06
   0.7400000          0.4228702E-06
   0.7050000          0.4524170E-06
   0.6750000          0.4716516E-06
   0.6450000          0.4919834E-06
   0.6150000          0.5152405E-06
   0.5875000          0.5382782E-06
   0.5625000          0.5601457E-06
   0.5375000          0.5847194E-06
   0.5125000          0.6119258E-06
   0.4875000          0.6357680E-06
   0.4625000          0.6558803E-06
   0.4375000          0.6782598E-06
   0.4125000          0.7029066E-06
   0.3900000          0.7274070E-06
   0.3700000          0.7511028E-06
   0.3500000          0.7781632E-06
   0.3300000          0.8074173E-06
   0.3100000          0.8403284E-06
   0.2900000          0.8673885E-06
   0.2750000          0.8820156E-06
   0.2625000          0.8959114E-06
   0.2475000          0.9127326E-06
   0.2350000          0.9288224E-06
   0.2250000          0.9419869E-06
   0.2150000          0.9566140E-06
   0.2050000          0.9719724E-06
   0.1950000          0.9836742E-06
   0.1850000          0.9909878E-06
   0.1750000          0.9997640E-06
   0.1650000          0.1008540E-05
   0.1550000          0.1018048E-05
   0.1462500          0.1019511E-05
   0.1387500          0.1012197E-05
   0.1312500          0.1004884E-05
   0.1237500          0.9968386E-06
   0.1175000          0.9902565E-06
   0.1125000          0.9844055E-06
   0.1075000          0.9756293E-06
   0.1025000          0.9661217E-06
   0.9800000E-01      0.9500318E-06
   0.9400000E-01      0.9273597E-06
   0.9000000E-01      0.9054192E-06
   0.8600000E-01      0.8885979E-06
   0.8200000E-01      0.8703140E-06
   0.7799999E-01      0.8512986E-06
   0.7400000E-01      0.8293580E-06
   0.7050000E-01      0.8088801E-06
   0.6750000E-01      0.7862080E-06
   0.6450000E-01      0.7642673E-06
   0.6150000E-01      0.7401325E-06
   0.5875000E-01      0.7250666E-06
   0.5625000E-01      0.7087574E-06
   0.5375000E-01      0.6877674E-06
   0.5125000E-01      0.6708732E-06
   0.4875000E-01      0.6482742E-06
   0.4625000E-01      0.6158019E-06
   0.4375000E-01      0.5830372E-06
   0.4125000E-01      0.5551725E-06
   0.3900000E-01      0.5272348E-06
   0.3700000E-01      0.5047090E-06
   0.3500000E-01      0.4828414E-06
   0.3300000E-01      0.4601694E-06
   0.3100000E-01      0.4373510E-06
   0.2900000E-01      0.4142402E-06
   0.2750000E-01      0.3993206E-06
   0.2625000E-01      0.3831575E-06
   0.2475000E-01      0.3669214E-06
   0.2350000E-01      0.3498808E-06
   0.2250000E-01      0.3371553E-06
   0.2150000E-01      0.3238445E-06
   0.2050000E-01      0.3148489E-06
   0.1950000E-01      0.3013188E-06
   0.1850000E-01      0.2895439E-06
   0.1750000E-01      0.2780616E-06
   0.1650000E-01      0.2627763E-06
   0.1550000E-01      0.2472715E-06
   0.1462500E-01      0.2355699E-06
   0.1387500E-01      0.2248189E-06
   0.1312500E-01      0.2138486E-06
   0.1237500E-01      0.2035364E-06
   0.1175000E-01      0.1970274E-06
   0.1125000E-01      0.1892019E-06
   0.1075000E-01      0.1833510E-06
   0.1025000E-01      0.1745016E-06
   0.9800000E-02      0.1677731E-06
   0.9400001E-02      0.1611909E-06
   0.9000000E-02      0.1567297E-06
   0.8600000E-02      0.1491236E-06
   0.8200000E-02      0.1431264E-06
   0.7800000E-02      0.1375681E-06
   0.7400000E-02      0.1312784E-06
   0.7050000E-02      0.1253544E-06
   0.6750000E-02      0.1228679E-06
   0.6450000E-02      0.1184797E-06
   0.6150000E-02      0.1150423E-06
   0.5875000E-02      0.1105079E-06
   0.5625000E-02      0.1083870E-06
   0.5375000E-02      0.1050228E-06
   0.5125000E-02      0.1034869E-06
   0.4875000E-02      0.1004884E-06
   0.4625000E-02      0.9851369E-07
   0.4375000E-02      0.9419870E-07
   0.4125000E-02      0.9098073E-07
   0.3900000E-02      0.8651945E-07
   0.3700000E-02      0.8235071E-07
   0.3500000E-02      0.7796258E-07
   0.3300000E-02      0.7489088E-07
   0.3100000E-02      0.7129992E-07
   0.2900000E-02      0.6647297E-07
   0.2750000E-02      0.6603416E-07
   0.2625000E-02      0.6558072E-07
   0.2475000E-02      0.6359143E-07
   0.2350000E-02      0.6324769E-07
   0.2250000E-02      0.6375965E-07
   0.2150000E-02      0.6319650E-07
   0.2050000E-02      0.6295515E-07
   0.1950000E-02      0.6381815E-07
   0.1850000E-02      0.6575625E-07
   0.1750000E-02      0.6923019E-07
   0.1650000E-02      0.7182651E-07
   0.1550000E-02      0.7467148E-07
   0.1462500E-02      0.7730436E-07
   0.1387500E-02      0.8008350E-07
   0.1312500E-02      0.8315521E-07
   0.1237500E-02      0.8666573E-07
   0.1175000E-02      0.8937173E-07
   0.1125000E-02      0.9207776E-07
   0.1075000E-02      0.9427183E-07
   0.1025000E-02      0.9741667E-07
   0.9800000E-03      0.1008540E-06
   0.9400000E-03      0.1047302E-06
   0.9000000E-03      0.1088989E-06
   0.8600000E-03      0.1141647E-06
   0.8200000E-03      0.1192842E-06
   0.7800000E-03      0.1248425E-06
   0.7400000E-03      0.1310591E-06
   0.7050000E-03      0.1355934E-06
   0.6750000E-03      0.1393234E-06
   0.6450000E-03      0.1371293E-06
   0.6150000E-03      0.1405667E-06
   0.5875000E-03      0.1448817E-06
   0.5625000E-03      0.1486116E-06
   0.5375000E-03      0.1530729E-06
   0.5125000E-03      0.1652865E-06
   0.4875000E-03      0.1728926E-06
   0.4625000E-03      0.1801330E-06
   0.4375000E-03      0.1880317E-06
   0.4125000E-03      0.1968811E-06
   0.3900000E-03      0.2057305E-06
   0.3700000E-03      0.2140680E-06
   0.3500000E-03      0.2237950E-06
   0.3300000E-03      0.2334489E-06
   0.3100000E-03      0.2451506E-06
   0.2900000E-03      0.2567060E-06
   0.2750000E-03      0.2657017E-06
   0.2625000E-03      0.2737467E-06
   0.2475000E-03      0.2878618E-06
   0.2350000E-03      0.2996367E-06
   0.2250000E-03      0.3152146E-06
   0.2150000E-03      0.3308656E-06
   0.2050000E-03      0.3458584E-06
   0.1950000E-03      0.3654587E-06
   0.1850000E-03      0.3760634E-06
   0.1750000E-03      0.4002713E-06
   0.1650000E-03      0.4342062E-06
   0.1550000E-03      0.4702621E-06
   0.1462500E-03      0.4971029E-06
   0.1387500E-03      0.5172882E-06
   0.1312500E-03      0.5390827E-06
   0.1237500E-03      0.5627787E-06
   0.1175000E-03      0.5836955E-06
   0.1125000E-03      0.5996390E-06
   0.1075000E-03      0.6146319E-06
   0.1025000E-03      0.6327695E-06
   0.9800000E-04      0.6486399E-06
   0.9400000E-04      0.6767239E-06
   0.9000000E-04      0.6941302E-06
   0.8600000E-04      0.6824285E-06
   0.8200000E-04      0.6985184E-06
   0.7800000E-04      0.7214097E-06
   0.7400000E-04      0.7474461E-06
   0.7050000E-04      0.7649987E-06
   0.6750000E-04      0.7364758E-06
   0.6450000E-04      0.7503715E-06
   0.6150000E-04      0.7686554E-06
   0.5875000E-04      0.7876707E-06
   0.5625000E-04      0.8059546E-06
   0.5375000E-04      0.8608063E-06
   0.5125000E-04      0.9397928E-06
   0.4875000E-04      0.9756293E-06
   0.4625000E-04      0.1002689E-05
   0.4375000E-04      0.1035601E-05
   0.4125000E-04      0.1075094E-05
   0.3900000E-04      0.1101423E-05
   0.3700000E-04      0.1129945E-05
   0.3500000E-04      0.1166513E-05
   0.3300000E-04      0.1204544E-05
   0.3100000E-04      0.1240380E-05
   0.2900000E-04      0.1282799E-05
   0.2750000E-04      0.1318635E-05
   0.2625000E-04      0.1343501E-05
   0.2475000E-04      0.1351546E-05
   0.2350000E-04      0.1387383E-05
   0.2250000E-04      0.1427607E-05
   0.2150000E-04      0.1450280E-05
   0.2050000E-04      0.1489041E-05
   0.1950000E-04      0.1536580E-05
   0.1850000E-04      0.1584118E-05
   0.1750000E-04      0.1624342E-05
   0.1650000E-04      0.1650671E-05
   0.1550000E-04      0.1705523E-05
   0.1462500E-04      0.1780121E-05
   0.1387500E-04      0.1828391E-05
   0.1312500E-04      0.1871541E-05
   0.1237500E-04      0.1944676E-05
   0.1175000E-04      0.1954915E-05
   0.1125000E-04      0.1995871E-05
   0.1075000E-04      0.2036096E-05
   0.1025000E-04      0.2108500E-05
   0.9800000E-05      0.2183099E-05
   0.9400001E-05      0.2284757E-05
   0.8999999E-05      0.2331564E-05
   0.8600000E-05      0.2338146E-05
   0.8200001E-05      0.2387878E-05
   0.7800000E-05      0.2440536E-05
   0.7400000E-05      0.2493925E-05
   0.7050000E-05      0.2556090E-05
   0.6750000E-05      0.2647510E-05
   0.6450000E-05      0.2720645E-05
   0.6150000E-05      0.2802557E-05
   0.5875000E-05      0.2884469E-05
   0.5625000E-05      0.2967844E-05
   0.5375000E-05      0.3079741E-05
   0.5125000E-05      0.3210654E-05
   0.4875000E-05      0.3327671E-05
   0.4625000E-05      0.3428598E-05
   0.4375000E-05      0.3537570E-05
   0.4125000E-05      0.3674334E-05
   0.3900000E-05      0.3825725E-05
   0.3700000E-05      0.3979309E-05
   0.3500000E-05      0.4146790E-05
   0.3300000E-05      0.4322316E-05
   0.3100000E-05      0.4505886E-05
   0.2900000E-05      0.4729682E-05
   0.2750000E-05      0.4935192E-05
   0.2625000E-05      0.5122419E-05
   0.2475000E-05      0.5358648E-05
   0.2350000E-05      0.5567815E-05
   0.2250000E-05      0.5756505E-05
   0.2150000E-05      0.5958359E-05
   0.2050000E-05      0.6171184E-05
   0.1950000E-05      0.6435935E-05
   0.1850000E-05      0.6762120E-05
   0.1750000E-05      0.7122679E-05
   0.1650000E-05      0.7518342E-05
   0.1550000E-05      0.7971784E-05
   0.1462500E-05      0.8417911E-05
   0.1387500E-05      0.8856725E-05
   0.1312500E-05      0.9346733E-05
   0.1237500E-05      0.9880623E-05
   0.1175000E-05      0.1037795E-04
   0.1125000E-05      0.1082407E-04
   0.1075000E-05      0.1129945E-04
   0.1025000E-05      0.1183335E-04
   0.9800000E-06      0.1240380E-04
   0.9399999E-06      0.1301814E-04
   0.9000000E-06      0.1368368E-04
   0.8600000E-06      0.1442235E-04
   0.8200000E-06      0.1522684E-04
   0.7800000E-06      0.1612641E-04
   0.7400000E-06      0.1712105E-04
   0.7050000E-06      0.1824734E-04
   0.6750000E-06      0.1950527E-04
   0.6450000E-06      0.2090948E-04
   0.6150000E-06      0.2248189E-04
   0.5875000E-06      0.2410550E-04
   0.5625000E-06      0.2575105E-04
   0.5375000E-06      0.2757944E-04
   0.5125000E-06      0.2963455E-04
   0.4875000E-06      0.3258192E-04
   0.4625000E-06      0.3667752E-04
   0.4375000E-06      0.4156298E-04
   0.4125000E-06      0.4743577E-04
   0.3900000E-06      0.5376200E-04
   0.3700000E-06      0.6049047E-04
   0.3500000E-06      0.6857197E-04
   0.3300000E-06      0.7840139E-04
   0.3100000E-06      0.9046877E-04
   0.2900000E-06      0.1056810E-03
   0.2750000E-06      0.1197230E-03
   0.2625000E-06      0.1336919E-03
   0.2475000E-06      0.1534386E-03
   0.2350000E-06      0.1733315E-03
   0.2250000E-06      0.1920541E-03
   0.2150000E-06      0.2138486E-03
   0.2050000E-06      0.2393729E-03
   0.1950000E-06      0.2634345E-03
   0.1850000E-06      0.2847901E-03
   0.1750000E-06      0.3092906E-03
   0.1650000E-06      0.3375209E-03
   0.1550000E-06      0.3702857E-03
   0.1462500E-06      0.4012221E-03
   0.1387500E-06      0.4287210E-03
   0.1312500E-06      0.4598768E-03
   0.1237500E-06      0.4952745E-03
   0.1175000E-06      0.5285512E-03
   0.1125000E-06      0.5583174E-03
   0.1075000E-06      0.5913016E-03
   0.1025000E-06      0.6278694E-03
   0.9800000E-07      0.6601953E-03
   0.9400000E-07      0.6868898E-03
   0.9000000E-07      0.7159247E-03
   0.8600000E-07      0.7474461E-03
   0.8200000E-07      0.7825512E-03
   0.7800000E-07      0.8205817E-03
   0.7400000E-07      0.8622690E-03
   0.7050000E-07      0.8981056E-03
   0.6750000E-07      0.9251657E-03
   0.6450000E-07      0.9536885E-03
   0.6150000E-07      0.9851370E-03
   0.5875000E-07      0.1016585E-02
   0.5625000E-07      0.1046571E-02
   0.5375000E-07      0.1079482E-02
   0.5125000E-07      0.1115318E-02
   0.4875000E-07      0.1161394E-02
   0.4625000E-07      0.1216245E-02
   0.4375000E-07      0.1270366E-02
   0.4125000E-07      0.1322292E-02
   0.3900000E-07      0.1366174E-02
   0.3700000E-07      0.1403473E-02
   0.3500000E-07      0.1436384E-02
   0.3300000E-07      0.1466369E-02
   0.3100000E-07      0.1490504E-02
   0.2900000E-07      0.1509519E-02
   0.2750000E-07      0.1519027E-02
   0.2625000E-07      0.1523415E-02
   0.2475000E-07      0.1524147E-02
   0.2350000E-07      0.1521221E-02
   0.2250000E-07      0.1514639E-02
   0.2150000E-07      0.1505863E-02
   0.2050000E-07      0.1494161E-02
   0.1950000E-07      0.1478071E-02
   0.1850000E-07      0.1459056E-02
   0.1750000E-07      0.1435652E-02
   0.1650000E-07      0.1408592E-02
   0.1550000E-07      0.1376412E-02
   0.1462500E-07      0.1344964E-02
   0.1387500E-07      0.1314247E-02
   0.1312500E-07      0.1280605E-02
   0.1237500E-07      0.1243306E-02
   0.1175000E-07      0.1210395E-02
   0.1125000E-07      0.1181872E-02
   0.1075000E-07      0.1151886E-02
   0.1025000E-07      0.1120438E-02
   0.9800000E-08      0.1090452E-02
   0.9400000E-08      0.1062661E-02
   0.9000000E-08      0.1034138E-02
   0.8600000E-08      0.1003421E-02
   0.8200000E-08      0.9719725E-03
   0.7800000E-08      0.9397928E-03
   0.7400000E-08      0.9054190E-03
   0.7050000E-08      0.8747021E-03
   0.6750000E-08      0.8476420E-03
   0.6450000E-08      0.8198504E-03
   0.6150000E-08      0.7905961E-03
   0.5875000E-08      0.7635360E-03
   0.5625000E-08      0.7386699E-03
   0.5375000E-08      0.7127066E-03
   0.5125000E-08      0.6863048E-03
   0.4875000E-08      0.6593178E-03
   0.4625000E-08      0.6317456E-03
   0.4375000E-08      0.6035152E-03
   0.4125000E-08      0.5746998E-03
   0.3900000E-08      0.5482246E-03
   0.3700000E-08      0.5242362E-03
   0.3500000E-08      0.4998089E-03
   0.3300000E-08      0.4750159E-03
   0.3100000E-08      0.4497841E-03
   0.2900000E-08      0.4241136E-03
   0.2750000E-08      0.4045863E-03
   0.2625000E-08      0.3880576E-03
   0.2475000E-08      0.3680916E-03
   0.2350000E-08      0.3512705E-03
   0.2250000E-08      0.3376672E-03
   0.2150000E-08      0.3239177E-03
   0.2050000E-08      0.3100951E-03
   0.1950000E-08      0.2961261E-03
   0.1850000E-08      0.2820110E-03
   0.1750000E-08      0.2678227E-03
   0.1650000E-08      0.2535612E-03
   0.1550000E-08      0.2391535E-03
   0.1462500E-08      0.2264279E-03
   0.1387500E-08      0.2154576E-03
   0.1312500E-08      0.2044141E-03
   0.1237500E-08      0.1932975E-03
   0.1175000E-08      0.1840092E-03
   0.1125000E-08      0.1764763E-03
   0.1075000E-08      0.1690164E-03
   0.1025000E-08      0.1614835E-03
   0.9800000E-09      0.1546087E-03
   0.9400000E-09      0.1485385E-03
   0.9000000E-09      0.1424682E-03
   0.8600000E-09      0.1363248E-03
   0.8200000E-09      0.1302545E-03
   0.7800000E-09      0.1240380E-03
   0.7400000E-09      0.1178946E-03
   0.7050000E-09      0.1124826E-03
   0.6750000E-09      0.1078019E-03
   0.6450000E-09      0.1031212E-03
   0.6150000E-09      0.9844054E-04
   0.5875000E-09      0.9412555E-04
   0.5625000E-09      0.9024937E-04
   0.5375000E-09      0.8630004E-04
   0.5125000E-09      0.8235072E-04
   0.4875000E-09      0.7847453E-04
   0.4625000E-09      0.7452520E-04
   0.4375000E-09      0.7053932E-04
   0.4125000E-09      0.6657536E-04
   0.3900000E-09      0.6299902E-04
   0.3700000E-09      0.5981032E-04
   0.3500000E-09      0.5662160E-04
   0.3300000E-09      0.5343289E-04
   0.3100000E-09      0.5022955E-04
   0.2900000E-09      0.4702621E-04
   0.2750000E-09      0.4462004E-04
   0.2625000E-09      0.4261613E-04
   0.2475000E-09      0.4020266E-04
   0.2350000E-09      0.3819142E-04
   0.2250000E-09      0.3658244E-04
   0.2150000E-09      0.3497346E-04
   0.2050000E-09      0.3335716E-04
   0.1950000E-09      0.3174086E-04
   0.1850000E-09      0.3012457E-04
   0.1750000E-09      0.2850827E-04
   0.1650000E-09      0.2689197E-04
   0.1550000E-09      0.2526836E-04
   0.1462500E-09      0.2384952E-04
   0.1387500E-09      0.2263548E-04
   0.1312500E-09      0.2142143E-04
   0.1237500E-09      0.2020006E-04
   0.1175000E-09      0.1918347E-04
   0.1125000E-09      0.1837167E-04
   0.1075000E-09      0.1755986E-04
   0.1025000E-09      0.1674806E-04
