1.000000e-10 1.404010e+00 1.995000e+01 2.889633e-07 
1.000000e-10 1.404010e+02 1.985000e+01 3.114837e-07 
4.139900e-07 1.404010e+02 1.975000e+01 3.358320e-07 
4.139900e-07 8.793940e+00 1.965000e+01 3.620083e-07 
5.315800e-07 8.793940e+00 1.955000e+01 3.902320e-07 
5.315800e-07 6.194320e+00 1.945000e+01 4.205761e-07 
6.250600e-07 6.194320e+00 1.935000e+01 4.533330e-07 
6.250600e-07 7.438880e+00 1.925000e+01 4.887222e-07 
6.825600e-07 7.438880e+00 1.915000e+01 5.267437e-07 
6.825600e-07 2.828830e+00 1.905000e+01 5.677630e-07 
8.336800e-07 2.828830e+00 1.895000e+01 6.119995e-07 
8.336800e-07 6.013850e+00 1.885000e+01 6.595995e-07 
8.764200e-07 6.013850e+00 1.875000e+01 7.110016e-07 
8.764200e-07 3.015790e+00 1.865000e+01 7.662791e-07 
1.125400e-06 3.015790e+00 1.855000e+01 8.255048e-07 
1.125400e-06 5.750810e+00 1.845000e+01 8.898487e-07 
1.445000e-06 5.750810e+00 1.835000e+01 9.593112e-07 
1.445000e-06 8.358540e-01 1.825000e+01 1.033892e-06 
1.855400e-06 8.358540e-01 1.815000e+01 1.114322e-06 
1.855400e-06 1.859040e+00 1.805000e+01 1.201332e-06 
2.382400e-06 1.859040e+00 1.795000e+01 1.294924e-06 
2.382400e-06 1.361940e+00 1.785000e+01 1.395096e-06 
3.059000e-06 1.361940e+00 1.775000e+01 1.503311e-06 
3.059000e-06 8.800110e-01 1.765000e+01 1.620300e-06 
3.927900e-06 8.800110e-01 1.755000e+01 1.746063e-06 
3.927900e-06 2.909840e+00 1.745000e+01 1.881332e-06 
5.043500e-06 2.909840e+00 1.735000e+01 2.027569e-06 
5.043500e-06 8.953490e-01 1.725000e+01 2.185504e-06 
6.476000e-06 8.953490e-01 1.715000e+01 2.355138e-06 
6.476000e-06 8.470150e-01 1.705000e+01 2.537934e-06 
8.315300e-06 8.470150e-01 1.695000e+01 2.734622e-06 
8.315300e-06 5.210100e-01 1.685000e+01 2.945933e-06 
1.067700e-05 5.210100e-01 1.675000e+01 3.174793e-06 
1.067700e-05 3.575640e-01 1.665000e+01 3.420471e-06 
1.371000e-05 3.575640e-01 1.655000e+01 3.685890e-06 
1.371000e-05 6.000210e-01 1.645000e+01 3.971051e-06 
1.760300e-05 6.000210e-01 1.635000e+01 4.278879e-06 
1.760300e-05 2.730770e-01 1.625000e+01 4.610104e-06 
2.260300e-05 2.730770e-01 1.615000e+01 4.966921e-06 
2.260300e-05 2.365470e-01 1.605000e+01 5.351523e-06 
2.902300e-05 2.365470e-01 1.595000e+01 5.765373e-06 
2.902300e-05 2.344860e-01 1.585000e+01 6.211393e-06 
3.726700e-05 2.344860e-01 1.575000e+01 6.691780e-06 
3.726700e-05 1.661710e-01 1.565000e+01 7.210189e-06 
4.785100e-05 1.661710e-01 1.555000e+01 7.765156e-06 
4.785100e-05 1.785500e-01 1.545000e+01 8.364726e-06 
6.144200e-05 1.785500e-01 1.535000e+01 9.008167e-06 
6.144200e-05 1.080570e-01 1.525000e+01 9.710101e-06 
7.889300e-05 1.080570e-01 1.515000e+01 1.045591e-05 
7.889300e-05 9.165240e-02 1.505000e+01 1.126021e-05 
1.013000e-04 9.165240e-02 1.495000e+01 1.213031e-05 
1.013000e-04 7.834430e-02 1.485000e+01 1.306623e-05 
1.300700e-04 7.834430e-02 1.475000e+01 1.407526e-05 
1.300700e-04 7.680970e-02 1.465000e+01 1.516472e-05 
1.670200e-04 7.680970e-02 1.455000e+01 1.633461e-05 
1.670200e-04 6.072980e-02 1.445000e+01 1.759225e-05 
2.144500e-04 6.072980e-02 1.435000e+01 1.894493e-05 
2.144500e-04 3.756170e-02 1.425000e+01 2.040730e-05 
2.753600e-04 3.756170e-02 1.415000e+01 2.197934e-05 
2.753600e-04 2.899870e-02 1.405000e+01 2.367568e-05 
3.535800e-04 2.899870e-02 1.395000e+01 2.549633e-05 
3.535800e-04 3.115140e-02 1.385000e+01 2.745590e-05 
4.540000e-04 3.115140e-02 1.375000e+01 2.956901e-05 
4.540000e-04 1.816150e-02 1.365000e+01 3.185030e-05 
5.829500e-04 1.816150e-02 1.355000e+01 3.429976e-05 
5.829500e-04 2.092330e-02 1.345000e+01 3.693933e-05 
7.485200e-04 2.092330e-02 1.335000e+01 3.978363e-05 
7.485200e-04 2.397340e-02 1.325000e+01 4.285459e-05 
9.611200e-04 2.397340e-02 1.315000e+01 4.616685e-05 
9.611200e-04 9.739560e-03 1.305000e+01 4.974234e-05 
1.234100e-03 9.739560e-03 1.295000e+01 5.359566e-05 
1.234100e-03 2.274510e-02 1.285000e+01 5.774878e-05 
1.363900e-03 2.274510e-02 1.275000e+01 6.223093e-05 
1.363900e-03 1.587630e-02 1.265000e+01 6.709328e-05 
1.507300e-03 1.587630e-02 1.255000e+01 7.237973e-05 
1.507300e-03 1.799450e-02 1.245000e+01 7.816339e-05 
1.584600e-03 1.799450e-02 1.235000e+01 8.445156e-05 
1.584600e-03 1.733740e-02 1.225000e+01 9.125155e-05 
1.665900e-03 1.733740e-02 1.215000e+01 9.863648e-05 
1.665900e-03 2.288880e-02 1.205000e+01 1.064602e-04 
1.841100e-03 2.288880e-02 1.195000e+01 1.145763e-04 
1.841100e-03 1.679940e-02 1.185000e+01 1.231311e-04 
2.034700e-03 1.679940e-02 1.175000e+01 1.322709e-04 
2.034700e-03 2.747500e-02 1.165000e+01 1.420687e-04 
2.248700e-03 2.747500e-02 1.155000e+01 1.527440e-04 
2.248700e-03 2.062210e-02 1.145000e+01 1.642967e-04 
2.485200e-03 2.062210e-02 1.135000e+01 1.767999e-04 
2.485200e-03 1.958140e-02 1.125000e+01 1.902536e-04 
2.612600e-03 1.958140e-02 1.115000e+01 2.045848e-04 
2.612600e-03 4.059610e-02 1.105000e+01 2.199396e-04 
2.746500e-03 4.059610e-02 1.095000e+01 2.363181e-04 
2.746500e-03 2.552030e-02 1.085000e+01 2.539396e-04 
2.863500e-03 2.552030e-02 1.075000e+01 2.728041e-04 
2.863500e-03 2.853010e-02 1.065000e+01 2.929848e-04 
3.035400e-03 2.853010e-02 1.055000e+01 3.147008e-04 
3.035400e-03 2.414590e-02 1.045000e+01 3.379524e-04 
3.354600e-03 2.414590e-02 1.035000e+01 3.629589e-04 
3.354600e-03 3.521670e-02 1.025000e+01 3.900127e-04 
3.707400e-03 3.521670e-02 1.015000e+01 4.191869e-04 
3.707400e-03 3.102950e-02 1.005000e+01 4.507008e-04 
4.097300e-03 3.102950e-02 9.950000e+00 4.846276e-04 
4.097300e-03 3.460780e-02 9.850000e+00 5.210405e-04 
4.307400e-03 3.460780e-02 9.750000e+00 5.600125e-04 
4.307400e-03 3.163880e-02 9.650000e+00 6.016168e-04 
4.528300e-03 3.163880e-02 9.550000e+00 6.460727e-04 
4.528300e-03 3.061480e-02 9.450000e+00 6.935264e-04 
5.004500e-03 3.061480e-02 9.350000e+00 7.443436e-04 
5.004500e-03 5.668430e-02 9.250000e+00 7.984510e-04 
5.530800e-03 5.668430e-02 9.150000e+00 8.569456e-04 
5.530800e-03 6.385570e-02 9.050000e+00 9.183649e-04 
6.267300e-03 6.385570e-02 8.950000e+00 9.849026e-04 
6.267300e-03 6.913740e-02 8.850000e+00 1.056559e-03 
7.101700e-03 6.913740e-02 8.750000e+00 1.134064e-03 
7.101700e-03 6.064920e-02 8.650000e+00 1.216687e-03 
8.047300e-03 6.064920e-02 8.550000e+00 1.305891e-03 
8.047300e-03 6.055810e-02 8.450000e+00 1.400214e-03 
9.118800e-03 6.055810e-02 8.350000e+00 1.501117e-03 
9.118800e-03 7.207320e-02 8.250000e+00 1.610063e-03 
1.033300e-02 7.207320e-02 8.150000e+00 1.728515e-03 
1.033300e-02 9.867340e-02 8.050000e+00 1.864515e-03 
1.170900e-02 9.867340e-02 7.950000e+00 2.034149e-03 
1.170900e-02 1.134020e-01 7.850000e+00 2.246192e-03 
1.326800e-02 1.134020e-01 7.750000e+00 2.494063e-03 
1.326800e-02 1.181890e-01 7.650000e+00 2.775568e-03 
1.503400e-02 1.181890e-01 7.550000e+00 3.092901e-03 
1.503400e-02 1.205250e-01 7.450000e+00 3.447524e-03 
1.703600e-02 1.205250e-01 7.350000e+00 3.846750e-03 
1.703600e-02 1.383110e-01 7.250000e+00 4.297889e-03 
1.930500e-02 1.383110e-01 7.150000e+00 4.799481e-03 
1.930500e-02 1.436570e-01 7.050000e+00 5.330319e-03 
2.133500e-02 1.436570e-01 6.950000e+00 5.832641e-03 
2.133500e-02 1.433460e-01 6.850000e+00 6.291093e-03 
2.187500e-02 1.433460e-01 6.750000e+00 6.764168e-03 
2.187500e-02 1.684990e-01 6.650000e+00 7.305243e-03 
2.357900e-02 1.684990e-01 6.550000e+00 7.926017e-03 
2.357900e-02 1.846590e-01 6.450000e+00 8.627951e-03 
2.417600e-02 1.846590e-01 6.350000e+00 9.410316e-03 
2.417600e-02 2.194050e-01 6.250000e+00 1.026580e-02 
2.478800e-02 2.194050e-01 6.150000e+00 1.117247e-02 
2.478800e-02 2.892150e-01 6.050000e+00 1.207182e-02 
2.605800e-02 2.892150e-01 5.950000e+00 1.282494e-02 
2.605800e-02 2.234230e-01 5.850000e+00 1.340257e-02 
2.808800e-02 2.234230e-01 5.750000e+00 1.394365e-02 
2.808800e-02 2.244090e-01 5.650000e+00 1.451397e-02 
3.182800e-02 2.244090e-01 5.550000e+00 1.512085e-02 
3.182800e-02 2.368050e-01 5.450000e+00 1.577160e-02 
3.430700e-02 2.368050e-01 5.350000e+00 1.646622e-02 
3.430700e-02 2.057420e-01 5.250000e+00 1.720472e-02 
3.517500e-02 2.057420e-01 5.150000e+00 1.800171e-02 
3.517500e-02 1.918140e-01 5.050000e+00 1.885719e-02 
3.606600e-02 1.918140e-01 4.950000e+00 1.983697e-02 
3.606600e-02 2.476180e-01 4.850000e+00 2.094837e-02 
4.086800e-02 2.476180e-01 4.750000e+00 2.216214e-02 
4.086800e-02 3.180500e-01 4.650000e+00 2.347826e-02 
4.630900e-02 3.180500e-01 4.550000e+00 2.490407e-02 
4.630900e-02 3.441850e-01 4.450000e+00 2.645418e-02 
5.247500e-02 3.441850e-01 4.350000e+00 2.814321e-02 
5.247500e-02 3.578620e-01 4.250000e+00 2.997116e-02 
5.656200e-02 3.578620e-01 4.150000e+00 3.196729e-02 
5.656200e-02 3.858380e-01 4.050000e+00 3.412428e-02 
5.946200e-02 3.858380e-01 3.950000e+00 3.640557e-02 
5.946200e-02 4.011560e-01 3.850000e+00 3.882578e-02 
6.251100e-02 4.011560e-01 3.750000e+00 4.145804e-02 
6.251100e-02 4.355660e-01 3.650000e+00 4.436082e-02 
6.737900e-02 4.355660e-01 3.550000e+00 4.756341e-02 
6.737900e-02 5.064850e-01 3.450000e+00 5.109502e-02 
7.635100e-02 5.064850e-01 3.350000e+00 5.500685e-02 
7.635100e-02 5.053250e-01 3.250000e+00 5.937932e-02 
8.651700e-02 5.053250e-01 3.150000e+00 6.427823e-02 
8.651700e-02 4.666380e-01 3.050000e+00 6.951350e-02 
9.803700e-02 4.666380e-01 2.950000e+00 7.443435e-02 
9.803700e-02 5.214070e-01 2.850000e+00 7.896769e-02 
1.110900e-01 5.214070e-01 2.750000e+00 8.357414e-02 
1.110900e-01 5.582680e-01 2.650000e+00 8.861930e-02 
1.167900e-01 5.582680e-01 2.550000e+00 9.424941e-02 
1.167900e-01 5.801430e-01 2.450000e+00 1.003913e-01 
1.227700e-01 5.801430e-01 2.350000e+00 1.071913e-01 
1.227700e-01 6.743720e-01 2.250000e+00 1.147225e-01 
1.290700e-01 6.743720e-01 2.150000e+00 1.229849e-01 
1.290700e-01 7.181570e-01 2.050000e+00 1.315397e-01 
1.356900e-01 7.181570e-01 1.950000e+00 1.403139e-01 
1.356900e-01 6.390690e-01 1.850000e+00 1.497461e-01 
1.426400e-01 6.390690e-01 1.750000e+00 1.602020e-01 
1.426400e-01 5.651810e-01 1.650000e+00 1.716816e-01 
1.499600e-01 5.651810e-01 1.550000e+00 1.846235e-01 
1.499600e-01 6.010710e-01 1.450000e+00 1.995396e-01 
1.576400e-01 6.010710e-01 1.350000e+00 2.165762e-01 
1.576400e-01 5.939910e-01 1.250000e+00 2.363181e-01 
1.616300e-01 5.939910e-01 1.150000e+00 2.600084e-01 
1.616300e-01 6.232650e-01 1.050000e+00 2.876471e-01 
1.657300e-01 6.232650e-01 9.800000e-01 3.092901e-01 
1.657300e-01 6.324230e-01 9.400000e-01 3.225245e-01 
1.699200e-01 6.324230e-01 9.000000e-01 3.368557e-01 
1.699200e-01 6.333730e-01 8.600000e-01 3.523567e-01 
1.742200e-01 6.333730e-01 8.200000e-01 3.696126e-01 
1.742200e-01 7.285310e-01 7.800000e-01 3.884771e-01 
1.831600e-01 7.285310e-01 7.400000e-01 4.091696e-01 
1.831600e-01 6.574840e-01 7.050000e-01 4.289846e-01 
1.925500e-01 6.574840e-01 6.750000e-01 4.479223e-01 
1.925500e-01 6.547260e-01 6.450000e-01 4.685416e-01 
2.024200e-01 6.547260e-01 6.150000e-01 4.909158e-01 
2.024200e-01 6.639220e-01 5.875000e-01 5.140212e-01 
2.128000e-01 6.639220e-01 5.625000e-01 5.356641e-01 
2.128000e-01 6.664740e-01 5.375000e-01 5.581114e-01 
2.237100e-01 6.664740e-01 5.125000e-01 5.820942e-01 
2.237100e-01 6.912380e-01 4.875000e-01 6.054189e-01 
2.351800e-01 6.912380e-01 4.625000e-01 6.272813e-01 
2.351800e-01 6.971370e-01 4.375000e-01 6.498017e-01 
2.472400e-01 6.971370e-01 4.125000e-01 6.746619e-01 
2.472400e-01 7.146610e-01 3.900000e-01 6.993027e-01 
2.599100e-01 7.146610e-01 3.700000e-01 7.234318e-01 
2.599100e-01 7.621340e-01 3.500000e-01 7.501930e-01 
2.732400e-01 7.621340e-01 3.300000e-01 7.794404e-01 
2.732400e-01 6.861290e-01 3.100000e-01 8.094188e-01 
2.801500e-01 6.861290e-01 2.900000e-01 8.364725e-01 
2.801500e-01 6.670600e-01 2.750000e-01 8.540209e-01 
2.872500e-01 6.670600e-01 2.625000e-01 8.679133e-01 
2.872500e-01 6.980290e-01 2.475000e-01 8.854618e-01 
2.945200e-01 6.980290e-01 2.350000e-01 9.008167e-01 
2.945200e-01 7.206140e-01 2.250000e-01 9.139779e-01 
3.019700e-01 7.206140e-01 2.150000e-01 9.286015e-01 
3.019700e-01 7.246270e-01 2.050000e-01 9.432252e-01 
3.096200e-01 7.246270e-01 1.950000e-01 9.549241e-01 
3.096200e-01 7.112640e-01 1.850000e-01 9.636982e-01 
3.174600e-01 7.112640e-01 1.750000e-01 9.724724e-01 
3.174600e-01 6.971610e-01 1.650000e-01 9.812466e-01 
3.337300e-01 6.971610e-01 1.550000e-01 9.892897e-01 
3.337300e-01 7.295840e-01 1.462500e-01 9.914833e-01 
3.508400e-01 7.295840e-01 1.387500e-01 9.870961e-01 
3.508400e-01 7.139270e-01 1.312500e-01 9.797843e-01 
3.688300e-01 7.139270e-01 1.237500e-01 9.724724e-01 
3.688300e-01 7.140890e-01 1.175000e-01 9.658918e-01 
3.877400e-01 7.140890e-01 1.125000e-01 9.600424e-01 
3.877400e-01 6.922300e-01 1.075000e-01 9.519994e-01 
4.076200e-01 6.922300e-01 1.025000e-01 9.403005e-01 
4.076200e-01 6.460460e-01 9.800000e-02 9.234833e-01 
4.285200e-01 6.460460e-01 9.400000e-02 9.030102e-01 
4.285200e-01 6.382210e-01 9.000000e-02 8.825370e-01 
4.504900e-01 6.382210e-01 8.600000e-02 8.657199e-01 
4.504900e-01 6.405660e-01 8.200000e-02 8.481715e-01 
4.735900e-01 6.405660e-01 7.799999e-02 8.298919e-01 
4.735900e-01 6.103490e-01 7.400000e-02 8.086876e-01 
4.978700e-01 6.103490e-01 7.050000e-02 7.882145e-01 
4.978700e-01 6.201070e-01 6.750000e-02 7.670103e-01 
5.104700e-01 6.201070e-01 6.450000e-02 7.450748e-01 
5.104700e-01 6.205580e-01 6.150000e-02 7.237973e-01 
5.234000e-01 6.205580e-01 5.875000e-02 7.075650e-01 
5.234000e-01 5.925020e-01 5.625000e-02 6.918447e-01 
5.366500e-01 5.925020e-01 5.375000e-02 6.732726e-01 
5.366500e-01 5.877570e-01 5.125000e-02 6.551393e-01 
5.502300e-01 5.877570e-01 4.875000e-02 6.326189e-01 
5.502300e-01 5.694410e-01 4.625000e-02 6.026404e-01 
5.784400e-01 5.694410e-01 4.375000e-02 5.712727e-01 
5.784400e-01 5.658210e-01 4.125000e-02 5.426104e-01 
6.081000e-01 5.658210e-01 3.900000e-02 5.165803e-01 
6.081000e-01 5.524060e-01 3.700000e-02 4.945717e-01 
6.392800e-01 5.524060e-01 3.500000e-02 4.735136e-01 
6.392800e-01 5.223670e-01 3.300000e-02 4.520169e-01 
6.720600e-01 5.223670e-01 3.100000e-02 4.300814e-01 
6.720600e-01 5.042350e-01 2.900000e-02 4.083653e-01 
7.065100e-01 5.042350e-01 2.750000e-02 3.924986e-01 
7.065100e-01 4.910600e-01 2.625000e-02 3.776557e-01 
7.427400e-01 4.910600e-01 2.475000e-02 3.598879e-01 
7.427400e-01 4.586890e-01 2.350000e-02 3.436557e-01 
7.808200e-01 4.586890e-01 2.250000e-02 3.304213e-01 
7.808200e-01 4.321690e-01 2.150000e-02 3.182105e-01 
8.208500e-01 4.321690e-01 2.050000e-02 3.078278e-01 
8.208500e-01 4.105750e-01 1.950000e-02 2.960557e-01 
8.629400e-01 4.105750e-01 1.850000e-02 2.847955e-01 
8.629400e-01 3.921500e-01 1.750000e-02 2.730235e-01 
9.071800e-01 3.921500e-01 1.650000e-02 2.586923e-01 
9.071800e-01 3.803580e-01 1.550000e-02 2.437762e-01 
9.536900e-01 3.803580e-01 1.462500e-02 2.317117e-01 
9.536900e-01 3.714320e-01 1.387500e-02 2.212557e-01 
9.616400e-01 3.714320e-01 1.312500e-02 2.107267e-01 
9.616400e-01 3.616300e-01 1.237500e-02 2.011482e-01 
9.778300e-01 3.616300e-01 1.175000e-02 1.939096e-01 
9.778300e-01 3.618720e-01 1.125000e-02 1.874752e-01 
1.002600e+00 3.618720e-01 1.075000e-02 1.805289e-01 
1.002600e+00 3.456100e-01 1.025000e-02 1.724128e-01 
1.054000e+00 3.456100e-01 9.800000e-03 1.651741e-01 
1.054000e+00 3.390540e-01 9.400001e-03 1.591784e-01 
1.108000e+00 3.390540e-01 9.000000e-03 1.536945e-01 
1.108000e+00 3.153440e-01 8.600000e-03 1.469676e-01 
1.164800e+00 3.153440e-01 8.200000e-03 1.407526e-01 
1.164800e+00 3.082470e-01 7.800000e-03 1.350494e-01 
1.194300e+00 3.082470e-01 7.400000e-03 1.288343e-01 
1.194300e+00 2.991620e-01 7.050000e-03 1.237892e-01 
1.224600e+00 2.991620e-01 6.750000e-03 1.207913e-01 
1.224600e+00 2.865810e-01 6.450000e-03 1.169892e-01 
1.287300e+00 2.865810e-01 6.150000e-03 1.131139e-01 
1.287300e+00 2.716590e-01 5.875000e-03 1.091655e-01 
1.353400e+00 2.716590e-01 5.625000e-03 1.063870e-01 
1.353400e+00 2.512750e-01 5.375000e-03 1.037548e-01 
1.422700e+00 2.512750e-01 5.125000e-03 1.018537e-01 
1.422700e+00 2.362960e-01 4.875000e-03 9.958703e-02 
1.495700e+00 2.362960e-01 4.625000e-03 9.732036e-02 
1.495700e+00 2.278980e-01 4.375000e-03 9.388381e-02 
1.533500e+00 2.278980e-01 4.125000e-03 9.030101e-02 
1.533500e+00 2.174730e-01 3.900000e-03 8.620639e-02 
1.572400e+00 2.174730e-01 3.700000e-03 8.225802e-02 
1.572400e+00 2.120580e-01 3.500000e-03 7.809027e-02 
1.612200e+00 2.120580e-01 3.300000e-03 7.458060e-02 
1.612200e+00 2.022880e-01 3.100000e-03 7.072727e-02 
1.653000e+00 2.022880e-01 2.900000e-03 6.634748e-02 
1.653000e+00 1.941430e-01 2.750000e-03 6.473157e-02 
1.737700e+00 1.941430e-01 2.625000e-03 6.386877e-02 
1.737700e+00 1.846050e-01 2.475000e-03 6.231136e-02 
1.826800e+00 1.846050e-01 2.350000e-03 6.185071e-02 
1.826800e+00 1.744150e-01 2.250000e-03 6.231136e-02 
1.873100e+00 1.744150e-01 2.150000e-03 6.207006e-02 
1.873100e+00 1.679010e-01 2.050000e-03 6.208469e-02 
1.920500e+00 1.679010e-01 1.950000e-03 6.301329e-02 
1.920500e+00 1.621470e-01 1.850000e-03 6.509716e-02 
1.969100e+00 1.621470e-01 1.750000e-03 6.854835e-02 
1.969100e+00 1.594800e-01 1.650000e-03 7.171435e-02 
2.019000e+00 1.594800e-01 1.550000e-03 7.465371e-02 
2.019000e+00 1.470490e-01 1.462500e-03 7.743220e-02 
2.122500e+00 1.470490e-01 1.387500e-03 8.013759e-02 
2.122500e+00 1.394740e-01 1.312500e-03 8.328167e-02 
2.231300e+00 1.394740e-01 1.237500e-03 8.657199e-02 
2.231300e+00 1.297860e-01 1.175000e-03 8.942359e-02 
2.268900e+00 1.297860e-01 1.125000e-03 9.183650e-02 
2.268900e+00 1.302610e-01 1.075000e-03 9.424941e-02 
2.306900e+00 1.302610e-01 1.025000e-03 9.732036e-02 
2.306900e+00 1.235600e-01 9.800000e-04 1.006838e-01 
2.345700e+00 1.235600e-01 9.400000e-04 1.043397e-01 
2.345700e+00 1.184710e-01 9.000000e-04 1.087999e-01 
2.365300e+00 1.184710e-01 8.600000e-04 1.140644e-01 
2.365300e+00 1.234240e-01 8.200000e-04 1.194021e-01 
2.385200e+00 1.234240e-01 7.800000e-04 1.251784e-01 
2.385200e+00 1.215340e-01 7.400000e-04 1.310279e-01 
2.425100e+00 1.215340e-01 7.050000e-04 1.355612e-01 
2.425100e+00 1.174710e-01 6.750000e-04 1.374623e-01 
2.466000e+00 1.174710e-01 6.450000e-04 1.351956e-01 
2.466000e+00 1.088310e-01 6.150000e-04 1.365849e-01 
2.592400e+00 1.088310e-01 5.875000e-04 1.404601e-01 
2.592400e+00 9.933990e-02 5.625000e-04 1.440429e-01 
2.725300e+00 9.933990e-02 5.375000e-04 1.503311e-01 
2.725300e+00 9.131840e-02 5.125000e-04 1.625418e-01 
2.865000e+00 9.131840e-02 4.875000e-04 1.724859e-01 
2.865000e+00 8.205800e-02 4.625000e-04 1.801633e-01 
3.011900e+00 8.205800e-02 4.375000e-04 1.884257e-01 
3.011900e+00 7.379450e-02 4.125000e-04 1.973461e-01 
3.088200e+00 7.379450e-02 3.900000e-04 2.061934e-01 
3.088200e+00 6.801930e-02 3.700000e-04 2.148214e-01 
3.166400e+00 6.801930e-02 3.500000e-04 2.243999e-01 
3.166400e+00 6.774980e-02 3.300000e-04 2.346364e-01 
3.246500e+00 6.774980e-02 3.100000e-04 2.456773e-01 
3.246500e+00 6.203110e-02 2.900000e-04 2.573762e-01 
3.328700e+00 6.203110e-02 2.750000e-04 2.666622e-01 
3.328700e+00 5.866890e-02 2.625000e-04 2.755095e-01 
3.499400e+00 5.866890e-02 2.475000e-04 2.884514e-01 
3.499400e+00 5.304020e-02 2.350000e-04 3.020514e-01 
3.678800e+00 5.304020e-02 2.250000e-04 3.164557e-01 
3.678800e+00 4.692430e-02 2.150000e-04 3.322492e-01 
3.867400e+00 4.692430e-02 2.050000e-04 3.494320e-01 
3.867400e+00 3.984890e-02 1.950000e-04 3.671998e-01 
4.065700e+00 3.984890e-02 1.850000e-04 3.835782e-01 
4.065700e+00 3.292020e-02 1.750000e-04 4.079997e-01 
4.274100e+00 3.292020e-02 1.650000e-04 4.419997e-01 
4.274100e+00 2.970590e-02 1.550000e-04 4.784857e-01 
4.493300e+00 2.970590e-02 1.462500e-04 5.075136e-01 
4.493300e+00 2.581070e-02 1.387500e-04 5.294491e-01 
4.607000e+00 2.581070e-02 1.312500e-04 5.518233e-01 
4.607000e+00 2.438510e-02 1.237500e-04 5.759524e-01 
4.723700e+00 2.438510e-02 1.175000e-04 5.969372e-01 
4.723700e+00 2.240300e-02 1.125000e-04 6.128039e-01 
4.843200e+00 2.240300e-02 1.075000e-04 6.282318e-01 
4.843200e+00 2.079790e-02 1.025000e-04 6.451953e-01 
4.965900e+00 2.079790e-02 9.800000e-05 6.637673e-01 
4.965900e+00 1.772010e-02 9.400000e-05 6.856296e-01 
5.220500e+00 1.772010e-02 9.000000e-05 6.977672e-01 
5.220500e+00 1.493500e-02 8.600000e-05 6.968898e-01 
5.488100e+00 1.493500e-02 8.200000e-05 7.056640e-01 
5.488100e+00 1.350650e-02 7.800000e-05 7.271607e-01 
5.769500e+00 1.350650e-02 7.400000e-05 7.516555e-01 
5.769500e+00 1.114260e-02 7.050000e-05 7.596984e-01 
5.915600e+00 1.114260e-02 6.750000e-05 7.509242e-01 
5.915600e+00 9.395490e-03 6.450000e-05 7.560425e-01 
6.065300e+00 9.395490e-03 6.150000e-05 7.735908e-01 
6.065300e+00 9.221190e-03 5.875000e-05 7.926016e-01 
6.218900e+00 9.221190e-03 5.625000e-05 8.174619e-01 
6.218900e+00 8.142740e-03 5.375000e-05 8.671823e-01 
6.376300e+00 8.142740e-03 5.125000e-05 9.322575e-01 
6.376300e+00 7.216640e-03 4.875000e-05 9.783220e-01 
6.537700e+00 7.216640e-03 4.625000e-05 1.009763e+00 
6.537700e+00 7.541310e-03 4.375000e-05 1.044128e+00 
6.592400e+00 7.541310e-03 4.125000e-05 1.082150e+00 
6.592400e+00 6.778480e-03 3.900000e-05 1.110666e+00 
6.647600e+00 6.778480e-03 3.700000e-05 1.139182e+00 
6.647600e+00 5.343040e-03 3.500000e-05 1.175741e+00 
6.703200e+00 5.343040e-03 3.300000e-05 1.214494e+00 
6.703200e+00 5.965420e-03 3.100000e-05 1.251784e+00 
6.872900e+00 5.965420e-03 2.900000e-05 1.294193e+00 
6.872900e+00 5.282200e-03 2.750000e-05 1.329289e+00 
7.046900e+00 5.282200e-03 2.625000e-05 1.346107e+00 
7.046900e+00 4.449600e-03 2.475000e-05 1.357074e+00 
7.225300e+00 4.449600e-03 2.350000e-05 1.385590e+00 
7.225300e+00 3.889980e-03 2.250000e-05 1.421418e+00 
7.408200e+00 3.889980e-03 2.150000e-05 1.450666e+00 
7.408200e+00 3.449850e-03 2.050000e-05 1.487225e+00 
7.595700e+00 3.449850e-03 1.950000e-05 1.535483e+00 
7.595700e+00 2.880980e-03 1.850000e-05 1.581547e+00 
7.788000e+00 2.880980e-03 1.750000e-05 1.615182e+00 
7.788000e+00 2.328080e-03 1.650000e-05 1.639311e+00 
7.985200e+00 2.328080e-03 1.550000e-05 1.691224e+00 
7.985200e+00 2.235430e-03 1.462500e-05 1.759956e+00 
8.187300e+00 2.235430e-03 1.387500e-05 1.811139e+00 
8.187300e+00 1.787770e-03 1.312500e-05 1.857934e+00 
8.394600e+00 1.787770e-03 1.237500e-05 1.910579e+00 
8.394600e+00 1.640550e-03 1.175000e-05 1.928859e+00 
8.607100e+00 1.640550e-03 1.125000e-05 1.958837e+00 
8.607100e+00 1.426430e-03 1.075000e-05 2.004171e+00 
8.825000e+00 1.426430e-03 1.025000e-05 2.079483e+00 
8.825000e+00 1.121710e-03 9.800000e-06 2.173074e+00 
9.048400e+00 1.121710e-03 9.400001e-06 2.276171e+00 
9.048400e+00 8.956030e-04 8.999999e-06 2.328816e+00 
9.277400e+00 8.956030e-04 8.600000e-06 2.339783e+00 
9.277400e+00 8.144040e-04 8.200001e-06 2.379998e+00 
9.512300e+00 8.144040e-04 7.800000e-06 2.437031e+00 
9.512300e+00 5.163100e-04 7.400000e-06 2.499181e+00 
9.753100e+00 5.163100e-04 7.050000e-06 2.571568e+00 
9.753100e+00 5.573360e-04 6.750000e-06 2.662235e+00 
1.000000e+01 5.573360e-04 6.450000e-06 2.744858e+00 
1.000000e+01 4.906650e-04 6.150000e-06 2.826019e+00 
1.025300e+01 4.906650e-04 5.875000e-06 2.908643e+00 
1.025300e+01 3.974950e-04 5.625000e-06 2.996385e+00 
1.051300e+01 3.974950e-04 5.375000e-06 3.106062e+00 
1.051300e+01 2.807250e-04 5.125000e-06 3.229632e+00 
1.077900e+01 2.807250e-04 4.875000e-06 3.347353e+00 
1.077900e+01 1.695990e-04 4.625000e-06 3.454837e+00 
1.105200e+01 1.695990e-04 4.375000e-06 3.568901e+00 
1.105200e+01 1.693820e-04 4.125000e-06 3.707825e+00 
1.133100e+01 1.693820e-04 3.900000e-06 3.859180e+00 
1.133100e+01 1.803080e-04 3.700000e-06 4.013460e+00 
1.161800e+01 1.803080e-04 3.500000e-06 4.181632e+00 
1.161800e+01 1.763150e-04 3.300000e-06 4.360040e+00 
1.191200e+01 1.763150e-04 3.100000e-06 4.553803e+00 
1.191200e+01 6.604090e-05 2.900000e-06 4.784126e+00 
1.221400e+01 6.604090e-05 2.750000e-06 4.986663e+00 
1.221400e+01 5.045200e-05 2.625000e-06 5.175309e+00 
1.252300e+01 5.045200e-05 2.475000e-06 5.416598e+00 
1.252300e+01 5.286730e-05 2.350000e-06 5.632298e+00 
1.284000e+01 5.286730e-05 2.250000e-06 5.821673e+00 
1.284000e+01 3.909360e-05 2.150000e-06 6.024942e+00 
1.316500e+01 3.909360e-05 2.050000e-06 6.250146e+00 
1.316500e+01 8.466440e-05 1.950000e-06 6.519221e+00 
1.349900e+01 8.466440e-05 1.850000e-06 6.841673e+00 
1.349900e+01 1.842100e-05 1.750000e-06 7.206533e+00 
1.384000e+01 1.842100e-05 1.650000e-06 7.611608e+00 
1.384000e+01 8.251070e-06 1.550000e-06 8.064942e+00 
1.419100e+01 8.251070e-06 1.462500e-06 8.518274e+00 
1.419100e+01 1.765510e-05 1.387500e-06 8.964294e+00 
1.455000e+01 1.765510e-05 1.312500e-06 9.446874e+00 
1.455000e+01 1.371230e-05 1.237500e-06 9.987949e+00 
1.491800e+01 1.371230e-05 1.175000e-06 1.048515e+01 
1.491800e+01 7.206530e-06 1.125000e-06 1.093117e+01 
1.529600e+01 7.206530e-06 1.075000e-06 1.141376e+01 
1.529600e+01 1.631840e-06 1.025000e-06 1.196214e+01 
1.568300e+01 1.631840e-06 9.800000e-07 1.253978e+01 
1.568300e+01 4.772180e-06 9.399999e-07 1.314666e+01 
1.608000e+01 4.772180e-06 9.000000e-07 1.382666e+01 
1.608000e+01 1.929190e-06 8.600000e-07 1.457246e+01 
1.648700e+01 1.929190e-06 8.200000e-07 1.538408e+01 
1.648700e+01 1.802810e-06 7.800000e-07 1.629074e+01 
1.690500e+01 1.802810e-06 7.400000e-07 1.733633e+01 
1.690500e+01 6.384760e-07 7.050000e-07 1.846967e+01 
1.733300e+01 6.384760e-07 6.750000e-07 1.969074e+01 
1.733300e+01 4.156950e-06 6.450000e-07 2.110923e+01 
1.777100e+01 4.156950e-06 6.150000e-07 2.268859e+01 
1.777100e+01 1.000000e-30 5.875000e-07 2.431912e+01 
1.822100e+01 1.000000e-30 5.625000e-07 2.597160e+01 
1.822100e+01 4.809080e-07 5.375000e-07 2.780686e+01 
1.868200e+01 4.809080e-07 5.125000e-07 3.001503e+01 
1.868200e+01 4.149730e-07 4.875000e-07 3.298363e+01 
1.915500e+01 4.149730e-07 4.625000e-07 3.694664e+01 
1.915500e+01 1.000000e-30 4.375000e-07 4.184557e+01 
1.964000e+01 1.000000e-30 4.125000e-07 4.773889e+01 
1.964000e+01 1.000000e-30 3.900000e-07 5.410018e+01 
,, ,, 3.700000e-07 6.092211e+01 
,, ,, 3.500000e-07 6.922834e+01 
,, ,, 3.300000e-07 7.940640e+01 
,, ,, 3.100000e-07 9.205585e+01 
,, ,, 2.900000e-07 1.082150e+02 
,, ,, 2.750000e-07 1.231311e+02 
,, ,, 2.625000e-07 1.380472e+02 
,, ,, 2.475000e-07 1.588128e+02 
,, ,, 2.350000e-07 1.793590e+02 
,, ,, 2.250000e-07 1.988085e+02 
,, ,, 2.150000e-07 2.214020e+02 
,, ,, 2.050000e-07 2.464085e+02 
,, ,, 1.950000e-07 2.711224e+02 
,, ,, 1.850000e-07 2.947396e+02 
,, ,, 1.750000e-07 3.201116e+02 
,, ,, 1.650000e-07 3.493589e+02 
,, ,, 1.550000e-07 3.826277e+02 
,, ,, 1.462500e-07 4.145804e+02 
,, ,, 1.387500e-07 4.436814e+02 
,, ,, 1.312500e-07 4.758534e+02 
,, ,, 1.237500e-07 5.124857e+02 
,, ,, 1.175000e-07 5.469243e+02 
,, ,, 1.125000e-07 5.777071e+02 
,, ,, 1.075000e-07 6.117802e+02 
,, ,, 1.025000e-07 6.485587e+02 
,, ,, 9.800000e-08 6.818275e+02 
,, ,, 9.400000e-08 7.106361e+02 
,, ,, 9.000000e-08 7.406877e+02 
,, ,, 8.600000e-08 7.735909e+02 
,, ,, 8.200000e-08 8.094188e+02 
,, ,, 7.800000e-08 8.481715e+02 
,, ,, 7.400000e-08 8.905800e+02 
,, ,, 7.050000e-08 9.271391e+02 
,, ,, 6.750000e-08 9.571176e+02 
,, ,, 6.450000e-08 9.870961e+02 
,, ,, 6.150000e-08 1.019268e+03 
,, ,, 5.875000e-08 1.051440e+03 
,, ,, 5.625000e-08 1.082150e+03 
,, ,, 5.375000e-08 1.116515e+03 
,, ,, 5.125000e-08 1.155268e+03 
,, ,, 4.875000e-08 1.202064e+03 
,, ,, 4.625000e-08 1.256171e+03 
,, ,, 4.375000e-08 1.311741e+03 
,, ,, 4.125000e-08 1.365848e+03 
,, ,, 3.900000e-08 1.411913e+03 
,, ,, 3.700000e-08 1.449203e+03 
,, ,, 3.500000e-08 1.484300e+03 
,, ,, 3.300000e-08 1.514279e+03 
,, ,, 3.100000e-08 1.539139e+03 
,, ,, 2.900000e-08 1.558881e+03 
,, ,, 2.750000e-08 1.570579e+03 
,, ,, 2.625000e-08 1.574967e+03 
,, ,, 2.475000e-08 1.574967e+03 
,, ,, 2.350000e-08 1.572042e+03 
,, ,, 2.250000e-08 1.566192e+03 
,, ,, 2.150000e-08 1.556687e+03 
,, ,, 2.050000e-08 1.544257e+03 
,, ,, 1.950000e-08 1.528171e+03 
,, ,, 1.850000e-08 1.508429e+03 
,, ,, 1.750000e-08 1.484300e+03 
,, ,, 1.650000e-08 1.455784e+03 
,, ,, 1.550000e-08 1.422881e+03 
,, ,, 1.462500e-08 1.389977e+03 
,, ,, 1.387500e-08 1.358537e+03 
,, ,, 1.312500e-08 1.323440e+03 
,, ,, 1.237500e-08 1.285418e+03 
,, ,, 1.175000e-08 1.251784e+03 
,, ,, 1.125000e-08 1.222537e+03 
,, ,, 1.075000e-08 1.191827e+03 
,, ,, 1.025000e-08 1.158924e+03 
,, ,, 9.800000e-09 1.127483e+03 
,, ,, 9.400000e-09 1.098967e+03 
,, ,, 9.000000e-09 1.068989e+03 
,, ,, 8.600000e-09 1.037548e+03 
,, ,, 8.200000e-09 1.005376e+03 
,, ,, 7.800000e-09 9.717413e+02 
,, ,, 7.400000e-09 9.366446e+02 
,, ,, 7.050000e-09 9.044725e+02 
,, ,, 6.750000e-09 8.766876e+02 
,, ,, 6.450000e-09 8.474403e+02 
,, ,, 6.150000e-09 8.181931e+02 
,, ,, 5.875000e-09 7.904081e+02 
,, ,, 5.625000e-09 7.640855e+02 
,, ,, 5.375000e-09 7.370317e+02 
,, ,, 5.125000e-09 7.098318e+02 
,, ,, 4.875000e-09 6.819006e+02 
,, ,, 4.625000e-09 6.533845e+02 
,, ,, 4.375000e-09 6.242103e+02 
,, ,, 4.125000e-09 5.943781e+02 
,, ,, 3.900000e-09 5.670318e+02 
,, ,, 3.700000e-09 5.422448e+02 
,, ,, 3.500000e-09 5.169459e+02 
,, ,, 3.300000e-09 4.912814e+02 
,, ,, 3.100000e-09 4.651782e+02 
,, ,, 2.900000e-09 4.386363e+02 
,, ,, 2.750000e-09 4.184556e+02 
,, ,, 2.625000e-09 4.014191e+02 
,, ,, 2.475000e-09 3.807266e+02 
,, ,, 2.350000e-09 3.633245e+02 
,, ,, 2.250000e-09 3.492126e+02 
,, ,, 2.150000e-09 3.350278e+02 
,, ,, 2.050000e-09 3.206965e+02 
,, ,, 1.950000e-09 3.062922e+02 
,, ,, 1.850000e-09 2.917417e+02 
,, ,, 1.750000e-09 2.770450e+02 
,, ,, 1.650000e-09 2.622751e+02 
,, ,, 1.550000e-09 2.473590e+02 
,, ,, 1.462500e-09 2.341977e+02 
,, ,, 1.387500e-09 2.228644e+02 
,, ,, 1.312500e-09 2.114579e+02 
,, ,, 1.237500e-09 1.999783e+02 
,, ,, 1.175000e-09 1.903268e+02 
,, ,, 1.125000e-09 1.825762e+02 
,, ,, 1.075000e-09 1.748257e+02 
,, ,, 1.025000e-09 1.670020e+02 
,, ,, 9.800000e-10 1.599827e+02 
,, ,, 9.400000e-10 1.536945e+02 
,, ,, 9.000000e-10 1.473332e+02 
,, ,, 8.600000e-10 1.410451e+02 
,, ,, 8.200000e-10 1.346838e+02 
,, ,, 7.800000e-10 1.283225e+02 
,, ,, 7.400000e-10 1.219612e+02 
,, ,, 7.050000e-10 1.163311e+02 
,, ,, 6.750000e-10 1.115053e+02 
,, ,, 6.450000e-10 1.066795e+02 
,, ,, 6.150000e-10 1.018537e+02 
,, ,, 5.875000e-10 9.739347e+01 
,, ,, 5.625000e-10 9.337198e+01 
,, ,, 5.375000e-10 8.927736e+01 
,, ,, 5.125000e-10 8.518273e+01 
,, ,, 4.875000e-10 8.116124e+01 
,, ,, 4.625000e-10 7.706662e+01 
,, ,, 4.375000e-10 7.296468e+01 
,, ,, 4.125000e-10 6.886275e+01 
,, ,, 3.900000e-10 6.517029e+01 
,, ,, 3.700000e-10 6.187265e+01 
,, ,, 3.500000e-10 5.857501e+01 
,, ,, 3.300000e-10 5.527007e+01 
,, ,, 3.100000e-10 5.195781e+01 
,, ,, 2.900000e-10 4.864556e+01 
,, ,, 2.750000e-10 4.615954e+01 
,, ,, 2.625000e-10 4.408298e+01 
,, ,, 2.475000e-10 4.158964e+01 
,, ,, 2.350000e-10 3.950578e+01 
,, ,, 2.250000e-10 3.784600e+01 
,, ,, 2.150000e-10 3.617890e+01 
,, ,, 2.050000e-10 3.450449e+01 
,, ,, 1.950000e-10 3.283740e+01 
,, ,, 1.850000e-10 3.116299e+01 
,, ,, 1.750000e-10 2.949590e+01 
,, ,, 1.650000e-10 2.781417e+01 
,, ,, 1.550000e-10 2.613977e+01 
,, ,, 1.462500e-10 2.467009e+01 
,, ,, 1.387500e-10 2.341246e+01 
,, ,, 1.312500e-10 2.215483e+01 
,, ,, 1.237500e-10 2.089719e+01 
,, ,, 1.175000e-10 1.984429e+01 
,, ,, 1.125000e-10 1.900343e+01 
,, ,, 1.075000e-10 1.816257e+01 
,, ,, 1.025000e-10 1.732171e+01 
