   0.1025000E-09      0.1732171E-04
   0.1075000E-09      0.1816257E-04
   0.1125000E-09      0.1900343E-04
   0.1175000E-09      0.1984429E-04
   0.1237500E-09      0.2089719E-04
   0.1312500E-09      0.2215483E-04
   0.1387500E-09      0.2341246E-04
   0.1462500E-09      0.2467009E-04
   0.1550000E-09      0.2613977E-04
   0.1650000E-09      0.2781417E-04
   0.1750000E-09      0.2949590E-04
   0.1850000E-09      0.3116299E-04
   0.1950000E-09      0.3283740E-04
   0.2050000E-09      0.3450449E-04
   0.2150000E-09      0.3617890E-04
   0.2250000E-09      0.3784600E-04
   0.2350000E-09      0.3950578E-04
   0.2475000E-09      0.4158964E-04
   0.2625000E-09      0.4408298E-04
   0.2750000E-09      0.4615954E-04
   0.2900000E-09      0.4864556E-04
   0.3100000E-09      0.5195781E-04
   0.3300000E-09      0.5527007E-04
   0.3500000E-09      0.5857501E-04
   0.3700000E-09      0.6187265E-04
   0.3900000E-09      0.6517029E-04
   0.4125000E-09      0.6886275E-04
   0.4375000E-09      0.7296468E-04
   0.4625000E-09      0.7706662E-04
   0.4875000E-09      0.8116124E-04
   0.5125000E-09      0.8518273E-04
   0.5375000E-09      0.8927736E-04
   0.5625000E-09      0.9337198E-04
   0.5875000E-09      0.9739347E-04
   0.6150000E-09      0.1018537E-03
   0.6450000E-09      0.1066795E-03
   0.6750000E-09      0.1115053E-03
   0.7050000E-09      0.1163311E-03
   0.7400000E-09      0.1219612E-03
   0.7800000E-09      0.1283225E-03
   0.8200000E-09      0.1346838E-03
   0.8600000E-09      0.1410451E-03
   0.9000000E-09      0.1473332E-03
   0.9400000E-09      0.1536945E-03
   0.9800000E-09      0.1599827E-03
   0.1025000E-08      0.1670020E-03
   0.1075000E-08      0.1748257E-03
   0.1125000E-08      0.1825762E-03
   0.1175000E-08      0.1903268E-03
   0.1237500E-08      0.1999783E-03
   0.1312500E-08      0.2114579E-03
   0.1387500E-08      0.2228644E-03
   0.1462500E-08      0.2341977E-03
   0.1550000E-08      0.2473590E-03
   0.1650000E-08      0.2622751E-03
   0.1750000E-08      0.2770450E-03
   0.1850000E-08      0.2917417E-03
   0.1950000E-08      0.3062922E-03
   0.2050000E-08      0.3206965E-03
   0.2150000E-08      0.3350278E-03
   0.2250000E-08      0.3492126E-03
   0.2350000E-08      0.3633245E-03
   0.2475000E-08      0.3807266E-03
   0.2625000E-08      0.4014191E-03
   0.2750000E-08      0.4184556E-03
   0.2900000E-08      0.4386363E-03
   0.3100000E-08      0.4651782E-03
   0.3300000E-08      0.4912814E-03
   0.3500000E-08      0.5169459E-03
   0.3700000E-08      0.5422448E-03
   0.3900000E-08      0.5670318E-03
   0.4125000E-08      0.5943781E-03
   0.4375000E-08      0.6242103E-03
   0.4625000E-08      0.6533845E-03
   0.4875000E-08      0.6819006E-03
   0.5125000E-08      0.7098318E-03
   0.5375000E-08      0.7370317E-03
   0.5625000E-08      0.7640855E-03
   0.5875000E-08      0.7904081E-03
   0.6150000E-08      0.8181931E-03
   0.6450000E-08      0.8474403E-03
   0.6750000E-08      0.8766876E-03
   0.7050000E-08      0.9044725E-03
   0.7400000E-08      0.9366446E-03
   0.7800000E-08      0.9717413E-03
   0.8200000E-08      0.1005376E-02
   0.8600000E-08      0.1037548E-02
   0.9000000E-08      0.1068989E-02
   0.9400000E-08      0.1098967E-02
   0.9800000E-08      0.1127483E-02
   0.1025000E-07      0.1158924E-02
   0.1075000E-07      0.1191827E-02
   0.1125000E-07      0.1222537E-02
   0.1175000E-07      0.1251784E-02
   0.1237500E-07      0.1285418E-02
   0.1312500E-07      0.1323440E-02
   0.1387500E-07      0.1358537E-02
   0.1462500E-07      0.1389977E-02
   0.1550000E-07      0.1422881E-02
   0.1650000E-07      0.1455784E-02
   0.1750000E-07      0.1484300E-02
   0.1850000E-07      0.1508429E-02
   0.1950000E-07      0.1528171E-02
   0.2050000E-07      0.1544257E-02
   0.2150000E-07      0.1556687E-02
   0.2250000E-07      0.1566192E-02
   0.2350000E-07      0.1572042E-02
   0.2475000E-07      0.1574967E-02
   0.2625000E-07      0.1574967E-02
   0.2750000E-07      0.1570579E-02
   0.2900000E-07      0.1558881E-02
   0.3100000E-07      0.1539139E-02
   0.3300000E-07      0.1514279E-02
   0.3500000E-07      0.1484300E-02
   0.3700000E-07      0.1449203E-02
   0.3900000E-07      0.1411913E-02
   0.4125000E-07      0.1365848E-02
   0.4375000E-07      0.1311741E-02
   0.4625000E-07      0.1256171E-02
   0.4875000E-07      0.1202064E-02
   0.5125000E-07      0.1155268E-02
   0.5375000E-07      0.1116515E-02
   0.5625000E-07      0.1082150E-02
   0.5875000E-07      0.1051440E-02
   0.6150000E-07      0.1019268E-02
   0.6450000E-07      0.9870961E-03
   0.6750000E-07      0.9571176E-03
   0.7050000E-07      0.9271391E-03
   0.7400000E-07      0.8905800E-03
   0.7800000E-07      0.8481715E-03
   0.8200000E-07      0.8094188E-03
   0.8600000E-07      0.7735909E-03
   0.9000000E-07      0.7406877E-03
   0.9400000E-07      0.7106361E-03
   0.9800000E-07      0.6818275E-03
   0.1025000E-06      0.6485587E-03
   0.1075000E-06      0.6117802E-03
   0.1125000E-06      0.5777071E-03
   0.1175000E-06      0.5469243E-03
   0.1237500E-06      0.5124857E-03
   0.1312500E-06      0.4758534E-03
   0.1387500E-06      0.4436814E-03
   0.1462500E-06      0.4145804E-03
   0.1550000E-06      0.3826277E-03
   0.1650000E-06      0.3493589E-03
   0.1750000E-06      0.3201116E-03
   0.1850000E-06      0.2947396E-03
   0.1950000E-06      0.2711224E-03
   0.2050000E-06      0.2464085E-03
   0.2150000E-06      0.2214020E-03
   0.2250000E-06      0.1988085E-03
   0.2350000E-06      0.1793590E-03
   0.2475000E-06      0.1588128E-03
   0.2625000E-06      0.1380472E-03
   0.2750000E-06      0.1231311E-03
   0.2900000E-06      0.1082150E-03
   0.3100000E-06      0.9205585E-04
   0.3300000E-06      0.7940640E-04
   0.3500000E-06      0.6922834E-04
   0.3700000E-06      0.6092211E-04
   0.3900000E-06      0.5410018E-04
   0.4125000E-06      0.4773889E-04
   0.4375000E-06      0.4184557E-04
   0.4625000E-06      0.3694664E-04
   0.4875000E-06      0.3298363E-04
   0.5125000E-06      0.3001503E-04
   0.5375000E-06      0.2780686E-04
   0.5625000E-06      0.2597160E-04
   0.5875000E-06      0.2431912E-04
   0.6150000E-06      0.2268859E-04
   0.6450000E-06      0.2110923E-04
   0.6750000E-06      0.1969074E-04
   0.7050000E-06      0.1846967E-04
   0.7400000E-06      0.1733633E-04
   0.7800000E-06      0.1629074E-04
   0.8200000E-06      0.1538408E-04
   0.8600000E-06      0.1457246E-04
   0.9000000E-06      0.1382666E-04
   0.9399999E-06      0.1314666E-04
   0.9800000E-06      0.1253978E-04
   0.1025000E-05      0.1196214E-04
   0.1075000E-05      0.1141376E-04
   0.1125000E-05      0.1093117E-04
   0.1175000E-05      0.1048515E-04
   0.1237500E-05      0.9987949E-05
   0.1312500E-05      0.9446874E-05
   0.1387500E-05      0.8964294E-05
   0.1462500E-05      0.8518274E-05
   0.1550000E-05      0.8064942E-05
   0.1650000E-05      0.7611608E-05
   0.1750000E-05      0.7206533E-05
   0.1850000E-05      0.6841673E-05
   0.1950000E-05      0.6519221E-05
   0.2050000E-05      0.6250146E-05
   0.2150000E-05      0.6024942E-05
   0.2250000E-05      0.5821673E-05
   0.2350000E-05      0.5632298E-05
   0.2475000E-05      0.5416598E-05
   0.2625000E-05      0.5175309E-05
   0.2750000E-05      0.4986663E-05
   0.2900000E-05      0.4784126E-05
   0.3100000E-05      0.4553803E-05
   0.3300000E-05      0.4360040E-05
   0.3500000E-05      0.4181632E-05
   0.3700000E-05      0.4013460E-05
   0.3900000E-05      0.3859180E-05
   0.4125000E-05      0.3707825E-05
   0.4375000E-05      0.3568901E-05
   0.4625000E-05      0.3454837E-05
   0.4875000E-05      0.3347353E-05
   0.5125000E-05      0.3229632E-05
   0.5375000E-05      0.3106062E-05
   0.5625000E-05      0.2996385E-05
   0.5875000E-05      0.2908643E-05
   0.6150000E-05      0.2826019E-05
   0.6450000E-05      0.2744858E-05
   0.6750000E-05      0.2662235E-05
   0.7050000E-05      0.2571568E-05
   0.7400000E-05      0.2499181E-05
   0.7800000E-05      0.2437031E-05
   0.8200001E-05      0.2379998E-05
   0.8600000E-05      0.2339783E-05
   0.8999999E-05      0.2328816E-05
   0.9400001E-05      0.2276171E-05
   0.9800000E-05      0.2173074E-05
   0.1025000E-04      0.2079483E-05
   0.1075000E-04      0.2004171E-05
   0.1125000E-04      0.1958837E-05
   0.1175000E-04      0.1928859E-05
   0.1237500E-04      0.1910579E-05
   0.1312500E-04      0.1857934E-05
   0.1387500E-04      0.1811139E-05
   0.1462500E-04      0.1759956E-05
   0.1550000E-04      0.1691224E-05
   0.1650000E-04      0.1639311E-05
   0.1750000E-04      0.1615182E-05
   0.1850000E-04      0.1581547E-05
   0.1950000E-04      0.1535483E-05
   0.2050000E-04      0.1487225E-05
   0.2150000E-04      0.1450666E-05
   0.2250000E-04      0.1421418E-05
   0.2350000E-04      0.1385590E-05
   0.2475000E-04      0.1357074E-05
   0.2625000E-04      0.1346107E-05
   0.2750000E-04      0.1329289E-05
   0.2900000E-04      0.1294193E-05
   0.3100000E-04      0.1251784E-05
   0.3300000E-04      0.1214494E-05
   0.3500000E-04      0.1175741E-05
   0.3700000E-04      0.1139182E-05
   0.3900000E-04      0.1110666E-05
   0.4125000E-04      0.1082150E-05
   0.4375000E-04      0.1044128E-05
   0.4625000E-04      0.1009763E-05
   0.4875000E-04      0.9783220E-06
   0.5125000E-04      0.9322575E-06
   0.5375000E-04      0.8671823E-06
   0.5625000E-04      0.8174619E-06
   0.5875000E-04      0.7926016E-06
   0.6150000E-04      0.7735908E-06
   0.6450000E-04      0.7560425E-06
   0.6750000E-04      0.7509242E-06
   0.7050000E-04      0.7596984E-06
   0.7400000E-04      0.7516555E-06
   0.7800000E-04      0.7271607E-06
   0.8200000E-04      0.7056640E-06
   0.8600000E-04      0.6968898E-06
   0.9000000E-04      0.6977672E-06
   0.9400000E-04      0.6856296E-06
   0.9800000E-04      0.6637673E-06
   0.1025000E-03      0.6451953E-06
   0.1075000E-03      0.6282318E-06
   0.1125000E-03      0.6128039E-06
   0.1175000E-03      0.5969372E-06
   0.1237500E-03      0.5759524E-06
   0.1312500E-03      0.5518233E-06
   0.1387500E-03      0.5294491E-06
   0.1462500E-03      0.5075136E-06
   0.1550000E-03      0.4784857E-06
   0.1650000E-03      0.4419997E-06
   0.1750000E-03      0.4079997E-06
   0.1850000E-03      0.3835782E-06
   0.1950000E-03      0.3671998E-06
   0.2050000E-03      0.3494320E-06
   0.2150000E-03      0.3322492E-06
   0.2250000E-03      0.3164557E-06
   0.2350000E-03      0.3020514E-06
   0.2475000E-03      0.2884514E-06
   0.2625000E-03      0.2755095E-06
   0.2750000E-03      0.2666622E-06
   0.2900000E-03      0.2573762E-06
   0.3100000E-03      0.2456773E-06
   0.3300000E-03      0.2346364E-06
   0.3500000E-03      0.2243999E-06
   0.3700000E-03      0.2148214E-06
   0.3900000E-03      0.2061934E-06
   0.4125000E-03      0.1973461E-06
   0.4375000E-03      0.1884257E-06
   0.4625000E-03      0.1801633E-06
   0.4875000E-03      0.1724859E-06
   0.5125000E-03      0.1625418E-06
   0.5375000E-03      0.1503311E-06
   0.5625000E-03      0.1440429E-06
   0.5875000E-03      0.1404601E-06
   0.6150000E-03      0.1365849E-06
   0.6450000E-03      0.1351956E-06
   0.6750000E-03      0.1374623E-06
   0.7050000E-03      0.1355612E-06
   0.7400000E-03      0.1310279E-06
   0.7800000E-03      0.1251784E-06
   0.8200000E-03      0.1194021E-06
   0.8600000E-03      0.1140644E-06
   0.9000000E-03      0.1087999E-06
   0.9400000E-03      0.1043397E-06
   0.9800000E-03      0.1006838E-06
   0.1025000E-02      0.9732036E-07
   0.1075000E-02      0.9424941E-07
   0.1125000E-02      0.9183650E-07
   0.1175000E-02      0.8942359E-07
   0.1237500E-02      0.8657199E-07
   0.1312500E-02      0.8328167E-07
   0.1387500E-02      0.8013759E-07
   0.1462500E-02      0.7743220E-07
   0.1550000E-02      0.7465371E-07
   0.1650000E-02      0.7171435E-07
   0.1750000E-02      0.6854835E-07
   0.1850000E-02      0.6509716E-07
   0.1950000E-02      0.6301329E-07
   0.2050000E-02      0.6208469E-07
   0.2150000E-02      0.6207006E-07
   0.2250000E-02      0.6231136E-07
   0.2350000E-02      0.6185071E-07
   0.2475000E-02      0.6231136E-07
   0.2625000E-02      0.6386877E-07
   0.2750000E-02      0.6473157E-07
   0.2900000E-02      0.6634748E-07
   0.3100000E-02      0.7072727E-07
   0.3300000E-02      0.7458060E-07
   0.3500000E-02      0.7809027E-07
   0.3700000E-02      0.8225802E-07
   0.3900000E-02      0.8620639E-07
   0.4125000E-02      0.9030101E-07
   0.4375000E-02      0.9388381E-07
   0.4625000E-02      0.9732036E-07
   0.4875000E-02      0.9958703E-07
   0.5125000E-02      0.1018537E-06
   0.5375000E-02      0.1037548E-06
   0.5625000E-02      0.1063870E-06
   0.5875000E-02      0.1091655E-06
   0.6150000E-02      0.1131139E-06
   0.6450000E-02      0.1169892E-06
   0.6750000E-02      0.1207913E-06
   0.7050000E-02      0.1237892E-06
   0.7400000E-02      0.1288343E-06
   0.7800000E-02      0.1350494E-06
   0.8200000E-02      0.1407526E-06
   0.8600000E-02      0.1469676E-06
   0.9000000E-02      0.1536945E-06
   0.9400001E-02      0.1591784E-06
   0.9800000E-02      0.1651741E-06
   0.1025000E-01      0.1724128E-06
   0.1075000E-01      0.1805289E-06
   0.1125000E-01      0.1874752E-06
   0.1175000E-01      0.1939096E-06
   0.1237500E-01      0.2011482E-06
   0.1312500E-01      0.2107267E-06
   0.1387500E-01      0.2212557E-06
   0.1462500E-01      0.2317117E-06
   0.1550000E-01      0.2437762E-06
   0.1650000E-01      0.2586923E-06
   0.1750000E-01      0.2730235E-06
   0.1850000E-01      0.2847955E-06
   0.1950000E-01      0.2960557E-06
   0.2050000E-01      0.3078278E-06
   0.2150000E-01      0.3182105E-06
   0.2250000E-01      0.3304213E-06
   0.2350000E-01      0.3436557E-06
   0.2475000E-01      0.3598879E-06
   0.2625000E-01      0.3776557E-06
   0.2750000E-01      0.3924986E-06
   0.2900000E-01      0.4083653E-06
   0.3100000E-01      0.4300814E-06
   0.3300000E-01      0.4520169E-06
   0.3500000E-01      0.4735136E-06
   0.3700000E-01      0.4945717E-06
   0.3900000E-01      0.5165803E-06
   0.4125000E-01      0.5426104E-06
   0.4375000E-01      0.5712727E-06
   0.4625000E-01      0.6026404E-06
   0.4875000E-01      0.6326189E-06
   0.5125000E-01      0.6551393E-06
   0.5375000E-01      0.6732726E-06
   0.5625000E-01      0.6918447E-06
   0.5875000E-01      0.7075650E-06
   0.6150000E-01      0.7237973E-06
   0.6450000E-01      0.7450748E-06
   0.6750000E-01      0.7670103E-06
   0.7050000E-01      0.7882145E-06
   0.7400000E-01      0.8086876E-06
   0.7799999E-01      0.8298919E-06
   0.8200000E-01      0.8481715E-06
   0.8600000E-01      0.8657199E-06
   0.9000000E-01      0.8825370E-06
   0.9400000E-01      0.9030102E-06
   0.9800000E-01      0.9234833E-06
   0.1025000          0.9403005E-06
   0.1075000          0.9519994E-06
   0.1125000          0.9600424E-06
   0.1175000          0.9658918E-06
   0.1237500          0.9724724E-06
   0.1312500          0.9797843E-06
   0.1387500          0.9870961E-06
   0.1462500          0.9914833E-06
   0.1550000          0.9892897E-06
   0.1650000          0.9812466E-06
   0.1750000          0.9724724E-06
   0.1850000          0.9636982E-06
   0.1950000          0.9549241E-06
   0.2050000          0.9432252E-06
   0.2150000          0.9286015E-06
   0.2250000          0.9139779E-06
   0.2350000          0.9008167E-06
   0.2475000          0.8854618E-06
   0.2625000          0.8679133E-06
   0.2750000          0.8540209E-06
   0.2900000          0.8364725E-06
   0.3100000          0.8094188E-06
   0.3300000          0.7794404E-06
   0.3500000          0.7501930E-06
   0.3700000          0.7234318E-06
   0.3900000          0.6993027E-06
   0.4125000          0.6746619E-06
   0.4375000          0.6498017E-06
   0.4625000          0.6272813E-06
   0.4875000          0.6054189E-06
   0.5125000          0.5820942E-06
   0.5375000          0.5581114E-06
   0.5625000          0.5356641E-06
   0.5875000          0.5140212E-06
   0.6150000          0.4909158E-06
   0.6450000          0.4685416E-06
   0.6750000          0.4479223E-06
   0.7050000          0.4289846E-06
   0.7400000          0.4091696E-06
   0.7800000          0.3884771E-06
   0.8200000          0.3696126E-06
   0.8600000          0.3523567E-06
   0.9000000          0.3368557E-06
   0.9400000          0.3225245E-06
   0.9800000          0.3092901E-06
    1.050000          0.2876471E-06
    1.150000          0.2600084E-06
    1.250000          0.2363181E-06
    1.350000          0.2165762E-06
    1.450000          0.1995396E-06
    1.550000          0.1846235E-06
    1.650000          0.1716816E-06
    1.750000          0.1602020E-06
    1.850000          0.1497461E-06
    1.950000          0.1403139E-06
    2.050000          0.1315397E-06
    2.150000          0.1229849E-06
    2.250000          0.1147225E-06
    2.350000          0.1071913E-06
    2.450000          0.1003913E-06
    2.550000          0.9424941E-07
    2.650000          0.8861930E-07
    2.750000          0.8357414E-07
    2.850000          0.7896769E-07
    2.950000          0.7443435E-07
    3.050000          0.6951350E-07
    3.150000          0.6427823E-07
    3.250000          0.5937932E-07
    3.350000          0.5500685E-07
    3.450000          0.5109502E-07
    3.550000          0.4756341E-07
    3.650000          0.4436082E-07
    3.750000          0.4145804E-07
    3.850000          0.3882578E-07
    3.950000          0.3640557E-07
    4.050000          0.3412428E-07
    4.150000          0.3196729E-07
    4.250000          0.2997116E-07
    4.350000          0.2814321E-07
    4.450000          0.2645418E-07
    4.550000          0.2490407E-07
    4.650000          0.2347826E-07
    4.750000          0.2216214E-07
    4.850000          0.2094837E-07
    4.950000          0.1983697E-07
    5.050000          0.1885719E-07
    5.150000          0.1800171E-07
    5.250000          0.1720472E-07
    5.350000          0.1646622E-07
    5.450000          0.1577160E-07
    5.550000          0.1512085E-07
    5.650000          0.1451397E-07
    5.750000          0.1394365E-07
    5.850000          0.1340257E-07
    5.950000          0.1282494E-07
    6.050000          0.1207182E-07
    6.150000          0.1117247E-07
    6.250000          0.1026580E-07
    6.350000          0.9410316E-08
    6.450000          0.8627951E-08
    6.550000          0.7926017E-08
    6.650000          0.7305243E-08
    6.750000          0.6764168E-08
    6.850000          0.6291093E-08
    6.950000          0.5832641E-08
    7.050000          0.5330319E-08
    7.150000          0.4799481E-08
    7.250000          0.4297889E-08
    7.350000          0.3846750E-08
    7.450000          0.3447524E-08
    7.550000          0.3092901E-08
    7.650000          0.2775568E-08
    7.750000          0.2494063E-08
    7.850000          0.2246192E-08
    7.950000          0.2034149E-08
    8.050000          0.1864515E-08
    8.150000          0.1728515E-08
    8.250000          0.1610063E-08
    8.350000          0.1501117E-08
    8.450000          0.1400214E-08
    8.550000          0.1305891E-08
    8.650000          0.1216687E-08
    8.750000          0.1134064E-08
    8.850000          0.1056559E-08
    8.950000          0.9849026E-09
    9.050000          0.9183649E-09
    9.150000          0.8569456E-09
    9.250000          0.7984510E-09
    9.350000          0.7443436E-09
    9.450000          0.6935264E-09
    9.550000          0.6460727E-09
    9.650000          0.6016168E-09
    9.750000          0.5600125E-09
    9.850000          0.5210405E-09
    9.950000          0.4846276E-09
    10.05000          0.4507008E-09
    10.15000          0.4191869E-09
    10.25000          0.3900127E-09
    10.35000          0.3629589E-09
    10.45000          0.3379524E-09
    10.55000          0.3147008E-09
    10.65000          0.2929848E-09
    10.75000          0.2728041E-09
    10.85000          0.2539396E-09
    10.95000          0.2363181E-09
    11.05000          0.2199396E-09
    11.15000          0.2045848E-09
    11.25000          0.1902536E-09
    11.35000          0.1767999E-09
    11.45000          0.1642967E-09
    11.55000          0.1527440E-09
    11.65000          0.1420687E-09
    11.75000          0.1322709E-09
    11.85000          0.1231311E-09
    11.95000          0.1145763E-09
    12.05000          0.1064602E-09
    12.15000          0.9863648E-10
    12.25000          0.9125155E-10
    12.35000          0.8445156E-10
    12.45000          0.7816339E-10
    12.55000          0.7237973E-10
    12.65000          0.6709328E-10
    12.75000          0.6223093E-10
    12.85000          0.5774878E-10
    12.95000          0.5359566E-10
    13.05000          0.4974234E-10
    13.15000          0.4616685E-10
    13.25000          0.4285459E-10
    13.35000          0.3978363E-10
    13.45000          0.3693933E-10
    13.55000          0.3429976E-10
    13.65000          0.3185030E-10
    13.75000          0.2956901E-10
    13.85000          0.2745590E-10
    13.95000          0.2549633E-10
    14.05000          0.2367568E-10
    14.15000          0.2197934E-10
    14.25000          0.2040730E-10
    14.35000          0.1894493E-10
    14.45000          0.1759225E-10
    14.55000          0.1633461E-10
    14.65000          0.1516472E-10
    14.75000          0.1407526E-10
    14.85000          0.1306623E-10
    14.95000          0.1213031E-10
    15.05000          0.1126021E-10
    15.15000          0.1045591E-10
    15.25000          0.9710101E-11
    15.35000          0.9008167E-11
    15.45000          0.8364726E-11
    15.55000          0.7765156E-11
    15.65000          0.7210189E-11
    15.75000          0.6691780E-11
    15.85000          0.6211393E-11
    15.95000          0.5765373E-11
    16.05000          0.5351523E-11
    16.15000          0.4966921E-11
    16.25000          0.4610104E-11
    16.35000          0.4278879E-11
    16.45000          0.3971051E-11
    16.55000          0.3685890E-11
    16.65000          0.3420471E-11
    16.75000          0.3174793E-11
    16.85000          0.2945933E-11
    16.95000          0.2734622E-11
    17.05000          0.2537934E-11
    17.15000          0.2355138E-11
    17.25000          0.2185504E-11
    17.35000          0.2027569E-11
    17.45000          0.1881332E-11
    17.55000          0.1746063E-11
    17.65000          0.1620300E-11
    17.75000          0.1503311E-11
    17.85000          0.1395096E-11
    17.95000          0.1294924E-11
    18.05000          0.1201332E-11
    18.15000          0.1114322E-11
    18.25000          0.1033892E-11
    18.35000          0.9593112E-12
    18.45000          0.8898487E-12
    18.55000          0.8255048E-12
    18.65000          0.7662791E-12
    18.75000          0.7110016E-12
    18.85000          0.6595995E-12
    18.95000          0.6119995E-12
    19.05000          0.5677630E-12
    19.15000          0.5267437E-12
    19.25000          0.4887222E-12
    19.35000          0.4533330E-12
    19.45000          0.4205761E-12
    19.55000          0.3902320E-12
    19.65000          0.3620083E-12
    19.75000          0.3358320E-12
    19.85000          0.3114837E-12
    19.95000          0.2889633E-12
