    19.95000          0.2827375E-12
    19.85000          0.3048320E-12
    19.75000          0.3285657E-12
    19.65000          0.3542238E-12
    19.55000          0.3818062E-12
    19.45000          0.4115268E-12
    19.35000          0.4435994E-12
    19.25000          0.4781664E-12
    19.15000          0.5154419E-12
    19.05000          0.5555683E-12
    18.95000          0.5988307E-12
    18.85000          0.6454427E-12
    18.75000          0.6956898E-12
    18.65000          0.7497855E-12
    18.55000          0.8082290E-12
    18.45000          0.8709485E-12
    18.35000          0.9386575E-12
    18.25000          0.1012068E-11
    18.15000          0.1090468E-11
    18.05000          0.1175282E-11
    17.95000          0.1266510E-11
    17.85000          0.1364866E-11
    17.75000          0.1471062E-11
    17.65000          0.1585098E-11
    17.55000          0.1708399E-11
    17.45000          0.1840966E-11
    17.35000          0.1983511E-11
    17.25000          0.2137459E-11
    17.15000          0.2303524E-11
    17.05000          0.2482417E-11
    16.95000          0.2674853E-11
    16.85000          0.2882256E-11
    16.75000          0.3105338E-11
    16.65000          0.3346239E-11
    16.55000          0.3604958E-11
    16.45000          0.3884346E-11
    16.35000          0.4185115E-11
    16.25000          0.4509404E-11
    16.15000          0.4857926E-11
    16.05000          0.5234244E-11
    15.95000          0.5639071E-11
    15.85000          0.6075258E-11
    15.75000          0.6544944E-11
    15.65000          0.7050264E-11
    15.55000          0.7597637E-11
    15.45000          0.8182070E-11
    15.35000          0.8816396E-11
    15.25000          0.9493483E-11
    15.15000          0.1022759E-10
    15.05000          0.1101871E-10
    14.95000          0.1186685E-10
    14.85000          0.1277914E-10
    14.75000          0.1376983E-10
    14.65000          0.1483178E-10
    14.55000          0.1597214E-10
    14.45000          0.1720516E-10
    14.35000          0.1853082E-10
    14.25000          0.1995627E-10
    14.15000          0.2148862E-10
    14.05000          0.2314927E-10
    13.95000          0.2493108E-10
    13.85000          0.2684831E-10
    13.75000          0.2891521E-10
    13.65000          0.3113891E-10
    13.55000          0.3353366E-10
    13.45000          0.3611372E-10
    13.35000          0.3889334E-10
    13.25000          0.4189391E-10
    13.15000          0.4512255E-10
    13.05000          0.4860065E-10
    12.95000          0.5235670E-10
    12.85000          0.5641210E-10
    12.75000          0.6078821E-10
    12.65000          0.6552783E-10
    12.55000          0.7065232E-10
    12.45000          0.7619019E-10
    12.35000          0.8224833E-10
    12.25000          0.8880540E-10
    12.15000          0.9586135E-10
    12.05000          0.1034162E-09
    11.95000          0.1113988E-09
    11.85000          0.1198089E-09
    11.75000          0.1287892E-09
    11.65000          0.1385535E-09
    11.55000          0.1490306E-09
    11.45000          0.1602916E-09
    11.35000          0.1724792E-09
    11.25000          0.1855933E-09
    11.15000          0.1996340E-09
    11.05000          0.2147437E-09
    10.95000          0.2309226E-09
    10.85000          0.2483130E-09
    10.75000          0.2669863E-09
    10.65000          0.2870852E-09
    10.55000          0.3086807E-09
    10.45000          0.3318443E-09
    10.35000          0.3567183E-09
    10.25000          0.3835167E-09
    10.15000          0.4123820E-09
    10.05000          0.4433856E-09
    9.950000          0.4768123E-09
    9.850000          0.5126623E-09
    9.750000          0.5511494E-09
    9.650000          0.5923448E-09
    9.550000          0.6366050E-09
    9.450000          0.6840724E-09
    9.350000          0.7348183E-09
    9.250000          0.7896980E-09
    9.150000          0.8481414E-09
    9.050000          0.9115738E-09
    8.950000          0.9785699E-09
    8.850000          0.1051268E-08
    8.750000          0.1129667E-08
    8.650000          0.1213056E-08
    8.550000          0.1303572E-08
    8.450000          0.1399790E-08
    8.350000          0.1503135E-08
    8.250000          0.1613607E-08
    8.150000          0.1733345E-08
    8.050000          0.1862348E-08
    7.950000          0.2026274E-08
    7.850000          0.2233677E-08
    7.750000          0.2465312E-08
    7.650000          0.2726169E-08
    7.550000          0.3018385E-08
    7.450000          0.3344813E-08
    7.350000          0.3711153E-08
    7.250000          0.4123821E-08
    7.150000          0.4585665E-08
    7.050000          0.5103815E-08
    6.950000          0.5566373E-08
    6.850000          0.5949106E-08
    6.750000          0.6364624E-08
    6.650000          0.6824331E-08
    6.550000          0.7333929E-08
    6.450000          0.7896980E-08
    6.350000          0.8509923E-08
    6.250000          0.9187010E-08
    6.150000          0.9906863E-08
    6.050000          0.1068373E-07
    5.950000          0.1136082E-07
    5.850000          0.1191674E-07
    5.750000          0.1250830E-07
    5.650000          0.1313550E-07
    5.550000          0.1381259E-07
    5.450000          0.1453244E-07
    5.350000          0.1530931E-07
    5.250000          0.1613607E-07
    5.150000          0.1703410E-07
    5.050000          0.1799628E-07
    4.950000          0.1905824E-07
    4.850000          0.2024136E-07
    4.750000          0.2151713E-07
    4.650000          0.2290695E-07
    4.550000          0.2441792E-07
    4.450000          0.2607144E-07
    4.350000          0.2787463E-07
    4.250000          0.2985600E-07
    4.150000          0.3202981E-07
    4.050000          0.3443882E-07
    3.950000          0.3697612E-07
    3.850000          0.3964170E-07
    3.750000          0.4258525E-07
    3.650000          0.4584240E-07
    3.550000          0.4944166E-07
    3.450000          0.5344717E-07
    3.350000          0.5791595E-07
    3.250000          0.6292639E-07
    3.150000          0.6856403E-07
    3.050000          0.7490728E-07
    2.950000          0.8011016E-07
    2.850000          0.8367378E-07
    2.750000          0.8759376E-07
    2.650000          0.9179883E-07
    2.550000          0.9643154E-07
    2.450000          0.1014206E-06
    2.350000          0.1069086E-06
    2.250000          0.1129667E-06
    2.150000          0.1195951E-06
    2.050000          0.1270074E-06
    1.950000          0.1331368E-06
    1.850000          0.1376270E-06
    1.750000          0.1424735E-06
    1.650000          0.1478189E-06
    1.550000          0.1537345E-06
    1.450000          0.1633563E-06
    1.350000          0.1778246E-06
    1.250000          0.1947874E-06
    1.150000          0.2148863E-06
    1.050000          0.2392614E-06
   0.9800000          0.2617835E-06
   0.9400000          0.2803856E-06
   0.9000000          0.3012684E-06
   0.8600000          0.3247883E-06
   0.8200000          0.3514442E-06
   0.7800000          0.3818062E-06
   0.7400000          0.4165871E-06
   0.7050000          0.4468066E-06
   0.6750000          0.4704690E-06
   0.6450000          0.4965547E-06
   0.6150000          0.5253488E-06
   0.5875000          0.5546417E-06
   0.5625000          0.5840772E-06
   0.5375000          0.6167199E-06
   0.5125000          0.6531401E-06
   0.4875000          0.6844288E-06
   0.4625000          0.7091602E-06
   0.4375000          0.7362439E-06
   0.4125000          0.7654654E-06
   0.3900000          0.7925490E-06
   0.3700000          0.8167817E-06
   0.3500000          0.8445778E-06
   0.3300000          0.8816394E-06
   0.3100000          0.9158501E-06
   0.2900000          0.9400828E-06
   0.2750000          0.9557629E-06
   0.2625000          0.9700171E-06
   0.2475000          0.9750063E-06
   0.2350000          0.9878354E-06
   0.2250000          0.1004228E-05
   0.2150000          0.1015631E-05
   0.2050000          0.1019908E-05
   0.1950000          0.1023471E-05
   0.1850000          0.1019908E-05
   0.1750000          0.1009930E-05
   0.1650000          0.1014206E-05
   0.1550000          0.1013493E-05
   0.1462500          0.1017057E-05
   0.1387500          0.1009217E-05
   0.1312500          0.1002090E-05
   0.1237500          0.9799953E-06
   0.1175000          0.9721554E-06
   0.1125000          0.9493482E-06
   0.1075000          0.9436465E-06
   0.1025000          0.9372319E-06
   0.9800000E-01      0.9187011E-06
   0.9400000E-01      0.8901921E-06
   0.9000000E-01      0.8652467E-06
   0.8600000E-01      0.8381633E-06
   0.8200000E-01      0.8110798E-06
   0.7799999E-01      0.7847090E-06
   0.7400000E-01      0.7590510E-06
   0.7050000E-01      0.7348183E-06
   0.6750000E-01      0.7162875E-06
   0.6450000E-01      0.6981844E-06
   0.6150000E-01      0.6801524E-06
   0.5875000E-01      0.6864956E-06
   0.5625000E-01      0.6743081E-06
   0.5375000E-01      0.6564187E-06
   0.5125000E-01      0.6381017E-06
   0.4875000E-01      0.6112321E-06
   0.4625000E-01      0.5637646E-06
   0.4375000E-01      0.5272731E-06
   0.4125000E-01      0.4999758E-06
   0.3900000E-01      0.4932049E-06
   0.3700000E-01      0.4723934E-06
   0.3500000E-01      0.4527222E-06
   0.3300000E-01      0.4284896E-06
   0.3100000E-01      0.4063951E-06
   0.2900000E-01      0.3676230E-06
   0.2750000E-01      0.3500187E-06
   0.2625000E-01      0.3337686E-06
   0.2475000E-01      0.3180887E-06
   0.2350000E-01      0.3020524E-06
   0.2250000E-01      0.2882968E-06
   0.2150000E-01      0.2762518E-06
   0.2050000E-01      0.2646344E-06
   0.1950000E-01      0.2516628E-06
   0.1850000E-01      0.2411145E-06
   0.1750000E-01      0.2287844E-06
   0.1650000E-01      0.2163117E-06
   0.1550000E-01      0.2037677E-06
   0.1462500E-01      0.1931482E-06
   0.1387500E-01      0.1842391E-06
   0.1312500E-01      0.1761854E-06
   0.1237500E-01      0.1674188E-06
   0.1175000E-01      0.1591513E-06
   0.1125000E-01      0.1530931E-06
   0.1075000E-01      0.1454669E-06
   0.1025000E-01      0.1396226E-06
   0.9800000E-02      0.1338495E-06
   0.9400001E-02      0.1295019E-06
   0.9000000E-02      0.1244416E-06
   0.8600000E-02      0.1213769E-06
   0.8200000E-02      0.1168155E-06
   0.7800000E-02      0.1138933E-06
   0.7400000E-02      0.1082628E-06
   0.7050000E-02      0.1051268E-06
   0.6750000E-02      0.1015632E-06
   0.6450000E-02      0.9821336E-07
   0.6150000E-02      0.9443590E-07
   0.5875000E-02      0.9251156E-07
   0.5625000E-02      0.8966066E-07
   0.5375000E-02      0.8745123E-07
   0.5125000E-02      0.8524178E-07
   0.4875000E-02      0.8203452E-07
   0.4625000E-02      0.8089416E-07
   0.4375000E-02      0.7961126E-07
   0.4125000E-02      0.7832836E-07
   0.3900000E-02      0.7697418E-07
   0.3700000E-02      0.7654654E-07
   0.3500000E-02      0.7718799E-07
   0.3300000E-02      0.7754436E-07
   0.3100000E-02      0.7626145E-07
   0.2900000E-02      0.7661782E-07
   0.2750000E-02      0.7889854E-07
   0.2625000E-02      0.8018144E-07
   0.2475000E-02      0.8125053E-07
   0.2350000E-02      0.8224833E-07
   0.2250000E-02      0.8310361E-07
   0.2150000E-02      0.8374506E-07
   0.2050000E-02      0.8495669E-07
   0.1950000E-02      0.8695231E-07
   0.1850000E-02      0.8994576E-07
   0.1750000E-02      0.9500609E-07
   0.1650000E-02      0.9899735E-07
   0.1550000E-02      0.1032737E-06
   0.1462500E-02      0.1076213E-06
   0.1387500E-02      0.1121115E-06
   0.1312500E-02      0.1171718E-06
   0.1237500E-02      0.1225172E-06
   0.1175000E-02      0.1275776E-06
   0.1125000E-02      0.1322816E-06
   0.1075000E-02      0.1371993E-06
   0.1025000E-02      0.1426873E-06
   0.9800000E-03      0.1480327E-06
   0.9400000E-03      0.1532356E-06
   0.9000000E-03      0.1584385E-06
   0.8600000E-03      0.1654232E-06
   0.8200000E-03      0.1722654E-06
   0.7800000E-03      0.1794639E-06
   0.7400000E-03      0.1876602E-06
   0.7050000E-03      0.1949300E-06
   0.6750000E-03      0.2027700E-06
   0.6450000E-03      0.2009881E-06
   0.6150000E-03      0.2091132E-06
   0.5875000E-03      0.2185924E-06
   0.5625000E-03      0.2273589E-06
   0.5375000E-03      0.2376221E-06
   0.5125000E-03      0.2594315E-06
   0.4875000E-03      0.2734722E-06
   0.4625000E-03      0.2864437E-06
   0.4375000E-03      0.3009120E-06
   0.4125000E-03      0.3173047E-06
   0.3900000E-03      0.3341962E-06
   0.3700000E-03      0.3495198E-06
   0.3500000E-03      0.3663401E-06
   0.3300000E-03      0.3849422E-06
   0.3100000E-03      0.4057537E-06
   0.2900000E-03      0.4289172E-06
   0.2750000E-03      0.4475193E-06
   0.2625000E-03      0.4644109E-06
   0.2475000E-03      0.4874319E-06
   0.2350000E-03      0.5085284E-06
   0.2250000E-03      0.5269168E-06
   0.2150000E-03      0.5465167E-06
   0.2050000E-03      0.5681122E-06
   0.1950000E-03      0.5909195E-06
   0.1850000E-03      0.6154370E-06
   0.1750000E-03      0.6423781E-06
   0.1650000E-03      0.6721698E-06
   0.1550000E-03      0.7053115E-06
   0.1462500E-03      0.7362439E-06
   0.1387500E-03      0.7640401E-06
   0.1312500E-03      0.7932617E-06
   0.1237500E-03      0.8260470E-06
   0.1175000E-03      0.8595450E-06
   0.1125000E-03      0.8866285E-06
   0.1075000E-03      0.9158501E-06
   0.1025000E-03      0.9479227E-06
   0.9800000E-04      0.9792827E-06
   0.9400000E-04      0.1003515E-05
   0.9000000E-04      0.1035588E-05
   0.8600000E-04      0.1079777E-05
   0.8200000E-04      0.1117551E-05
   0.7800000E-04      0.1160315E-05
   0.7400000E-04      0.1206641E-05
   0.7050000E-04      0.1246554E-05
   0.6750000E-04      0.1289318E-05
   0.6450000E-04      0.1325666E-05
   0.6150000E-04      0.1364866E-05
   0.5875000E-04      0.1404066E-05
   0.5625000E-04      0.1441840E-05
   0.5375000E-04      0.1473200E-05
   0.5125000E-04      0.1505986E-05
   0.4875000E-04      0.1550887E-05
   0.4625000E-04      0.1604341E-05
   0.4375000E-04      0.1662072E-05
   0.4125000E-04      0.1725505E-05
   0.3900000E-04      0.1795352E-05
   0.3700000E-04      0.1858784E-05
   0.3500000E-04      0.1926493E-05
   0.3300000E-04      0.1999190E-05
   0.3100000E-04      0.2083292E-05
   0.2900000E-04      0.2178797E-05
   0.2750000E-04      0.2270739E-05
   0.2625000E-04      0.2359116E-05
   0.2475000E-04      0.2472439E-05
   0.2350000E-04      0.2577210E-05
   0.2250000E-04      0.2666300E-05
   0.2150000E-04      0.2773209E-05
   0.2050000E-04      0.2877979E-05
   0.1950000E-04      0.2982037E-05
   0.1850000E-04      0.3084669E-05
   0.1750000E-04      0.3196567E-05
   0.1650000E-04      0.3309890E-05
   0.1550000E-04      0.3449584E-05
   0.1462500E-04      0.3589990E-05
   0.1387500E-04      0.3736098E-05
   0.1312500E-04      0.3891473E-05
   0.1237500E-04      0.4061101E-05
   0.1175000E-04      0.4212910E-05
   0.1125000E-04      0.4349041E-05
   0.1075000E-04      0.4486597E-05
   0.1025000E-04      0.4648386E-05
   0.9800000E-05      0.4819439E-05
   0.9400001E-05      0.4991918E-05
   0.8999999E-05      0.5157270E-05
   0.8600000E-05      0.5331888E-05
   0.8200001E-05      0.5523610E-05
   0.7800000E-05      0.5731014E-05
   0.7400000E-05      0.5954808E-05
   0.7050000E-05      0.6178603E-05
   0.6750000E-05      0.6379592E-05
   0.6450000E-05      0.6592696E-05
   0.6150000E-05      0.6822193E-05
   0.5875000E-05      0.7053828E-05
   0.5625000E-05      0.7284038E-05
   0.5375000E-05      0.7504982E-05
   0.5125000E-05      0.7740182E-05
   0.4875000E-05      0.8011017E-05
   0.4625000E-05      0.8324614E-05
   0.4375000E-05      0.8666723E-05
   0.4125000E-05      0.9023084E-05
   0.3900000E-05      0.9365192E-05
   0.3700000E-05      0.9693044E-05
   0.3500000E-05      0.1006366E-04
   0.3300000E-05      0.1047704E-04
   0.3100000E-05      0.1094031E-04
   0.2900000E-05      0.1147485E-04
   0.2750000E-05      0.1193100E-04
   0.2625000E-05      0.1234438E-04
   0.2475000E-05      0.1290030E-04
   0.2350000E-05      0.1341346E-04
   0.2250000E-05      0.1385535E-04
   0.2150000E-05      0.1433288E-04
   0.2050000E-05      0.1486029E-04
   0.1950000E-05      0.1541622E-04
   0.1850000E-05      0.1601491E-04
   0.1750000E-05      0.1666349E-04
   0.1650000E-05      0.1739046E-04
   0.1550000E-05      0.1819584E-04
   0.1462500E-05      0.1902973E-04
   0.1387500E-05      0.1988500E-04
   0.1312500E-05      0.2083292E-04
   0.1237500E-05      0.2189488E-04
   0.1175000E-05      0.2287131E-04
   0.1125000E-05      0.2371945E-04
   0.1075000E-05      0.2464599E-04
   0.1025000E-05      0.2564381E-04
   0.9800000E-06      0.2654897E-04
   0.9399999E-06      0.2735434E-04
   0.9000000E-06      0.2821674E-04
   0.8600000E-06      0.2915754E-04
   0.8200000E-06      0.3017672E-04
   0.7800000E-06      0.3128858E-04
   0.7400000E-06      0.3250021E-04
   0.7050000E-06      0.3364770E-04
   0.6750000E-06      0.3472390E-04
   0.6450000E-06      0.3587852E-04
   0.6150000E-06      0.3712579E-04
   0.5875000E-06      0.3836593E-04
   0.5625000E-06      0.3958468E-04
   0.5375000E-06      0.4089610E-04
   0.5125000E-06      0.4232155E-04
   0.4875000E-06      0.4382539E-04
   0.4625000E-06      0.4541477E-04
   0.4375000E-06      0.4716807E-04
   0.4125000E-06      0.4909955E-04
   0.3900000E-06      0.5103816E-04
   0.3700000E-06      0.5296251E-04
   0.3500000E-06      0.5515058E-04
   0.3300000E-06      0.5767362E-04
   0.3100000E-06      0.6051739E-04
   0.2900000E-06      0.6404537E-04
   0.2750000E-06      0.6739517E-04
   0.2625000E-06      0.7050977E-04
   0.2475000E-06      0.7412329E-04
   0.2350000E-06      0.7711672E-04
   0.2250000E-06      0.7975381E-04
   0.2150000E-06      0.8246216E-04
   0.2050000E-06      0.8538433E-04
   0.1950000E-06      0.8844904E-04
   0.1850000E-06      0.9172757E-04
   0.1750000E-06      0.9529117E-04
   0.1650000E-06      0.9921116E-04
   0.1550000E-06      0.1036301E-03
   0.1462500E-06      0.1077638E-03
   0.1387500E-06      0.1114700E-03
   0.1312500E-06      0.1155325E-03
   0.1237500E-06      0.1200227E-03
   0.1175000E-06      0.1240852E-03
   0.1125000E-06      0.1276488E-03
   0.1075000E-06      0.1314975E-03
   0.1025000E-06      0.1355601E-03
   0.9800000E-07      0.1397652E-03
   0.9400000E-07      0.1440415E-03
   0.9000000E-07      0.1486742E-03
   0.8600000E-07      0.1536633E-03
   0.8200000E-07      0.1590800E-03
   0.7800000E-07      0.1649243E-03
   0.7400000E-07      0.1713388E-03
   0.7050000E-07      0.1766843E-03
   0.6750000E-07      0.1807468E-03
   0.6450000E-07      0.1850944E-03
   0.6150000E-07      0.1897984E-03
   0.5875000E-07      0.1943598E-03
   0.5625000E-07      0.1988500E-03
   0.5375000E-07      0.2036965E-03
   0.5125000E-07      0.2088281E-03
   0.4875000E-07      0.2166681E-03
   0.4625000E-07      0.2268600E-03
   0.4375000E-07      0.2369094E-03
   0.4125000E-07      0.2466025E-03
   0.3900000E-07      0.2549413E-03
   0.3700000E-07      0.2617835E-03
   0.3500000E-07      0.2680554E-03
   0.3300000E-07      0.2735434E-03
   0.3100000E-07      0.2781049E-03
   0.2900000E-07      0.2816684E-03
   0.2750000E-07      0.2835928E-03
   0.2625000E-07      0.2843768E-03
   0.2475000E-07      0.2845194E-03
   0.2350000E-07      0.2839492E-03
   0.2250000E-07      0.2828801E-03
   0.2150000E-07      0.2812409E-03
   0.2050000E-07      0.2790314E-03
   0.1950000E-07      0.2761805E-03
   0.1850000E-07      0.2726169E-03
   0.1750000E-07      0.2682693E-03
   0.1650000E-07      0.2632090E-03
   0.1550000E-07      0.2572220E-03
   0.1462500E-07      0.2513065E-03
   0.1387500E-07      0.2456046E-03
   0.1312500E-07      0.2393327E-03
   0.1237500E-07      0.2324906E-03
   0.1175000E-07      0.2262898E-03
   0.1125000E-07      0.2210157E-03
   0.1075000E-07      0.2154564E-03
   0.1025000E-07      0.2095408E-03
   0.9800000E-08      0.2039103E-03
   0.9400000E-08      0.1987787E-03
   0.9000000E-08      0.1933620E-03
   0.8600000E-08      0.1876602E-03
   0.8200000E-08      0.1818159E-03
   0.7800000E-08      0.1756865E-03
   0.7400000E-08      0.1693432E-03
   0.7050000E-08      0.1636414E-03
   0.6750000E-08      0.1585098E-03
   0.6450000E-08      0.1533069E-03
   0.6150000E-08      0.1478902E-03
   0.5875000E-08      0.1428299E-03
   0.5625000E-08      0.1381259E-03
   0.5375000E-08      0.1332794E-03
   0.5125000E-08      0.1283616E-03
   0.4875000E-08      0.1233012E-03
   0.4625000E-08      0.1181696E-03
   0.4375000E-08      0.1128955E-03
   0.4125000E-08      0.1074788E-03
   0.3900000E-08      0.1025610E-03
   0.3700000E-08      0.9807081E-04
   0.3500000E-08      0.9350938E-04
   0.3300000E-08      0.8887667E-04
   0.3100000E-08      0.8410142E-04
   0.2900000E-08      0.7932616E-04
   0.2750000E-08      0.7569128E-04
   0.2625000E-08      0.7255529E-04
   0.2475000E-08      0.6884200E-04
   0.2350000E-08      0.6569176E-04
   0.2250000E-08      0.6314734E-04
   0.2150000E-08      0.6058154E-04
   0.2050000E-08      0.5799434E-04
   0.1950000E-08      0.5538578E-04
   0.1850000E-08      0.5274869E-04
   0.1750000E-08      0.5009736E-04
   0.1650000E-08      0.4742465E-04
   0.1550000E-08      0.4472343E-04
   0.1462500E-08      0.4235006E-04
   0.1387500E-08      0.4029741E-04
   0.1312500E-08      0.3823051E-04
   0.1237500E-08      0.3614936E-04
   0.1175000E-08      0.3441031E-04
   0.1125000E-08      0.3301337E-04
   0.1075000E-08      0.3160931E-04
   0.1025000E-08      0.3019811E-04
   0.9800000E-09      0.2892234E-04
   0.9400000E-09      0.2778910E-04
   0.9000000E-09      0.2664875E-04
   0.8600000E-09      0.2550126E-04
   0.8200000E-09      0.2435377E-04
   0.7800000E-09      0.2320629E-04
   0.7400000E-09      0.2205168E-04
   0.7050000E-09      0.2103248E-04
   0.6750000E-09      0.2016296E-04
   0.6450000E-09      0.1929344E-04
   0.6150000E-09      0.1841678E-04
   0.5875000E-09      0.1761141E-04
   0.5625000E-09      0.1687730E-04
   0.5375000E-09      0.1614320E-04
   0.5125000E-09      0.1540909E-04
   0.4875000E-09      0.1466786E-04
   0.4625000E-09      0.1393375E-04
   0.4375000E-09      0.1319252E-04
   0.4125000E-09      0.1245128E-04
   0.3900000E-09      0.1178133E-04
   0.3700000E-09      0.1118977E-04
   0.3500000E-09      0.1059108E-04
   0.3300000E-09      0.9992389E-05
   0.3100000E-09      0.9393701E-05
   0.2900000E-09      0.8795014E-05
   0.2750000E-09      0.8345997E-05
   0.2625000E-09      0.7968253E-05
   0.2475000E-09      0.7519237E-05
   0.2350000E-09      0.7141494E-05
   0.2250000E-09      0.6842150E-05
   0.2150000E-09      0.6540668E-05
   0.2050000E-09      0.6239185E-05
   0.1950000E-09      0.5936990E-05
   0.1850000E-09      0.5634795E-05
   0.1750000E-09      0.5331887E-05
   0.1650000E-09      0.5029693E-05
   0.1550000E-09      0.4726784E-05
   0.1462500E-09      0.4460939E-05
   0.1387500E-09      0.4233580E-05
   0.1312500E-09      0.4006221E-05
   0.1237500E-09      0.3778149E-05
   0.1175000E-09      0.3588565E-05
   0.1125000E-09      0.3436042E-05
   0.1075000E-09      0.3284232E-05
   0.1025000E-09      0.3132422E-05
