spectrum
 sand ii spr iii foil set for shot 8827
 1.000E-10 1.729E+14 1.050E-10 1.813E+14 1.100E-10 1.897E+14 1.150E-10 1.981E+14
 1.200E-10 2.086E+14 1.275E-10 2.212E+14 1.350E-10 2.338E+14 1.425E-10 2.463E+14
 1.500E-10 2.610E+14 1.600E-10 2.777E+14 1.700E-10 2.944E+14 1.800E-10 3.111E+14
 1.900E-10 3.278E+14 2.000E-10 3.445E+14 2.100E-10 3.611E+14 2.200E-10 3.778E+14
 2.300E-10 3.944E+14 2.400E-10 4.152E+14 2.550E-10 4.401E+14 2.700E-10 4.608E+14
 2.800E-10 4.857E+14 3.000E-10 5.187E+14 3.200E-10 5.518E+14 3.400E-10 5.848E+14
 3.600E-10 6.177E+14 3.800E-10 6.506E+14 4.000E-10 6.875E+14 4.250E-10 7.284E+14
 4.500E-10 7.693E+14 4.750E-10 8.101E+14 5.000E-10 8.508E+14 5.250E-10 8.914E+14
 5.500E-10 9.319E+14 5.750E-10 9.724E+14 6.000E-10 1.017E+15 6.300E-10 1.065E+15
 6.600E-10 1.113E+15 6.900E-10 1.161E+15 7.200E-10 1.217E+15 7.600E-10 1.281E+15
 8.000E-10 1.345E+15 8.400E-10 1.408E+15 8.800E-10 1.471E+15 9.200E-10 1.534E+15
 9.600E-10 1.597E+15 1.000E-09 1.667E+15 1.050E-09 1.745E+15 1.100E-09 1.823E+15
 1.150E-09 1.900E+15 1.200E-09 1.996E+15 1.275E-09 2.111E+15 1.350E-09 2.225E+15
 1.425E-09 2.338E+15 1.500E-09 2.469E+15 1.600E-09 2.618E+15 1.700E-09 2.766E+15
 1.800E-09 2.913E+15 1.900E-09 3.058E+15 2.000E-09 3.202E+15 2.100E-09 3.345E+15
 2.200E-09 3.487E+15 2.300E-09 3.627E+15 2.400E-09 3.801E+15 2.550E-09 4.008E+15
 2.700E-09 4.178E+15 2.800E-09 4.380E+15 3.000E-09 4.645E+15 3.200E-09 4.905E+15
 3.400E-09 5.162E+15 3.600E-09 5.414E+15 3.800E-09 5.661E+15 4.000E-09 5.935E+15
 4.250E-09 6.232E+15 4.500E-09 6.524E+15 4.750E-09 6.808E+15 5.000E-09 7.087E+15
 5.250E-09 7.360E+15 5.500E-09 7.626E+15 5.750E-09 7.887E+15 6.000E-09 8.166E+15
 6.300E-09 8.463E+15 6.600E-09 8.752E+15 6.900E-09 9.034E+15 7.200E-09 9.351E+15
 7.600E-09 9.702E+15 8.000E-09 1.004E+16 8.400E-09 1.036E+16 8.800E-09 1.067E+16
 9.200E-09 1.097E+16 9.600E-09 1.126E+16 1.000E-08 1.157E+16 1.050E-08 1.190E+16
 1.100E-08 1.220E+16 1.150E-08 1.250E+16 1.200E-08 1.284E+16 1.275E-08 1.322E+16
 1.350E-08 1.356E+16 1.425E-08 1.388E+16 1.500E-08 1.421E+16 1.600E-08 1.453E+16
 1.700E-08 1.482E+16 1.800E-08 1.505E+16 1.900E-08 1.525E+16 2.000E-08 1.541E+16
 2.100E-08 1.553E+16 2.200E-08 1.563E+16 2.300E-08 1.569E+16 2.400E-08 1.572E+16
 2.550E-08 1.571E+16 2.700E-08 1.566E+16 2.800E-08 1.556E+16 3.000E-08 1.537E+16
 3.200E-08 1.511E+16 3.400E-08 1.481E+16 3.600E-08 1.446E+16 3.800E-08 1.408E+16
 4.000E-08 1.362E+16 4.250E-08 1.309E+16 4.500E-08 1.253E+16 4.750E-08 1.197E+16
 5.000E-08 1.151E+16 5.250E-08 1.118E+16 5.500E-08 1.088E+16 5.750E-08 1.059E+16
 6.000E-08 1.030E+16 6.300E-08 1.001E+16 6.600E-08 9.733E+15 6.900E-08 9.478E+15
 7.200E-08 9.089E+15 7.600E-08 8.590E+15 8.000E-08 8.142E+15 8.400E-08 7.737E+15
 8.800E-08 7.369E+15 9.200E-08 7.034E+15 9.600E-08 6.727E+15 1.000E-07 6.396E+15
 1.050E-07 6.049E+15 1.100E-07 5.736E+15 1.150E-07 5.451E+15 1.200E-07 5.131E+15
 1.275E-07 4.790E+15 1.350E-07 4.488E+15 1.425E-07 4.220E+15 1.500E-07 3.897E+15
 1.600E-07 3.540E+15 1.700E-07 3.234E+15 1.800E-07 2.969E+15 1.900E-07 2.738E+15
 2.000E-07 2.517E+15 2.100E-07 2.304E+15 2.200E-07 2.118E+15 2.300E-07 1.953E+15
 2.400E-07 1.773E+15 2.550E-07 1.582E+15 2.700E-07 1.440E+15 2.800E-07 1.294E+15
 3.000E-07 1.150E+15 3.200E-07 1.044E+15 3.400E-07 9.529E+14 3.600E-07 8.753E+14
 3.800E-07 8.083E+14 4.000E-07 7.433E+14 4.250E-07 6.808E+14 4.500E-07 6.267E+14
 4.750E-07 5.794E+14 5.000E-07 5.373E+14 5.250E-07 4.997E+14 5.500E-07 4.662E+14
 5.750E-07 4.363E+14 6.000E-07 4.070E+14 6.300E-07 3.785E+14 6.600E-07 3.532E+14
 6.900E-07 3.306E+14 7.200E-07 3.090E+14 7.600E-07 2.885E+14 8.000E-07 2.703E+14
 8.400E-07 2.541E+14 8.800E-07 2.395E+14 9.200E-07 2.263E+14 9.600E-07 2.144E+14
 1.000E-06 2.018E+14 1.050E-06 1.887E+14 1.100E-06 1.771E+14 1.150E-06 1.666E+14
 1.200E-06 1.550E+14 1.275E-06 1.427E+14 1.350E-06 1.320E+14 1.425E-06 1.226E+14
 1.500E-06 1.142E+14 1.600E-06 1.066E+14 1.700E-06 9.998E+13 1.800E-06 9.408E+13
 1.900E-06 8.882E+13 2.000E-06 8.461E+13 2.100E-06 8.129E+13 2.200E-06 7.825E+13
 2.300E-06 7.545E+13 2.400E-06 7.225E+13 2.550E-06 6.878E+13 2.700E-06 6.616E+13
 2.800E-06 6.332E+13 3.000E-06 6.022E+13 3.200E-06 5.774E+13 3.400E-06 5.553E+13
 3.600E-06 5.354E+13 3.800E-06 5.174E+13 4.000E-06 4.990E+13 4.250E-06 4.798E+13
 4.500E-06 4.619E+13 4.750E-06 4.455E+13 5.000E-06 4.326E+13 5.250E-06 4.228E+13
 5.500E-06 4.133E+13 5.750E-06 4.039E+13 6.000E-06 3.942E+13 6.300E-06 3.846E+13
 6.600E-06 3.755E+13 6.900E-06 3.665E+13 7.200E-06 3.573E+13 7.600E-06 3.478E+13
 8.000E-06 3.391E+13 8.400E-06 3.309E+13 8.800E-06 3.239E+13 9.200E-06 3.168E+13
 9.600E-06 3.088E+13 1.000E-05 3.012E+13 1.050E-05 2.938E+13 1.100E-05 2.876E+13
 1.150E-05 2.815E+13 1.200E-05 2.750E+13 1.275E-05 2.670E+13 1.350E-05 2.598E+13
 1.425E-05 2.530E+13 1.500E-05 2.445E+13 1.600E-05 2.350E+13 1.700E-05 2.271E+13
 1.800E-05 2.194E+13 1.900E-05 2.123E+13 2.000E-05 2.066E+13 2.100E-05 2.023E+13
 2.200E-05 1.980E+13 2.300E-05 1.941E+13 2.400E-05 1.897E+13 2.550E-05 1.850E+13
 2.700E-05 1.812E+13 2.800E-05 1.770E+13 3.000E-05 1.715E+13 3.200E-05 1.659E+13
 3.400E-05 1.608E+13 3.600E-05 1.561E+13 3.800E-05 1.517E+13 4.000E-05 1.471E+13
 4.250E-05 1.425E+13 4.500E-05 1.384E+13 4.750E-05 1.346E+13 5.000E-05 1.311E+13
 5.250E-05 1.281E+13 5.500E-05 1.256E+13 5.750E-05 1.227E+13 6.000E-05 1.197E+13
 6.300E-05 1.167E+13 6.600E-05 1.138E+13 6.900E-05 1.106E+13 7.200E-05 1.080E+13
 7.600E-05 1.053E+13 8.000E-05 1.029E+13 8.400E-05 1.007E+13 8.800E-05 9.835E+12
 9.200E-05 9.640E+12 9.600E-05 9.467E+12 1.000E-04 9.241E+12 1.050E-04 8.984E+12
 1.100E-04 8.743E+12 1.150E-04 8.520E+12 1.200E-04 8.269E+12 1.275E-04 7.993E+12
 1.350E-04 7.741E+12 1.425E-04 7.510E+12 1.500E-04 7.293E+12 1.600E-04 7.100E+12
 1.700E-04 6.926E+12 1.800E-04 6.768E+12 1.900E-04 6.635E+12 2.000E-04 6.501E+12
 2.100E-04 6.370E+12 2.200E-04 6.251E+12 2.300E-04 6.123E+12 2.400E-04 5.981E+12
 2.550E-04 5.819E+12 2.700E-04 5.767E+12 2.800E-04 5.695E+12 3.000E-04 5.485E+12
 3.200E-04 5.251E+12 3.400E-04 5.050E+12 3.600E-04 4.857E+12 3.800E-04 4.663E+12
 4.000E-04 4.399E+12 4.250E-04 4.146E+12 4.500E-04 3.952E+12 4.750E-04 3.772E+12
 5.000E-04 3.610E+12 5.250E-04 3.413E+12 5.500E-04 3.299E+12 5.750E-04 3.198E+12
 6.000E-04 3.091E+12 6.300E-04 2.993E+12 6.600E-04 2.948E+12 6.900E-04 2.856E+12
 7.200E-04 2.757E+12 7.600E-04 2.647E+12 8.000E-04 2.544E+12 8.400E-04 2.454E+12
 8.800E-04 2.371E+12 9.200E-04 2.315E+12 9.600E-04 2.347E+12 1.000E-03 2.275E+12
 1.050E-03 2.186E+12 1.100E-03 2.107E+12 1.150E-03 2.028E+12 1.200E-03 1.919E+12
 1.275E-03 1.739E+12 1.350E-03 1.643E+12 1.425E-03 1.563E+12 1.500E-03 1.483E+12
 1.600E-03 1.404E+12 1.700E-03 1.331E+12 1.800E-03 1.269E+12 1.900E-03 1.215E+12
 2.000E-03 1.173E+12 2.100E-03 1.139E+12 2.200E-03 1.097E+12 2.300E-03 1.044E+12
 2.400E-03 9.933E+11 2.550E-03 9.419E+11 2.700E-03 9.078E+11 2.800E-03 8.745E+11
 3.000E-03 8.661E+11 3.200E-03 8.930E+11 3.400E-03 9.297E+11 3.600E-03 9.643E+11
 3.800E-03 9.976E+11 4.000E-03 1.028E+12 4.250E-03 1.077E+12 4.500E-03 1.105E+12
 4.750E-03 1.132E+12 5.000E-03 1.174E+12 5.250E-03 1.212E+12 5.500E-03 1.229E+12
 5.750E-03 1.283E+12 6.000E-03 1.321E+12 6.300E-03 1.387E+12 6.600E-03 1.437E+12
 6.900E-03 1.464E+12 7.200E-03 1.504E+12 7.600E-03 1.574E+12 8.000E-03 1.614E+12
 8.400E-03 1.669E+12 8.800E-03 1.732E+12 9.200E-03 1.792E+12 9.600E-03 1.849E+12
 1.000E-02 1.914E+12 1.050E-02 1.992E+12 1.100E-02 2.088E+12 1.150E-02 2.164E+12
 1.200E-02 2.254E+12 1.275E-02 2.376E+12 1.350E-02 2.480E+12 1.425E-02 2.593E+12
 1.500E-02 2.743E+12 1.600E-02 2.897E+12 1.700E-02 3.044E+12 1.800E-02 3.196E+12
 1.900E-02 3.321E+12 2.000E-02 3.459E+12 2.100E-02 3.582E+12 2.200E-02 3.709E+12
 2.300E-02 3.857E+12 2.400E-02 4.026E+12 2.550E-02 4.193E+12 2.700E-02 4.362E+12
 2.800E-02 4.544E+12 3.000E-02 4.606E+12 3.200E-02 4.888E+12 3.400E-02 5.149E+12
 3.600E-02 5.428E+12 3.800E-02 5.697E+12 4.000E-02 6.190E+12 4.250E-02 6.519E+12
 4.500E-02 6.827E+12 4.750E-02 6.999E+12 5.000E-02 7.350E+12 5.250E-02 7.744E+12
 5.500E-02 8.166E+12 5.750E-02 8.588E+12 6.000E-02 9.222E+12 6.300E-02 9.746E+12
 6.600E-02 1.020E+13 6.900E-02 1.066E+13 7.200E-02 1.108E+13 7.600E-02 1.139E+13
 8.000E-02 1.168E+13 8.400E-02 1.198E+13 8.800E-02 1.229E+13 9.200E-02 1.254E+13
 9.600E-02 1.281E+13 1.000E-01 1.297E+13 1.050E-01 1.263E+13 1.100E-01 1.276E+13
 1.150E-01 1.293E+13 1.200E-01 1.311E+13 1.275E-01 1.320E+13 1.350E-01 1.366E+13
 1.425E-01 1.382E+13 1.500E-01 1.381E+13 1.600E-01 1.368E+13 1.700E-01 1.353E+13
 1.800E-01 1.333E+13 1.900E-01 1.320E+13 2.000E-01 1.306E+13 2.100E-01 1.282E+13
 2.200E-01 1.274E+13 2.300E-01 1.270E+13 2.400E-01 1.257E+13 2.550E-01 1.236E+13
 2.700E-01 1.229E+13 2.800E-01 1.220E+13 3.000E-01 1.185E+13 3.200E-01 1.137E+13
 3.400E-01 1.094E+13 3.600E-01 1.058E+13 3.800E-01 1.018E+13 4.000E-01 9.792E+12
 4.250E-01 9.427E+12 4.500E-01 9.122E+12 4.750E-01 8.815E+12 5.000E-01 8.490E+12
 5.250E-01 8.102E+12 5.500E-01 7.736E+12 5.750E-01 7.407E+12 6.000E-01 7.082E+12
 6.300E-01 6.757E+12 6.600E-01 6.465E+12 6.900E-01 6.197E+12 7.200E-01 5.797E+12
 7.600E-01 5.299E+12 8.000E-01 4.865E+12 8.400E-01 4.486E+12 8.800E-01 4.152E+12
 9.200E-01 3.855E+12 9.600E-01 3.590E+12 1.000E+00 3.302E+12 1.100E+00 3.010E+12
 1.200E+00 2.767E+12 1.300E+00 2.562E+12 1.400E+00 2.385E+12 1.500E+00 2.255E+12
 1.600E+00 2.161E+12 1.700E+00 2.075E+12 1.800E+00 1.997E+12 1.900E+00 1.925E+12
 2.000E+00 1.822E+12 2.100E+00 1.695E+12 2.200E+00 1.582E+12 2.300E+00 1.480E+12
 2.400E+00 1.389E+12 2.500E+00 1.307E+12 2.600E+00 1.232E+12 2.700E+00 1.164E+12
 2.800E+00 1.102E+12 2.900E+00 1.045E+12 3.000E+00 9.767E+11 3.100E+00 8.994E+11
 3.200E+00 8.305E+11 3.300E+00 7.688E+11 3.400E+00 7.134E+11 3.500E+00 6.635E+11
 3.600E+00 6.183E+11 3.700E+00 5.773E+11 3.800E+00 5.400E+11 3.900E+00 5.060E+11
 4.000E+00 4.733E+11 4.100E+00 4.417E+11 4.200E+00 4.129E+11 4.300E+00 3.867E+11
 4.400E+00 3.626E+11 4.500E+00 3.406E+11 4.600E+00 3.203E+11 4.700E+00 3.017E+11
 4.800E+00 2.845E+11 4.900E+00 2.686E+11 5.000E+00 2.551E+11 5.100E+00 2.437E+11
 5.200E+00 2.331E+11 5.300E+00 2.231E+11 5.400E+00 2.137E+11 5.500E+00 2.050E+11
 5.600E+00 1.967E+11 5.700E+00 1.890E+11 5.800E+00 1.817E+11 5.900E+00 1.748E+11
 6.000E+00 1.643E+11 6.100E+00 1.508E+11 6.200E+00 1.384E+11 6.300E+00 1.272E+11
 6.400E+00 1.170E+11 6.500E+00 1.077E+11 6.600E+00 9.937E+10 6.700E+00 9.184E+10
 6.800E+00 8.505E+10 6.900E+00 7.885E+10 7.000E+00 7.186E+10 7.100E+00 6.436E+10
 7.200E+00 5.771E+10 7.300E+00 5.180E+10 7.400E+00 4.656E+10 7.500E+00 4.190E+10
 7.600E+00 3.776E+10 7.700E+00 3.406E+10 7.800E+00 3.078E+10 7.900E+00 2.785E+10
 8.000E+00 2.557E+10 8.100E+00 2.380E+10 8.200E+00 2.217E+10 8.300E+00 2.065E+10
 8.400E+00 1.923E+10 8.500E+00 1.791E+10 8.600E+00 1.668E+10 8.700E+00 1.553E+10
 8.800E+00 1.446E+10 8.900E+00 1.346E+10 9.000E+00 1.253E+10 9.100E+00 1.167E+10
 9.200E+00 1.086E+10 9.300E+00 1.011E+10 9.400E+00 9.410E+09 9.500E+00 8.757E+09
 9.600E+00 8.149E+09 9.700E+00 7.581E+09 9.800E+00 7.052E+09 9.900E+00 6.559E+09
 1.000E+01 6.100E+09 1.010E+01 5.673E+09 1.020E+01 5.276E+09 1.030E+01 4.907E+09
 1.040E+01 4.565E+09 1.050E+01 4.246E+09 1.060E+01 3.949E+09 1.070E+01 3.673E+09
 1.080E+01 3.416E+09 1.090E+01 3.176E+09 1.100E+01 2.954E+09 1.110E+01 2.746E+09
 1.120E+01 2.553E+09 1.130E+01 2.373E+09 1.140E+01 2.205E+09 1.150E+01 2.049E+09
 1.160E+01 1.905E+09 1.170E+01 1.771E+09 1.180E+01 1.647E+09 1.190E+01 1.531E+09
 1.200E+01 1.423E+09 1.210E+01 1.321E+09 1.220E+01 1.227E+09 1.230E+01 1.139E+09
 1.240E+01 1.058E+09 1.250E+01 9.821E+08 1.260E+01 9.121E+08 1.270E+01 8.472E+08
 1.280E+01 7.869E+08 1.290E+01 7.309E+08 1.300E+01 6.788E+08 1.310E+01 6.305E+08
 1.320E+01 5.855E+08 1.330E+01 5.438E+08 1.340E+01 5.051E+08 1.350E+01 4.691E+08
 1.360E+01 4.356E+08 1.370E+01 4.046E+08 1.380E+01 3.757E+08 1.390E+01 3.489E+08
 1.400E+01 3.240E+08 1.410E+01 3.009E+08 1.420E+01 2.794E+08 1.430E+01 2.594E+08
 1.440E+01 2.409E+08 1.450E+01 2.237E+08 1.460E+01 2.077E+08 1.470E+01 1.928E+08
 1.480E+01 1.790E+08 1.490E+01 1.662E+08 1.500E+01 1.543E+08 1.510E+01 1.433E+08
 1.520E+01 1.330E+08 1.530E+01 1.235E+08 1.540E+01 1.146E+08 1.550E+01 1.064E+08
 1.560E+01 9.877E+07 1.570E+01 9.169E+07 1.580E+01 8.511E+07 1.590E+01 7.900E+07
 1.600E+01 7.333E+07 1.610E+01 6.807E+07 1.620E+01 6.318E+07 1.630E+01 5.864E+07
 1.640E+01 5.443E+07 1.650E+01 5.052E+07 1.660E+01 4.689E+07 1.670E+01 4.351E+07
 1.680E+01 4.038E+07 1.690E+01 3.748E+07 1.700E+01 3.478E+07 1.710E+01 3.228E+07
 1.720E+01 2.996E+07 1.730E+01 2.780E+07 1.740E+01 2.580E+07 1.750E+01 2.394E+07
 1.760E+01 2.222E+07 1.770E+01 2.061E+07 1.780E+01 1.913E+07 1.790E+01 1.775E+07
 1.800E+01 1.647E+07 1.810E+01 1.528E+07 1.820E+01 1.418E+07 1.830E+01 1.316E+07
 1.840E+01 1.221E+07 1.850E+01 1.133E+07 1.860E+01 1.051E+07 1.870E+01 9.750E+06
 1.880E+01 9.046E+06 1.890E+01 8.393E+06 1.900E+01 7.787E+06 1.910E+01 7.224E+06
 1.920E+01 6.702E+06 1.930E+01 6.218E+06 1.940E+01 5.769E+06 1.950E+01 5.352E+06
 1.960E+01 4.965E+06 1.970E+01 4.606E+06 1.980E+01 4.273E+06 1.990E+01 3.963E+06
 2.000E+01 0.000E+00
