1.995000e+01 2.887382e-13 
1.985000e+01 3.112970e-13 
1.975000e+01 3.355350e-13 
1.965000e+01 3.617441e-13 
1.955000e+01 3.899244e-13 
1.945000e+01 4.202948e-13 
1.935000e+01 4.530014e-13 
1.925000e+01 4.883363e-13 
1.915000e+01 5.263723e-13 
1.905000e+01 5.673286e-13 
1.895000e+01 6.114971e-13 
1.885000e+01 6.590970e-13 
1.875000e+01 7.104201e-13 
1.865000e+01 7.658315e-13 
1.855000e+01 8.249663e-13 
1.845000e+01 8.892115e-13 
1.835000e+01 9.585671e-13 
1.825000e+01 1.033033e-12 
1.815000e+01 1.113340e-12 
1.805000e+01 1.200216e-12 
1.795000e+01 1.293664e-12 
1.785000e+01 1.393682e-12 
1.775000e+01 1.502461e-12 
1.765000e+01 1.619270e-12 
1.755000e+01 1.744840e-12 
1.745000e+01 1.879901e-12 
1.735000e+01 2.025913e-12 
1.725000e+01 2.183605e-12 
1.715000e+01 2.352979e-12 
1.705000e+01 2.535494e-12 
1.695000e+01 2.731880e-12 
1.685000e+01 2.943597e-12 
1.675000e+01 3.171375e-12 
1.665000e+01 3.417405e-12 
1.655000e+01 3.682416e-12 
1.645000e+01 3.967139e-12 
1.635000e+01 4.274494e-12 
1.625000e+01 4.605940e-12 
1.615000e+01 4.962209e-12 
1.605000e+01 5.346220e-12 
1.595000e+01 5.759433e-12 
1.585000e+01 6.205499e-12 
1.575000e+01 6.685148e-12 
1.565000e+01 7.202030e-12 
1.555000e+01 7.760524e-12 
1.545000e+01 8.359172e-12 
1.535000e+01 9.001624e-12 
1.525000e+01 9.695180e-12 
1.515000e+01 1.044714e-11 
1.505000e+01 1.125020e-11 
1.495000e+01 1.211897e-11 
1.485000e+01 1.305345e-11 
1.475000e+01 1.406093e-11 
1.465000e+01 1.514872e-11 
1.455000e+01 1.631681e-11 
1.445000e+01 1.757251e-11 
1.435000e+01 1.892312e-11 
1.425000e+01 2.038324e-11 
1.415000e+01 2.195286e-11 
1.405000e+01 2.363930e-11 
1.395000e+01 2.546445e-11 
1.385000e+01 2.742100e-11 
1.375000e+01 2.953088e-11 
1.365000e+01 3.180136e-11 
1.355000e+01 3.424705e-11 
1.345000e+01 3.688256e-11 
1.335000e+01 3.972249e-11 
1.325000e+01 4.278144e-11 
1.315000e+01 4.608130e-11 
1.305000e+01 4.964399e-11 
1.295000e+01 5.347680e-11 
1.285000e+01 5.760893e-11 
1.275000e+01 6.206959e-11 
1.265000e+01 6.689528e-11 
1.255000e+01 7.212980e-11 
1.245000e+01 7.782425e-11 
1.235000e+01 8.402976e-11 
1.225000e+01 9.074630e-11 
1.215000e+01 9.804688e-11 
1.205000e+01 1.057125e-10 
1.195000e+01 1.138162e-10 
1.185000e+01 1.222848e-10 
1.175000e+01 1.314106e-10 
1.165000e+01 1.411933e-10 
1.155000e+01 1.518522e-10 
1.145000e+01 1.633871e-10 
1.135000e+01 1.757981e-10 
1.125000e+01 1.891582e-10 
1.115000e+01 2.034674e-10 
1.105000e+01 2.187256e-10 
1.095000e+01 2.351519e-10 
1.085000e+01 2.526733e-10 
1.075000e+01 2.715818e-10 
1.065000e+01 2.917315e-10 
1.055000e+01 3.134872e-10 
1.045000e+01 3.367761e-10 
1.035000e+01 3.618171e-10 
1.025000e+01 3.888293e-10 
1.015000e+01 4.179587e-10 
1.005000e+01 4.494241e-10 
9.950000e+00 4.832989e-10 
9.850000e+00 5.196558e-10 
9.750000e+00 5.584948e-10 
9.650000e+00 6.001813e-10 
9.550000e+00 6.446419e-10 
9.450000e+00 6.922417e-10 
9.350000e+00 7.431997e-10 
9.250000e+00 7.979541e-10 
9.150000e+00 8.563589e-10 
9.050000e+00 9.184138e-10 
8.950000e+00 9.855792e-10 
8.850000e+00 1.057855e-09 
8.750000e+00 1.135241e-09 
8.650000e+00 1.219198e-09 
8.550000e+00 1.308265e-09 
8.450000e+00 1.403173e-09 
8.350000e+00 1.505381e-09 
8.250000e+00 1.614890e-09 
8.150000e+00 1.733889e-09 
8.050000e+00 1.863110e-09 
7.950000e+00 2.032484e-09 
7.850000e+00 2.250771e-09 
7.750000e+00 2.496801e-09 
7.650000e+00 2.777143e-09 
7.550000e+00 3.091798e-09 
7.450000e+00 3.443687e-09 
7.350000e+00 3.840109e-09 
7.250000e+00 4.289824e-09 
7.150000e+00 4.790645e-09 
7.050000e+00 5.349870e-09 
6.950000e+00 5.857991e-09 
6.850000e+00 6.289456e-09 
6.750000e+00 6.761803e-09 
6.650000e+00 7.300586e-09 
6.550000e+00 7.913837e-09 
6.450000e+00 8.600091e-09 
6.350000e+00 9.359352e-09 
6.250000e+00 1.019892e-08 
6.150000e+00 1.108959e-08 
6.050000e+00 1.203867e-08 
5.950000e+00 1.279793e-08 
5.850000e+00 1.330897e-08 
5.750000e+00 1.384921e-08 
5.650000e+00 1.442596e-08 
5.550000e+00 1.503191e-08 
5.450000e+00 1.568896e-08 
5.350000e+00 1.638252e-08 
5.250000e+00 1.712718e-08 
5.150000e+00 1.792294e-08 
5.050000e+00 1.876981e-08 
4.950000e+00 1.974809e-08 
4.850000e+00 2.087968e-08 
4.750000e+00 2.210618e-08 
4.650000e+00 2.342758e-08 
4.550000e+00 2.485850e-08 
4.450000e+00 2.642082e-08 
4.350000e+00 2.811456e-08 
4.250000e+00 2.995431e-08 
4.150000e+00 3.196926e-08 
4.050000e+00 3.417405e-08 
3.950000e+00 3.647373e-08 
3.850000e+00 3.888293e-08 
3.750000e+00 4.153304e-08 
3.650000e+00 4.445327e-08 
3.550000e+00 4.768013e-08 
3.450000e+00 5.122821e-08 
3.350000e+00 5.517054e-08 
3.250000e+00 5.955819e-08 
3.150000e+00 6.447878e-08 
3.050000e+00 7.002723e-08 
2.950000e+00 7.497702e-08 
2.850000e+00 7.913836e-08 
2.750000e+00 8.366472e-08 
2.650000e+00 8.870213e-08 
2.550000e+00 9.425057e-08 
2.450000e+00 1.003101e-07 
2.350000e+00 1.070266e-07 
2.250000e+00 1.144732e-07 
2.150000e+00 1.227959e-07 
2.050000e+00 1.321406e-07 
1.950000e+00 1.411203e-07 
1.850000e+00 1.495890e-07 
1.750000e+00 1.590068e-07 
1.650000e+00 1.693006e-07 
1.550000e+00 1.805435e-07 
1.450000e+00 1.943416e-07 
1.350000e+00 2.115710e-07 
1.250000e+00 2.317206e-07 
1.150000e+00 2.564696e-07 
1.050000e+00 2.872781e-07 
9.800000e-01 3.109320e-07 
9.400000e-01 3.235620e-07 
9.000000e-01 3.375061e-07 
8.600000e-01 3.524723e-07 
8.200000e-01 3.695557e-07 
7.800000e-01 3.878071e-07 
7.400000e-01 4.086869e-07 
7.050000e-01 4.283984e-07 
6.750000e-01 4.474530e-07 
6.450000e-01 4.676756e-07 
6.150000e-01 4.901614e-07 
5.875000e-01 5.132312e-07 
5.625000e-01 5.352790e-07 
5.375000e-01 5.598820e-07 
5.125000e-01 5.872592e-07 
4.875000e-01 6.113512e-07 
4.625000e-01 6.320118e-07 
4.375000e-01 6.547166e-07 
4.125000e-01 6.797577e-07 
3.900000e-01 7.045066e-07 
3.700000e-01 7.287446e-07 
3.500000e-01 7.556107e-07 
3.300000e-01 7.848131e-07 
3.100000e-01 8.169357e-07 
2.900000e-01 8.439479e-07 
2.750000e-01 8.592791e-07 
2.625000e-01 8.731503e-07 
2.475000e-01 8.906716e-07 
2.350000e-01 9.060028e-07 
2.250000e-01 9.191439e-07 
2.150000e-01 9.337451e-07 
2.050000e-01 9.490763e-07 
1.950000e-01 9.607572e-07 
1.850000e-01 9.687878e-07 
1.750000e-01 9.768185e-07 
1.650000e-01 9.855793e-07 
1.550000e-01 9.950700e-07 
1.462500e-01 9.972601e-07 
1.387500e-01 9.906896e-07 
1.312500e-01 9.833891e-07 
1.237500e-01 9.753584e-07 
1.175000e-01 9.687878e-07 
1.125000e-01 9.636775e-07 
1.075000e-01 9.549168e-07 
1.025000e-01 9.454259e-07 
9.800000e-02 9.293648e-07 
9.400000e-02 9.074630e-07 
9.000000e-02 8.855612e-07 
8.600000e-02 8.702299e-07 
8.200000e-02 8.519785e-07 
7.799999e-02 8.337271e-07 
7.400000e-02 8.125553e-07 
7.050000e-02 7.921137e-07 
6.750000e-02 7.694819e-07 
6.450000e-02 7.490402e-07 
6.150000e-02 7.253133e-07 
5.875000e-02 7.105661e-07 
5.625000e-02 6.947968e-07 
5.375000e-02 6.743552e-07 
5.125000e-02 6.580748e-07 
4.875000e-02 6.362461e-07 
4.625000e-02 6.044156e-07 
4.375000e-02 5.722200e-07 
4.125000e-02 5.451349e-07 
3.900000e-02 5.177577e-07 
3.700000e-02 4.958558e-07 
3.500000e-02 4.746111e-07 
3.300000e-02 4.524904e-07 
3.100000e-02 4.302236e-07 
2.900000e-02 4.075187e-07 
2.750000e-02 3.930636e-07 
2.625000e-02 3.770023e-07 
2.475000e-02 3.612330e-07 
2.350000e-02 3.442957e-07 
2.250000e-02 3.316657e-07 
2.150000e-02 3.185246e-07 
2.050000e-02 3.098369e-07 
1.950000e-02 2.964768e-07 
1.850000e-02 2.851609e-07 
1.750000e-02 2.739910e-07 
1.650000e-02 2.589518e-07 
1.550000e-02 2.436206e-07 
1.462500e-02 2.322317e-07 
1.387500e-02 2.216458e-07 
1.312500e-02 2.108409e-07 
1.237500e-02 2.007661e-07 
1.175000e-02 1.944146e-07 
1.125000e-02 1.868220e-07 
1.075000e-02 1.810545e-07 
1.025000e-02 1.722208e-07 
9.800000e-03 1.655043e-07 
9.400001e-03 1.590068e-07 
9.000000e-03 1.546994e-07 
8.600000e-03 1.471068e-07 
8.200000e-03 1.411933e-07 
7.800000e-03 1.357909e-07 
7.400000e-03 1.295124e-07 
7.050000e-03 1.237449e-07 
6.750000e-03 1.214818e-07 
6.450000e-03 1.171014e-07 
6.150000e-03 1.137431e-07 
5.875000e-03 1.090708e-07 
5.625000e-03 1.070266e-07 
5.375000e-03 1.035953e-07 
5.125000e-03 1.022082e-07 
4.875000e-03 9.921497e-08 
4.625000e-03 9.731681e-08 
4.375000e-03 9.315550e-08 
4.125000e-03 9.001623e-08 
3.900000e-03 8.563588e-08 
3.700000e-03 8.169356e-08 
3.500000e-03 7.731322e-08 
3.300000e-03 7.424696e-08 
3.100000e-03 7.069888e-08 
2.900000e-03 6.558847e-08 
2.750000e-03 6.514314e-08 
2.625000e-03 6.466129e-08 
2.475000e-03 6.260984e-08 
2.350000e-03 6.231781e-08 
2.250000e-03 6.304787e-08 
2.150000e-03 6.244191e-08 
2.050000e-03 6.224480e-08 
1.950000e-03 6.316468e-08 
1.850000e-03 6.507743e-08 
1.750000e-03 6.874963e-08 
1.650000e-03 7.149465e-08 
1.550000e-03 7.431997e-08 
1.462500e-03 7.694819e-08 
1.387500e-03 7.979541e-08 
1.312500e-03 8.286167e-08 
1.237500e-03 8.621993e-08 
1.175000e-03 8.899416e-08 
1.125000e-03 9.162237e-08 
1.075000e-03 9.388554e-08 
1.025000e-03 9.695179e-08 
9.800000e-04 1.003831e-07 
9.400000e-04 1.041064e-07 
9.000000e-04 1.084137e-07 
8.600000e-04 1.138161e-07 
8.200000e-04 1.188536e-07 
7.800000e-04 1.246210e-07 
7.400000e-04 1.308265e-07 
7.050000e-04 1.352069e-07 
6.750000e-04 1.389302e-07 
6.450000e-04 1.352799e-07 
6.150000e-04 1.384191e-07 
5.875000e-04 1.426535e-07 
5.625000e-04 1.462308e-07 
5.375000e-04 1.506111e-07 
5.125000e-04 1.641172e-07 
4.875000e-04 1.721478e-07 
4.625000e-04 1.793754e-07 
4.375000e-04 1.874791e-07 
4.125000e-04 1.963128e-07 
3.900000e-04 2.050735e-07 
3.700000e-04 2.134692e-07 
3.500000e-04 2.232520e-07 
3.300000e-04 2.331077e-07 
3.100000e-04 2.444966e-07 
2.900000e-04 2.560316e-07 
2.750000e-04 2.650113e-07 
2.625000e-04 2.731149e-07 
2.475000e-04 2.862560e-07 
2.350000e-04 2.981560e-07 
2.250000e-04 3.129761e-07 
2.150000e-04 3.279423e-07 
2.050000e-04 3.429086e-07 
1.950000e-04 3.625471e-07 
1.850000e-04 3.740091e-07 
1.750000e-04 3.983200e-07 
1.650000e-04 4.317567e-07 
1.550000e-04 4.673106e-07 
1.462500e-04 4.938847e-07 
1.387500e-04 5.139613e-07 
1.312500e-04 5.355711e-07 
1.237500e-04 5.590790e-07 
1.175000e-04 5.798856e-07 
1.125000e-04 5.957279e-07 
1.075000e-04 6.104751e-07 
1.025000e-04 6.285075e-07 
9.800000e-05 6.442038e-07 
9.400000e-05 6.706319e-07 
9.000000e-05 6.872772e-07 
8.600000e-05 6.779325e-07 
8.200000e-05 6.928987e-07 
7.800000e-05 7.156035e-07 
7.400000e-05 7.424697e-07 
7.050000e-05 7.592610e-07 
6.750000e-05 7.358992e-07 
6.450000e-05 7.505003e-07 
6.150000e-05 7.680218e-07 
5.875000e-05 7.870033e-07 
5.625000e-05 8.052547e-07 
5.375000e-05 8.534386e-07 
5.125000e-05 9.264444e-07 
4.875000e-05 9.622173e-07 
4.625000e-05 9.884996e-07 
4.375000e-05 1.022082e-06 
4.125000e-05 1.062235e-06 
3.900000e-05 1.084867e-06 
3.700000e-05 1.112610e-06 
3.500000e-05 1.149842e-06 
3.300000e-05 1.188536e-06 
3.100000e-05 1.222118e-06 
2.900000e-05 1.265922e-06 
2.750000e-05 1.302425e-06 
2.625000e-05 1.324326e-06 
2.475000e-05 1.327977e-06 
2.350000e-05 1.363020e-06 
2.250000e-05 1.404633e-06 
2.150000e-05 1.423615e-06 
2.050000e-05 1.462307e-06 
1.950000e-05 1.509761e-06 
1.850000e-05 1.557945e-06 
1.750000e-05 1.595908e-06 
1.650000e-05 1.619270e-06 
1.550000e-05 1.671835e-06 
1.462500e-05 1.747761e-06 
1.387500e-05 1.794484e-06 
1.312500e-05 1.834637e-06 
1.237500e-05 1.909104e-06 
1.175000e-05 1.912754e-06 
1.125000e-05 1.952907e-06 
1.075000e-05 1.993790e-06 
1.025000e-05 2.068986e-06 
9.800000e-06 2.145643e-06 
9.400001e-06 2.252961e-06 
8.999999e-06 2.301145e-06 
8.600000e-06 2.301875e-06 
8.200001e-06 2.355169e-06 
7.800000e-06 2.412844e-06 
7.400000e-06 2.474899e-06 
7.050000e-06 2.539144e-06 
6.750000e-06 2.639892e-06 
6.450000e-06 2.717279e-06 
6.150000e-06 2.801965e-06 
5.875000e-06 2.886652e-06 
5.625000e-06 2.972799e-06 
5.375000e-06 3.085958e-06 
5.125000e-06 3.216639e-06 
4.875000e-06 3.334178e-06 
4.625000e-06 3.434197e-06 
4.375000e-06 3.544435e-06 
4.125000e-06 3.679496e-06 
3.900000e-06 3.829158e-06 
3.700000e-06 3.979550e-06 
3.500000e-06 4.143083e-06 
3.300000e-06 4.315377e-06 
3.100000e-06 4.497161e-06 
2.900000e-06 4.719099e-06 
2.750000e-06 4.922056e-06 
2.625000e-06 5.107491e-06 
2.475000e-06 5.341840e-06 
2.350000e-06 5.549176e-06 
2.250000e-06 5.735341e-06 
2.150000e-06 5.934647e-06 
2.050000e-06 6.144905e-06 
1.950000e-06 6.407725e-06 
1.850000e-06 6.731141e-06 
1.750000e-06 7.089600e-06 
1.650000e-06 7.483101e-06 
1.550000e-06 7.928436e-06 
1.462500e-06 8.373774e-06 
1.387500e-06 8.811809e-06 
1.312500e-06 9.286347e-06 
1.237500e-06 9.819290e-06 
1.175000e-06 1.030843e-05 
1.125000e-06 1.073916e-05 
1.075000e-06 1.121370e-05 
1.025000e-06 1.173934e-05 
9.800000e-07 1.230879e-05 
9.399999e-07 1.292204e-05 
9.000000e-07 1.358639e-05 
8.600000e-07 1.431645e-05 
8.200000e-07 1.511952e-05 
7.800000e-07 1.600289e-05 
7.400000e-07 1.699577e-05 
7.050000e-07 1.810545e-05 
6.750000e-07 1.935386e-05 
6.450000e-07 2.074097e-05 
6.150000e-07 2.230329e-05 
5.875000e-07 2.390942e-05 
5.625000e-07 2.553745e-05 
5.375000e-07 2.734800e-05 
5.125000e-07 2.938486e-05 
4.875000e-07 3.229050e-05 
4.625000e-07 3.634232e-05 
4.375000e-07 4.117531e-05 
4.125000e-07 4.698658e-05 
3.900000e-07 5.325048e-05 
3.700000e-07 5.993052e-05 
3.500000e-07 6.800496e-05 
3.300000e-07 7.789726e-05 
3.100000e-07 8.994323e-05 
2.900000e-07 1.054205e-04 
2.750000e-07 1.197296e-04 
2.625000e-07 1.338928e-04 
2.475000e-07 1.538234e-04 
2.350000e-07 1.736810e-04 
2.250000e-07 1.925165e-04 
2.150000e-07 2.143452e-04 
2.050000e-07 2.399703e-04 
1.950000e-07 2.640622e-04 
1.850000e-07 2.855260e-04 
1.750000e-07 3.100559e-04 
1.650000e-07 3.383092e-04 
1.550000e-07 3.712349e-04 
1.462500e-07 4.021893e-04 
1.387500e-07 4.297855e-04 
1.312500e-07 4.609590e-04 
1.237500e-07 4.964399e-04 
1.175000e-07 5.298766e-04 
1.125000e-07 5.596630e-04 
1.075000e-07 5.927346e-04 
1.025000e-07 6.293835e-04 
9.800000e-08 6.617983e-04 
9.400000e-08 6.885184e-04 
9.000000e-08 7.176477e-04 
8.600000e-08 7.490402e-04 
8.200000e-08 7.840829e-04 
7.800000e-08 8.220461e-04 
7.400000e-08 8.643895e-04 
7.050000e-08 9.001623e-04 
6.750000e-08 9.271745e-04 
6.450000e-08 9.563769e-04 
6.150000e-08 9.877695e-04 
5.875000e-08 1.018432e-03 
5.625000e-08 1.049094e-03 
5.375000e-08 1.081947e-03 
5.125000e-08 1.117720e-03 
4.875000e-08 1.163714e-03 
4.625000e-08 1.219198e-03 
4.375000e-08 1.273222e-03 
4.125000e-08 1.325057e-03 
3.900000e-08 1.369590e-03 
3.700000e-08 1.406093e-03 
3.500000e-08 1.439676e-03 
3.300000e-08 1.469608e-03 
3.100000e-08 1.493700e-03 
2.900000e-08 1.512681e-03 
2.750000e-08 1.522902e-03 
2.625000e-08 1.527283e-03 
2.475000e-08 1.528013e-03 
2.350000e-08 1.524363e-03 
2.250000e-08 1.518522e-03 
2.150000e-08 1.509761e-03 
2.050000e-08 1.497350e-03 
1.950000e-08 1.482019e-03 
1.850000e-08 1.462308e-03 
1.750000e-08 1.438946e-03 
1.650000e-08 1.411933e-03 
1.550000e-08 1.379811e-03 
1.462500e-08 1.347688e-03 
1.387500e-08 1.317026e-03 
1.312500e-08 1.283443e-03 
1.237500e-08 1.246210e-03 
1.175000e-08 1.213357e-03 
1.125000e-08 1.184885e-03 
1.075000e-08 1.154953e-03 
1.025000e-08 1.123560e-03 
9.800000e-09 1.092898e-03 
9.400000e-09 1.065156e-03 
9.000000e-09 1.035953e-03 
8.600000e-09 1.006021e-03 
8.200000e-09 9.746284e-04 
7.800000e-09 9.417757e-04 
7.400000e-09 9.074630e-04 
7.050000e-09 8.768004e-04 
6.750000e-09 8.497883e-04 
6.450000e-09 8.213160e-04 
6.150000e-09 7.928438e-04 
5.875000e-09 7.658316e-04 
5.625000e-09 7.402796e-04 
5.375000e-09 7.144355e-04 
5.125000e-09 6.879343e-04 
4.875000e-09 6.609221e-04 
4.625000e-09 6.332529e-04 
4.375000e-09 6.049997e-04 
4.125000e-09 5.760893e-04 
3.900000e-09 5.495151e-04 
3.700000e-09 5.254962e-04 
3.500000e-09 5.010393e-04 
3.300000e-09 4.761443e-04 
3.100000e-09 4.508842e-04 
2.900000e-09 4.251132e-04 
2.750000e-09 4.055476e-04 
2.625000e-09 3.890483e-04 
2.475000e-09 3.689717e-04 
2.350000e-09 3.521073e-04 
2.250000e-09 3.384552e-04 
2.150000e-09 3.246571e-04 
2.050000e-09 3.107860e-04 
1.950000e-09 2.968419e-04 
1.850000e-09 2.827517e-04 
1.750000e-09 2.685156e-04 
1.650000e-09 2.541334e-04 
1.550000e-09 2.396783e-04 
1.462500e-09 2.269752e-04 
1.387500e-09 2.159514e-04 
1.312500e-09 2.049275e-04 
1.237500e-09 1.937576e-04 
1.175000e-09 1.844128e-04 
1.125000e-09 1.769662e-04 
1.075000e-09 1.693736e-04 
1.025000e-09 1.618540e-04 
9.800000e-10 1.549915e-04 
9.400000e-10 1.489320e-04 
9.000000e-10 1.427995e-04 
8.600000e-10 1.366670e-04 
8.200000e-10 1.305345e-04 
7.800000e-10 1.243290e-04 
7.400000e-10 1.181965e-04 
7.050000e-10 1.127211e-04 
6.750000e-10 1.080487e-04 
6.450000e-10 1.033763e-04 
6.150000e-10 9.870394e-05 
5.875000e-10 9.439659e-05 
5.625000e-10 9.045427e-05 
5.375000e-10 8.651196e-05 
5.125000e-10 8.256964e-05 
4.875000e-10 7.862732e-05 
4.625000e-10 7.468501e-05 
4.375000e-10 7.070618e-05 
4.125000e-10 6.673467e-05 
3.900000e-10 6.315007e-05 
3.700000e-10 5.995973e-05 
3.500000e-10 5.676207e-05 
3.300000e-10 5.355711e-05 
3.100000e-10 5.035215e-05 
2.900000e-10 4.713989e-05 
2.750000e-10 4.473069e-05 
2.625000e-10 4.271573e-05 
2.475000e-10 4.029924e-05 
2.350000e-10 3.828427e-05 
2.250000e-10 3.667085e-05 
2.150000e-10 3.505742e-05 
2.050000e-10 3.343669e-05 
1.950000e-10 3.181596e-05 
1.850000e-10 3.020253e-05 
1.750000e-10 2.858180e-05 
1.650000e-10 2.695377e-05 
1.550000e-10 2.533304e-05 
1.462500e-10 2.390942e-05 
1.387500e-10 2.269022e-05 
1.312500e-10 2.147103e-05 
1.237500e-10 2.025183e-05 
1.175000e-10 1.922975e-05 
1.125000e-10 1.841938e-05 
1.075000e-10 1.760171e-05 
1.025000e-10 1.678405e-05 
