 640
 spr-iii cavity
 snlrml xsec, withot fe58g,with na23gj
 1.000E-10 4.395E+13 1.050E-10 4.608E+13 1.100E-10 4.821E+13 1.150E-10 5.035E+13
 1.200E-10 5.301E+13 1.275E-10 5.621E+13 1.350E-10 5.940E+13 1.425E-10 6.259E+13
 1.500E-10 6.632E+13 1.600E-10 7.057E+13 1.700E-10 7.481E+13 1.800E-10 7.906E+13
 1.900E-10 8.330E+13 2.000E-10 8.754E+13 2.100E-10 9.177E+13 2.200E-10 9.600E+13
 2.300E-10 1.002E+14 2.400E-10 1.055E+14 2.550E-10 1.118E+14 2.700E-10 1.171E+14
 2.800E-10 1.234E+14 3.000E-10 1.318E+14 3.200E-10 1.402E+14 3.400E-10 1.486E+14
 3.600E-10 1.570E+14 3.800E-10 1.653E+14 4.000E-10 1.747E+14 4.250E-10 1.851E+14
 4.500E-10 1.955E+14 4.750E-10 2.058E+14 5.000E-10 2.162E+14 5.250E-10 2.265E+14
 5.500E-10 2.368E+14 5.750E-10 2.471E+14 6.000E-10 2.584E+14 6.300E-10 2.707E+14
 6.600E-10 2.829E+14 6.900E-10 2.951E+14 7.200E-10 3.094E+14 7.600E-10 3.256E+14
 8.000E-10 3.417E+14 8.400E-10 3.578E+14 8.800E-10 3.739E+14 9.200E-10 3.899E+14
 9.600E-10 4.058E+14 1.000E-09 4.237E+14 1.050E-09 4.435E+14 1.100E-09 4.632E+14
 1.150E-09 4.828E+14 1.200E-09 5.072E+14 1.275E-09 5.364E+14 1.350E-09 5.654E+14
 1.425E-09 5.942E+14 1.500E-09 6.275E+14 1.600E-09 6.654E+14 1.700E-09 7.029E+14
 1.800E-09 7.401E+14 1.900E-09 7.771E+14 2.000E-09 8.137E+14 2.100E-09 8.500E+14
 2.200E-09 8.860E+14 2.300E-09 9.217E+14 2.400E-09 9.659E+14 2.550E-09 1.018E+15
 2.700E-09 1.062E+15 2.800E-09 1.113E+15 3.000E-09 1.180E+15 3.200E-09 1.247E+15
 3.400E-09 1.312E+15 3.600E-09 1.376E+15 3.800E-09 1.439E+15 4.000E-09 1.508E+15
 4.250E-09 1.584E+15 4.500E-09 1.658E+15 4.750E-09 1.730E+15 5.000E-09 1.801E+15
 5.250E-09 1.870E+15 5.500E-09 1.938E+15 5.750E-09 2.004E+15 6.000E-09 2.075E+15
 6.300E-09 2.151E+15 6.600E-09 2.224E+15 6.900E-09 2.296E+15 7.200E-09 2.376E+15
 7.600E-09 2.465E+15 8.000E-09 2.551E+15 8.400E-09 2.633E+15 8.800E-09 2.713E+15
 9.200E-09 2.789E+15 9.600E-09 2.861E+15 1.000E-08 2.940E+15 1.050E-08 3.023E+15
 1.100E-08 3.101E+15 1.150E-08 3.175E+15 1.200E-08 3.262E+15 1.275E-08 3.358E+15
 1.350E-08 3.446E+15 1.425E-08 3.526E+15 1.500E-08 3.609E+15 1.600E-08 3.693E+15
 1.700E-08 3.764E+15 1.800E-08 3.825E+15 1.900E-08 3.875E+15 2.000E-08 3.915E+15
 2.100E-08 3.946E+15 2.200E-08 3.969E+15 2.300E-08 3.984E+15 2.400E-08 3.992E+15
 2.550E-08 3.990E+15 2.700E-08 3.979E+15 2.800E-08 3.952E+15 3.000E-08 3.902E+15
 3.200E-08 3.838E+15 3.400E-08 3.761E+15 3.600E-08 3.673E+15 3.800E-08 3.577E+15
 4.000E-08 3.460E+15 4.250E-08 3.324E+15 4.500E-08 3.183E+15 4.750E-08 3.040E+15
 5.000E-08 2.930E+15 5.250E-08 2.858E+15 5.500E-08 2.790E+15 5.750E-08 2.727E+15
 6.000E-08 2.663E+15 6.300E-08 2.597E+15 6.600E-08 2.536E+15 6.900E-08 2.479E+15
 7.200E-08 2.404E+15 7.600E-08 2.314E+15 8.000E-08 2.232E+15 8.400E-08 2.156E+15
 8.800E-08 2.086E+15 9.200E-08 2.021E+15 9.600E-08 1.961E+15 1.000E-07 1.902E+15
 1.050E-07 1.845E+15 1.100E-07 1.791E+15 1.150E-07 1.741E+15 1.200E-07 1.684E+15
 1.275E-07 1.621E+15 1.350E-07 1.564E+15 1.425E-07 1.512E+15 1.500E-07 1.454E+15
 1.600E-07 1.392E+15 1.700E-07 1.337E+15 1.800E-07 1.287E+15 1.900E-07 1.241E+15
 2.000E-07 1.198E+15 2.100E-07 1.157E+15 2.200E-07 1.119E+15 2.300E-07 1.082E+15
 2.400E-07 1.040E+15 2.550E-07 9.893E+14 2.700E-07 9.456E+14 2.800E-07 8.986E+14
 3.000E-07 8.491E+14 3.200E-07 8.092E+14 3.400E-07 7.738E+14 3.600E-07 7.431E+14
 3.800E-07 7.161E+14 4.000E-07 6.889E+14 4.250E-07 6.618E+14 4.500E-07 6.372E+14
 4.750E-07 6.149E+14 5.000E-07 5.938E+14 5.250E-07 5.738E+14 5.500E-07 5.554E+14
 5.750E-07 5.383E+14 6.000E-07 5.209E+14 6.300E-07 5.034E+14 6.600E-07 4.872E+14
 6.900E-07 4.721E+14 7.200E-07 4.560E+14 7.600E-07 4.390E+14 8.000E-07 4.234E+14
 8.400E-07 4.091E+14 8.800E-07 3.959E+14 9.200E-07 3.838E+14 9.600E-07 3.725E+14
 1.000E-06 3.598E+14 1.050E-06 3.458E+14 1.100E-06 3.328E+14 1.150E-06 3.209E+14
 1.200E-06 3.072E+14 1.275E-06 2.923E+14 1.350E-06 2.790E+14 1.425E-06 2.670E+14
 1.500E-06 2.553E+14 1.600E-06 2.440E+14 1.700E-06 2.338E+14 1.800E-06 2.247E+14
 1.900E-06 2.163E+14 2.000E-06 2.085E+14 2.100E-06 2.011E+14 2.200E-06 1.944E+14
 2.300E-06 1.882E+14 2.400E-06 1.810E+14 2.550E-06 1.732E+14 2.700E-06 1.674E+14
 2.800E-06 1.610E+14 3.000E-06 1.535E+14 3.200E-06 1.470E+14 3.400E-06 1.412E+14
 3.600E-06 1.360E+14 3.800E-06 1.314E+14 4.000E-06 1.266E+14 4.250E-06 1.216E+14
 4.500E-06 1.168E+14 4.750E-06 1.124E+14 5.000E-06 1.086E+14 5.250E-06 1.053E+14
 5.500E-06 1.022E+14 5.750E-06 9.897E+13 6.000E-06 9.572E+13 6.300E-06 9.250E+13
 6.600E-06 8.951E+13 6.900E-06 8.669E+13 7.200E-06 8.355E+13 7.600E-06 8.041E+13
 8.000E-06 7.750E+13 8.400E-06 7.481E+13 8.800E-06 7.236E+13 9.200E-06 7.004E+13
 9.600E-06 6.762E+13 1.000E-05 6.522E+13 1.050E-05 6.295E+13 1.100E-05 6.102E+13
 1.150E-05 5.911E+13 1.200E-05 5.698E+13 1.275E-05 5.460E+13 1.350E-05 5.242E+13
 1.425E-05 5.037E+13 1.500E-05 4.840E+13 1.600E-05 4.644E+13 1.700E-05 4.485E+13
 1.800E-05 4.328E+13 1.900E-05 4.184E+13 2.000E-05 4.038E+13 2.100E-05 3.891E+13
 2.200E-05 3.741E+13 2.300E-05 3.616E+13 2.400E-05 3.469E+13 2.550E-05 3.310E+13
 2.700E-05 3.186E+13 2.800E-05 3.057E+13 3.000E-05 2.923E+13 3.200E-05 2.805E+13
 3.400E-05 2.703E+13 3.600E-05 2.608E+13 3.800E-05 2.519E+13 4.000E-05 2.421E+13
 4.250E-05 2.332E+13 4.500E-05 2.251E+13 4.750E-05 2.176E+13 5.000E-05 2.113E+13
 5.250E-05 2.067E+13 5.500E-05 2.023E+13 5.750E-05 1.970E+13 6.000E-05 1.915E+13
 6.300E-05 1.860E+13 6.600E-05 1.809E+13 6.900E-05 1.749E+13 7.200E-05 1.693E+13
 7.600E-05 1.628E+13 8.000E-05 1.568E+13 8.400E-05 1.515E+13 8.800E-05 1.453E+13
 9.200E-05 1.408E+13 9.600E-05 1.374E+13 1.000E-04 1.330E+13 1.050E-04 1.285E+13
 1.100E-04 1.244E+13 1.150E-04 1.206E+13 1.200E-04 1.159E+13 1.275E-04 1.113E+13
 1.350E-04 1.072E+13 1.425E-04 1.033E+13 1.500E-04 9.896E+12 1.600E-04 9.431E+12
 1.700E-04 9.013E+12 1.800E-04 8.635E+12 1.900E-04 8.291E+12 2.000E-04 7.971E+12
 2.100E-04 7.668E+12 2.200E-04 7.393E+12 2.300E-04 7.135E+12 2.400E-04 6.839E+12
 2.550E-04 6.516E+12 2.700E-04 6.279E+12 2.800E-04 6.018E+12 3.000E-04 5.693E+12
 3.200E-04 5.401E+12 3.400E-04 5.140E+12 3.600E-04 4.904E+12 3.800E-04 4.689E+12
 4.000E-04 4.452E+12 4.250E-04 4.222E+12 4.500E-04 4.019E+12 4.750E-04 3.837E+12
 5.000E-04 3.640E+12 5.250E-04 3.334E+12 5.500E-04 3.190E+12 5.750E-04 3.067E+12
 6.000E-04 2.934E+12 6.300E-04 2.820E+12 6.600E-04 2.845E+12 6.900E-04 2.735E+12
 7.200E-04 2.633E+12 7.600E-04 2.518E+12 8.000E-04 2.417E+12 8.400E-04 2.321E+12
 8.800E-04 2.223E+12 9.200E-04 2.150E+12 9.600E-04 2.077E+12 1.000E-03 2.002E+12
 1.050E-03 1.925E+12 1.100E-03 1.856E+12 1.150E-03 1.790E+12 1.200E-03 1.719E+12
 1.275E-03 1.644E+12 1.350E-03 1.573E+12 1.425E-03 1.510E+12 1.500E-03 1.449E+12
 1.600E-03 1.389E+12 1.700E-03 1.333E+12 1.800E-03 1.262E+12 1.900E-03 1.220E+12
 2.000E-03 1.192E+12 2.100E-03 1.175E+12 2.200E-03 1.166E+12 2.300E-03 1.154E+12
 2.400E-03 1.140E+12 2.550E-03 1.125E+12 2.700E-03 1.107E+12 2.800E-03 1.075E+12
 3.000E-03 1.070E+12 3.200E-03 1.088E+12 3.400E-03 1.083E+12 3.600E-03 1.074E+12
 3.800E-03 1.080E+12 4.000E-03 1.099E+12 4.250E-03 1.117E+12 4.500E-03 1.135E+12
 4.750E-03 1.151E+12 5.000E-03 1.196E+12 5.250E-03 1.227E+12 5.500E-03 1.258E+12
 5.750E-03 1.298E+12 6.000E-03 1.325E+12 6.300E-03 1.378E+12 6.600E-03 1.425E+12
 6.900E-03 1.475E+12 7.200E-03 1.519E+12 7.600E-03 1.598E+12 8.000E-03 1.639E+12
 8.400E-03 1.703E+12 8.800E-03 1.746E+12 9.200E-03 1.817E+12 9.600E-03 1.878E+12
 1.000E-02 1.959E+12 1.050E-02 2.041E+12 1.100E-02 2.148E+12 1.150E-02 2.233E+12
 1.200E-02 2.349E+12 1.275E-02 2.472E+12 1.350E-02 2.585E+12 1.425E-02 2.710E+12
 1.500E-02 2.859E+12 1.600E-02 3.035E+12 1.700E-02 3.210E+12 1.800E-02 3.383E+12
 1.900E-02 3.531E+12 2.000E-02 3.713E+12 2.100E-02 3.876E+12 2.200E-02 4.045E+12
 2.300E-02 4.238E+12 2.400E-02 4.463E+12 2.550E-02 4.683E+12 2.700E-02 4.911E+12
 2.800E-02 5.158E+12 3.000E-02 5.702E+12 3.200E-02 6.012E+12 3.400E-02 6.352E+12
 3.600E-02 6.628E+12 3.800E-02 6.920E+12 4.000E-02 7.015E+12 4.250E-02 7.398E+12
 4.500E-02 7.910E+12 4.750E-02 8.576E+12 5.000E-02 8.953E+12 5.250E-02 9.210E+12
 5.500E-02 9.461E+12 5.750E-02 9.632E+12 6.000E-02 9.543E+12 6.300E-02 9.796E+12
 6.600E-02 1.005E+13 6.900E-02 1.031E+13 7.200E-02 1.065E+13 7.600E-02 1.101E+13
 8.000E-02 1.138E+13 8.400E-02 1.176E+13 8.800E-02 1.214E+13 9.200E-02 1.249E+13
 9.600E-02 1.289E+13 1.000E-01 1.315E+13 1.050E-01 1.324E+13 1.100E-01 1.332E+13
 1.150E-01 1.364E+13 1.200E-01 1.375E+13 1.275E-01 1.406E+13 1.350E-01 1.416E+13
 1.425E-01 1.427E+13 1.500E-01 1.422E+13 1.600E-01 1.423E+13 1.700E-01 1.417E+13
 1.800E-01 1.431E+13 1.900E-01 1.436E+13 2.000E-01 1.431E+13 2.100E-01 1.425E+13
 2.200E-01 1.409E+13 2.300E-01 1.386E+13 2.400E-01 1.368E+13 2.550E-01 1.361E+13
 2.700E-01 1.341E+13 2.800E-01 1.319E+13 3.000E-01 1.285E+13 3.200E-01 1.237E+13
 3.400E-01 1.185E+13 3.600E-01 1.146E+13 3.800E-01 1.112E+13 4.000E-01 1.074E+13
 4.250E-01 1.033E+13 4.500E-01 9.950E+12 4.750E-01 9.603E+12 5.000E-01 9.164E+12
 5.250E-01 8.653E+12 5.500E-01 8.195E+12 5.750E-01 7.782E+12 6.000E-01 7.371E+12
 6.300E-01 6.967E+12 6.600E-01 6.601E+12 6.900E-01 6.269E+12 7.200E-01 5.845E+12
 7.600E-01 5.357E+12 8.000E-01 4.931E+12 8.400E-01 4.557E+12 8.800E-01 4.227E+12
 9.200E-01 3.934E+12 9.600E-01 3.673E+12 1.000E+00 3.357E+12 1.100E+00 3.015E+12
 1.200E+00 2.733E+12 1.300E+00 2.495E+12 1.400E+00 2.292E+12 1.500E+00 2.157E+12
 1.600E+00 2.074E+12 1.700E+00 1.999E+12 1.800E+00 1.931E+12 1.900E+00 1.868E+12
 2.000E+00 1.782E+12 2.100E+00 1.678E+12 2.200E+00 1.585E+12 2.300E+00 1.500E+12
 2.400E+00 1.423E+12 2.500E+00 1.353E+12 2.600E+00 1.288E+12 2.700E+00 1.229E+12
 2.800E+00 1.174E+12 2.900E+00 1.124E+12 3.000E+00 1.051E+12 3.100E+00 9.620E+11
 3.200E+00 8.829E+11 3.300E+00 8.126E+11 3.400E+00 7.499E+11 3.500E+00 6.937E+11
 3.600E+00 6.432E+11 3.700E+00 5.975E+11 3.800E+00 5.562E+11 3.900E+00 5.188E+11
 4.000E+00 4.832E+11 4.100E+00 4.494E+11 4.200E+00 4.189E+11 4.300E+00 3.911E+11
 4.400E+00 3.658E+11 4.500E+00 3.426E+11 4.600E+00 3.214E+11 4.700E+00 3.019E+11
 4.800E+00 2.840E+11 4.900E+00 2.674E+11 5.000E+00 2.525E+11 5.100E+00 2.390E+11
 5.200E+00 2.264E+11 5.300E+00 2.148E+11 5.400E+00 2.039E+11 5.500E+00 1.938E+11
 5.600E+00 1.843E+11 5.700E+00 1.755E+11 5.800E+00 1.672E+11 5.900E+00 1.594E+11
 6.000E+00 1.499E+11 6.100E+00 1.390E+11 6.200E+00 1.289E+11 6.300E+00 1.194E+11
 6.400E+00 1.108E+11 6.500E+00 1.029E+11 6.600E+00 9.575E+10 6.700E+00 8.930E+10
 6.800E+00 8.347E+10 6.900E+00 7.810E+10 7.000E+00 7.161E+10 7.100E+00 6.434E+10
 7.200E+00 5.786E+10 7.300E+00 5.207E+10 7.400E+00 4.693E+10 7.500E+00 4.235E+10
 7.600E+00 3.825E+10 7.700E+00 3.459E+10 7.800E+00 3.134E+10 7.900E+00 2.843E+10
 8.000E+00 2.613E+10 8.100E+00 2.432E+10 8.200E+00 2.264E+10 8.300E+00 2.109E+10
 8.400E+00 1.964E+10 8.500E+00 1.829E+10 8.600E+00 1.702E+10 8.700E+00 1.585E+10
 8.800E+00 1.475E+10 8.900E+00 1.373E+10 9.000E+00 1.279E+10 9.100E+00 1.190E+10
 9.200E+00 1.108E+10 9.300E+00 1.031E+10 9.400E+00 9.598E+09 9.500E+00 8.932E+09
 9.600E+00 8.311E+09 9.700E+00 7.733E+09 9.800E+00 7.193E+09 9.900E+00 6.690E+09
 1.000E+01 6.221E+09 1.010E+01 5.786E+09 1.020E+01 5.381E+09 1.030E+01 5.005E+09
 1.040E+01 4.656E+09 1.050E+01 4.331E+09 1.060E+01 4.028E+09 1.070E+01 3.746E+09
 1.080E+01 3.484E+09 1.090E+01 3.240E+09 1.100E+01 3.013E+09 1.110E+01 2.801E+09
 1.120E+01 2.604E+09 1.130E+01 2.420E+09 1.140E+01 2.249E+09 1.150E+01 2.091E+09
 1.160E+01 1.944E+09 1.170E+01 1.807E+09 1.180E+01 1.681E+09 1.190E+01 1.563E+09
 1.200E+01 1.451E+09 1.210E+01 1.345E+09 1.220E+01 1.246E+09 1.230E+01 1.154E+09
 1.240E+01 1.069E+09 1.250E+01 9.913E+08 1.260E+01 9.194E+08 1.270E+01 8.529E+08
 1.280E+01 7.915E+08 1.290E+01 7.346E+08 1.300E+01 6.819E+08 1.310E+01 6.331E+08
 1.320E+01 5.878E+08 1.330E+01 5.457E+08 1.340E+01 5.067E+08 1.350E+01 4.705E+08
 1.360E+01 4.369E+08 1.370E+01 4.057E+08 1.380E+01 3.767E+08 1.390E+01 3.498E+08
 1.400E+01 3.248E+08 1.410E+01 3.015E+08 1.420E+01 2.800E+08 1.430E+01 2.600E+08
 1.440E+01 2.414E+08 1.450E+01 2.241E+08 1.460E+01 2.081E+08 1.470E+01 1.932E+08
 1.480E+01 1.793E+08 1.490E+01 1.665E+08 1.500E+01 1.546E+08 1.510E+01 1.435E+08
 1.520E+01 1.332E+08 1.530E+01 1.237E+08 1.540E+01 1.148E+08 1.550E+01 1.066E+08
 1.560E+01 9.892E+07 1.570E+01 9.183E+07 1.580E+01 8.524E+07 1.590E+01 7.912E+07
 1.600E+01 7.344E+07 1.610E+01 6.816E+07 1.620E+01 6.327E+07 1.630E+01 5.872E+07
 1.640E+01 5.450E+07 1.650E+01 5.058E+07 1.660E+01 4.695E+07 1.670E+01 4.357E+07
 1.680E+01 4.044E+07 1.690E+01 3.753E+07 1.700E+01 3.483E+07 1.710E+01 3.232E+07
 1.720E+01 2.999E+07 1.730E+01 2.783E+07 1.740E+01 2.583E+07 1.750E+01 2.397E+07
 1.760E+01 2.224E+07 1.770E+01 2.064E+07 1.780E+01 1.915E+07 1.790E+01 1.777E+07
 1.800E+01 1.649E+07 1.810E+01 1.530E+07 1.820E+01 1.420E+07 1.830E+01 1.317E+07
 1.840E+01 1.222E+07 1.850E+01 1.134E+07 1.860E+01 1.052E+07 1.870E+01 9.761E+06
 1.880E+01 9.056E+06 1.890E+01 8.402E+06 1.900E+01 7.795E+06 1.910E+01 7.232E+06
 1.920E+01 6.709E+06 1.930E+01 6.224E+06 1.940E+01 5.774E+06 1.950E+01 5.357E+06
 1.960E+01 4.970E+06 1.970E+01 4.610E+06 1.980E+01 4.277E+06 1.990E+01 3.967E+06
 2.000E+01 0.000E+00
