    19.95000          0.2891982E-12
    19.85000          0.3117701E-12
    19.75000          0.3360952E-12
    19.65000          0.3622466E-12
    19.55000          0.3905163E-12
    19.45000          0.4209043E-12
    19.35000          0.4537030E-12
    19.25000          0.4890584E-12
    19.15000          0.5271896E-12
    19.05000          0.5682427E-12
    18.95000          0.6124370E-12
    18.85000          0.6601375E-12
    18.75000          0.7114905E-12
    18.65000          0.7670072E-12
    18.55000          0.8269069E-12
    18.45000          0.8911894E-12
    18.35000          0.9598548E-12
    18.25000          0.1035094E-11
    18.15000          0.1115448E-11
    18.05000          0.1201644E-11
    17.95000          0.1295146E-11
    17.85000          0.1395953E-11
    17.75000          0.1504065E-11
    17.65000          0.1620942E-11
    17.55000          0.1747315E-11
    17.45000          0.1882455E-11
    17.35000          0.2028551E-11
    17.25000          0.2186336E-11
    17.15000          0.2355808E-11
    17.05000          0.2538429E-11
    16.95000          0.2735659E-11
    16.85000          0.2947499E-11
    16.75000          0.3176140E-11
    16.65000          0.3422313E-11
    16.55000          0.3686748E-11
    16.45000          0.3972367E-11
    16.35000          0.4279900E-11
    16.25000          0.4611539E-11
    16.15000          0.4968015E-11
    16.05000          0.5352979E-11
    15.95000          0.5767164E-11
    15.85000          0.6212758E-11
    15.75000          0.6692685E-11
    15.65000          0.7209868E-11
    15.55000          0.7765035E-11
    15.45000          0.8364031E-11
    15.35000          0.9014160E-11
    15.25000          0.9708121E-11
    15.15000          0.1046052E-10
    15.05000          0.1126405E-10
    14.95000          0.1213332E-10
    14.85000          0.1306834E-10
    14.75000          0.1407641E-10
    14.65000          0.1516483E-10
    14.55000          0.1632630E-10
    14.45000          0.1759003E-10
    14.35000          0.1894143E-10
    14.25000          0.2040239E-10
    14.15000          0.2197293E-10
    14.05000          0.2366035E-10
    13.95000          0.2547925E-10
    13.85000          0.2744425E-10
    13.75000          0.2954804E-10
    13.65000          0.3181984E-10
    13.55000          0.3426696E-10
    13.45000          0.3689670E-10
    13.35000          0.3973828E-10
    13.25000          0.4279170E-10
    13.15000          0.4608617E-10
    13.05000          0.4962901E-10
    12.95000          0.5344944E-10
    12.85000          0.5756937E-10
    12.75000          0.6200340E-10
    12.65000          0.6679537E-10
    12.55000          0.7197450E-10
    12.45000          0.7757730E-10
    12.35000          0.8364030E-10
    12.25000          0.9028771E-10
    12.15000          0.9737339E-10
    12.05000          0.1048974E-09
    11.95000          0.1129327E-09
    11.85000          0.1214063E-09
    11.75000          0.1305373E-09
    11.65000          0.1403258E-09
    11.55000          0.1509908E-09
    11.45000          0.1624594E-09
    11.35000          0.1748046E-09
    11.25000          0.1880263E-09
    11.15000          0.2022707E-09
    11.05000          0.2175378E-09
    10.95000          0.2339006E-09
    10.85000          0.2514322E-09
    10.75000          0.2702787E-09
    10.65000          0.2905131E-09
    10.55000          0.3122815E-09
    10.45000          0.3355839E-09
    10.35000          0.3607125E-09
    10.25000          0.3877404E-09
    10.15000          0.4168136E-09
    10.05000          0.4482244E-09
    9.950000          0.4819727E-09
    9.850000          0.5182047E-09
    9.750000          0.5571394E-09
    9.650000          0.5987770E-09
    9.550000          0.6433364E-09
    9.450000          0.6910370E-09
    9.350000          0.7421708E-09
    9.250000          0.7969570E-09
    9.150000          0.8561261E-09
    9.050000          0.9189477E-09
    8.950000          0.9861520E-09
    8.850000          0.1059200E-08
    8.750000          0.1137362E-08
    8.650000          0.1221368E-08
    8.550000          0.1311217E-08
    8.450000          0.1407641E-08
    8.350000          0.1510639E-08
    8.250000          0.1620942E-08
    8.150000          0.1740741E-08
    8.050000          0.1870767E-08
    7.950000          0.2039509E-08
    7.850000          0.2257923E-08
    7.750000          0.2503365E-08
    7.650000          0.2781680E-08
    7.550000          0.3095056E-08
    7.450000          0.3444958E-08
    7.350000          0.3840150E-08
    7.250000          0.4287205E-08
    7.150000          0.4788316E-08
    7.050000          0.5350788E-08
    6.950000          0.5862856E-08
    6.850000          0.6299686E-08
    6.750000          0.6777422E-08
    6.650000          0.7312135E-08
    6.550000          0.7918437E-08
    6.450000          0.8590480E-08
    6.350000          0.9335573E-08
    6.250000          0.1015371E-07
    6.150000          0.1103760E-07
    6.050000          0.1198723E-07
    5.950000          0.1273962E-07
    5.850000          0.1324366E-07
    5.750000          0.1377691E-07
    5.650000          0.1434669E-07
    5.550000          0.1495299E-07
    5.450000          0.1559581E-07
    5.350000          0.1628247E-07
    5.250000          0.1702026E-07
    5.150000          0.1779457E-07
    5.050000          0.1862732E-07
    4.950000          0.1960617E-07
    4.850000          0.2076763E-07
    4.750000          0.2201676E-07
    4.650000          0.2337546E-07
    4.550000          0.2485103E-07
    4.450000          0.2645810E-07
    4.350000          0.2820395E-07
    4.250000          0.3011051E-07
    4.150000          0.3219969E-07
    4.050000          0.3450072E-07
    3.950000          0.3688939E-07
    3.850000          0.3936573E-07
    3.750000          0.4209043E-07
    3.650000          0.4509272E-07
    3.550000          0.4839450E-07
    3.450000          0.5205422E-07
    3.350000          0.5610841E-07
    3.250000          0.6063740E-07
    3.150000          0.6570696E-07
    3.050000          0.7143394E-07
    2.950000          0.7655463E-07
    2.850000          0.8086447E-07
    2.750000          0.8553956E-07
    2.650000          0.9072599E-07
    2.550000          0.9642377E-07
    2.450000          0.1027790E-06
    2.350000          0.1097186E-06
    2.250000          0.1174617E-06
    2.150000          0.1260814E-06
    2.050000          0.1357968E-06
    1.950000          0.1441243E-06
    1.850000          0.1505526E-06
    1.750000          0.1575652E-06
    1.650000          0.1652352E-06
    1.550000          0.1736358E-06
    1.450000          0.1832052E-06
    1.350000          0.1943085E-06
    1.250000          0.2069458E-06
    1.150000          0.2217747E-06
    1.050000          0.2393793E-06
   0.9800000          0.2582988E-06
   0.9400000          0.2778027E-06
   0.9000000          0.2996441E-06
   0.8600000          0.3244806E-06
   0.8200000          0.3526772E-06
   0.7800000          0.3850377E-06
   0.7400000          0.4222922E-06
   0.7050000          0.4520229E-06
   0.6750000          0.4715268E-06
   0.6450000          0.4920533E-06
   0.6150000          0.5157210E-06
   0.5875000          0.5390964E-06
   0.5625000          0.5614492E-06
   0.5375000          0.5864318E-06
   0.5125000          0.6141171E-06
   0.4875000          0.6383692E-06
   0.4625000          0.6590417E-06
   0.4375000          0.6818328E-06
   0.4125000          0.7069615E-06
   0.3900000          0.7319440E-06
   0.3700000          0.7560499E-06
   0.3500000          0.7830778E-06
   0.3300000          0.8130276E-06
   0.3100000          0.8458994E-06
   0.2900000          0.8729273E-06
   0.2750000          0.8882673E-06
   0.2625000          0.9014161E-06
   0.2475000          0.9189478E-06
   0.2350000          0.9342879E-06
   0.2250000          0.9474364E-06
   0.2150000          0.9620461E-06
   0.2050000          0.9773862E-06
   0.1950000          0.9890740E-06
   0.1850000          0.9963788E-06
   0.1750000          0.1004414E-05
   0.1650000          0.1013180E-05
   0.1550000          0.1022676E-05
   0.1462500          0.1024137E-05
   0.1387500          0.1016832E-05
   0.1312500          0.1008797E-05
   0.1237500          0.1000762E-05
   0.1175000          0.9934570E-06
   0.1125000          0.9876130E-06
   0.1075000          0.9795777E-06
   0.1025000          0.9700815E-06
   0.9800000E-01      0.9547414E-06
   0.9400000E-01      0.9335574E-06
   0.9000000E-01      0.9116429E-06
   0.8600000E-01      0.8941112E-06
   0.8200000E-01      0.8751187E-06
   0.7799999E-01      0.8553956E-06
   0.7400000E-01      0.8334811E-06
   0.7050000E-01      0.8130276E-06
   0.6750000E-01      0.7903826E-06
   0.6450000E-01      0.7684682E-06
   0.6150000E-01      0.7450927E-06
   0.5875000E-01      0.7285839E-06
   0.5625000E-01      0.7114905E-06
   0.5375000E-01      0.6910370E-06
   0.5125000E-01      0.6734323E-06
   0.4875000E-01      0.6503490E-06
   0.4625000E-01      0.6186461E-06
   0.4375000E-01      0.5865779E-06
   0.4125000E-01      0.5580890E-06
   0.3900000E-01      0.5303307E-06
   0.3700000E-01      0.5073204E-06
   0.3500000E-01      0.4847486E-06
   0.3300000E-01      0.4615192E-06
   0.3100000E-01      0.4381437E-06
   0.2900000E-01      0.4149874E-06
   0.2750000E-01      0.3997934E-06
   0.2625000E-01      0.3841610E-06
   0.2475000E-01      0.3679443E-06
   0.2350000E-01      0.3517276E-06
   0.2250000E-01      0.3392364E-06
   0.2150000E-01      0.3263798E-06
   0.2050000E-01      0.3166644E-06
   0.1950000E-01      0.3032235E-06
   0.1850000E-01      0.2908783E-06
   0.1750000E-01      0.2787523E-06
   0.1650000E-01      0.2636313E-06
   0.1550000E-01      0.2484373E-06
   0.1462500E-01      0.2366765E-06
   0.1387500E-01      0.2259384E-06
   0.1312500E-01      0.2149081E-06
   0.1237500E-01      0.2045353E-06
   0.1175000E-01      0.1975226E-06
   0.1125000E-01      0.1897064E-06
   0.1075000E-01      0.1836434E-06
   0.1025000E-01      0.1752429E-06
   0.9800000E-02      0.1685224E-06
   0.9400001E-02      0.1621672E-06
   0.9000000E-02      0.1574922E-06
   0.8600000E-02      0.1503334E-06
   0.8200000E-02      0.1443434E-06
   0.7800000E-02      0.1387187E-06
   0.7400000E-02      0.1324366E-06
   0.7050000E-02      0.1267388E-06
   0.6750000E-02      0.1237438E-06
   0.6450000E-02      0.1195070E-06
   0.6150000E-02      0.1158546E-06
   0.5875000E-02      0.1116178E-06
   0.5625000E-02      0.1091342E-06
   0.5375000E-02      0.1058470E-06
   0.5125000E-02      0.1037286E-06
   0.4875000E-02      0.1005875E-06
   0.4625000E-02      0.9803081E-07
   0.4375000E-02      0.9386707E-07
   0.4125000E-02      0.9036076E-07
   0.3900000E-02      0.8612394E-07
   0.3700000E-02      0.8203325E-07
   0.3500000E-02      0.7786949E-07
   0.3300000E-02      0.7472841E-07
   0.3100000E-02      0.7118558E-07
   0.2900000E-02      0.6721905E-07
   0.2750000E-02      0.6679537E-07
   0.2625000E-02      0.6637899E-07
   0.2475000E-02      0.6475732E-07
   0.2350000E-02      0.6439939E-07
   0.2250000E-02      0.6463314E-07
   0.2150000E-02      0.6414372E-07
   0.2050000E-02      0.6386612E-07
   0.1950000E-02      0.6468427E-07
   0.1850000E-02      0.6661275E-07
   0.1750000E-02      0.6964425E-07
   0.1650000E-02      0.7213520E-07
   0.1550000E-02      0.7487451E-07
   0.1462500E-02      0.7757730E-07
   0.1387500E-02      0.8035313E-07
   0.1312500E-02      0.8342117E-07
   0.1237500E-02      0.8692748E-07
   0.1175000E-02      0.8970331E-07
   0.1125000E-02      0.9240610E-07
   0.1075000E-02      0.9488974E-07
   0.1025000E-02      0.9795777E-07
   0.9800000E-03      0.1014641E-06
   0.9400000E-03      0.1054087E-06
   0.9000000E-03      0.1095725E-06
   0.8600000E-03      0.1146858E-06
   0.8200000E-03      0.1197992E-06
   0.7800000E-03      0.1253509E-06
   0.7400000E-03      0.1315600E-06
   0.7050000E-03      0.1363812E-06
   0.6750000E-03      0.1401066E-06
   0.6450000E-03      0.1400336E-06
   0.6150000E-03      0.1437591E-06
   0.5875000E-03      0.1481420E-06
   0.5625000E-03      0.1520866E-06
   0.5375000E-03      0.1566156E-06
   0.5125000E-03      0.1665501E-06
   0.4875000E-03      0.1735628E-06
   0.4625000E-03      0.1808676E-06
   0.4375000E-03      0.1886107E-06
   0.4125000E-03      0.1975226E-06
   0.3900000E-03      0.2062884E-06
   0.3700000E-03      0.2146159E-06
   0.3500000E-03      0.2242583E-06
   0.3300000E-03      0.2340468E-06
   0.3100000E-03      0.2457345E-06
   0.2900000E-03      0.2572031E-06
   0.2750000E-03      0.2661150E-06
   0.2625000E-03      0.2741503E-06
   0.2475000E-03      0.2872989E-06
   0.2350000E-03      0.2984754E-06
   0.2250000E-03      0.3123545E-06
   0.2150000E-03      0.3265259E-06
   0.2050000E-03      0.3401129E-06
   0.1950000E-03      0.3578636E-06
   0.1850000E-03      0.3695514E-06
   0.1750000E-03      0.3920502E-06
   0.1650000E-03      0.4222922E-06
   0.1550000E-03      0.4546526E-06
   0.1462500E-03      0.4796352E-06
   0.1387500E-03      0.4989199E-06
   0.1312500E-03      0.5198117E-06
   0.1237500E-03      0.5426028E-06
   0.1175000E-03      0.5629103E-06
   0.1125000E-03      0.5789078E-06
   0.1075000E-03      0.5945402E-06
   0.1025000E-03      0.6128022E-06
   0.9800000E-04      0.6293841E-06
   0.9400000E-04      0.6550972E-06
   0.9000000E-04      0.6730670E-06
   0.8600000E-04      0.6691225E-06
   0.8200000E-04      0.6869462E-06
   0.7800000E-04      0.7102486E-06
   0.7400000E-04      0.7363269E-06
   0.7050000E-04      0.7545890E-06
   0.6750000E-04      0.7363269E-06
   0.6450000E-04      0.7509366E-06
   0.6150000E-04      0.7699292E-06
   0.5875000E-04      0.7881912E-06
   0.5625000E-04      0.8064532E-06
   0.5375000E-04      0.8546653E-06
   0.5125000E-04      0.9204086E-06
   0.4875000E-04      0.9525499E-06
   0.4625000E-04      0.9788473E-06
   0.4375000E-04      0.1010258E-05
   0.4125000E-04      0.1046052E-05
   0.3900000E-04      0.1072349E-05
   0.3700000E-04      0.1100107E-05
   0.3500000E-04      0.1135171E-05
   0.3300000E-04      0.1171695E-05
   0.3100000E-04      0.1206758E-05
   0.2900000E-04      0.1249126E-05
   0.2750000E-04      0.1284189E-05
   0.2625000E-04      0.1309026E-05
   0.2475000E-04      0.1325827E-05
   0.2350000E-04      0.1360890E-05
   0.2250000E-04      0.1398144E-05
   0.2150000E-04      0.1422250E-05
   0.2050000E-04      0.1458775E-05
   0.1950000E-04      0.1504065E-05
   0.1850000E-04      0.1550815E-05
   0.1750000E-04      0.1593914E-05
   0.1650000E-04      0.1629708E-05
   0.1550000E-04      0.1685955E-05
   0.1462500E-04      0.1754620E-05
   0.1387500E-04      0.1802832E-05
   0.1312500E-04      0.1848122E-05
   0.1237500E-04      0.1916788E-05
   0.1175000E-04      0.1940163E-05
   0.1125000E-04      0.1982531E-05
   0.1075000E-04      0.2026360E-05
   0.1025000E-04      0.2092103E-05
   0.9800000E-05      0.2158577E-05
   0.9400001E-05      0.2241852E-05
   0.8999999E-05      0.2289334E-05
   0.8600000E-05      0.2310518E-05
   0.8200001E-05      0.2363112E-05
   0.7800000E-05      0.2418629E-05
   0.7400000E-05      0.2476337E-05
   0.7050000E-05      0.2542811E-05
   0.6750000E-05      0.2631930E-05
   0.6450000E-05      0.2712284E-05
   0.6150000E-05      0.2800672E-05
   0.5875000E-05      0.2889061E-05
   0.5625000E-05      0.2978910E-05
   0.5375000E-05      0.3093596E-05
   0.5125000E-05      0.3225082E-05
   0.4875000E-05      0.3341960E-05
   0.4625000E-05      0.3442767E-05
   0.4375000E-05      0.3553070E-05
   0.4125000E-05      0.3686017E-05
   0.3900000E-05      0.3831384E-05
   0.3700000E-05      0.3976750E-05
   0.3500000E-05      0.4135265E-05
   0.3300000E-05      0.4302545E-05
   0.3100000E-05      0.4479322E-05
   0.2900000E-05      0.4694815E-05
   0.2750000E-05      0.4892045E-05
   0.2625000E-05      0.5071014E-05
   0.2475000E-05      0.5299654E-05
   0.2350000E-05      0.5503459E-05
   0.2250000E-05      0.5684619E-05
   0.2150000E-05      0.5879658E-05
   0.2050000E-05      0.6086384E-05
   0.1950000E-05      0.6344245E-05
   0.1850000E-05      0.6662005E-05
   0.1750000E-05      0.7014098E-05
   0.1650000E-05      0.7407098E-05
   0.1550000E-05      0.7838084E-05
   0.1462500E-05      0.8276374E-05
   0.1387500E-05      0.8707358E-05
   0.1312500E-05      0.9189477E-05
   0.1237500E-05      0.9715424E-05
   0.1175000E-05      0.1020485E-04
   0.1125000E-05      0.1063583E-04
   0.1075000E-05      0.1110334E-04
   0.1025000E-05      0.1162199E-04
   0.9800000E-06      0.1218446E-04
   0.9399999E-06      0.1278345E-04
   0.9000000E-06      0.1344089E-04
   0.8600000E-06      0.1416407E-04
   0.8200000E-06      0.1495299E-04
   0.7800000E-06      0.1583687E-04
   0.7400000E-06      0.1681572E-04
   0.7050000E-06      0.1791875E-04
   0.6750000E-06      0.1915327E-04
   0.6450000E-06      0.2053388E-04
   0.6150000E-06      0.2208250E-04
   0.5875000E-06      0.2368226E-04
   0.5625000E-06      0.2530393E-04
   0.5375000E-06      0.2710822E-04
   0.5125000E-06      0.2913897E-04
   0.4875000E-06      0.3203898E-04
   0.4625000E-06      0.3608586E-04
   0.4375000E-06      0.4091436E-04
   0.4125000E-06      0.4671439E-04
   0.3900000E-06      0.5296733E-04
   0.3700000E-06      0.5960742E-04
   0.3500000E-06      0.6754776E-04
   0.3300000E-06      0.7713900E-04
   0.3100000E-06      0.8889980E-04
   0.2900000E-06      0.1037286E-03
   0.2750000E-06      0.1172425E-03
   0.2625000E-06      0.1307565E-03
   0.2475000E-06      0.1500412E-03
   0.2350000E-06      0.1694720E-03
   0.2250000E-06      0.1878072E-03
   0.2150000E-06      0.2091373E-03
   0.2050000E-06      0.2340468E-03
   0.1950000E-06      0.2575683E-03
   0.1850000E-06      0.2784602E-03
   0.1750000E-06      0.3024200E-03
   0.1650000E-06      0.3300322E-03
   0.1550000E-06      0.3621004E-03
   0.1462500E-06      0.3922694E-03
   0.1387500E-06      0.4192242E-03
   0.1312500E-06      0.4496123E-03
   0.1237500E-06      0.4842372E-03
   0.1175000E-06      0.5168167E-03
   0.1125000E-06      0.5459631E-03
   0.1075000E-06      0.5781773E-03
   0.1025000E-06      0.6138980E-03
   0.9800000E-07      0.6455279E-03
   0.9400000E-07      0.6716062E-03
   0.9000000E-07      0.7000219E-03
   0.8600000E-07      0.7312135E-03
   0.8200000E-07      0.7648157E-03
   0.7800000E-07      0.8020704E-03
   0.7400000E-07      0.8437079E-03
   0.7050000E-07      0.8780406E-03
   0.6750000E-07      0.9043380E-03
   0.6450000E-07      0.9328268E-03
   0.6150000E-07      0.9635073E-03
   0.5875000E-07      0.9934569E-03
   0.5625000E-07      0.1023407E-02
   0.5375000E-07      0.1055548E-02
   0.5125000E-07      0.1090611E-02
   0.4875000E-07      0.1135171E-02
   0.4625000E-07      0.1189226E-02
   0.4375000E-07      0.1241821E-02
   0.4125000E-07      0.1292225E-02
   0.3900000E-07      0.1336054E-02
   0.3700000E-07      0.1371847E-02
   0.3500000E-07      0.1404719E-02
   0.3300000E-07      0.1433208E-02
   0.3100000E-07      0.1457314E-02
   0.2900000E-07      0.1475576E-02
   0.2750000E-07      0.1485803E-02
   0.2625000E-07      0.1489455E-02
   0.2475000E-07      0.1490185E-02
   0.2350000E-07      0.1487263E-02
   0.2250000E-07      0.1481420E-02
   0.2150000E-07      0.1472654E-02
   0.2050000E-07      0.1460966E-02
   0.1950000E-07      0.1445626E-02
   0.1850000E-07      0.1426634E-02
   0.1750000E-07      0.1403988E-02
   0.1650000E-07      0.1376960E-02
   0.1550000E-07      0.1345550E-02
   0.1462500E-07      0.1314869E-02
   0.1387500E-07      0.1284920E-02
   0.1312500E-07      0.1252048E-02
   0.1237500E-07      0.1216254E-02
   0.1175000E-07      0.1183383E-02
   0.1125000E-07      0.1155624E-02
   0.1075000E-07      0.1126405E-02
   0.1025000E-07      0.1095725E-02
   0.9800000E-08      0.1066505E-02
   0.9400000E-08      0.1039477E-02
   0.9000000E-08      0.1010988E-02
   0.8600000E-08      0.9810388E-03
   0.8200000E-08      0.9503585E-03
   0.7800000E-08      0.9189477E-03
   0.7400000E-08      0.8853454E-03
   0.7050000E-08      0.8553956E-03
   0.6750000E-08      0.8290983E-03
   0.6450000E-08      0.8013400E-03
   0.6150000E-08      0.7735815E-03
   0.5875000E-08      0.7465536E-03
   0.5625000E-08      0.7220825E-03
   0.5375000E-08      0.6968807E-03
   0.5125000E-08      0.6710218E-03
   0.4875000E-08      0.6446512E-03
   0.4625000E-08      0.6176964E-03
   0.4375000E-08      0.5900842E-03
   0.4125000E-08      0.5618875E-03
   0.3900000E-08      0.5360285E-03
   0.3700000E-08      0.5125800E-03
   0.3500000E-08      0.4886932E-03
   0.3300000E-08      0.4644411E-03
   0.3100000E-08      0.4397508E-03
   0.2900000E-08      0.4146952E-03
   0.2750000E-08      0.3955566E-03
   0.2625000E-08      0.3794860E-03
   0.2475000E-08      0.3599090E-03
   0.2350000E-08      0.3434731E-03
   0.2250000E-08      0.3301052E-03
   0.2150000E-08      0.3167374E-03
   0.2050000E-08      0.3031505E-03
   0.1950000E-08      0.2895635E-03
   0.1850000E-08      0.2757574E-03
   0.1750000E-08      0.2618782E-03
   0.1650000E-08      0.2479260E-03
   0.1550000E-08      0.2338276E-03
   0.1462500E-08      0.2214094E-03
   0.1387500E-08      0.2106713E-03
   0.1312500E-08      0.1998602E-03
   0.1237500E-08      0.1889760E-03
   0.1175000E-08      0.1799180E-03
   0.1125000E-08      0.1726131E-03
   0.1075000E-08      0.1652353E-03
   0.1025000E-08      0.1578574E-03
   0.9800000E-09      0.1512100E-03
   0.9400000E-09      0.1452931E-03
   0.9000000E-09      0.1393031E-03
   0.8600000E-09      0.1333132E-03
   0.8200000E-09      0.1273232E-03
   0.7800000E-09      0.1213332E-03
   0.7400000E-09      0.1152702E-03
   0.7050000E-09      0.1099377E-03
   0.6750000E-09      0.1054087E-03
   0.6450000E-09      0.1008797E-03
   0.6150000E-09      0.9627766E-04
   0.5875000E-09      0.9204086E-04
   0.5625000E-09      0.8824235E-04
   0.5375000E-09      0.8437080E-04
   0.5125000E-09      0.8057228E-04
   0.4875000E-09      0.7670072E-04
   0.4625000E-09      0.7283646E-04
   0.4375000E-09      0.6897221E-04
   0.4125000E-09      0.6509334E-04
   0.3900000E-09      0.6159433E-04
   0.3700000E-09      0.5848247E-04
   0.3500000E-09      0.5536331E-04
   0.3300000E-09      0.5224415E-04
   0.3100000E-09      0.4911768E-04
   0.2900000E-09      0.4598391E-04
   0.2750000E-09      0.4363176E-04
   0.2625000E-09      0.4166675E-04
   0.2475000E-09      0.3931460E-04
   0.2350000E-09      0.3734229E-04
   0.2250000E-09      0.3577175E-04
   0.2150000E-09      0.3419391E-04
   0.2050000E-09      0.3261607E-04
   0.1950000E-09      0.3103822E-04
   0.1850000E-09      0.2946038E-04
   0.1750000E-09      0.2787523E-04
   0.1650000E-09      0.2629008E-04
   0.1550000E-09      0.2471224E-04
   0.1462500E-09      0.2332432E-04
   0.1387500E-09      0.2213364E-04
   0.1312500E-09      0.2094295E-04
   0.1237500E-09      0.1975226E-04
   0.1175000E-09      0.1875880E-04
   0.1125000E-09      0.1796258E-04
   0.1075000E-09      0.1716635E-04
   0.1025000E-09      0.1637743E-04
