   0.1025000E-09      0.3277199E-03
   0.1075000E-09      0.3436919E-03
   0.1125000E-09      0.3595652E-03
   0.1175000E-09      0.3754385E-03
   0.1237500E-09      0.3953541E-03
   0.1312500E-09      0.4192134E-03
   0.1387500E-09      0.4429740E-03
   0.1462500E-09      0.4668333E-03
   0.1550000E-09      0.4945377E-03
   0.1650000E-09      0.5262843E-03
   0.1750000E-09      0.5579324E-03
   0.1850000E-09      0.5895804E-03
   0.1950000E-09      0.6212285E-03
   0.2050000E-09      0.6527779E-03
   0.2150000E-09      0.6844260E-03
   0.2250000E-09      0.7159755E-03
   0.2350000E-09      0.7474263E-03
   0.2475000E-09      0.7868630E-03
   0.2625000E-09      0.8339902E-03
   0.2750000E-09      0.8733284E-03
   0.2900000E-09      0.9203567E-03
   0.3100000E-09      0.9830613E-03
   0.3300000E-09      0.1046062E-02
   0.3500000E-09      0.1108175E-02
   0.3700000E-09      0.1170288E-02
   0.3900000E-09      0.1233386E-02
   0.4125000E-09      0.1302401E-02
   0.4375000E-09      0.1380289E-02
   0.4625000E-09      0.1458176E-02
   0.4875000E-09      0.1535078E-02
   0.5125000E-09      0.1611980E-02
   0.5375000E-09      0.1688882E-02
   0.5625000E-09      0.1765783E-02
   0.5875000E-09      0.1842685E-02
   0.6150000E-09      0.1926488E-02
   0.6450000E-09      0.2018179E-02
   0.6750000E-09      0.2109870E-02
   0.7050000E-09      0.2201560E-02
   0.7400000E-09      0.2307054E-02
   0.7800000E-09      0.2428322E-02
   0.8200000E-09      0.2548605E-02
   0.8600000E-09      0.2668886E-02
   0.9000000E-09      0.2788183E-02
   0.9400000E-09      0.2907479E-02
   0.9800000E-09      0.3026775E-02
   0.1025000E-08      0.3159875E-02
   0.1075000E-08      0.3307763E-02
   0.1125000E-08      0.3454665E-02
   0.1175000E-08      0.3600582E-02
   0.1237500E-08      0.3782977E-02
   0.1312500E-08      0.3999880E-02
   0.1387500E-08      0.4216782E-02
   0.1462500E-08      0.4430727E-02
   0.1550000E-08      0.4680164E-02
   0.1650000E-08      0.4962138E-02
   0.1750000E-08      0.5242139E-02
   0.1850000E-08      0.5520169E-02
   0.1950000E-08      0.5795241E-02
   0.2050000E-08      0.6068341E-02
   0.2150000E-08      0.6339469E-02
   0.2250000E-08      0.6607639E-02
   0.2350000E-08      0.6873837E-02
   0.2475000E-08      0.7204121E-02
   0.2625000E-08      0.7595531E-02
   0.2750000E-08      0.7917927E-02
   0.2900000E-08      0.8299477E-02
   0.3100000E-08      0.8802298E-02
   0.3300000E-08      0.9296244E-02
   0.3500000E-08      0.9782303E-02
   0.3700000E-08      0.1026343E-01
   0.3900000E-08      0.1072681E-01
   0.4125000E-08      0.1124935E-01
   0.4375000E-08      0.1181133E-01
   0.4625000E-08      0.1236344E-01
   0.4875000E-08      0.1290570E-01
   0.5125000E-08      0.1342824E-01
   0.5375000E-08      0.1395077E-01
   0.5625000E-08      0.1445359E-01
   0.5875000E-08      0.1494655E-01
   0.6150000E-08      0.1547895E-01
   0.6450000E-08      0.1604092E-01
   0.6750000E-08      0.1658318E-01
   0.7050000E-08      0.1711558E-01
   0.7400000E-08      0.1771699E-01
   0.7800000E-08      0.1838742E-01
   0.8200000E-08      0.1902826E-01
   0.8600000E-08      0.1963953E-01
   0.9000000E-08      0.2023109E-01
   0.9400000E-08      0.2079306E-01
   0.9800000E-08      0.2133532E-01
   0.1025000E-07      0.2192687E-01
   0.1075000E-07      0.2253814E-01
   0.1125000E-07      0.2312969E-01
   0.1175000E-07      0.2368181E-01
   0.1237500E-07      0.2432266E-01
   0.1312500E-07      0.2504238E-01
   0.1387500E-07      0.2570295E-01
   0.1462500E-07      0.2629450E-01
   0.1550000E-07      0.2691563E-01
   0.1650000E-07      0.2753676E-01
   0.1750000E-07      0.2806915E-01
   0.1850000E-07      0.2852268E-01
   0.1950000E-07      0.2889733E-01
   0.2050000E-07      0.2919310E-01
   0.2150000E-07      0.2942972E-01
   0.2250000E-07      0.2959733E-01
   0.2350000E-07      0.2971564E-01
   0.2475000E-07      0.2977480E-01
   0.2625000E-07      0.2975508E-01
   0.2750000E-07      0.2967620E-01
   0.2900000E-07      0.2946916E-01
   0.3100000E-07      0.2910437E-01
   0.3300000E-07      0.2862127E-01
   0.3500000E-07      0.2804944E-01
   0.3700000E-07      0.2738887E-01
   0.3900000E-07      0.2667901E-01
   0.4125000E-07      0.2580154E-01
   0.4375000E-07      0.2479590E-01
   0.4625000E-07      0.2374096E-01
   0.4875000E-07      0.2266631E-01
   0.5125000E-07      0.2162124E-01
   0.5375000E-07      0.2059588E-01
   0.5625000E-07      0.1968883E-01
   0.5875000E-07      0.1885080E-01
   0.6150000E-07      0.1801277E-01
   0.6450000E-07      0.1717473E-01
   0.6750000E-07      0.1641558E-01
   0.7050000E-07      0.1571557E-01
   0.7400000E-07      0.1497613E-01
   0.7800000E-07      0.1420711E-01
   0.8200000E-07      0.1351697E-01
   0.8600000E-07      0.1288598E-01
   0.9000000E-07      0.1231415E-01
   0.9400000E-07      0.1179161E-01
   0.9800000E-07      0.1130851E-01
   0.1025000E-06      0.1081555E-01
   0.1075000E-06      0.1031273E-01
   0.1125000E-06      0.9852304E-02
   0.1175000E-06      0.9433286E-02
   0.1237500E-06      0.8958073E-02
   0.1312500E-06      0.8445394E-02
   0.1387500E-06      0.7987928E-02
   0.1462500E-06      0.7577785E-02
   0.1550000E-06      0.7150881E-02
   0.1650000E-06      0.6717076E-02
   0.1750000E-06      0.6332567E-02
   0.1850000E-06      0.5989467E-02
   0.1950000E-06      0.5681859E-02
   0.2050000E-06      0.5404816E-02
   0.2150000E-06      0.5152421E-02
   0.2250000E-06      0.4922701E-02
   0.2350000E-06      0.4707770E-02
   0.2475000E-06      0.4463262E-02
   0.2625000E-06      0.4183261E-02
   0.2750000E-06      0.3954527E-02
   0.2900000E-06      0.3703117E-02
   0.3100000E-06      0.3388609E-02
   0.3300000E-06      0.3095790E-02
   0.3500000E-06      0.2840437E-02
   0.3700000E-06      0.2622548E-02
   0.3900000E-06      0.2436209E-02
   0.4125000E-06      0.2256772E-02
   0.4375000E-06      0.2085222E-02
   0.4625000E-06      0.1936348E-02
   0.4875000E-06      0.1804234E-02
   0.5125000E-06      0.1695783E-02
   0.5375000E-06      0.1606064E-02
   0.5625000E-06      0.1525219E-02
   0.5875000E-06      0.1452261E-02
   0.6150000E-06      0.1378317E-02
   0.6450000E-06      0.1306345E-02
   0.6750000E-06      0.1241274E-02
   0.7050000E-06      0.1184091E-02
   0.7400000E-06      0.1128879E-02
   0.7800000E-06      0.1072682E-02
   0.8200000E-06      0.1021413E-02
   0.8600000E-06      0.9754697E-03
   0.9000000E-06      0.9334695E-03
   0.9399999E-06      0.8949200E-03
   0.9800000E-06      0.8594269E-03
   0.1025000E-05      0.8232436E-03
   0.1075000E-05      0.7867645E-03
   0.1125000E-05      0.7534404E-03
   0.1175000E-05      0.7229755E-03
   0.1237500E-05      0.6883696E-03
   0.1312500E-05      0.6508060E-03
   0.1387500E-05      0.6173834E-03
   0.1462500E-05      0.5872142E-03
   0.1550000E-05      0.5557634E-03
   0.1650000E-05      0.5237209E-03
   0.1750000E-05      0.4952278E-03
   0.1850000E-05      0.4696925E-03
   0.1950000E-05      0.4468192E-03
   0.2050000E-05      0.4253261E-03
   0.2150000E-05      0.4050161E-03
   0.2250000E-05      0.3865794E-03
   0.2350000E-05      0.3696216E-03
   0.2475000E-05      0.3505933E-03
   0.2625000E-05      0.3299876E-03
   0.2750000E-05      0.3146072E-03
   0.2900000E-05      0.2980437E-03
   0.3100000E-05      0.2787197E-03
   0.3300000E-05      0.2621562E-03
   0.3500000E-05      0.2474660E-03
   0.3700000E-05      0.2344519E-03
   0.3900000E-05      0.2230152E-03
   0.4125000E-05      0.2115785E-03
   0.4375000E-05      0.2000432E-03
   0.4625000E-05      0.1893953E-03
   0.4875000E-05      0.1797333E-03
   0.5125000E-05      0.1705642E-03
   0.5375000E-05      0.1616910E-03
   0.5625000E-05      0.1534092E-03
   0.5875000E-05      0.1456204E-03
   0.6150000E-05      0.1380289E-03
   0.6450000E-05      0.1306345E-03
   0.6750000E-05      0.1240288E-03
   0.7050000E-05      0.1186062E-03
   0.7400000E-05      0.1138738E-03
   0.7800000E-05      0.1093386E-03
   0.8200001E-05      0.1050991E-03
   0.8600000E-05      0.1012540E-03
   0.8999999E-05      0.9775402E-04
   0.9400001E-05      0.9449061E-04
   0.9800000E-05      0.9147370E-04
   0.1025000E-04      0.8782579E-04
   0.1075000E-04      0.8364549E-04
   0.1125000E-04      0.7986942E-04
   0.1175000E-04      0.7640883E-04
   0.1237500E-04      0.7249473E-04
   0.1312500E-04      0.6827499E-04
   0.1387500E-04      0.6450877E-04
   0.1462500E-04      0.6113692E-04
   0.1550000E-04      0.5763691E-04
   0.1650000E-04      0.5407774E-04
   0.1750000E-04      0.5093265E-04
   0.1850000E-04      0.4812278E-04
   0.1950000E-04      0.4560868E-04
   0.2050000E-04      0.4326219E-04
   0.2150000E-04      0.4107344E-04
   0.2250000E-04      0.3909175E-04
   0.2350000E-04      0.3728751E-04
   0.2475000E-04      0.3525651E-04
   0.2625000E-04      0.3306777E-04
   0.2750000E-04      0.3142128E-04
   0.2900000E-04      0.2966635E-04
   0.3100000E-04      0.2766493E-04
   0.3300000E-04      0.2598886E-04
   0.3500000E-04      0.2450998E-04
   0.3700000E-04      0.2317899E-04
   0.3900000E-04      0.2198602E-04
   0.4125000E-04      0.2078321E-04
   0.4375000E-04      0.1960010E-04
   0.4625000E-04      0.1853530E-04
   0.4875000E-04      0.1757896E-04
   0.5125000E-04      0.1676065E-04
   0.5375000E-04      0.1613952E-04
   0.5625000E-04      0.1566628E-04
   0.5875000E-04      0.1507472E-04
   0.6150000E-04      0.1447331E-04
   0.6450000E-04      0.1387190E-04
   0.6750000E-04      0.1328035E-04
   0.7050000E-04      0.1255077E-04
   0.7400000E-04      0.1192964E-04
   0.7800000E-04      0.1128879E-04
   0.8200000E-04      0.1071696E-04
   0.8600000E-04      0.1017470E-04
   0.9000000E-04      0.9594977E-05
   0.9400000E-04      0.9122722E-05
   0.9800000E-04      0.8721452E-05
   0.1025000E-03      0.8294549E-05
   0.1075000E-03      0.7882434E-05
   0.1125000E-03      0.7469333E-05
   0.1175000E-03      0.7121303E-05
   0.1237500E-03      0.6795950E-05
   0.1312500E-03      0.6447920E-05
   0.1387500E-03      0.6140313E-05
   0.1462500E-03      0.5863269E-05
   0.1550000E-03      0.5624676E-05
   0.1650000E-03      0.5454112E-05
   0.1750000E-03      0.5285520E-05
   0.1850000E-03      0.5109040E-05
   0.1950000E-03      0.4917771E-05
   0.2050000E-03      0.4747207E-05
   0.2150000E-03      0.4580586E-05
   0.2250000E-03      0.4424810E-05
   0.2350000E-03      0.4273965E-05
   0.2475000E-03      0.4092556E-05
   0.2625000E-03      0.3894386E-05
   0.2750000E-03      0.3752413E-05
   0.2900000E-03      0.3590722E-05
   0.3100000E-03      0.3357059E-05
   0.3300000E-03      0.3126353E-05
   0.3500000E-03      0.2924240E-05
   0.3700000E-03      0.2744803E-05
   0.3900000E-03      0.2583112E-05
   0.4125000E-03      0.2412547E-05
   0.4375000E-03      0.2244941E-05
   0.4625000E-03      0.2100996E-05
   0.4875000E-03      0.1971841E-05
   0.5125000E-03      0.1869305E-05
   0.5375000E-03      0.1787474E-05
   0.5625000E-03      0.1713530E-05
   0.5875000E-03      0.1645501E-05
   0.6150000E-03      0.1578459E-05
   0.6450000E-03      0.1511416E-05
   0.6750000E-03      0.1449303E-05
   0.7050000E-03      0.1391134E-05
   0.7400000E-03      0.1326063E-05
   0.7800000E-03      0.1258034E-05
   0.8200000E-03      0.1196907E-05
   0.8600000E-03      0.1141696E-05
   0.9000000E-03      0.1092400E-05
   0.9400000E-03      0.1050005E-05
   0.9800000E-03      0.1021414E-05
   0.1025000E-02      0.9797092E-06
   0.1075000E-02      0.9379061E-06
   0.1125000E-02      0.8997509E-06
   0.1175000E-02      0.8643565E-06
   0.1237500E-02      0.8209760E-06
   0.1312500E-02      0.7659616E-06
   0.1387500E-02      0.7261305E-06
   0.1462500E-02      0.6911301E-06
   0.1550000E-02      0.6553413E-06
   0.1650000E-02      0.6195525E-06
   0.1750000E-02      0.5872142E-06
   0.1850000E-02      0.5586226E-06
   0.1950000E-02      0.5328900E-06
   0.2050000E-02      0.5138617E-06
   0.2150000E-02      0.5001575E-06
   0.2250000E-02      0.4866503E-06
   0.2350000E-02      0.4734389E-06
   0.2475000E-02      0.4587488E-06
   0.2625000E-02      0.4425797E-06
   0.2750000E-02      0.4304529E-06
   0.2900000E-02      0.4172416E-06
   0.3100000E-02      0.4048189E-06
   0.3300000E-02      0.3969316E-06
   0.3500000E-02      0.3897344E-06
   0.3700000E-02      0.3826357E-06
   0.3900000E-02      0.3742554E-06
   0.4125000E-02      0.3660723E-06
   0.4375000E-02      0.3604525E-06
   0.4625000E-02      0.3537482E-06
   0.4875000E-02      0.3474384E-06
   0.5125000E-02      0.3445792E-06
   0.5375000E-02      0.3433961E-06
   0.5625000E-02      0.3373820E-06
   0.5875000E-02      0.3391566E-06
   0.6150000E-02      0.3402411E-06
   0.6450000E-02      0.3416214E-06
   0.6750000E-02      0.3408327E-06
   0.7050000E-02      0.3403397E-06
   0.7400000E-02      0.3408327E-06
   0.7800000E-02      0.3404383E-06
   0.8200000E-02      0.3421144E-06
   0.8600000E-02      0.3430017E-06
   0.9000000E-02      0.3433961E-06
   0.9400001E-02      0.3448750E-06
   0.9800000E-02      0.3474384E-06
   0.1025000E-01      0.3485229E-06
   0.1075000E-01      0.3525652E-06
   0.1125000E-01      0.3576919E-06
   0.1175000E-01      0.3606497E-06
   0.1237500E-01      0.3632132E-06
   0.1312500E-01      0.3702131E-06
   0.1387500E-01      0.3750441E-06
   0.1462500E-01      0.3794808E-06
   0.1550000E-01      0.3894386E-06
   0.1650000E-01      0.3965372E-06
   0.1750000E-01      0.4017626E-06
   0.1850000E-01      0.4090584E-06
   0.1950000E-01      0.4147767E-06
   0.2050000E-01      0.4200021E-06
   0.2150000E-01      0.4283824E-06
   0.2250000E-01      0.4360726E-06
   0.2350000E-01      0.4438613E-06
   0.2475000E-01      0.4534248E-06
   0.2625000E-01      0.4655516E-06
   0.2750000E-01      0.4746221E-06
   0.2900000E-01      0.4858616E-06
   0.3100000E-01      0.5067631E-06
   0.3300000E-01      0.5277632E-06
   0.3500000E-01      0.5481718E-06
   0.3700000E-01      0.5687775E-06
   0.3900000E-01      0.5886931E-06
   0.4125000E-01      0.6055524E-06
   0.4375000E-01      0.6296088E-06
   0.4625000E-01      0.6540596E-06
   0.4875000E-01      0.6802851E-06
   0.5125000E-01      0.7059191E-06
   0.5375000E-01      0.7352009E-06
   0.5625000E-01      0.7639898E-06
   0.5875000E-01      0.7916940E-06
   0.6150000E-01      0.8185112E-06
   0.6450000E-01      0.8536099E-06
   0.6750000E-01      0.8852580E-06
   0.7050000E-01      0.9091172E-06
   0.7400000E-01      0.9231173E-06
   0.7799999E-01      0.9339624E-06
   0.8200000E-01      0.9421455E-06
   0.8600000E-01      0.9515118E-06
   0.9000000E-01      0.9602865E-06
   0.9400000E-01      0.9668921E-06
   0.9800000E-01      0.9715260E-06
   0.1025000          0.9722162E-06
   0.1075000          0.9801034E-06
   0.1125000          0.9760613E-06
   0.1175000          0.9732020E-06
   0.1237500          0.9696528E-06
   0.1312500          0.9670894E-06
   0.1387500          0.9575259E-06
   0.1462500          0.9538779E-06
   0.1550000          0.9493427E-06
   0.1650000          0.9447089E-06
   0.1750000          0.9407652E-06
   0.1850000          0.9383991E-06
   0.1950000          0.9351455E-06
   0.2050000          0.9239060E-06
   0.2150000          0.9072440E-06
   0.2250000          0.8887087E-06
   0.2350000          0.8708636E-06
   0.2475000          0.8515394E-06
   0.2625000          0.8314267E-06
   0.2750000          0.8139760E-06
   0.2900000          0.7947505E-06
   0.3100000          0.7623136E-06
   0.3300000          0.7233698E-06
   0.3500000          0.6882710E-06
   0.3700000          0.6564258E-06
   0.3900000          0.6292144E-06
   0.4125000          0.6010171E-06
   0.4375000          0.5725240E-06
   0.4625000          0.5467915E-06
   0.4875000          0.5240167E-06
   0.5125000          0.5002560E-06
   0.5375000          0.4760024E-06
   0.5625000          0.4541149E-06
   0.5875000          0.4341007E-06
   0.6150000          0.4137908E-06
   0.6450000          0.3934809E-06
   0.6750000          0.3750441E-06
   0.7050000          0.3602554E-06
   0.7400000          0.3477341E-06
   0.7800000          0.3355087E-06
   0.8200000          0.3242692E-06
   0.8600000          0.3139171E-06
   0.9000000          0.3042551E-06
   0.9400000          0.2952832E-06
   0.9800000          0.2869029E-06
    1.050000          0.2727056E-06
    1.150000          0.2543674E-06
    1.250000          0.2386913E-06
    1.350000          0.2250856E-06
    1.450000          0.2131560E-06
    1.550000          0.1997475E-06
    1.650000          0.1853530E-06
    1.750000          0.1727333E-06
    1.850000          0.1616909E-06
    1.950000          0.1518317E-06
    2.050000          0.1413810E-06
    2.150000          0.1306345E-06
    2.250000          0.1211696E-06
    2.350000          0.1127893E-06
    2.450000          0.1052963E-06
    2.550000          0.9858219E-07
    2.650000          0.9253849E-07
    2.750000          0.8706663E-07
    2.850000          0.8207788E-07
    2.950000          0.7753278E-07
    3.050000          0.7289896E-07
    3.150000          0.6822570E-07
    3.250000          0.6397638E-07
    3.350000          0.6011157E-07
    3.450000          0.5658197E-07
    3.550000          0.5335802E-07
    3.650000          0.5041997E-07
    3.750000          0.4770870E-07
    3.850000          0.4519459E-07
    3.950000          0.4287767E-07
    4.050000          0.4055091E-07
    4.150000          0.3823400E-07
    4.250000          0.3610440E-07
    4.350000          0.3415228E-07
    4.450000          0.3233819E-07
    4.550000          0.3067198E-07
    4.650000          0.2911423E-07
    4.750000          0.2766493E-07
    4.850000          0.2631422E-07
    4.950000          0.2505224E-07
    5.050000          0.2364237E-07
    5.150000          0.2212405E-07
    5.250000          0.2072405E-07
    5.350000          0.1944235E-07
    5.450000          0.1824939E-07
    5.550000          0.1714516E-07
    5.650000          0.1614938E-07
    5.750000          0.1522261E-07
    5.850000          0.1437472E-07
    5.950000          0.1359584E-07
    6.050000          0.1259020E-07
    6.150000          0.1139724E-07
    6.250000          0.1034231E-07
    6.350000          0.9410611E-08
    6.450000          0.8570606E-08
    6.550000          0.7817364E-08
    6.650000          0.7138064E-08
    6.750000          0.6524822E-08
    6.850000          0.5966791E-08
    6.950000          0.5465943E-08
    7.050000          0.5011434E-08
    7.150000          0.4601290E-08
    7.250000          0.4229599E-08
    7.350000          0.3894385E-08
    7.450000          0.3587765E-08
    7.550000          0.3309735E-08
    7.650000          0.3057339E-08
    7.750000          0.2826634E-08
    7.850000          0.2614661E-08
    7.950000          0.2421421E-08
    8.050000          0.2249871E-08
    8.150000          0.2095081E-08
    8.250000          0.1951137E-08
    8.350000          0.1817051E-08
    8.450000          0.1691839E-08
    8.550000          0.1574515E-08
    8.650000          0.1466064E-08
    8.750000          0.1364514E-08
    8.850000          0.1269866E-08
    8.950000          0.1182119E-08
    9.050000          0.1100287E-08
    9.150000          0.1023385E-08
    9.250000          0.9524977E-09
    9.350000          0.8863424E-09
    9.450000          0.8247225E-09
    9.550000          0.7672433E-09
    9.650000          0.7138063E-09
    9.750000          0.6640175E-09
    9.850000          0.6176791E-09
    9.950000          0.5745944E-09
    10.05000          0.5344675E-09
    10.15000          0.4971011E-09
    10.25000          0.4623966E-09
    10.35000          0.4299599E-09
    10.45000          0.3998894E-09
    10.55000          0.3717906E-09
    10.65000          0.3457623E-09
    10.75000          0.3215087E-09
    10.85000          0.2989311E-09
    10.95000          0.2778323E-09
    11.05000          0.2583112E-09
    11.15000          0.2401702E-09
    11.25000          0.2232124E-09
    11.35000          0.2075363E-09
    11.45000          0.1928460E-09
    11.55000          0.1793389E-09
    11.65000          0.1666206E-09
    11.75000          0.1548881E-09
    11.85000          0.1439444E-09
    11.95000          0.1337894E-09
    12.05000          0.1243246E-09
    12.15000          0.1155499E-09
    12.25000          0.1073667E-09
    12.35000          0.9977514E-10
    12.45000          0.9268638E-10
    12.55000          0.8611030E-10
    12.65000          0.8000745E-10
    12.75000          0.7433840E-10
    12.85000          0.6906373E-10
    12.95000          0.6416370E-10
    13.05000          0.5961860E-10
    13.15000          0.5537915E-10
    13.25000          0.5144533E-10
    13.35000          0.4779743E-10
    13.45000          0.4439599E-10
    13.55000          0.4124105E-10
    13.65000          0.3830301E-10
    13.75000          0.3557201E-10
    13.85000          0.3303819E-10
    13.95000          0.3068184E-10
    14.05000          0.2850296E-10
    14.15000          0.2646211E-10
    14.25000          0.2457900E-10
    14.35000          0.2282406E-10
    14.45000          0.2119729E-10
    14.55000          0.1967897E-10
    14.65000          0.1827897E-10
    14.75000          0.1697755E-10
    14.85000          0.1576487E-10
    14.95000          0.1464092E-10
    15.05000          0.1358598E-10
    15.15000          0.1261978E-10
    15.25000          0.1171273E-10
    15.35000          0.1088456E-10
    15.45000          0.1010568E-10
    15.55000          0.9379060E-11
    15.65000          0.8708635E-11
    15.75000          0.8085534E-11
    15.85000          0.7506798E-11
    15.95000          0.6969471E-11
    16.05000          0.6469610E-11
    16.15000          0.6006227E-11
    16.25000          0.5575380E-11
    16.35000          0.5175097E-11
    16.45000          0.4804390E-11
    16.55000          0.4459318E-11
    16.65000          0.4138895E-11
    16.75000          0.3842132E-11
    16.85000          0.3566074E-11
    16.95000          0.3310721E-11
    17.05000          0.3072128E-11
    17.15000          0.2852268E-11
    17.25000          0.2647197E-11
    17.35000          0.2456914E-11
    17.45000          0.2280434E-11
    17.55000          0.2115785E-11
    17.65000          0.1963954E-11
    17.75000          0.1821981E-11
    17.85000          0.1690854E-11
    17.95000          0.1569585E-11
    18.05000          0.1000000E-29
    18.15000          0.1000000E-29
    18.25000          0.1000000E-29
    18.35000          0.1000000E-29
    18.45000          0.1000000E-29
    18.55000          0.1000000E-29
    18.65000          0.1000000E-29
    18.75000          0.1000000E-29
    18.85000          0.1000000E-29
    18.95000          0.1000000E-29
    19.05000          0.1000000E-29
    19.15000          0.1000000E-29
    19.25000          0.1000000E-29
    19.35000          0.1000000E-29
    19.45000          0.1000000E-29
    19.55000          0.1000000E-29
    19.65000          0.1000000E-29
    19.75000          0.1000000E-29
    19.85000          0.1000000E-29
    19.95000          0.1000000E-29
