    19.95000          0.2337134E-12
    19.85000          0.2513521E-12
    19.75000          0.2701412E-12
    19.65000          0.2904641E-12
    19.55000          0.3123208E-12
    19.45000          0.3359030E-12
    19.35000          0.3613067E-12
    19.25000          0.3886276E-12
    19.15000          0.4180574E-12
    19.05000          0.4499797E-12
    18.95000          0.4843944E-12
    18.85000          0.5215892E-12
    18.75000          0.5617557E-12
    18.65000          0.6051815E-12
    18.55000          0.6521543E-12
    18.45000          0.7028656E-12
    18.35000          0.7577950E-12
    18.25000          0.8170382E-12
    18.15000          0.8811703E-12
    18.05000          0.9504792E-12
    17.95000          0.1025731E-11
    17.85000          0.1106256E-11
    17.75000          0.1194450E-11
    17.65000          0.1288395E-11
    17.55000          0.1389051E-11
    17.45000          0.1497376E-11
    17.35000          0.1612411E-11
    17.25000          0.1736074E-11
    17.15000          0.1868365E-11
    17.05000          0.2011200E-11
    16.95000          0.2164581E-11
    16.85000          0.2329465E-11
    16.75000          0.2506811E-11
    16.65000          0.2695661E-11
    16.55000          0.2899848E-11
    16.45000          0.3118415E-11
    16.35000          0.3355196E-11
    16.25000          0.3610191E-11
    16.15000          0.3887234E-11
    16.05000          0.4185367E-11
    15.95000          0.4507466E-11
    15.85000          0.4852572E-11
    15.75000          0.5221644E-11
    15.65000          0.5616599E-11
    15.55000          0.6040312E-11
    15.45000          0.6494701E-11
    15.35000          0.6988393E-11
    15.25000          0.7527143E-11
    15.15000          0.8111906E-11
    15.05000          0.8740765E-11
    14.95000          0.9411804E-11
    14.85000          0.1012311E-10
    14.75000          0.1087083E-10
    14.65000          0.1165691E-10
    14.55000          0.1251009E-10
    14.45000          0.1342078E-10
    14.35000          0.1441776E-10
    14.25000          0.1551059E-10
    14.15000          0.1670887E-10
    14.05000          0.1800302E-10
    13.95000          0.1936428E-10
    13.85000          0.2080222E-10
    13.75000          0.2232643E-10
    13.65000          0.2394651E-10
    13.55000          0.2568163E-10
    13.45000          0.2758930E-10
    13.35000          0.2970786E-10
    13.25000          0.3200857E-10
    13.15000          0.3443390E-10
    13.05000          0.3701261E-10
    12.95000          0.3975429E-10
    12.85000          0.4261099E-10
    12.75000          0.4563066E-10
    12.65000          0.4891876E-10
    12.55000          0.5256154E-10
    12.45000          0.5656860E-10
    12.35000          0.6097828E-10
    12.25000          0.6586730E-10
    12.15000          0.7106306E-10
    12.05000          0.7637384E-10
    11.95000          0.8178051E-10
    11.85000          0.8732137E-10
    11.75000          0.9319776E-10
    11.65000          0.9960140E-10
    11.55000          0.1067911E-09
    11.45000          0.1147477E-09
    11.35000          0.1233754E-09
    11.25000          0.1325782E-09
    11.15000          0.1422603E-09
    11.05000          0.1524218E-09
    10.95000          0.1632543E-09
    10.85000          0.1747578E-09
    10.75000          0.1869323E-09
    10.65000          0.1999697E-09
    10.55000          0.2138698E-09
    10.45000          0.2286326E-09
    10.35000          0.2446417E-09
    10.25000          0.2618970E-09
    10.15000          0.2805903E-09
    10.05000          0.3011049E-09
    9.950000          0.3232491E-09
    9.850000          0.3469272E-09
    9.750000          0.3719474E-09
    9.650000          0.3984056E-09
    9.550000          0.4263016E-09
    9.450000          0.4555398E-09
    9.350000          0.4865034E-09
    9.250000          0.5193843E-09
    9.150000          0.5541825E-09
    9.050000          0.5913773E-09
    8.950000          0.6311603E-09
    8.850000          0.6742986E-09
    8.750000          0.7209837E-09
    8.650000          0.7713116E-09
    8.550000          0.8246113E-09
    8.450000          0.8804992E-09
    8.350000          0.9392631E-09
    8.250000          0.1003683E-08
    8.150000          0.1074622E-08
    8.050000          0.1155146E-08
    7.950000          0.1248133E-08
    7.850000          0.1356458E-08
    7.750000          0.1479162E-08
    7.650000          0.1622956E-08
    7.550000          0.1781130E-08
    7.450000          0.1946972E-08
    7.350000          0.2130070E-08
    7.250000          0.2333299E-08
    7.150000          0.2540363E-08
    7.050000          0.2749343E-08
    6.950000          0.2976538E-08
    6.850000          0.3220029E-08
    6.750000          0.3488445E-08
    6.650000          0.3831634E-08
    6.550000          0.4272603E-08
    6.450000          0.4802724E-08
    6.350000          0.5429666E-08
    6.250000          0.6127547E-08
    6.150000          0.6801462E-08
    6.050000          0.7447577E-08
    5.950000          0.7944145E-08
    5.850000          0.8271039E-08
    5.750000          0.8619977E-08
    5.650000          0.9014933E-08
    5.550000          0.9477949E-08
    5.450000          0.1001766E-07
    5.350000          0.1063118E-07
    5.250000          0.1128305E-07
    5.150000          0.1200202E-07
    5.050000          0.1280726E-07
    4.950000          0.1357416E-07
    4.850000          0.1430272E-07
    4.750000          0.1511756E-07
    4.650000          0.1599949E-07
    4.550000          0.1695812E-07
    4.450000          0.1801261E-07
    4.350000          0.1917255E-07
    4.250000          0.2046670E-07
    4.150000          0.2190464E-07
    4.050000          0.2351513E-07
    3.950000          0.2498183E-07
    3.850000          0.2622805E-07
    3.750000          0.2754136E-07
    3.650000          0.2895055E-07
    3.550000          0.3047477E-07
    3.450000          0.3220029E-07
    3.350000          0.3413673E-07
    3.250000          0.3630322E-07
    3.150000          0.3875731E-07
    3.050000          0.4148939E-07
    2.950000          0.4430776E-07
    2.850000          0.4731785E-07
    2.750000          0.5069222E-07
    2.650000          0.5438293E-07
    2.550000          0.5849545E-07
    2.450000          0.6309686E-07
    2.350000          0.6827345E-07
    2.250000          0.7424569E-07
    2.150000          0.8099443E-07
    2.050000          0.8861552E-07
    1.950000          0.9720483E-07
    1.850000          0.1067911E-06
    1.750000          0.1172401E-06
    1.650000          0.1283602E-06
    1.550000          0.1393844E-06
    1.450000          0.1485873E-06
    1.350000          0.1562563E-06
    1.250000          0.1643087E-06
    1.150000          0.1757164E-06
    1.050000          0.1926841E-06
   0.9800000          0.2077346E-06
   0.9400000          0.2169374E-06
   0.9000000          0.2278657E-06
   0.8600000          0.2406155E-06
   0.8200000          0.2547073E-06
   0.7800000          0.2705247E-06
   0.7400000          0.2887386E-06
   0.7050000          0.3062815E-06
   0.6750000          0.3212361E-06
   0.6450000          0.3362865E-06
   0.6150000          0.3526790E-06
   0.5875000          0.3695509E-06
   0.5625000          0.3869021E-06
   0.5375000          0.4062663E-06
   0.5125000          0.4269727E-06
   0.4875000          0.4461452E-06
   0.4625000          0.4650302E-06
   0.4375000          0.4839151E-06
   0.4125000          0.5055801E-06
   0.3900000          0.5280119E-06
   0.3700000          0.5515942E-06
   0.3500000          0.5722048E-06
   0.3300000          0.5954035E-06
   0.3100000          0.6211906E-06
   0.2900000          0.6451562E-06
   0.2750000          0.6571391E-06
   0.2625000          0.6669170E-06
   0.2475000          0.6884862E-06
   0.2350000          0.7030573E-06
   0.2250000          0.7101513E-06
   0.2150000          0.7188746E-06
   0.2050000          0.7447576E-06
   0.1950000          0.7617253E-06
   0.1850000          0.7795559E-06
   0.1750000          0.8035215E-06
   0.1650000          0.8219271E-06
   0.1550000          0.8417708E-06
   0.1462500          0.8594095E-06
   0.1387500          0.8759937E-06
   0.1312500          0.8546164E-06
   0.1237500          0.8835669E-06
   0.1175000          0.8981380E-06
   0.1125000          0.9104085E-06
   0.1075000          0.9199947E-06
   0.1025000          0.9960138E-06
   0.9800000E-01      0.1010393E-05
   0.9400000E-01      0.1032442E-05
   0.9000000E-01      0.1044904E-05
   0.8600000E-01      0.1055449E-05
   0.8200000E-01      0.1065994E-05
   0.7799999E-01      0.1077497E-05
   0.7400000E-01      0.1085166E-05
   0.7050000E-01      0.1097628E-05
   0.6750000E-01      0.1112966E-05
   0.6450000E-01      0.1129263E-05
   0.6150000E-01      0.1138849E-05
   0.5875000E-01      0.1086125E-05
   0.5625000E-01      0.1089001E-05
   0.5375000E-01      0.1105297E-05
   0.5125000E-01      0.1124470E-05
   0.4875000E-01      0.1162815E-05
   0.4625000E-01      0.1258678E-05
   0.4375000E-01      0.1303733E-05
   0.4125000E-01      0.1333451E-05
   0.3900000E-01      0.1246216E-05
   0.3700000E-01      0.1264429E-05
   0.3500000E-01      0.1275933E-05
   0.3300000E-01      0.1320989E-05
   0.3100000E-01      0.1346871E-05
   0.2900000E-01      0.1516549E-05
   0.2750000E-01      0.1556811E-05
   0.2625000E-01      0.1607618E-05
   0.2475000E-01      0.1621039E-05
   0.2350000E-01      0.1676640E-05
   0.2250000E-01      0.1749495E-05
   0.2150000E-01      0.1796468E-05
   0.2050000E-01      0.1845358E-05
   0.1950000E-01      0.1960393E-05
   0.1850000E-01      0.1998738E-05
   0.1750000E-01      0.2075428E-05
   0.1650000E-01      0.2188546E-05
   0.1550000E-01      0.2286326E-05
   0.1462500E-01      0.2308375E-05
   0.1387500E-01      0.2400403E-05
   0.1312500E-01      0.2497224E-05
   0.1237500E-01      0.2593087E-05
   0.1175000E-01      0.2816447E-05
   0.1125000E-01      0.2936276E-05
   0.1075000E-01      0.3111705E-05
   0.1025000E-01      0.3197022E-05
   0.9800000E-02      0.3465438E-05
   0.9400001E-02      0.3479817E-05
   0.9000000E-02      0.3637991E-05
   0.8600000E-02      0.3671543E-05
   0.8200000E-02      0.3757820E-05
   0.7800000E-02      0.3563218E-05
   0.7400000E-02      0.3862310E-05
   0.7050000E-02      0.3931331E-05
   0.6750000E-02      0.4075125E-05
   0.6450000E-02      0.4253429E-05
   0.6150000E-02      0.4481584E-05
   0.5875000E-02      0.4317658E-05
   0.5625000E-02      0.4413520E-05
   0.5375000E-02      0.4501714E-05
   0.5125000E-02      0.4760544E-05
   0.4875000E-02      0.5296416E-05
   0.4625000E-02      0.5631936E-05
   0.4375000E-02      0.5841875E-05
   0.4125000E-02      0.6076739E-05
   0.3900000E-02      0.6438142E-05
   0.3700000E-02      0.6698888E-05
   0.3500000E-02      0.6328858E-05
   0.3300000E-02      0.6021139E-05
   0.3100000E-02      0.6221492E-05
   0.2900000E-02      0.6430473E-05
   0.2750000E-02      0.6559887E-05
   0.2625000E-02      0.6844600E-05
   0.2475000E-02      0.7298031E-05
   0.2350000E-02      0.7719826E-05
   0.2250000E-02      0.8201057E-05
   0.2150000E-02      0.8690916E-05
   0.2050000E-02      0.9206658E-05
   0.1950000E-02      0.9778000E-05
   0.1850000E-02      0.1043945E-04
   0.1750000E-02      0.1113925E-04
   0.1650000E-02      0.1195408E-04
   0.1550000E-02      0.1281685E-04
   0.1462500E-02      0.1372754E-04
   0.1387500E-02      0.1457114E-04
   0.1312500E-02      0.1551059E-04
   0.1237500E-02      0.1631584E-04
   0.1175000E-02      0.1731281E-04
   0.1125000E-02      0.1807971E-04
   0.1075000E-02      0.1896165E-04
   0.1025000E-02      0.1989152E-04
   0.9800000E-03      0.2093642E-04
   0.9400000E-03      0.2179919E-04
   0.9000000E-03      0.2268113E-04
   0.8600000E-03      0.2351513E-04
   0.8200000E-03      0.2455045E-04
   0.7800000E-03      0.2567204E-04
   0.7400000E-03      0.2686074E-04
   0.7050000E-03      0.2803985E-04
   0.6750000E-03      0.2905600E-04
   0.6450000E-03      0.3016800E-04
   0.6150000E-03      0.3155802E-04
   0.5875000E-03      0.3290968E-04
   0.5625000E-03      0.3429969E-04
   0.5375000E-03      0.3564177E-04
   0.5125000E-03      0.4028152E-04
   0.4875000E-03      0.4106760E-04
   0.4625000E-03      0.4188243E-04
   0.4375000E-03      0.4247678E-04
   0.4125000E-03      0.4286981E-04
   0.3900000E-03      0.4221795E-04
   0.3700000E-03      0.4354086E-04
   0.3500000E-03      0.4515135E-04
   0.3300000E-03      0.4697275E-04
   0.3100000E-03      0.4895710E-04
   0.2900000E-03      0.5121946E-04
   0.2750000E-03      0.5362562E-04
   0.2625000E-03      0.5597425E-04
   0.2475000E-03      0.5861048E-04
   0.2350000E-03      0.6074823E-04
   0.2250000E-03      0.6279010E-04
   0.2150000E-03      0.6505246E-04
   0.2050000E-03      0.6718061E-04
   0.1950000E-03      0.6898283E-04
   0.1850000E-03      0.7030574E-04
   0.1750000E-03      0.7140815E-04
   0.1650000E-03      0.7233802E-04
   0.1550000E-03      0.7291320E-04
   0.1462500E-03      0.7401562E-04
   0.1387500E-03      0.7560694E-04
   0.1312500E-03      0.7733247E-04
   0.1237500E-03      0.7924972E-04
   0.1175000E-03      0.8102318E-04
   0.1125000E-03      0.8345811E-04
   0.1075000E-03      0.8657364E-04
   0.1025000E-03      0.8937284E-04
   0.9800000E-04      0.9351411E-04
   0.9400000E-04      0.9940966E-04
   0.9000000E-04      0.1056407E-03
   0.8600000E-04      0.1112008E-03
   0.8200000E-04      0.1181988E-03
   0.7800000E-04      0.1255802E-03
   0.7400000E-04      0.1339202E-03
   0.7050000E-04      0.1413017E-03
   0.6750000E-04      0.1403431E-03
   0.6450000E-04      0.1419727E-03
   0.6150000E-04      0.1442734E-03
   0.5875000E-04      0.1464783E-03
   0.5625000E-04      0.1485872E-03
   0.5375000E-04      0.1578859E-03
   0.5125000E-04      0.1648839E-03
   0.4875000E-04      0.1709233E-03
   0.4625000E-04      0.1801261E-03
   0.4375000E-04      0.1901917E-03
   0.4125000E-04      0.2014076E-03
   0.3900000E-04      0.2127194E-03
   0.3700000E-04      0.2240312E-03
   0.3500000E-04      0.2363975E-03
   0.3300000E-04      0.2501059E-03
   0.3100000E-04      0.2657315E-03
   0.2900000E-04      0.2849999E-03
   0.2750000E-04      0.3026387E-03
   0.2625000E-04      0.3190312E-03
   0.2475000E-04      0.3409838E-03
   0.2350000E-04      0.3608274E-03
   0.2250000E-04      0.3789454E-03
   0.2150000E-04      0.3989807E-03
   0.2050000E-04      0.4210292E-03
   0.1950000E-04      0.4425024E-03
   0.1850000E-04      0.4632088E-03
   0.1750000E-04      0.4861200E-03
   0.1650000E-04      0.5113318E-03
   0.1550000E-04      0.5396114E-03
   0.1462500E-04      0.5672199E-03
   0.1387500E-04      0.5934862E-03
   0.1312500E-04      0.6223409E-03
   0.1237500E-04      0.6544549E-03
   0.1175000E-04      0.6839806E-03
   0.1125000E-04      0.7097678E-03
   0.1075000E-04      0.7377597E-03
   0.1025000E-04      0.7680522E-03
   0.9800000E-05      0.7969070E-03
   0.9400001E-05      0.8236527E-03
   0.8999999E-05      0.8522198E-03
   0.8600000E-05      0.8827040E-03
   0.8200001E-05      0.9150098E-03
   0.7800000E-05      0.9499039E-03
   0.7400000E-05      0.9873863E-03
   0.7050000E-05      0.1019021E-02
   0.6750000E-05      0.1041069E-02
   0.6450000E-05      0.1058325E-02
   0.6150000E-05      0.1072704E-02
   0.5875000E-05      0.1075580E-02
   0.5625000E-05      0.1063118E-02
   0.5375000E-05      0.1076539E-02
   0.5125000E-05      0.1111049E-02
   0.4875000E-05      0.1169525E-02
   0.4625000E-05      0.1256760E-02
   0.4375000E-05      0.1357416E-02
   0.4125000E-05      0.1514631E-02
   0.3900000E-05      0.1692936E-02
   0.3700000E-05      0.1860696E-02
   0.3500000E-05      0.2038042E-02
   0.3300000E-05      0.2229768E-02
   0.3100000E-05      0.2441624E-02
   0.2900000E-05      0.2679364E-02
   0.2750000E-05      0.2876841E-02
   0.2625000E-05      0.3060898E-02
   0.2475000E-05      0.3305347E-02
   0.2350000E-05      0.3533501E-02
   0.2250000E-05      0.3739605E-02
   0.2150000E-05      0.3966800E-02
   0.2050000E-05      0.4217961E-02
   0.1950000E-05      0.4523763E-02
   0.1850000E-05      0.4896669E-02
   0.1750000E-05      0.5323259E-02
   0.1650000E-05      0.5814075E-02
   0.1550000E-05      0.6385418E-02
   0.1462500E-05      0.6965387E-02
   0.1387500E-05      0.7539604E-02
   0.1312500E-05      0.8194348E-02
   0.1237500E-05      0.8949745E-02
   0.1175000E-05      0.9672550E-02
   0.1125000E-05      0.1032442E-01
   0.1075000E-05      0.1105297E-01
   0.1025000E-05      0.1187739E-01
   0.9800000E-06      0.1274016E-01
   0.9399999E-06      0.1364127E-01
   0.9000000E-06      0.1464783E-01
   0.8600000E-06      0.1578859E-01
   0.8200000E-06      0.1707315E-01
   0.7800000E-06      0.1853985E-01
   0.7400000E-06      0.2022704E-01
   0.7050000E-06      0.2187588E-01
   0.6750000E-06      0.2337134E-01
   0.6450000E-06      0.2494348E-01
   0.6150000E-06      0.2671695E-01
   0.5875000E-06      0.2854793E-01
   0.5625000E-06      0.3043642E-01
   0.5375000E-06      0.3254540E-01
   0.5125000E-06      0.3492280E-01
   0.4875000E-06      0.3733854E-01
   0.4625000E-06      0.3977345E-01
   0.4375000E-06      0.4250554E-01
   0.4125000E-06      0.4562107E-01
   0.3900000E-06      0.4883248E-01
   0.3700000E-06      0.5205347E-01
   0.3500000E-06      0.5555246E-01
   0.3300000E-06      0.5919525E-01
   0.3100000E-06      0.6316397E-01
   0.2900000E-06      0.6667254E-01
   0.2750000E-06      0.6858979E-01
   0.2625000E-06      0.7020988E-01
   0.2475000E-06      0.7299948E-01
   0.2350000E-06      0.7608626E-01
   0.2250000E-06      0.7887587E-01
   0.2150000E-06      0.8203933E-01
   0.2050000E-06      0.8552873E-01
   0.1950000E-06      0.8979463E-01
   0.1850000E-06      0.9497121E-01
   0.1750000E-06      0.1007517    
   0.1650000E-06      0.1072704    
   0.1550000E-06      0.1147477    
   0.1462500E-06      0.1220333    
   0.1387500E-06      0.1290313    
   0.1312500E-06      0.1369879    
   0.1237500E-06      0.1458072    
   0.1175000E-06      0.1541473    
   0.1125000E-06      0.1614329    
   0.1075000E-06      0.1694853    
   0.1025000E-06      0.1784006    
   0.9800000E-07      0.1868365    
   0.9400000E-07      0.1947931    
   0.9000000E-07      0.2035166    
   0.8600000E-07      0.2130070    
   0.8200000E-07      0.2233602    
   0.7800000E-07      0.2348637    
   0.7400000E-07      0.2476135    
   0.7050000E-07      0.2598839    
   0.6750000E-07      0.2715791    
   0.6450000E-07      0.2842330    
   0.6150000E-07      0.2981332    
   0.5875000E-07      0.3121291    
   0.5625000E-07      0.3261250    
   0.5375000E-07      0.3413672    
   0.5125000E-07      0.3582391    
   0.4875000E-07      0.3756861    
   0.4625000E-07      0.3935165    
   0.4375000E-07      0.4109636    
   0.4125000E-07      0.4277395    
   0.3900000E-07      0.4421190    
   0.3700000E-07      0.4540059    
   0.3500000E-07      0.4647426    
   0.3300000E-07      0.4742330    
   0.3100000E-07      0.4820938    
   0.2900000E-07      0.4880372    
   0.2750000E-07      0.4912007    
   0.2625000E-07      0.4924469    
   0.2475000E-07      0.4925428    
   0.2350000E-07      0.4914883    
   0.2250000E-07      0.4894752    
   0.2150000E-07      0.4864075    
   0.2050000E-07      0.4824772    
   0.1950000E-07      0.4773964    
   0.1850000E-07      0.4710695    
   0.1750000E-07      0.4634964    
   0.1650000E-07      0.4546770    
   0.1550000E-07      0.4442279    
   0.1462500E-07      0.4339707    
   0.1387500E-07      0.4240009    
   0.1312500E-07      0.4131684    
   0.1237500E-07      0.4011856    
   0.1175000E-07      0.3904490    
   0.1125000E-07      0.3813420    
   0.1075000E-07      0.3716599    
   0.1025000E-07      0.3614026    
   0.9800000E-08      0.3517204    
   0.9400000E-08      0.3428051    
   0.9000000E-08      0.3334106    
   0.8600000E-08      0.3236326    
   0.8200000E-08      0.3135670    
   0.7800000E-08      0.3030221    
   0.7400000E-08      0.2919979    
   0.7050000E-08      0.2821241    
   0.6750000E-08      0.2733047    
   0.6450000E-08      0.2642936    
   0.6150000E-08      0.2549949    
   0.5875000E-08      0.2462714    
   0.5625000E-08      0.2381230    
   0.5375000E-08      0.2297830    
   0.5125000E-08      0.2212512    
   0.4875000E-08      0.2126236    
   0.4625000E-08      0.2037083    
   0.4375000E-08      0.1946014    
   0.4125000E-08      0.1853027    
   0.3900000E-08      0.1767709    
   0.3700000E-08      0.1690060    
   0.3500000E-08      0.1611453    
   0.3300000E-08      0.1531887    
   0.3100000E-08      0.1450403    
   0.2900000E-08      0.1367003    
   0.2750000E-08      0.1304692    
   0.2625000E-08      0.1251009    
   0.2475000E-08      0.1186781    
   0.2350000E-08      0.1132139    
   0.2250000E-08      0.1089001    
   0.2150000E-08      0.1043945    
   0.2050000E-08      0.9998484E-01
   0.1950000E-08      0.9546971E-01
   0.1850000E-08      0.9093541E-01
   0.1750000E-08      0.8635315E-01
   0.1650000E-08      0.8174215E-01
   0.1550000E-08      0.7709282E-01
   0.1462500E-08      0.7298989E-01
   0.1387500E-08      0.6945255E-01
   0.1312500E-08      0.6589606E-01
   0.1237500E-08      0.6231079E-01
   0.1175000E-08      0.5931986E-01
   0.1125000E-08      0.5690412E-01
   0.1075000E-08      0.5448838E-01
   0.1025000E-08      0.5205347E-01
   0.9800000E-09      0.4985821E-01
   0.9400000E-09      0.4790261E-01
   0.9000000E-09      0.4593743E-01
   0.8600000E-09      0.4396266E-01
   0.8200000E-09      0.4197829E-01
   0.7800000E-09      0.3999393E-01
   0.7400000E-09      0.3799999E-01
   0.7050000E-09      0.3625529E-01
   0.6750000E-09      0.3475024E-01
   0.6450000E-09      0.3324519E-01
   0.6150000E-09      0.3174016E-01
   0.5875000E-09      0.3035014E-01
   0.5625000E-09      0.2909434E-01
   0.5375000E-09      0.2782895E-01
   0.5125000E-09      0.2655398E-01
   0.4875000E-09      0.2528859E-01
   0.4625000E-09      0.2401362E-01
   0.4375000E-09      0.2273864E-01
   0.4125000E-09      0.2146367E-01
   0.3900000E-09      0.2031332E-01
   0.3700000E-09      0.1927800E-01
   0.3500000E-09      0.1825227E-01
   0.3300000E-09      0.1722654E-01
   0.3100000E-09      0.1619122E-01
   0.2900000E-09      0.1515590E-01
   0.2750000E-09      0.1438900E-01
   0.2625000E-09      0.1373713E-01
   0.2475000E-09      0.1296064E-01
   0.2350000E-09      0.1230877E-01
   0.2250000E-09      0.1179112E-01
   0.2150000E-09      0.1127346E-01
   0.2050000E-09      0.1075580E-01
   0.1950000E-09      0.1022856E-01
   0.1850000E-09      0.9710896E-02
   0.1750000E-09      0.9190360E-02
   0.1650000E-09      0.8667910E-02
   0.1550000E-09      0.8146416E-02
   0.1462500E-09      0.7689151E-02
   0.1387500E-09      0.7297071E-02
   0.1312500E-09      0.6904994E-02
   0.1237500E-09      0.6512914E-02
   0.1175000E-09      0.6185064E-02
   0.1125000E-09      0.5923358E-02
   0.1075000E-09      0.5660695E-02
   0.1025000E-09      0.5398990E-02
