   0.1025000E-09      0.5371057E-02
   0.1075000E-09      0.5632244E-02
   0.1125000E-09      0.5892635E-02
   0.1175000E-09      0.6153026E-02
   0.1237500E-09      0.6478713E-02
   0.1312500E-09      0.6869698E-02
   0.1387500E-09      0.7259885E-02
   0.1462500E-09      0.7650074E-02
   0.1550000E-09      0.8106355E-02
   0.1650000E-09      0.8623951E-02
   0.1750000E-09      0.9141547E-02
   0.1850000E-09      0.9659143E-02
   0.1950000E-09      0.1018470E-01
   0.2050000E-09      0.1070230E-01
   0.2150000E-09      0.1121990E-01
   0.2250000E-09      0.1172953E-01
   0.2350000E-09      0.1224712E-01
   0.2475000E-09      0.1289213E-01
   0.2625000E-09      0.1366454E-01
   0.2750000E-09      0.1430955E-01
   0.2900000E-09      0.1508196E-01
   0.3100000E-09      0.1610919E-01
   0.3300000E-09      0.1713642E-01
   0.3500000E-09      0.1816365E-01
   0.3700000E-09      0.1918292E-01
   0.3900000E-09      0.2020218E-01
   0.4125000E-09      0.2134886E-01
   0.4375000E-09      0.2262294E-01
   0.4625000E-09      0.2388906E-01
   0.4875000E-09      0.2515518E-01
   0.5125000E-09      0.2642130E-01
   0.5375000E-09      0.2768742E-01
   0.5625000E-09      0.2894558E-01
   0.5875000E-09      0.3019577E-01
   0.6150000E-09      0.3158133E-01
   0.6450000E-09      0.3307839E-01
   0.6750000E-09      0.3457543E-01
   0.7050000E-09      0.3607248E-01
   0.7400000E-09      0.3780842E-01
   0.7800000E-09      0.3979122E-01
   0.8200000E-09      0.4176604E-01
   0.8600000E-09      0.4373290E-01
   0.9000000E-09      0.4569181E-01
   0.9400000E-09      0.4765071E-01
   0.9800000E-09      0.4960165E-01
   0.1025000E-08      0.5178352E-01
   0.1075000E-08      0.5420429E-01
   0.1125000E-08      0.5660911E-01
   0.1175000E-08      0.5901394E-01
   0.1237500E-08      0.6199211E-01
   0.1312500E-08      0.6555954E-01
   0.1387500E-08      0.6909513E-01
   0.1462500E-08      0.7261478E-01
   0.1550000E-08      0.7669185E-01
   0.1650000E-08      0.8130244E-01
   0.1750000E-08      0.8592099E-01
   0.1850000E-08      0.9045991E-01
   0.1950000E-08      0.9499884E-01
   0.2050000E-08      0.9945813E-01
   0.2150000E-08      0.1039174    
   0.2250000E-08      0.1082971    
   0.2350000E-08      0.1126767    
   0.2475000E-08      0.1180916    
   0.2625000E-08      0.1244620    
   0.2750000E-08      0.1297973    
   0.2900000E-08      0.1360084    
   0.3100000E-08      0.1442899    
   0.3300000E-08      0.1523326    
   0.3500000E-08      0.1602956    
   0.3700000E-08      0.1680993    
   0.3900000E-08      0.1758235    
   0.4125000E-08      0.1843439    
   0.4375000E-08      0.1935810    
   0.4625000E-08      0.2025792    
   0.4875000E-08      0.2114182    
   0.5125000E-08      0.2200979    
   0.5375000E-08      0.2285387    
   0.5625000E-08      0.2368202    
   0.5875000E-08      0.2449425    
   0.6150000E-08      0.2536222    
   0.6450000E-08      0.2628593    
   0.6750000E-08      0.2718575    
   0.7050000E-08      0.2805372    
   0.7400000E-08      0.2904114    
   0.7800000E-08      0.3013207    
   0.8200000E-08      0.3118319    
   0.8600000E-08      0.3218653    
   0.9000000E-08      0.3315802    
   0.9400000E-08      0.3408969    
   0.9800000E-08      0.3498155    
   0.1025000E-07      0.3593711    
   0.1075000E-07      0.3695638    
   0.1125000E-07      0.3791194    
   0.1175000E-07      0.3882769    
   0.1237500E-07      0.3988677    
   0.1312500E-07      0.4106530    
   0.1387500E-07      0.4214827    
   0.1462500E-07      0.4312772    
   0.1550000E-07      0.4414698    
   0.1650000E-07      0.4517421    
   0.1750000E-07      0.4605015    
   0.1850000E-07      0.4679867    
   0.1950000E-07      0.4741979    
   0.2050000E-07      0.4791349    
   0.2150000E-07      0.4830369    
   0.2250000E-07      0.4859035    
   0.2350000E-07      0.4878943    
   0.2475000E-07      0.4889295    
   0.2625000E-07      0.4886906    
   0.2750000E-07      0.4873369    
   0.2900000E-07      0.4840720    
   0.3100000E-07      0.4781794    
   0.3300000E-07      0.4702960    
   0.3500000E-07      0.4608200    
   0.3700000E-07      0.4501496    
   0.3900000E-07      0.4383643    
   0.4125000E-07      0.4240308    
   0.4375000E-07      0.4073881    
   0.4625000E-07      0.3901084    
   0.4875000E-07      0.3724305    
   0.5125000E-07      0.3551507    
   0.5375000E-07      0.3384284    
   0.5625000E-07      0.3232986    
   0.5875000E-07      0.3095226    
   0.6150000E-07      0.2956669    
   0.6450000E-07      0.2818909    
   0.6750000E-07      0.2693890    
   0.7050000E-07      0.2579222    
   0.7400000E-07      0.2456592    
   0.7800000E-07      0.2330776    
   0.8200000E-07      0.2216905    
   0.8600000E-07      0.2113386    
   0.9000000E-07      0.2019422    
   0.9400000E-07      0.1933421    
   0.9800000E-07      0.1854587    
   0.1025000E-06      0.1770179    
   0.1075000E-06      0.1681790    
   0.1125000E-06      0.1602160    
   0.1175000E-06      0.1528900    
   0.1237500E-06      0.1446881    
   0.1312500E-06      0.1358491    
   0.1387500E-06      0.1279657    
   0.1462500E-06      0.1209583    
   0.1550000E-06      0.1137119    
   0.1650000E-06      0.1063063    
   0.1750000E-06      0.9985627E-01
   0.1850000E-06      0.9404327E-01
   0.1950000E-06      0.8894695E-01
   0.2050000E-06      0.8464691E-01
   0.2150000E-06      0.8122280E-01
   0.2250000E-06      0.7801372E-01
   0.2350000E-06      0.7511517E-01
   0.2475000E-06      0.7183441E-01
   0.2625000E-06      0.6840235E-01
   0.2750000E-06      0.6588603E-01
   0.2900000E-06      0.6313083E-01
   0.3100000E-06      0.5925284E-01
   0.3300000E-06      0.5535892E-01
   0.3500000E-06      0.5190297E-01
   0.3700000E-06      0.4877350E-01
   0.3900000E-06      0.4595459E-01
   0.4125000E-06      0.4314364E-01
   0.4375000E-06      0.4037251E-01
   0.4625000E-06      0.3792787E-01
   0.4875000E-06      0.3574600E-01
   0.5125000E-06      0.3354821E-01
   0.5375000E-06      0.3135042E-01
   0.5625000E-06      0.2939151E-01
   0.5875000E-06      0.2763168E-01
   0.6150000E-06      0.2591167E-01
   0.6450000E-06      0.2423147E-01
   0.6750000E-06      0.2272646E-01
   0.7050000E-06      0.2130108E-01
   0.7400000E-06      0.1971644E-01
   0.7800000E-06      0.1809198E-01
   0.8200000E-06      0.1667457E-01
   0.8600000E-06      0.1542437E-01
   0.9000000E-06      0.1431751E-01
   0.9399999E-06      0.1333806E-01
   0.9800000E-06      0.1246213E-01
   0.1025000E-05      0.1162601E-01
   0.1075000E-05      0.1082175E-01
   0.1125000E-05      0.1011304E-01
   0.1175000E-05      0.9475993E-02
   0.1237500E-05      0.8775248E-02
   0.1312500E-05      0.8042651E-02
   0.1387500E-05      0.7399239E-02
   0.1462500E-05      0.6839438E-02
   0.1550000E-05      0.6272471E-02
   0.1650000E-05      0.5713467E-02
   0.1750000E-05      0.5232501E-02
   0.1850000E-05      0.4814442E-02
   0.1950000E-05      0.4449736E-02
   0.2050000E-05      0.4150327E-02
   0.2150000E-05      0.3905862E-02
   0.2250000E-05      0.3684490E-02
   0.2350000E-05      0.3483822E-02
   0.2475000E-05      0.3260857E-02
   0.2625000E-05      0.3022762E-02
   0.2750000E-05      0.2844391E-02
   0.2900000E-05      0.2653278E-02
   0.3100000E-05      0.2423147E-02
   0.3300000E-05      0.2216905E-02
   0.3500000E-05      0.2033755E-02
   0.3700000E-05      0.1866532E-02
   0.3900000E-05      0.1711253E-02
   0.4125000E-05      0.1548807E-02
   0.4375000E-05      0.1402288E-02
   0.4625000E-05      0.1298769E-02
   0.4875000E-05      0.1208787E-02
   0.5125000E-05      0.1148268E-02
   0.5375000E-05      0.1113230E-02
   0.5625000E-05      0.1092526E-02
   0.5875000E-05      0.1090934E-02
   0.6150000E-05      0.1078193E-02
   0.6450000E-05      0.1057489E-02
   0.6750000E-05      0.1035193E-02
   0.7050000E-05      0.1010507E-02
   0.7400000E-05      0.9770625E-03
   0.7800000E-05      0.9388402E-03
   0.8200001E-05      0.9030065E-03
   0.8600000E-05      0.8711544E-03
   0.8999999E-05      0.8400987E-03
   0.9400001E-05      0.8122280E-03
   0.9800000E-05      0.7857113E-03
   0.1025000E-04      0.7573629E-03
   0.1075000E-04      0.7275812E-03
   0.1125000E-04      0.7001884E-03
   0.1175000E-04      0.6748660E-03
   0.1237500E-04      0.6459603E-03
   0.1312500E-04      0.6144266E-03
   0.1387500E-04      0.5860783E-03
   0.1462500E-04      0.5603578E-03
   0.1550000E-04      0.5333631E-03
   0.1650000E-04      0.5056518E-03
   0.1750000E-04      0.4808868E-03
   0.1850000E-04      0.4585904E-03
   0.1950000E-04      0.4383643E-03
   0.2050000E-04      0.4174215E-03
   0.2150000E-04      0.3959214E-03
   0.2250000E-04      0.3763323E-03
   0.2350000E-04      0.3585748E-03
   0.2475000E-04      0.3387469E-03
   0.2625000E-04      0.3173264E-03
   0.2750000E-04      0.3011614E-03
   0.2900000E-04      0.2839613E-03
   0.3100000E-04      0.2650890E-03
   0.3300000E-04      0.2500389E-03
   0.3500000E-04      0.2365813E-03
   0.3700000E-04      0.2244776E-03
   0.3900000E-04      0.2135682E-03
   0.4125000E-04      0.2024996E-03
   0.4375000E-04      0.1915903E-03
   0.4625000E-04      0.1817161E-03
   0.4875000E-04      0.1727975E-03
   0.5125000E-04      0.1669845E-03
   0.5375000E-04      0.1617290E-03
   0.5625000E-04      0.1532085E-03
   0.5875000E-04      0.1510585E-03
   0.6150000E-04      0.1488289E-03
   0.6450000E-04      0.1465992E-03
   0.6750000E-04      0.1448473E-03
   0.7050000E-04      0.1453251E-03
   0.7400000E-04      0.1381584E-03
   0.7800000E-04      0.1297972E-03
   0.8200000E-04      0.1223916E-03
   0.8600000E-04      0.1154638E-03
   0.9000000E-04      0.1102878E-03
   0.9400000E-04      0.1042359E-03
   0.9800000E-04      0.9842294E-04
   0.1025000E-03      0.9460068E-04
   0.1075000E-03      0.9213214E-04
   0.1125000E-03      0.8942472E-04
   0.1175000E-03      0.8719508E-04
   0.1237500E-03      0.8536357E-04
   0.1312500E-03      0.8329320E-04
   0.1387500E-03      0.8138206E-04
   0.1462500E-03      0.7963020E-04
   0.1550000E-03      0.7815705E-04
   0.1650000E-03      0.7694666E-04
   0.1750000E-03      0.7554518E-04
   0.1850000E-03      0.7427110E-04
   0.1950000E-03      0.7311645E-04
   0.2050000E-03      0.7125311E-04
   0.2150000E-03      0.6907921E-04
   0.2250000E-03      0.6681771E-04
   0.2350000E-03      0.6465973E-04
   0.2475000E-03      0.6245397E-04
   0.2625000E-03      0.5975451E-04
   0.2750000E-03      0.5764431E-04
   0.2900000E-03      0.5539874E-04
   0.3100000E-03      0.5301779E-04
   0.3300000E-03      0.5087574E-04
   0.3500000E-03      0.4892480E-04
   0.3700000E-03      0.4718090E-04
   0.3900000E-03      0.4569181E-04
   0.4125000E-03      0.4515829E-04
   0.4375000E-03      0.4412309E-04
   0.4625000E-03      0.4292068E-04
   0.4875000E-03      0.4171827E-04
   0.5125000E-03      0.4051585E-04
   0.5375000E-03      0.3775268E-04
   0.5625000E-03      0.3639897E-04
   0.5875000E-03      0.3499748E-04
   0.6150000E-03      0.3369950E-04
   0.6450000E-03      0.3225024E-04
   0.6750000E-03      0.3115134E-04
   0.7050000E-03      0.3006837E-04
   0.7400000E-03      0.2885002E-04
   0.7800000E-03      0.2756798E-04
   0.8200000E-03      0.2652482E-04
   0.8600000E-03      0.2544981E-04
   0.9000000E-03      0.2447036E-04
   0.9400000E-03      0.2357850E-04
   0.9800000E-03      0.2242387E-04
   0.1025000E-02      0.2139664E-04
   0.1075000E-02      0.2039330E-04
   0.1125000E-02      0.1949347E-04
   0.1175000E-02      0.1867328E-04
   0.1237500E-02      0.1778939E-04
   0.1312500E-02      0.1703290E-04
   0.1387500E-02      0.1612512E-04
   0.1462500E-02      0.1530492E-04
   0.1550000E-02      0.1442899E-04
   0.1650000E-02      0.1353713E-04
   0.1750000E-02      0.1275676E-04
   0.1850000E-02      0.1204805E-04
   0.1950000E-02      0.1141101E-04
   0.2050000E-02      0.1084563E-04
   0.2150000E-02      0.1034396E-04
   0.2250000E-02      0.9898035E-05
   0.2350000E-02      0.9491921E-05
   0.2475000E-02      0.9045991E-05
   0.2625000E-02      0.8552283E-05
   0.2750000E-02      0.8185985E-05
   0.2900000E-02      0.7859502E-05
   0.3100000E-02      0.7447017E-05
   0.3300000E-02      0.7079921E-05
   0.3500000E-02      0.6895180E-05
   0.3700000E-02      0.6743086E-05
   0.3900000E-02      0.6400676E-05
   0.4125000E-02      0.6035174E-05
   0.4375000E-02      0.5718245E-05
   0.4625000E-02      0.5451484E-05
   0.4875000E-02      0.5156056E-05
   0.5125000E-02      0.4808072E-05
   0.5375000E-02      0.4582718E-05
   0.5625000E-02      0.4433014E-05
   0.5875000E-02      0.4286494E-05
   0.6150000E-02      0.4239512E-05
   0.6450000E-02      0.4052381E-05
   0.6750000E-02      0.3890732E-05
   0.7050000E-02      0.3772879E-05
   0.7400000E-02      0.3660601E-05
   0.7800000E-02      0.3452766E-05
   0.8200000E-02      0.3438432E-05
   0.8600000E-02      0.3330135E-05
   0.9000000E-02      0.3230597E-05
   0.9400001E-02      0.3110356E-05
   0.9800000E-02      0.3050633E-05
   0.1025000E-01      0.2894558E-05
   0.1075000E-01      0.2806168E-05
   0.1125000E-01      0.2689908E-05
   0.1175000E-01      0.2596741E-05
   0.1237500E-01      0.2458981E-05
   0.1312500E-01      0.2364221E-05
   0.1387500E-01      0.2275035E-05
   0.1462500E-01      0.2191423E-05
   0.1550000E-01      0.2131701E-05
   0.1650000E-01      0.2040126E-05
   0.1750000E-01      0.1947755E-05
   0.1850000E-01      0.1875291E-05
   0.1950000E-01      0.1820347E-05
   0.2050000E-01      0.1743902E-05
   0.2150000E-01      0.1700105E-05
   0.2250000E-01      0.1657901E-05
   0.2350000E-01      0.1607734E-05
   0.2475000E-01      0.1560752E-05
   0.2625000E-01      0.1527307E-05
   0.2750000E-01      0.1485103E-05
   0.2900000E-01      0.1446084E-05
   0.3100000E-01      0.1384769E-05
   0.3300000E-01      0.1352917E-05
   0.3500000E-01      0.1317880E-05
   0.3700000E-01      0.1296380E-05
   0.3900000E-01      0.1272491E-05
   0.4125000E-01      0.1262935E-05
   0.4375000E-01      0.1235861E-05
   0.4625000E-01      0.1206398E-05
   0.4875000E-01      0.1170564E-05
   0.5125000E-01      0.1144286E-05
   0.5375000E-01      0.1125971E-05
   0.5625000E-01      0.1107656E-05
   0.5875000E-01      0.1094119E-05
   0.6150000E-01      0.1088545E-05
   0.6450000E-01      0.1073415E-05
   0.6750000E-01      0.1057489E-05
   0.7050000E-01      0.1043156E-05
   0.7400000E-01      0.1030415E-05
   0.7799999E-01      0.1020063E-05
   0.8200000E-01      0.1008118E-05
   0.8600000E-01      0.9969701E-06
   0.9000000E-01      0.9858220E-06
   0.9400000E-01      0.9754700E-06
   0.9800000E-01      0.9619329E-06
   0.1025000          0.9483957E-06
   0.1075000          0.9245067E-06
   0.1125000          0.9101734E-06
   0.1175000          0.8966363E-06
   0.1237500          0.8799138E-06
   0.1312500          0.8600063E-06
   0.1387500          0.8488580E-06
   0.1462500          0.8329319E-06
   0.1550000          0.8154133E-06
   0.1650000          0.7970983E-06
   0.1750000          0.7803761E-06
   0.1850000          0.7638926E-06
   0.1950000          0.7492407E-06
   0.2050000          0.7340312E-06
   0.2150000          0.7169903E-06
   0.2250000          0.7031347E-06
   0.2350000          0.6903143E-06
   0.2475000          0.6744678E-06
   0.2625000          0.6560732E-06
   0.2750000          0.6428546E-06
   0.2900000          0.6278842E-06
   0.3100000          0.6051099E-06
   0.3300000          0.5808228E-06
   0.3500000          0.5588448E-06
   0.3700000          0.5388576E-06
   0.3900000          0.5199057E-06
   0.4125000          0.5006352E-06
   0.4375000          0.4812849E-06
   0.4625000          0.4636867E-06
   0.4875000          0.4472828E-06
   0.5125000          0.4296846E-06
   0.5375000          0.4108919E-06
   0.5625000          0.3936917E-06
   0.5875000          0.3780046E-06
   0.6150000          0.3623175E-06
   0.6450000          0.3467895E-06
   0.6750000          0.3326154E-06
   0.7050000          0.3182023E-06
   0.7400000          0.3006837E-06
   0.7800000          0.2820502E-06
   0.8200000          0.2655667E-06
   0.8600000          0.2507556E-06
   0.9000000          0.2374573E-06
   0.9400000          0.2255924E-06
   0.9800000          0.2151608E-06
    1.050000          0.1989959E-06
    1.150000          0.1796458E-06
    1.250000          0.1645160E-06
    1.350000          0.1523326E-06
    1.450000          0.1417418E-06
    1.550000          0.1305935E-06
    1.650000          0.1190472E-06
    1.750000          0.1086952E-06
    1.850000          0.9953776E-07
    1.950000          0.9149511E-07
    2.050000          0.8440801E-07
    2.150000          0.7821279E-07
    2.250000          0.7270238E-07
    2.350000          0.6778919E-07
    2.450000          0.6340158E-07
    2.550000          0.5946784E-07
    2.650000          0.5591633E-07
    2.750000          0.5269131E-07
    2.850000          0.4974499E-07
    2.950000          0.4704552E-07
    3.050000          0.4436199E-07
    3.150000          0.4171030E-07
    3.250000          0.3928158E-07
    3.350000          0.3707582E-07
    3.450000          0.3505322E-07
    3.550000          0.3319783E-07
    3.650000          0.3149374E-07
    3.750000          0.2992503E-07
    3.850000          0.2846780E-07
    3.950000          0.2710612E-07
    4.050000          0.2556130E-07
    4.150000          0.2385721E-07
    4.250000          0.2231238E-07
    4.350000          0.2090293E-07
    4.450000          0.1961292E-07
    4.550000          0.1843439E-07
    4.650000          0.1735142E-07
    4.750000          0.1634808E-07
    4.850000          0.1543233E-07
    4.950000          0.1458825E-07
    5.050000          0.1368047E-07
    5.150000          0.1273287E-07
    5.250000          0.1186490E-07
    5.350000          0.1107656E-07
    5.450000          0.1035193E-07
    5.550000          0.9698958E-08
    5.650000          0.9109694E-08
    5.750000          0.8584136E-08
    5.850000          0.8106355E-08
    5.950000          0.7673166E-08
    6.050000          0.7118941E-08
    6.150000          0.6468362E-08
    6.250000          0.5881487E-08
    6.350000          0.5343983E-08
    6.450000          0.4860628E-08
    6.550000          0.4422661E-08
    6.650000          0.4030085E-08
    6.750000          0.3676527E-08
    6.850000          0.3364376E-08
    6.950000          0.3079300E-08
    7.050000          0.2822094E-08
    7.150000          0.2590371E-08
    7.250000          0.2378554E-08
    7.350000          0.2182664E-08
    7.450000          0.2006681E-08
    7.550000          0.1845828E-08
    7.650000          0.1698512E-08
    7.750000          0.1563937E-08
    7.850000          0.1442899E-08
    7.950000          0.1333010E-08
    8.050000          0.1237453E-08
    8.150000          0.1152249E-08
    8.250000          0.1074211E-08
    8.350000          0.1000952E-08
    8.450000          0.9332659E-09
    8.550000          0.8703582E-09
    8.650000          0.8106354E-09
    8.750000          0.7556907E-09
    8.850000          0.7040902E-09
    8.950000          0.6559936E-09
    9.050000          0.6111618E-09
    9.150000          0.5693559E-09
    9.250000          0.5303372E-09
    9.350000          0.4939462E-09
    9.450000          0.4600237E-09
    9.550000          0.4283309E-09
    9.650000          0.3988676E-09
    9.750000          0.3713157E-09
    9.850000          0.3454358E-09
    9.950000          0.3213875E-09
    10.05000          0.2990115E-09
    10.15000          0.2781483E-09
    10.25000          0.2587185E-09
    10.35000          0.2407221E-09
    10.45000          0.2239997E-09
    10.55000          0.2084719E-09
    10.65000          0.1938995E-09
    10.75000          0.1804421E-09
    10.85000          0.1678605E-09
    10.95000          0.1561548E-09
    11.05000          0.1452455E-09
    11.15000          0.1351325E-09
    11.25000          0.1257361E-09
    11.35000          0.1168971E-09
    11.45000          0.1086156E-09
    11.55000          0.1009711E-09
    11.65000          0.9388401E-10
    11.75000          0.8727469E-10
    11.85000          0.8114318E-10
    11.95000          0.7545758E-10
    12.05000          0.7014625E-10
    12.15000          0.6520121E-10
    12.25000          0.6058266E-10
    12.35000          0.5628263E-10
    12.45000          0.5229316E-10
    12.55000          0.4859831E-10
    12.65000          0.4515829E-10
    12.75000          0.4198105E-10
    12.85000          0.3902676E-10
    12.95000          0.3627952E-10
    13.05000          0.3370746E-10
    13.15000          0.3131856E-10
    13.25000          0.2908892E-10
    13.35000          0.2701853E-10
    13.45000          0.2509944E-10
    13.55000          0.2332369E-10
    13.65000          0.2167534E-10
    13.75000          0.2014644E-10
    13.85000          0.1872106E-10
    13.95000          0.1739124E-10
    14.05000          0.1615697E-10
    14.15000          0.1500233E-10
    14.25000          0.1392732E-10
    14.35000          0.1293991E-10
    14.45000          0.1201620E-10
    14.55000          0.1116415E-10
    14.65000          0.1036785E-10
    14.75000          0.9635255E-11
    14.85000          0.8950435E-11
    14.95000          0.8305431E-11
    15.05000          0.7714576E-11
    15.15000          0.7160349E-11
    15.25000          0.6645936E-11
    15.35000          0.6172137E-11
    15.45000          0.5731782E-11
    15.55000          0.5323279E-11
    15.65000          0.4943443E-11
    15.75000          0.4591477E-11
    15.85000          0.4264198E-11
    15.95000          0.3959214E-11
    16.05000          0.3677323E-11
    16.15000          0.3414543E-11
    16.25000          0.3171671E-11
    16.35000          0.2943132E-11
    16.45000          0.2731316E-11
    16.55000          0.2534629E-11
    16.65000          0.2352276E-11
    16.75000          0.2182664E-11
    16.85000          0.2026589E-11
    16.95000          0.1880865E-11
    17.05000          0.1746290E-11
    17.15000          0.1621271E-11
    17.25000          0.1505807E-11
    17.35000          0.1396714E-11
    17.45000          0.1296380E-11
    17.55000          0.1202416E-11
    17.65000          0.1115619E-11
    17.75000          0.1035193E-11
    17.85000          0.9595440E-12
    17.95000          0.8910620E-12
    18.05000          0.1000000E-29
    18.15000          0.1000000E-29
    18.25000          0.1000000E-29
    18.35000          0.1000000E-29
    18.45000          0.1000000E-29
    18.55000          0.1000000E-29
    18.65000          0.1000000E-29
    18.75000          0.1000000E-29
    18.85000          0.1000000E-29
    18.95000          0.1000000E-29
    19.05000          0.1000000E-29
    19.15000          0.1000000E-29
    19.25000          0.1000000E-29
    19.35000          0.1000000E-29
    19.45000          0.1000000E-29
    19.55000          0.1000000E-29
    19.65000          0.1000000E-29
    19.75000          0.1000000E-29
    19.85000          0.1000000E-29
    19.95000          0.1000000E-29
