    19.95000          0.1283745E-12
    19.85000          0.1382884E-12
    19.75000          0.1490115E-12
    19.65000          0.1605440E-12
    19.55000          0.1729869E-12
    19.45000          0.1863403E-12
    19.35000          0.2008064E-12
    19.25000          0.2164865E-12
    19.15000          0.2332794E-12
    19.05000          0.2514886E-12
    18.95000          0.2711140E-12
    18.85000          0.2923580E-12
    18.75000          0.3152206E-12
    18.65000          0.3398030E-12
    18.55000          0.3664086E-12
    18.45000          0.3951386E-12
    18.35000          0.4259929E-12
    18.25000          0.4593764E-12
    18.15000          0.4953901E-12
    18.05000          0.5341350E-12
    17.95000          0.5760161E-12
    17.85000          0.6212355E-12
    17.75000          0.6699955E-12
    17.65000          0.7224986E-12
    17.55000          0.7790481E-12
    17.45000          0.8399476E-12
    17.35000          0.9055006E-12
    17.25000          0.9761114E-12
    17.15000          0.1052084E-11
    17.05000          0.1134025E-11
    16.95000          0.1223048E-11
    16.85000          0.1318140E-11
    16.75000          0.1420314E-11
    16.65000          0.1530580E-11
    16.55000          0.1649951E-11
    16.45000          0.1777415E-11
    16.35000          0.1914996E-11
    16.25000          0.2063704E-11
    16.15000          0.2224551E-11
    16.05000          0.2397538E-11
    15.95000          0.2583676E-11
    15.85000          0.2784988E-11
    15.75000          0.3000463E-11
    15.65000          0.3233136E-11
    15.55000          0.3483006E-11
    15.45000          0.3752097E-11
    15.35000          0.4042431E-11
    15.25000          0.4357045E-11
    15.15000          0.4696949E-11
    15.05000          0.5062143E-11
    14.95000          0.5454651E-11
    14.85000          0.5875486E-11
    14.75000          0.6325657E-11
    14.65000          0.6807187E-11
    14.55000          0.7326148E-11
    14.45000          0.7885572E-11
    14.35000          0.8490523E-11
    14.25000          0.9146050E-11
    14.15000          0.9855197E-11
    14.05000          0.1062200E-10
    13.95000          0.1143130E-10
    13.85000          0.1230129E-10
    13.75000          0.1324210E-10
    13.65000          0.1424360E-10
    13.55000          0.1531592E-10
    13.45000          0.1648939E-10
    13.35000          0.1776404E-10
    13.25000          0.1913984E-10
    13.15000          0.2061680E-10
    13.05000          0.2219493E-10
    12.95000          0.2389445E-10
    12.85000          0.2569513E-10
    12.75000          0.2762732E-10
    12.65000          0.2971126E-10
    12.55000          0.3196717E-10
    12.45000          0.3442541E-10
    12.35000          0.3708597E-10
    12.25000          0.3998931E-10
    12.15000          0.4309498E-10
    12.05000          0.4637263E-10
    11.95000          0.4982226E-10
    11.85000          0.5348432E-10
    11.75000          0.5740940E-10
    11.65000          0.6164808E-10
    11.55000          0.6628129E-10
    11.45000          0.7133941E-10
    11.35000          0.7681226E-10
    11.25000          0.8267965E-10
    11.15000          0.8894158E-10
    11.05000          0.9564861E-10
    10.95000          0.1027805E-09
    10.85000          0.1104688E-09
    10.75000          0.1187641E-09
    10.65000          0.1275652E-09
    10.55000          0.1369733E-09
    10.45000          0.1471906E-09
    10.35000          0.1581161E-09
    10.25000          0.1699520E-09
    10.15000          0.1826985E-09
    10.05000          0.1965577E-09
    9.950000          0.2115296E-09
    9.850000          0.2275132E-09
    9.750000          0.2446096E-09
    9.650000          0.2629199E-09
    9.550000          0.2824442E-09
    9.450000          0.3032835E-09
    9.350000          0.3255391E-09
    9.250000          0.3493122E-09
    9.150000          0.3748050E-09
    9.050000          0.4019164E-09
    8.950000          0.4309499E-09
    8.850000          0.4622089E-09
    8.750000          0.4956935E-09
    8.650000          0.5315048E-09
    8.550000          0.5698452E-09
    8.450000          0.6104112E-09
    8.350000          0.6537085E-09
    8.250000          0.7006475E-09
    8.150000          0.7521390E-09
    8.050000          0.8085874E-09
    7.950000          0.8735333E-09
    7.850000          0.9484943E-09
    7.750000          0.1031852E-08
    7.650000          0.1125933E-08
    7.550000          0.1229117E-08
    7.450000          0.1341407E-08
    7.350000          0.1464825E-08
    7.250000          0.1601393E-08
    7.150000          0.1748078E-08
    7.050000          0.1905891E-08
    6.950000          0.2080901E-08
    6.850000          0.2273109E-08
    6.750000          0.2486561E-08
    6.650000          0.2739466E-08
    6.550000          0.3037893E-08
    6.450000          0.3382855E-08
    6.350000          0.3780422E-08
    6.250000          0.4223510E-08
    6.150000          0.4688856E-08
    6.050000          0.5183538E-08
    5.950000          0.5610441E-08
    5.850000          0.5938206E-08
    5.750000          0.6277098E-08
    5.650000          0.6633189E-08
    5.550000          0.7005465E-08
    5.450000          0.7395950E-08
    5.350000          0.7820829E-08
    5.250000          0.8287186E-08
    5.150000          0.8804124E-08
    5.050000          0.9386817E-08
    4.950000          0.9945230E-08
    4.850000          0.1047026E-07
    4.750000          0.1105700E-07
    4.650000          0.1170444E-07
    4.550000          0.1241257E-07
    4.450000          0.1319152E-07
    4.350000          0.1405139E-07
    4.250000          0.1499220E-07
    4.150000          0.1604428E-07
    4.050000          0.1722788E-07
    3.950000          0.1830020E-07
    3.850000          0.1924100E-07
    3.750000          0.2025262E-07
    3.650000          0.2133505E-07
    3.550000          0.2249842E-07
    3.450000          0.2379329E-07
    3.350000          0.2521967E-07
    3.250000          0.2680791E-07
    3.150000          0.2859848E-07
    3.050000          0.3062172E-07
    2.950000          0.3273600E-07
    2.850000          0.3501215E-07
    2.750000          0.3757155E-07
    2.650000          0.4038385E-07
    2.550000          0.4348952E-07
    2.450000          0.4693914E-07
    2.350000          0.5082375E-07
    2.250000          0.5529512E-07
    2.150000          0.6037344E-07
    2.050000          0.6617002E-07
    1.950000          0.7278602E-07
    1.850000          0.8022141E-07
    1.750000          0.8851670E-07
    1.650000          0.9765162E-07
    1.550000          0.1074340E-06
    1.450000          0.1165386E-06
    1.350000          0.1250362E-06
    1.250000          0.1344442E-06
    1.150000          0.1463813E-06
    1.050000          0.1621626E-06
   0.9800000          0.1757183E-06
   0.9400000          0.1845194E-06
   0.9000000          0.1944332E-06
   0.8600000          0.2057634E-06
   0.8200000          0.2185098E-06
   0.7800000          0.2329759E-06
   0.7400000          0.2497688E-06
   0.7050000          0.2662582E-06
   0.6750000          0.2808256E-06
   0.6450000          0.2953929E-06
   0.6150000          0.3111741E-06
   0.5875000          0.3276635E-06
   0.5625000          0.3447599E-06
   0.5375000          0.3639807E-06
   0.5125000          0.3850223E-06
   0.4875000          0.4058617E-06
   0.4625000          0.4263975E-06
   0.4375000          0.4478439E-06
   0.4125000          0.4713135E-06
   0.3900000          0.4946819E-06
   0.3700000          0.5175445E-06
   0.3500000          0.5405082E-06
   0.3300000          0.5643825E-06
   0.3100000          0.5896729E-06
   0.2900000          0.6135471E-06
   0.2750000          0.6295308E-06
   0.2625000          0.6436935E-06
   0.2475000          0.6634200E-06
   0.2350000          0.6798082E-06
   0.2250000          0.6929593E-06
   0.2150000          0.7067173E-06
   0.2050000          0.7250276E-06
   0.1950000          0.7407077E-06
   0.1850000          0.7559832E-06
   0.1750000          0.7731807E-06
   0.1650000          0.7900748E-06
   0.1550000          0.8081828E-06
   0.1462500          0.8252791E-06
   0.1387500          0.8410604E-06
   0.1312500          0.8487487E-06
   0.1237500          0.8696892E-06
   0.1175000          0.8855716E-06
   0.1125000          0.8992285E-06
   0.1075000          0.9135935E-06
   0.1025000          0.9434362E-06
   0.9800000E-01      0.9557780E-06
   0.9400000E-01      0.9586105E-06
   0.9000000E-01      0.9675127E-06
   0.8600000E-01      0.9778314E-06
   0.8200000E-01      0.9906789E-06
   0.7799999E-01      0.1002818E-05
   0.7400000E-01      0.1019712E-05
   0.7050000E-01      0.1032863E-05
   0.6750000E-01      0.1046014E-05
   0.6450000E-01      0.1060177E-05
   0.6150000E-01      0.1080410E-05
   0.5875000E-01      0.1085468E-05
   0.5625000E-01      0.1098619E-05
   0.5375000E-01      0.1113793E-05
   0.5125000E-01      0.1132002E-05
   0.4875000E-01      0.1147176E-05
   0.4625000E-01      0.1183595E-05
   0.4375000E-01      0.1213943E-05
   0.4125000E-01      0.1243280E-05
   0.3900000E-01      0.1237211E-05
   0.3700000E-01      0.1264524E-05
   0.3500000E-01      0.1296896E-05
   0.3300000E-01      0.1320163E-05
   0.3100000E-01      0.1349500E-05
   0.2900000E-01      0.1431442E-05
   0.2750000E-01      0.1470895E-05
   0.2625000E-01      0.1502255E-05
   0.2475000E-01      0.1569022E-05
   0.2350000E-01      0.1607463E-05
   0.2250000E-01      0.1625672E-05
   0.2150000E-01      0.1662091E-05
   0.2050000E-01      0.1699521E-05
   0.1950000E-01      0.1709637E-05
   0.1850000E-01      0.1790566E-05
   0.1750000E-01      0.1863403E-05
   0.1650000E-01      0.1928147E-05
   0.1550000E-01      0.2019192E-05
   0.1462500E-01      0.2154749E-05
   0.1387500E-01      0.2232644E-05
   0.1312500E-01      0.2319643E-05
   0.1237500E-01      0.2426875E-05
   0.1175000E-01      0.2413724E-05
   0.1125000E-01      0.2468352E-05
   0.1075000E-01      0.2488584E-05
   0.1025000E-01      0.2587723E-05
   0.9800000E-02      0.2554339E-05
   0.9400001E-02      0.2708105E-05
   0.9000000E-02      0.2754640E-05
   0.8600000E-02      0.2858837E-05
   0.8200000E-02      0.2990347E-05
   0.7800000E-02      0.3283716E-05
   0.7400000E-02      0.3336321E-05
   0.7050000E-02      0.3511331E-05
   0.6750000E-02      0.3709608E-05
   0.6450000E-02      0.3850223E-05
   0.6150000E-02      0.4019164E-05
   0.5875000E-02      0.4368173E-05
   0.5625000E-02      0.4548241E-05
   0.5375000E-02      0.4670647E-05
   0.5125000E-02      0.4776867E-05
   0.4875000E-02      0.4712123E-05
   0.4625000E-02      0.4840599E-05
   0.4375000E-02      0.5063155E-05
   0.4125000E-02      0.5319095E-05
   0.3900000E-02      0.5428350E-05
   0.3700000E-02      0.5540640E-05
   0.3500000E-02      0.5894706E-05
   0.3300000E-02      0.6270018E-05
   0.3100000E-02      0.6631165E-05
   0.2900000E-02      0.7107638E-05
   0.2750000E-02      0.7567925E-05
   0.2625000E-02      0.7931096E-05
   0.2475000E-02      0.8446011E-05
   0.2350000E-02      0.8970030E-05
   0.2250000E-02      0.9491015E-05
   0.2150000E-02      0.1005449E-04
   0.2050000E-02      0.1060177E-04
   0.1950000E-02      0.1120874E-04
   0.1850000E-02      0.1189664E-04
   0.1750000E-02      0.1265536E-04
   0.1650000E-02      0.1340396E-04
   0.1550000E-02      0.1431442E-04
   0.1462500E-02      0.1517429E-04
   0.1387500E-02      0.1601394E-04
   0.1312500E-02      0.1700532E-04
   0.1237500E-02      0.1808776E-04
   0.1175000E-02      0.1892740E-04
   0.1125000E-02      0.1975693E-04
   0.1075000E-02      0.2062692E-04
   0.1025000E-02      0.2159808E-04
   0.9800000E-03      0.2247818E-04
   0.9400000E-03      0.2341899E-04
   0.9000000E-03      0.2432945E-04
   0.8600000E-03      0.2565466E-04
   0.8200000E-03      0.2695966E-04
   0.7800000E-03      0.2812302E-04
   0.7400000E-03      0.2969103E-04
   0.7050000E-03      0.3117812E-04
   0.6750000E-03      0.3249322E-04
   0.6450000E-03      0.3394994E-04
   0.6150000E-03      0.3583156E-04
   0.5875000E-03      0.3738945E-04
   0.5625000E-03      0.3935199E-04
   0.5375000E-03      0.4124373E-04
   0.5125000E-03      0.4115268E-04
   0.4875000E-03      0.4372219E-04
   0.4625000E-03      0.4668623E-04
   0.4375000E-03      0.5005493E-04
   0.4125000E-03      0.5456675E-04
   0.3900000E-03      0.5996880E-04
   0.3700000E-03      0.6366121E-04
   0.3500000E-03      0.6755594E-04
   0.3300000E-03      0.7184521E-04
   0.3100000E-03      0.7680215E-04
   0.2900000E-03      0.8176920E-04
   0.2750000E-03      0.8429824E-04
   0.2625000E-03      0.8611917E-04
   0.2475000E-03      0.8951820E-04
   0.2350000E-03      0.9250249E-04
   0.2250000E-03      0.9430315E-04
   0.2150000E-03      0.9589141E-04
   0.2050000E-03      0.9760103E-04
   0.1950000E-03      0.9914882E-04
   0.1850000E-03      0.1013643E-03
   0.1750000E-03      0.1016677E-03
   0.1650000E-03      0.1003729E-03
   0.1550000E-03      0.9769209E-04
   0.1462500E-03      0.9974567E-04
   0.1387500E-03      0.1050061E-03
   0.1312500E-03      0.1110758E-03
   0.1237500E-03      0.1181571E-03
   0.1175000E-03      0.1249350E-03
   0.1125000E-03      0.1352535E-03
   0.1075000E-03      0.1487080E-03
   0.1025000E-03      0.1607463E-03
   0.9800000E-04      0.1720765E-03
   0.9400000E-04      0.1806752E-03
   0.9000000E-04      0.1917019E-03
   0.8600000E-04      0.2073820E-03
   0.8200000E-04      0.2191168E-03
   0.7800000E-04      0.2313574E-03
   0.7400000E-04      0.2445084E-03
   0.7050000E-04      0.2577606E-03
   0.6750000E-04      0.2887162E-03
   0.6450000E-04      0.3060149E-03
   0.6150000E-04      0.3222008E-03
   0.5875000E-04      0.3381844E-03
   0.5625000E-04      0.3542691E-03
   0.5375000E-04      0.3505261E-03
   0.5125000E-04      0.3614516E-03
   0.4875000E-04      0.3804701E-03
   0.4625000E-04      0.4013094E-03
   0.4375000E-04      0.4245766E-03
   0.4125000E-04      0.4505753E-03
   0.3900000E-04      0.4766750E-03
   0.3700000E-04      0.5026737E-03
   0.3500000E-04      0.5316060E-03
   0.3300000E-04      0.5640790E-03
   0.3100000E-04      0.6002949E-03
   0.2900000E-04      0.6417713E-03
   0.2750000E-04      0.6767734E-03
   0.2625000E-04      0.7092464E-03
   0.2475000E-04      0.7522402E-03
   0.2350000E-04      0.7928061E-03
   0.2250000E-04      0.8280105E-03
   0.2150000E-04      0.8665532E-03
   0.2050000E-04      0.9087377E-03
   0.1950000E-04      0.9575989E-03
   0.1850000E-04      0.1014654E-02
   0.1750000E-04      0.1077375E-02
   0.1650000E-04      0.1149199E-02
   0.1550000E-04      0.1231141E-02
   0.1462500E-04      0.1312070E-02
   0.1387500E-04      0.1388954E-02
   0.1312500E-04      0.1476964E-02
   0.1237500E-04      0.1575091E-02
   0.1175000E-04      0.1667149E-02
   0.1125000E-04      0.1748078E-02
   0.1075000E-04      0.1837101E-02
   0.1025000E-04      0.1936240E-02
   0.9800000E-05      0.2031332E-02
   0.9400001E-05      0.2120354E-02
   0.8999999E-05      0.2217470E-02
   0.8600000E-05      0.2324702E-02
   0.8200001E-05      0.2443061E-02
   0.7800000E-05      0.2575583E-02
   0.7400000E-05      0.2723279E-02
   0.7050000E-05      0.2871987E-02
   0.6750000E-05      0.3015637E-02
   0.6450000E-05      0.3179519E-02
   0.6150000E-05      0.3376785E-02
   0.5875000E-05      0.3617551E-02
   0.5625000E-05      0.3951385E-02
   0.5375000E-05      0.4234639E-02
   0.5125000E-05      0.4438987E-02
   0.4875000E-05      0.4657496E-02
   0.4625000E-05      0.4898261E-02
   0.4375000E-05      0.5160271E-02
   0.4125000E-05      0.5251316E-02
   0.3900000E-05      0.5349443E-02
   0.3700000E-05      0.5524453E-02
   0.3500000E-05      0.5767243E-02
   0.3300000E-05      0.6067693E-02
   0.3100000E-05      0.6424794E-02
   0.2900000E-05      0.6810222E-02
   0.2750000E-05      0.7116742E-02
   0.2625000E-05      0.7402019E-02
   0.2475000E-05      0.7784411E-02
   0.2350000E-05      0.8139490E-02
   0.2250000E-05      0.8449045E-02
   0.2150000E-05      0.8786926E-02
   0.2050000E-05      0.9157180E-02
   0.1950000E-05      0.9617466E-02
   0.1850000E-05      0.1018701E-01
   0.1750000E-05      0.1081421E-01
   0.1650000E-05      0.1153246E-01
   0.1550000E-05      0.1234176E-01
   0.1462500E-05      0.1314093E-01
   0.1387500E-05      0.1391988E-01
   0.1312500E-05      0.1478987E-01
   0.1237500E-05      0.1576103E-01
   0.1175000E-05      0.1667149E-01
   0.1125000E-05      0.1748078E-01
   0.1075000E-05      0.1836089E-01
   0.1025000E-05      0.1934216E-01
   0.9800000E-06      0.2027285E-01
   0.9399999E-06      0.2115296E-01
   0.9000000E-06      0.2209377E-01
   0.8600000E-06      0.2314585E-01
   0.8200000E-06      0.2427887E-01
   0.7800000E-06      0.2553327E-01
   0.7400000E-06      0.2691920E-01
   0.7050000E-06      0.2831523E-01
   0.6750000E-06      0.2977196E-01
   0.6450000E-06      0.3149171E-01
   0.6150000E-06      0.3339355E-01
   0.5875000E-06      0.3531563E-01
   0.5625000E-06      0.3724783E-01
   0.5375000E-06      0.3937223E-01
   0.5125000E-06      0.4171919E-01
   0.4875000E-06      0.4429881E-01
   0.4625000E-06      0.4713135E-01
   0.4375000E-06      0.5033818E-01
   0.4125000E-06      0.5396989E-01
   0.3900000E-06      0.5770277E-01
   0.3700000E-06      0.6152670E-01
   0.3500000E-06      0.6603852E-01
   0.3300000E-06      0.7151137E-01
   0.3100000E-06      0.7794528E-01
   0.2900000E-06      0.8640242E-01
   0.2750000E-06      0.9486967E-01
   0.2625000E-06      0.1029828    
   0.2475000E-06      0.1127956    
   0.2350000E-06      0.1210908    
   0.2250000E-06      0.1284757    
   0.2150000E-06      0.1362651    
   0.2050000E-06      0.1449651    
   0.1950000E-06      0.1537662    
   0.1850000E-06      0.1625672    
   0.1750000E-06      0.1724811    
   0.1650000E-06      0.1836089    
   0.1550000E-06      0.1962542    
   0.1462500E-06      0.2086971    
   0.1387500E-06      0.2207353    
   0.1312500E-06      0.2341899    
   0.1237500E-06      0.2492630    
   0.1175000E-06      0.2634257    
   0.1125000E-06      0.2758686    
   0.1075000E-06      0.2895255    
   0.1025000E-06      0.3044975    
   0.9800000E-07      0.3189636    
   0.9400000E-07      0.3325193    
   0.9000000E-07      0.3471878    
   0.8600000E-07      0.3632725    
   0.8200000E-07      0.3808747    
   0.7800000E-07      0.4002978    
   0.7400000E-07      0.4218453    
   0.7050000E-07      0.4425835    
   0.6750000E-07      0.4621077    
   0.6450000E-07      0.4834529    
   0.6150000E-07      0.5069225    
   0.5875000E-07      0.5304933    
   0.5625000E-07      0.5539628    
   0.5375000E-07      0.5795568    
   0.5125000E-07      0.6075786    
   0.4875000E-07      0.6375226    
   0.4625000E-07      0.6676688    
   0.4375000E-07      0.6971070    
   0.4125000E-07      0.7256345    
   0.3900000E-07      0.7500145    
   0.3700000E-07      0.7702470    
   0.3500000E-07      0.7886584    
   0.3300000E-07      0.8049456    
   0.3100000E-07      0.8185012    
   0.2900000E-07      0.8288198    
   0.2750000E-07      0.8345860    
   0.2625000E-07      0.8370138    
   0.2475000E-07      0.8376208    
   0.2350000E-07      0.8360022    
   0.2250000E-07      0.8328663    
   0.2150000E-07      0.8281116    
   0.2050000E-07      0.8216373    
   0.1950000E-07      0.8132408    
   0.1850000E-07      0.8028211    
   0.1750000E-07      0.7901759    
   0.1650000E-07      0.7753050    
   0.1550000E-07      0.7578040    
   0.1462500E-07      0.7404042    
   0.1387500E-07      0.7237125    
   0.1312500E-07      0.7053010    
   0.1237500E-07      0.6850687    
   0.1175000E-07      0.6668595    
   0.1125000E-07      0.6512806    
   0.1075000E-07      0.6348922    
   0.1025000E-07      0.6174925    
   0.9800000E-08      0.6010031    
   0.9400000E-08      0.5857276    
   0.9000000E-08      0.5697440    
   0.8600000E-08      0.5531535    
   0.8200000E-08      0.5358548    
   0.7800000E-08      0.5178480    
   0.7400000E-08      0.4991331    
   0.7050000E-08      0.4822390    
   0.6750000E-08      0.4671658    
   0.6450000E-08      0.4517892    
   0.6150000E-08      0.4359069    
   0.5875000E-08      0.4209349    
   0.5625000E-08      0.4070756    
   0.5375000E-08      0.3928118    
   0.5125000E-08      0.3783457    
   0.4875000E-08      0.3634749    
   0.4625000E-08      0.3481994    
   0.4375000E-08      0.3327216    
   0.4125000E-08      0.3168392    
   0.3900000E-08      0.3021707    
   0.3700000E-08      0.2890196    
   0.3500000E-08      0.2755651    
   0.3300000E-08      0.2618071    
   0.3100000E-08      0.2479479    
   0.2900000E-08      0.2337852    
   0.2750000E-08      0.2230621    
   0.2625000E-08      0.2139575    
   0.2475000E-08      0.2029309    
   0.2350000E-08      0.1936240    
   0.2250000E-08      0.1861380    
   0.2150000E-08      0.1785508    
   0.2050000E-08      0.1709637    
   0.1950000E-08      0.1632754    
   0.1850000E-08      0.1554859    
   0.1750000E-08      0.1476964    
   0.1650000E-08      0.1398058    
   0.1550000E-08      0.1318140    
   0.1462500E-08      0.1248338    
   0.1387500E-08      0.1187641    
   0.1312500E-08      0.1126944    
   0.1237500E-08      0.1065235    
   0.1175000E-08      0.1014654    
   0.1125000E-08      0.9729756E-01
   0.1075000E-08      0.9316003E-01
   0.1025000E-08      0.8900227E-01
   0.9800000E-09      0.8524917E-01
   0.9400000E-09      0.8190071E-01
   0.9000000E-09      0.7853202E-01
   0.8600000E-09      0.7516332E-01
   0.8200000E-09      0.7178452E-01
   0.7800000E-09      0.6838547E-01
   0.7400000E-09      0.6497631E-01
   0.7050000E-09      0.6199203E-01
   0.6750000E-09      0.5942252E-01
   0.6450000E-09      0.5685301E-01
   0.6150000E-09      0.5427338E-01
   0.5875000E-09      0.5190619E-01
   0.5625000E-09      0.4974132E-01
   0.5375000E-09      0.4757646E-01
   0.5125000E-09      0.4541159E-01
   0.4875000E-09      0.4323661E-01
   0.4625000E-09      0.4106164E-01
   0.4375000E-09      0.3888665E-01
   0.4125000E-09      0.3670156E-01
   0.3900000E-09      0.3472890E-01
   0.3700000E-09      0.3296868E-01
   0.3500000E-09      0.3120846E-01
   0.3300000E-09      0.2944824E-01
   0.3100000E-09      0.2768802E-01
   0.2900000E-09      0.2592780E-01
   0.2750000E-09      0.2459247E-01
   0.2625000E-09      0.2348980E-01
   0.2475000E-09      0.2216458E-01
   0.2350000E-09      0.2105180E-01
   0.2250000E-09      0.2016157E-01
   0.2150000E-09      0.1928147E-01
   0.2050000E-09      0.1839124E-01
   0.1950000E-09      0.1750101E-01
   0.1850000E-09      0.1661079E-01
   0.1750000E-09      0.1571045E-01
   0.1650000E-09      0.1482022E-01
   0.1550000E-09      0.1393000E-01
   0.1462500E-09      0.1315105E-01
   0.1387500E-09      0.1247327E-01
   0.1312500E-09      0.1180560E-01
   0.1237500E-09      0.1113793E-01
   0.1175000E-09      0.1057142E-01
   0.1125000E-09      0.1012631E-01
   0.1075000E-09      0.9679175E-02
   0.1025000E-09      0.9231026E-02
