   0.1025000E-09      0.5435510E-08
   0.1075000E-09      0.5701268E-08
   0.1125000E-09      0.5965773E-08
   0.1175000E-09      0.6231532E-08
   0.1237500E-09      0.6562476E-08
   0.1312500E-09      0.6961114E-08
   0.1387500E-09      0.7358497E-08
   0.1462500E-09      0.7755881E-08
   0.1550000E-09      0.8219705E-08
   0.1650000E-09      0.8749969E-08
   0.1750000E-09      0.9280231E-08
   0.1850000E-09      0.9810495E-08
   0.1950000E-09      0.1034201E-07
   0.2050000E-09      0.1087227E-07
   0.2150000E-09      0.1140254E-07
   0.2250000E-09      0.1193280E-07
   0.2350000E-09      0.1246306E-07
   0.2475000E-09      0.1312495E-07
   0.2625000E-09      0.1392724E-07
   0.2750000E-09      0.1457910E-07
   0.2900000E-09      0.1538139E-07
   0.3100000E-09      0.1643440E-07
   0.3300000E-09      0.1749994E-07
   0.3500000E-09      0.1856548E-07
   0.3700000E-09      0.1961848E-07
   0.3900000E-09      0.2068402E-07
   0.4125000E-09      0.2187492E-07
   0.4375000E-09      0.2320371E-07
   0.4625000E-09      0.2453250E-07
   0.4875000E-09      0.2584876E-07
   0.5125000E-09      0.2717755E-07
   0.5375000E-09      0.2850634E-07
   0.5625000E-09      0.2983513E-07
   0.5875000E-09      0.3115139E-07
   0.6150000E-09      0.3261808E-07
   0.6450000E-09      0.3421012E-07
   0.6750000E-09      0.3580216E-07
   0.7050000E-09      0.3738167E-07
   0.7400000E-09      0.3924950E-07
   0.7800000E-09      0.4136804E-07
   0.8200000E-09      0.4348659E-07
   0.8600000E-09      0.4560513E-07
   0.9000000E-09      0.4772368E-07
   0.9400000E-09      0.4985476E-07
   0.9800000E-09      0.5197331E-07
   0.1025000E-08      0.5435510E-07
   0.1075000E-08      0.5701268E-07
   0.1125000E-08      0.5965774E-07
   0.1175000E-08      0.6231532E-07
   0.1237500E-08      0.6562477E-07
   0.1312500E-08      0.6959860E-07
   0.1387500E-08      0.7358497E-07
   0.1462500E-08      0.7755882E-07
   0.1550000E-08      0.8219705E-07
   0.1650000E-08      0.8749968E-07
   0.1750000E-08      0.9280232E-07
   0.1850000E-08      0.9810494E-07
   0.1950000E-08      0.1034076E-06
   0.2050000E-08      0.1087102E-06
   0.2150000E-08      0.1140128E-06
   0.2250000E-08      0.1193155E-06
   0.2350000E-08      0.1246181E-06
   0.2475000E-08      0.1312495E-06
   0.2625000E-08      0.1391470E-06
   0.2750000E-08      0.1457910E-06
   0.2900000E-08      0.1538139E-06
   0.3100000E-08      0.1643440E-06
   0.3300000E-08      0.1749994E-06
   0.3500000E-08      0.1856547E-06
   0.3700000E-08      0.1961848E-06
   0.3900000E-08      0.2068402E-06
   0.4125000E-08      0.2187492E-06
   0.4375000E-08      0.2320371E-06
   0.4625000E-08      0.2451997E-06
   0.4875000E-08      0.2584876E-06
   0.5125000E-08      0.2717755E-06
   0.5375000E-08      0.2850634E-06
   0.5625000E-08      0.2982260E-06
   0.5875000E-08      0.3115139E-06
   0.6150000E-08      0.3260554E-06
   0.6450000E-08      0.3419758E-06
   0.6750000E-08      0.3578962E-06
   0.7050000E-08      0.3738167E-06
   0.7400000E-08      0.3923696E-06
   0.7800000E-08      0.4135551E-06
   0.8200000E-08      0.4347405E-06
   0.8600000E-08      0.4559260E-06
   0.9000000E-08      0.4772368E-06
   0.9400000E-08      0.4984223E-06
   0.9800000E-08      0.5196077E-06
   0.1025000E-07      0.5434256E-06
   0.1075000E-07      0.5698761E-06
   0.1125000E-07      0.5964520E-06
   0.1175000E-07      0.6229025E-06
   0.1237500E-07      0.6559969E-06
   0.1312500E-07      0.6957353E-06
   0.1387500E-07      0.7354737E-06
   0.1462500E-07      0.7752121E-06
   0.1550000E-07      0.8214691E-06
   0.1650000E-07      0.8744954E-06
   0.1750000E-07      0.9273963E-06
   0.1850000E-07      0.9804227E-06
   0.1950000E-07      0.1033323E-05
   0.2050000E-07      0.1086225E-05
   0.2150000E-07      0.1139125E-05
   0.2250000E-07      0.1192027E-05
   0.2350000E-07      0.1244927E-05
   0.2475000E-07      0.1311241E-05
   0.2625000E-07      0.1390217E-05
   0.2750000E-07      0.1456657E-05
   0.2900000E-07      0.1535632E-05
   0.3100000E-07      0.1642186E-05
   0.3300000E-07      0.1747487E-05
   0.3500000E-07      0.1852787E-05
   0.3700000E-07      0.1959341E-05
   0.3900000E-07      0.2064641E-05
   0.4125000E-07      0.2183731E-05
   0.4375000E-07      0.2316611E-05
   0.4625000E-07      0.2448236E-05
   0.4875000E-07      0.2581115E-05
   0.5125000E-07      0.2692684E-05
   0.5375000E-07      0.2782941E-05
   0.5625000E-07      0.2873199E-05
   0.5875000E-07      0.2960949E-05
   0.6150000E-07      0.3056221E-05
   0.6450000E-07      0.3159014E-05
   0.6750000E-07      0.3260554E-05
   0.7050000E-07      0.3365855E-05
   0.7400000E-07      0.3497480E-05
   0.7800000E-07      0.3649163E-05
   0.8200000E-07      0.3799592E-05
   0.8600000E-07      0.3947514E-05
   0.9000000E-07      0.4095436E-05
   0.9400000E-07      0.4240851E-05
   0.9800000E-07      0.4386266E-05
   0.1025000E-06      0.4520399E-05
   0.1075000E-06      0.4644503E-05
   0.1125000E-06      0.4766101E-05
   0.1175000E-06      0.4885189E-05
   0.1237500E-06      0.5031859E-05
   0.1312500E-06      0.5202345E-05
   0.1387500E-06      0.5369070E-05
   0.1462500E-06      0.5532036E-05
   0.1550000E-06      0.5717566E-05
   0.1650000E-06      0.5923152E-05
   0.1750000E-06      0.6124978E-05
   0.1850000E-06      0.6320535E-05
   0.1950000E-06      0.6512332E-05
   0.2050000E-06      0.6700369E-05
   0.2150000E-06      0.6885899E-05
   0.2250000E-06      0.7065161E-05
   0.2350000E-06      0.7239408E-05
   0.2475000E-06      0.7450008E-05
   0.2625000E-06      0.7680667E-05
   0.2750000E-06      0.7846140E-05
   0.2900000E-06      0.8021640E-05
   0.3100000E-06      0.8248537E-05
   0.3300000E-06      0.8462899E-05
   0.3500000E-06      0.8643414E-05
   0.3700000E-06      0.8807632E-05
   0.3900000E-06      0.8976866E-05
   0.4125000E-06      0.9182451E-05
   0.4375000E-06      0.9421886E-05
   0.4625000E-06      0.9662572E-05
   0.4875000E-06      0.9896990E-05
   0.5125000E-06      0.1008001E-04
   0.5375000E-06      0.1021164E-04
   0.5625000E-06      0.1034076E-04
   0.5875000E-06      0.1047113E-04
   0.6150000E-06      0.1061654E-04
   0.6450000E-06      0.1077449E-04
   0.6750000E-06      0.1092492E-04
   0.7050000E-06      0.1110419E-04
   0.7400000E-06      0.1137371E-04
   0.7800000E-06      0.1169838E-04
   0.8200000E-06      0.1201554E-04
   0.8600000E-06      0.1232266E-04
   0.9000000E-06      0.1262352E-04
   0.9399999E-06      0.1292438E-04
   0.9800000E-06      0.1321270E-04
   0.1025000E-05      0.1347595E-04
   0.1075000E-05      0.1371413E-04
   0.1125000E-05      0.1393978E-04
   0.1175000E-05      0.1416542E-04
   0.1237500E-05      0.1442867E-04
   0.1312500E-05      0.1475460E-04
   0.1387500E-05      0.1505546E-04
   0.1462500E-05      0.1533125E-04
   0.1550000E-05      0.1565718E-04
   0.1650000E-05      0.1602072E-04
   0.1750000E-05      0.1635918E-04
   0.1850000E-05      0.1668511E-04
   0.1950000E-05      0.1698597E-04
   0.2050000E-05      0.1728683E-04
   0.2150000E-05      0.1756261E-04
   0.2250000E-05      0.1781333E-04
   0.2350000E-05      0.1806405E-04
   0.2475000E-05      0.1838997E-04
   0.2625000E-05      0.1874098E-04
   0.2750000E-05      0.1900423E-04
   0.2900000E-05      0.1931762E-04
   0.3100000E-05      0.1969369E-04
   0.3300000E-05      0.2001962E-04
   0.3500000E-05      0.2030795E-04
   0.3700000E-05      0.2057120E-04
   0.3900000E-05      0.2083445E-04
   0.4125000E-05      0.2113531E-04
   0.4375000E-05      0.2149884E-04
   0.4625000E-05      0.2188746E-04
   0.4875000E-05      0.2225099E-04
   0.5125000E-05      0.2262707E-04
   0.5375000E-05      0.2300314E-04
   0.5625000E-05      0.2340428E-04
   0.5875000E-05      0.2384304E-04
   0.6150000E-05      0.2434447E-04
   0.6450000E-05      0.2489604E-04
   0.6750000E-05      0.2547269E-04
   0.7050000E-05      0.2604933E-04
   0.7400000E-05      0.2661344E-04
   0.7800000E-05      0.2720262E-04
   0.8200001E-05      0.2779180E-04
   0.8600000E-05      0.2840605E-04
   0.8999999E-05      0.2899524E-04
   0.9400001E-05      0.2959695E-04
   0.9800000E-05      0.3017360E-04
   0.1025000E-04      0.3070010E-04
   0.1075000E-04      0.3117646E-04
   0.1125000E-04      0.3167789E-04
   0.1175000E-04      0.3216679E-04
   0.1237500E-04      0.3266822E-04
   0.1312500E-04      0.3318218E-04
   0.1387500E-04      0.3369615E-04
   0.1462500E-04      0.3419758E-04
   0.1550000E-04      0.3471155E-04
   0.1650000E-04      0.3522551E-04
   0.1750000E-04      0.3570187E-04
   0.1850000E-04      0.3616570E-04
   0.1950000E-04      0.3659191E-04
   0.2050000E-04      0.3691784E-04
   0.2150000E-04      0.3714349E-04
   0.2250000E-04      0.3738167E-04
   0.2350000E-04      0.3759477E-04
   0.2475000E-04      0.3787056E-04
   0.2625000E-04      0.3812128E-04
   0.2750000E-04      0.3832185E-04
   0.2900000E-04      0.3854750E-04
   0.3100000E-04      0.3881074E-04
   0.3300000E-04      0.3902385E-04
   0.3500000E-04      0.3924951E-04
   0.3700000E-04      0.3945007E-04
   0.3900000E-04      0.3957543E-04
   0.4125000E-04      0.3877314E-04
   0.4375000E-04      0.3886089E-04
   0.4625000E-04      0.3882328E-04
   0.4875000E-04      0.3847228E-04
   0.5125000E-04      0.3738167E-04
   0.5375000E-04      0.3489959E-04
   0.5625000E-04      0.3418505E-04
   0.5875000E-04      0.3433548E-04
   0.6150000E-04      0.3448590E-04
   0.6450000E-04      0.3464887E-04
   0.6750000E-04      0.3476169E-04
   0.7050000E-04      0.3542608E-04
   0.7400000E-04      0.3561413E-04
   0.7800000E-04      0.3581470E-04
   0.8200000E-04      0.3600273E-04
   0.8600000E-04      0.3616570E-04
   0.9000000E-04      0.4308544E-04
   0.9400000E-04      0.4379998E-04
   0.9800000E-04      0.3708081E-04
   0.1025000E-03      0.3725631E-04
   0.1075000E-03      0.3743181E-04
   0.1125000E-03      0.3764492E-04
   0.1175000E-03      0.3787056E-04
   0.1237500E-03      0.4279711E-04
   0.1312500E-03      0.3918682E-04
   0.1387500E-03      0.3780788E-04
   0.1462500E-03      0.3759477E-04
   0.1550000E-03      0.3780789E-04
   0.1650000E-03      0.3802099E-04
   0.1750000E-03      0.3817142E-04
   0.1850000E-03      0.3853496E-04
   0.1950000E-03      0.3952528E-04
   0.2050000E-03      0.3985121E-04
   0.2150000E-03      0.4000164E-04
   0.2250000E-03      0.3992643E-04
   0.2350000E-03      0.3978854E-04
   0.2475000E-03      0.3990135E-04
   0.2625000E-03      0.3934978E-04
   0.2750000E-03      0.3939993E-04
   0.2900000E-03      0.3955036E-04
   0.3100000E-03      0.4081647E-04
   0.3300000E-03      0.4091676E-04
   0.3500000E-03      0.4118000E-04
   0.3700000E-03      0.4129283E-04
   0.3900000E-03      0.4145579E-04
   0.4125000E-03      0.4087915E-04
   0.4375000E-03      0.4074125E-04
   0.4625000E-03      0.4087915E-04
   0.4875000E-03      0.4091676E-04
   0.5125000E-03      0.4110479E-04
   0.5375000E-03      0.4091676E-04
   0.5625000E-03      0.4092929E-04
   0.5875000E-03      0.4082901E-04
   0.6150000E-03      0.4089169E-04
   0.6450000E-03      0.4074126E-04
   0.6750000E-03      0.4086661E-04
   0.7050000E-03      0.4080394E-04
   0.7400000E-03      0.4051561E-04
   0.7800000E-03      0.4018968E-04
   0.8200000E-03      0.4017715E-04
   0.8600000E-03      0.3982614E-04
   0.9000000E-03      0.3952528E-04
   0.9400000E-03      0.3955036E-04
   0.9800000E-03      0.3918682E-04
   0.1025000E-02      0.3878567E-04
   0.1075000E-02      0.3839707E-04
   0.1125000E-02      0.3835946E-04
   0.1175000E-02      0.3785803E-04
   0.1237500E-02      0.3756970E-04
   0.1312500E-02      0.3689277E-04
   0.1387500E-02      0.3654177E-04
   0.1462500E-02      0.3635374E-04
   0.1550000E-02      0.3611555E-04
   0.1650000E-02      0.3580216E-04
   0.1750000E-02      0.3596513E-04
   0.1850000E-02      0.3552638E-04
   0.1950000E-02      0.3542609E-04
   0.2050000E-02      0.3571441E-04
   0.2150000E-02      0.3594006E-04
   0.2250000E-02      0.3632866E-04
   0.2350000E-02      0.3754463E-04
   0.2475000E-02      0.3746942E-04
   0.2625000E-02      0.3677995E-04
   0.2750000E-02      0.3592752E-04
   0.2900000E-02      0.3497480E-04
   0.3100000E-02      0.3347050E-04
   0.3300000E-02      0.3187847E-04
   0.3500000E-02      0.2915821E-04
   0.3700000E-02      0.2673880E-04
   0.3900000E-02      0.2515929E-04
   0.4125000E-02      0.2383050E-04
   0.4375000E-02      0.2260199E-04
   0.4625000E-02      0.2171195E-04
   0.4875000E-02      0.2080938E-04
   0.5125000E-02      0.1991934E-04
   0.5375000E-02      0.1906690E-04
   0.5625000E-02      0.1857801E-04
   0.5875000E-02      0.1795122E-04
   0.6150000E-02      0.1732444E-04
   0.6450000E-02      0.1668511E-04
   0.6750000E-02      0.1610846E-04
   0.7050000E-02      0.1548168E-04
   0.7400000E-02      0.1477967E-04
   0.7800000E-02      0.1404006E-04
   0.8200000E-02      0.1337567E-04
   0.8600000E-02      0.1279902E-04
   0.9000000E-02      0.1206443E-04
   0.9400001E-02      0.1175730E-04
   0.9800000E-02      0.1129724E-04
   0.1025000E-01      0.1082464E-04
   0.1075000E-01      0.1035705E-04
   0.1125000E-01      0.9923316E-05
   0.1175000E-01      0.9430662E-05
   0.1237500E-01      0.8856523E-05
   0.1312500E-01      0.8355091E-05
   0.1387500E-01      0.7921354E-05
   0.1462500E-01      0.7535252E-05
   0.1550000E-01      0.7136615E-05
   0.1650000E-01      0.6732962E-05
   0.1750000E-01      0.6445893E-05
   0.1850000E-01      0.6127485E-05
   0.1950000E-01      0.5840416E-05
   0.2050000E-01      0.5568389E-05
   0.2150000E-01      0.5307646E-05
   0.2250000E-01      0.4992998E-05
   0.2350000E-01      0.4848836E-05
   0.2475000E-01      0.4601881E-05
   0.2625000E-01      0.4328602E-05
   0.2750000E-01      0.4123015E-05
   0.2900000E-01      0.3907400E-05
   0.3100000E-01      0.4018968E-05
   0.3300000E-01      0.3754463E-05
   0.3500000E-01      0.3553891E-05
   0.3700000E-01      0.3360840E-05
   0.3900000E-01      0.3184086E-05
   0.4125000E-01      0.2771659E-05
   0.4375000E-01      0.2616215E-05
   0.4625000E-01      0.2517183E-05
   0.4875000E-01      0.2533479E-05
   0.5125000E-01      0.2445729E-05
   0.5375000E-01      0.2352964E-05
   0.5625000E-01      0.2250171E-05
   0.5875000E-01      0.2136095E-05
   0.6150000E-01      0.1897916E-05
   0.6450000E-01      0.1802644E-05
   0.6750000E-01      0.1722415E-05
   0.7050000E-01      0.1650961E-05
   0.7400000E-01      0.1578254E-05
   0.7799999E-01      0.1490503E-05
   0.8200000E-01      0.1430332E-05
   0.8600000E-01      0.1371413E-05
   0.9000000E-01      0.1316256E-05
   0.9400000E-01      0.1264859E-05
   0.9800000E-01      0.1219730E-05
   0.1025000          0.1162066E-05
   0.1075000          0.1221109E-05
   0.1125000          0.1152664E-05
   0.1175000          0.1099136E-05
   0.1237500          0.1041221E-05
   0.1312500          0.9913288E-06
   0.1387500          0.8697317E-06
   0.1462500          0.8230987E-06
   0.1550000          0.7747106E-06
   0.1650000          0.7269493E-06
   0.1750000          0.6815699E-06
   0.1850000          0.6551194E-06
   0.1950000          0.6241560E-06
   0.2050000          0.5974549E-06
   0.2150000          0.5864234E-06
   0.2250000          0.5554600E-06
   0.2350000          0.5254995E-06
   0.2475000          0.5003026E-06
   0.2625000          0.4806215E-06
   0.2750000          0.4546724E-06
   0.2900000          0.4284726E-06
   0.3100000          0.4039026E-06
   0.3300000          0.3814635E-06
   0.3500000          0.3595259E-06
   0.3700000          0.3380897E-06
   0.3900000          0.3263061E-06
   0.4125000          0.3112632E-06
   0.4375000          0.2940891E-06
   0.4625000          0.2761630E-06
   0.4875000          0.2626244E-06
   0.5125000          0.2479575E-06
   0.5375000          0.2369261E-06
   0.5625000          0.2280257E-06
   0.5875000          0.2191253E-06
   0.6150000          0.2100995E-06
   0.6450000          0.2008230E-06
   0.6750000          0.1922987E-06
   0.7050000          0.1841505E-06
   0.7400000          0.1747487E-06
   0.7800000          0.1650961E-06
   0.8200000          0.1565718E-06
   0.8600000          0.1490503E-06
   0.9000000          0.1425317E-06
   0.9400000          0.1378935E-06
   0.9800000          0.1335059E-06
    1.050000          0.1266113E-06
    1.150000          0.1177610E-06
    1.250000          0.1101518E-06
    1.350000          0.1037084E-06
    1.450000          0.9785423E-07
    1.550000          0.9193734E-07
    1.650000          0.8605806E-07
    1.750000          0.8081811E-07
    1.850000          0.7611720E-07
    1.950000          0.7186757E-07
    2.050000          0.6724187E-07
    2.150000          0.6237800E-07
    2.250000          0.5804062E-07
    2.350000          0.5417959E-07
    2.450000          0.5070719E-07
    2.550000          0.4758579E-07
    2.650000          0.4475271E-07
    2.750000          0.4219540E-07
    2.850000          0.3985121E-07
    2.950000          0.3772013E-07
    3.050000          0.3560159E-07
    3.150000          0.3350812E-07
    3.250000          0.3159014E-07
    3.350000          0.2984767E-07
    3.450000          0.2823055E-07
    3.550000          0.2675133E-07
    3.650000          0.2539747E-07
    3.750000          0.2413136E-07
    3.850000          0.2296553E-07
    3.950000          0.2188746E-07
    4.050000          0.2042077E-07
    4.150000          0.1865323E-07
    4.250000          0.1707372E-07
    4.350000          0.1566971E-07
    4.450000          0.1440360E-07
    4.550000          0.1326285E-07
    4.650000          0.1223993E-07
    4.750000          0.1131479E-07
    4.850000          0.1048116E-07
    4.950000          0.9727758E-08
    5.050000          0.8832704E-08
    5.150000          0.7848645E-08
    5.250000          0.7011256E-08
    5.350000          0.6305493E-08
    5.450000          0.5721326E-08
    5.550000          0.5247473E-08
    5.650000          0.4877668E-08
    5.750000          0.4601882E-08
    5.850000          0.4413845E-08
    5.950000          0.4296008E-08
    6.050000          0.4218287E-08
    6.150000          0.4154354E-08
    6.250000          0.4094182E-08
    6.350000          0.4021475E-08
    6.450000          0.3923696E-08
    6.550000          0.3798338E-08
    6.650000          0.3649163E-08
    6.750000          0.3483690E-08
    6.850000          0.3304429E-08
    6.950000          0.3117646E-08
    7.050000          0.2929609E-08
    7.150000          0.2745334E-08
    7.250000          0.2566072E-08
    7.350000          0.2394332E-08
    7.450000          0.2232621E-08
    7.550000          0.2079684E-08
    7.650000          0.1935523E-08
    7.750000          0.1801390E-08
    7.850000          0.1676033E-08
    7.950000          0.1559450E-08
    8.050000          0.1456656E-08
    8.150000          0.1367653E-08
    8.250000          0.1282409E-08
    8.350000          0.1200801E-08
    8.450000          0.1124083E-08
    8.550000          0.1051626E-08
    8.650000          0.9833059E-09
    8.750000          0.9187466E-09
    8.850000          0.8581988E-09
    8.950000          0.8011610E-09
    9.050000          0.7477587E-09
    9.150000          0.6976156E-09
    9.250000          0.6506065E-09
    9.350000          0.6066059E-09
    9.450000          0.5654886E-09
    9.550000          0.5270037E-09
    9.650000          0.4910262E-09
    9.750000          0.4574303E-09
    9.850000          0.4260909E-09
    9.950000          0.3968825E-09
    10.05000          0.3695545E-09
    10.15000          0.3441069E-09
    10.25000          0.3202889E-09
    10.35000          0.2982260E-09
    10.45000          0.2775420E-09
    10.55000          0.2583622E-09
    10.65000          0.2404361E-09
    10.75000          0.2236382E-09
    10.85000          0.2080938E-09
    10.95000          0.1936777E-09
    11.05000          0.1801390E-09
    11.15000          0.1676032E-09
    11.25000          0.1559450E-09
    11.35000          0.1450389E-09
    11.45000          0.1348849E-09
    11.55000          0.1254831E-09
    11.65000          0.1166704E-09
    11.75000          0.1084846E-09
    11.85000          0.1008753E-09
    11.95000          0.9380518E-10
    12.05000          0.8721136E-10
    12.15000          0.8109390E-10
    12.25000          0.7540266E-10
    12.35000          0.7010003E-10
    12.45000          0.6517347E-10
    12.55000          0.6058538E-10
    12.65000          0.5632321E-10
    12.75000          0.5236192E-10
    12.85000          0.4866386E-10
    12.95000          0.4522906E-10
    13.05000          0.4204498E-10
    13.15000          0.3907400E-10
    13.25000          0.3630359E-10
    13.35000          0.3373376E-10
    13.45000          0.3135196E-10
    13.55000          0.2913313E-10
    13.65000          0.2706473E-10
    13.75000          0.2514676E-10
    13.85000          0.2336668E-10
    13.95000          0.2171196E-10
    14.05000          0.2017005E-10
    14.15000          0.1874098E-10
    14.25000          0.1741218E-10
    14.35000          0.1617114E-10
    14.45000          0.1503039E-10
    14.55000          0.1396485E-10
    14.65000          0.1297452E-10
    14.75000          0.1205064E-10
    14.85000          0.1119444E-10
    14.95000          0.1039842E-10
    15.05000          0.9657558E-11
    15.15000          0.8969344E-11
    15.25000          0.8328766E-11
    15.35000          0.7734571E-11
    15.45000          0.7181743E-11
    15.55000          0.6667777E-11
    15.65000          0.6190163E-11
    15.75000          0.5747651E-11
    15.85000          0.5335224E-11
    15.95000          0.4952883E-11
    16.05000          0.4598120E-11
    16.15000          0.4268430E-11
    16.25000          0.3961303E-11
    16.35000          0.3676742E-11
    16.45000          0.3412237E-11
    16.55000          0.3166536E-11
    16.65000          0.2939639E-11
    16.75000          0.2727783E-11
    16.85000          0.2530972E-11
    16.95000          0.2347950E-11
    17.05000          0.2178717E-11
    17.15000          0.2022020E-11
    17.25000          0.1875351E-11
    17.35000          0.1739965E-11
    17.45000          0.1614607E-11
    17.55000          0.1498024E-11
    17.65000          0.1390217E-11
    17.75000          0.1288677E-11
    17.85000          0.1194032E-11
    17.95000          0.1111798E-11
    18.05000          0.1000000E-29
    18.15000          0.1000000E-29
    18.25000          0.1000000E-29
    18.35000          0.1000000E-29
    18.45000          0.1000000E-29
    18.55000          0.1000000E-29
    18.65000          0.1000000E-29
    18.75000          0.1000000E-29
    18.85000          0.1000000E-29
    18.95000          0.1000000E-29
    19.05000          0.1000000E-29
    19.15000          0.1000000E-29
    19.25000          0.1000000E-29
    19.35000          0.1000000E-29
    19.45000          0.1000000E-29
    19.55000          0.1000000E-29
    19.65000          0.1000000E-29
    19.75000          0.1000000E-29
    19.85000          0.1000000E-29
    19.95000          0.1000000E-29
