    19.95000          0.1288818E-12
    19.85000          0.1389218E-12
    19.75000          0.1497230E-12
    19.65000          0.1614315E-12
    19.55000          0.1740182E-12
    19.45000          0.1874830E-12
    19.35000          0.2021187E-12
    19.25000          0.2179252E-12
    19.15000          0.2349026E-12
    19.05000          0.2530508E-12
    18.95000          0.2728090E-12
    18.85000          0.2940307E-12
    18.75000          0.3168624E-12
    18.65000          0.3415967E-12
    18.55000          0.3680872E-12
    18.45000          0.3967732E-12
    18.35000          0.4275081E-12
    18.25000          0.4607311E-12
    18.15000          0.4965885E-12
    18.05000          0.5352266E-12
    17.95000          0.5767920E-12
    17.85000          0.6215772E-12
    17.75000          0.6698748E-12
    17.65000          0.7218315E-12
    17.55000          0.7778862E-12
    17.45000          0.8381852E-12
    17.35000          0.9033139E-12
    17.25000          0.9732724E-12
    17.15000          0.1048792E-11
    17.05000          0.1130020E-11
    16.95000          0.1217542E-11
    16.85000          0.1311796E-11
    16.75000          0.1413367E-11
    16.65000          0.1522110E-11
    16.55000          0.1640659E-11
    16.45000          0.1767990E-11
    16.35000          0.1904101E-11
    16.25000          0.2051922E-11
    16.15000          0.2209987E-11
    16.05000          0.2381225E-11
    15.95000          0.2564170E-11
    15.85000          0.2763215E-11
    15.75000          0.2976897E-11
    15.65000          0.3205213E-11
    15.55000          0.3452556E-11
    15.45000          0.3718925E-11
    15.35000          0.4005784E-11
    15.25000          0.4314597E-11
    15.15000          0.4646827E-11
    15.05000          0.5005401E-11
    14.95000          0.5390319E-11
    14.85000          0.5805973E-11
    14.75000          0.6252361E-11
    14.65000          0.6732411E-11
    14.55000          0.7249050E-11
    14.45000          0.7805206E-11
    14.35000          0.8403805E-11
    14.25000          0.9047775E-11
    14.15000          0.9741506E-11
    14.05000          0.1048793E-10
    13.95000          0.1129142E-10
    13.85000          0.1215346E-10
    13.75000          0.1308137E-10
    13.65000          0.1407806E-10
    13.55000          0.1514792E-10
    13.45000          0.1630414E-10
    13.35000          0.1753354E-10
    13.25000          0.1886538E-10
    13.15000          0.2029968E-10
    13.05000          0.2182179E-10
    12.95000          0.2346099E-10
    12.85000          0.2520263E-10
    12.75000          0.2704673E-10
    12.65000          0.2900791E-10
    12.55000          0.3108618E-10
    12.45000          0.3329616E-10
    12.35000          0.3562323E-10
    12.25000          0.3811130E-10
    12.15000          0.4078963E-10
    12.05000          0.4368749E-10
    11.95000          0.4684880E-10
    11.85000          0.5030282E-10
    11.75000          0.5403492E-10
    11.65000          0.5804509E-10
    11.55000          0.6237725E-10
    11.45000          0.6707530E-10
    11.35000          0.7212461E-10
    11.25000          0.7755445E-10
    11.15000          0.8337944E-10
    11.05000          0.8961425E-10
    10.95000          0.9630274E-10
    10.85000          0.1034742E-09
    10.75000          0.1111872E-09
    10.65000          0.1194710E-09
    10.55000          0.1283695E-09
    10.45000          0.1379120E-09
    10.35000          0.1481130E-09
    10.25000          0.1592362E-09
    10.15000          0.1709447E-09
    10.05000          0.1836777E-09
    9.950000          0.1974352E-09
    9.850000          0.2120709E-09
    9.750000          0.2278775E-09
    9.650000          0.2447085E-09
    9.550000          0.2627104E-09
    9.450000          0.2821758E-09
    9.350000          0.3029585E-09
    9.250000          0.3252048E-09
    9.150000          0.3492072E-09
    9.050000          0.3749660E-09
    8.950000          0.4026274E-09
    8.850000          0.4323379E-09
    8.750000          0.4643900E-09
    8.650000          0.4989302E-09
    8.550000          0.5359584E-09
    8.450000          0.5757675E-09
    8.350000          0.6183573E-09
    8.250000          0.6643133E-09
    8.150000          0.7136355E-09
    8.050000          0.7669094E-09
    7.950000          0.8239886E-09
    7.850000          0.8857511E-09
    7.750000          0.9535143E-09
    7.650000          0.1028595E-08
    7.550000          0.1110701E-08
    7.450000          0.1199247E-08
    7.350000          0.1295550E-08
    7.250000          0.1400927E-08
    7.150000          0.1514793E-08
    7.050000          0.1637732E-08
    6.950000          0.1773844E-08
    6.850000          0.1923128E-08
    6.750000          0.2085584E-08
    6.650000          0.2271457E-08
    6.550000          0.2480747E-08
    6.450000          0.2714918E-08
    6.350000          0.2976897E-08
    6.250000          0.3265219E-08
    6.150000          0.3571105E-08
    6.050000          0.3897481E-08
    5.950000          0.4228247E-08
    5.850000          0.4559013E-08
    5.750000          0.4919051E-08
    5.650000          0.5317141E-08
    5.550000          0.5754748E-08
    5.450000          0.6242116E-08
    5.350000          0.6783636E-08
    5.250000          0.7385161E-08
    5.150000          0.8056940E-08
    5.050000          0.8809213E-08
    4.950000          0.9472210E-08
    4.850000          0.1001373E-07
    4.750000          0.1059916E-07
    4.650000          0.1123434E-07
    4.550000          0.1192222E-07
    4.450000          0.1267596E-07
    4.350000          0.1349556E-07
    4.250000          0.1439858E-07
    4.150000          0.1539673E-07
    4.050000          0.1650904E-07
    3.950000          0.1763599E-07
    3.850000          0.1879221E-07
    3.750000          0.2005088E-07
    3.650000          0.2145590E-07
    3.550000          0.2300728E-07
    3.450000          0.2473429E-07
    3.350000          0.2668084E-07
    3.250000          0.2886155E-07
    3.150000          0.3133498E-07
    3.050000          0.3420357E-07
    2.950000          0.3721852E-07
    2.850000          0.4040910E-07
    2.750000          0.4412656E-07
    2.650000          0.4837090E-07
    2.550000          0.5320068E-07
    2.450000          0.5876224E-07
    2.350000          0.6515803E-07
    2.250000          0.7259296E-07
    2.150000          0.8137436E-07
    2.050000          0.9170714E-07
    1.950000          0.1012789E-06
    1.850000          0.1097822E-06
    1.750000          0.1190612E-06
    1.650000          0.1288964E-06
    1.550000          0.1389511E-06
    1.450000          0.1481130E-06
    1.350000          0.1557236E-06
    1.250000          0.1643586E-06
    1.150000          0.1754817E-06
    1.050000          0.1902638E-06
   0.9800000          0.2029968E-06
   0.9400000          0.2116319E-06
   0.9000000          0.2218768E-06
   0.8600000          0.2313900E-06
   0.8200000          0.2413423E-06
   0.7800000          0.2527581E-06
   0.7400000          0.2657839E-06
   0.7050000          0.2758825E-06
   0.6750000          0.2852493E-06
   0.6450000          0.2963724E-06
   0.6150000          0.3107154E-06
   0.5875000          0.3238875E-06
   0.5625000          0.3363278E-06
   0.5375000          0.3502317E-06
   0.5125000          0.3644283E-06
   0.4875000          0.3758441E-06
   0.4625000          0.3904798E-06
   0.4375000          0.4065790E-06
   0.4125000          0.4251664E-06
   0.3900000          0.4444854E-06
   0.3700000          0.4646827E-06
   0.3500000          0.4838554E-06
   0.3300000          0.5058090E-06
   0.3100000          0.5311286E-06
   0.2900000          0.5615709E-06
   0.2750000          0.5858661E-06
   0.2625000          0.6076731E-06
   0.2475000          0.6438234E-06
   0.2350000          0.6739729E-06
   0.2250000          0.6981217E-06
   0.2150000          0.7263686E-06
   0.2050000          0.7682266E-06
   0.1950000          0.7998397E-06
   0.1850000          0.8276475E-06
   0.1750000          0.8592606E-06
   0.1650000          0.8851655E-06
   0.1550000          0.9107782E-06
   0.1462500          0.9381469E-06
   0.1387500          0.9712235E-06
   0.1312500          0.9731261E-06
   0.1237500          0.1024790E-05
   0.1175000          0.1062696E-05
   0.1125000          0.1095920E-05
   0.1075000          0.1129142E-05
   0.1025000          0.1232324E-05
   0.9800000E-01      0.1274328E-05
   0.9400000E-01      0.1329358E-05
   0.9000000E-01      0.1374143E-05
   0.8600000E-01      0.1418051E-05
   0.8200000E-01      0.1467958E-05
   0.7799999E-01      0.1520647E-05
   0.7400000E-01      0.1573335E-05
   0.7050000E-01      0.1627487E-05
   0.6750000E-01      0.1678712E-05
   0.6450000E-01      0.1731400E-05
   0.6150000E-01      0.1782625E-05
   0.5875000E-01      0.1734328E-05
   0.5625000E-01      0.1767989E-05
   0.5375000E-01      0.1822142E-05
   0.5125000E-01      0.1882148E-05
   0.4875000E-01      0.1964108E-05
   0.4625000E-01      0.2149981E-05
   0.4375000E-01      0.2265603E-05
   0.4125000E-01      0.2360734E-05
   0.3900000E-01      0.2258285E-05
   0.3700000E-01      0.2332926E-05
   0.3500000E-01      0.2397324E-05
   0.3300000E-01      0.2529045E-05
   0.3100000E-01      0.2634422E-05
   0.2900000E-01      0.2988605E-05
   0.2750000E-01      0.3099836E-05
   0.2625000E-01      0.3225703E-05
   0.2475000E-01      0.3298881E-05
   0.2350000E-01      0.3443774E-05
   0.2250000E-01      0.3610621E-05
   0.2150000E-01      0.3736488E-05
   0.2050000E-01      0.3874063E-05
   0.1950000E-01      0.4097989E-05
   0.1850000E-01      0.4193122E-05
   0.1750000E-01      0.4343869E-05
   0.1650000E-01      0.4567795E-05
   0.1550000E-01      0.4768303E-05
   0.1462500E-01      0.4835627E-05
   0.1387500E-01      0.5024428E-05
   0.1312500E-01      0.5232253E-05
   0.1237500E-01      0.5423981E-05
   0.1175000E-01      0.5803045E-05
   0.1125000E-01      0.6025507E-05
   0.1075000E-01      0.6306513E-05
   0.1025000E-01      0.6502631E-05
   0.9800000E-02      0.6868523E-05
   0.9400001E-02      0.6959264E-05
   0.9000000E-02      0.7184653E-05
   0.8600000E-02      0.7254905E-05
   0.8200000E-02      0.7423214E-05
   0.7800000E-02      0.7241732E-05
   0.7400000E-02      0.7724710E-05
   0.7050000E-02      0.7900338E-05
   0.6750000E-02      0.8154999E-05
   0.6450000E-02      0.8416977E-05
   0.6150000E-02      0.8686274E-05
   0.5875000E-02      0.8396487E-05
   0.5625000E-02      0.8436004E-05
   0.5375000E-02      0.8613096E-05
   0.5125000E-02      0.8959962E-05
   0.4875000E-02      0.9688817E-05
   0.4625000E-02      0.1014106E-04
   0.4375000E-02      0.1042792E-04
   0.4125000E-02      0.1071770E-04
   0.3900000E-02      0.1120361E-04
   0.3700000E-02      0.1155486E-04
   0.3500000E-02      0.1122117E-04
   0.3300000E-02      0.1096651E-04
   0.3100000E-02      0.1129581E-04
   0.2900000E-02      0.1162365E-04
   0.2750000E-02      0.1181977E-04
   0.2625000E-02      0.1220615E-04
   0.2475000E-02      0.1279304E-04
   0.2350000E-02      0.1332139E-04
   0.2250000E-02      0.1391414E-04
   0.2150000E-02      0.1453030E-04
   0.2050000E-02      0.1513329E-04
   0.1950000E-02      0.1579189E-04
   0.1850000E-02      0.1645050E-04
   0.1750000E-02      0.1712374E-04
   0.1650000E-02      0.1792870E-04
   0.1550000E-02      0.1877757E-04
   0.1462500E-02      0.1961181E-04
   0.1387500E-02      0.2043140E-04
   0.1312500E-02      0.2132418E-04
   0.1237500E-02      0.2242186E-04
   0.1175000E-02      0.2366589E-04
   0.1125000E-02      0.2438304E-04
   0.1075000E-02      0.2515873E-04
   0.1025000E-02      0.2597832E-04
   0.9800000E-03      0.2690037E-04
   0.9400000E-03      0.2706137E-04
   0.9000000E-03      0.2811513E-04
   0.8600000E-03      0.2924208E-04
   0.8200000E-03      0.3033976E-04
   0.7800000E-03      0.3174478E-04
   0.7400000E-03      0.3309127E-04
   0.7050000E-03      0.3430602E-04
   0.6750000E-03      0.3538906E-04
   0.6450000E-03      0.3661846E-04
   0.6150000E-03      0.3768687E-04
   0.5875000E-03      0.3887235E-04
   0.5625000E-03      0.3997004E-04
   0.5375000E-03      0.4127261E-04
   0.5125000E-03      0.4494616E-04
   0.4875000E-03      0.4623410E-04
   0.4625000E-03      0.4753668E-04
   0.4375000E-03      0.4880998E-04
   0.4125000E-03      0.4998083E-04
   0.3900000E-03      0.4999547E-04
   0.3700000E-03      0.5151758E-04
   0.3500000E-03      0.5324459E-04
   0.3300000E-03      0.5519114E-04
   0.3100000E-03      0.5728404E-04
   0.2900000E-03      0.5966965E-04
   0.2750000E-03      0.6187964E-04
   0.2625000E-03      0.6389936E-04
   0.2475000E-03      0.6619716E-04
   0.2350000E-03      0.6830470E-04
   0.2250000E-03      0.6992926E-04
   0.2150000E-03      0.7152455E-04
   0.2050000E-03      0.7313448E-04
   0.1950000E-03      0.7481757E-04
   0.1850000E-03      0.7720319E-04
   0.1750000E-03      0.7863748E-04
   0.1650000E-03      0.7824232E-04
   0.1550000E-03      0.7483221E-04
   0.1462500E-03      0.7377844E-04
   0.1387500E-03      0.7609088E-04
   0.1312500E-03      0.7887166E-04
   0.1237500E-03      0.8228176E-04
   0.1175000E-03      0.8594069E-04
   0.1125000E-03      0.9356587E-04
   0.1075000E-03      0.1030791E-03
   0.1025000E-03      0.1105140E-03
   0.9800000E-04      0.1174220E-03
   0.9400000E-04      0.1224274E-03
   0.9000000E-04      0.1292623E-03
   0.8600000E-04      0.1375168E-03
   0.8200000E-04      0.1439126E-03
   0.7800000E-04      0.1503084E-03
   0.7400000E-04      0.1574799E-03
   0.7050000E-04      0.1642123E-03
   0.6750000E-04      0.1699202E-03
   0.6450000E-04      0.1760672E-03
   0.6150000E-04      0.1826532E-03
   0.5875000E-04      0.1890929E-03
   0.5625000E-04      0.1955326E-03
   0.5375000E-04      0.2048995E-03
   0.5125000E-04      0.2148517E-03
   0.4875000E-04      0.2229013E-03
   0.4625000E-04      0.2302192E-03
   0.4375000E-04      0.2382688E-03
   0.4125000E-04      0.2469038E-03
   0.3900000E-04      0.2555389E-03
   0.3700000E-04      0.2637349E-03
   0.3500000E-04      0.2728090E-03
   0.3300000E-04      0.2824686E-03
   0.3100000E-04      0.2930062E-03
   0.2900000E-04      0.3042757E-03
   0.2750000E-04      0.3130571E-03
   0.2625000E-04      0.3211067E-03
   0.2475000E-04      0.3313517E-03
   0.2350000E-04      0.3405722E-03
   0.2250000E-04      0.3486218E-03
   0.2150000E-04      0.3572568E-03
   0.2050000E-04      0.3664773E-03
   0.1950000E-04      0.3733561E-03
   0.1850000E-04      0.3778932E-03
   0.1750000E-04      0.3827229E-03
   0.1650000E-04      0.3878454E-03
   0.1550000E-04      0.3932606E-03
   0.1462500E-04      0.3983831E-03
   0.1387500E-04      0.4030665E-03
   0.1312500E-04      0.4078963E-03
   0.1237500E-04      0.4131651E-03
   0.1175000E-04      0.4178486E-03
   0.1125000E-04      0.4218002E-03
   0.1075000E-04      0.4260445E-03
   0.1025000E-04      0.4302889E-03
   0.9800000E-05      0.4332160E-03
   0.9400001E-05      0.4343868E-03
   0.8999999E-05      0.4355577E-03
   0.8600000E-05      0.4367286E-03
   0.8200001E-05      0.4376067E-03
   0.7800000E-05      0.4386312E-03
   0.7400000E-05      0.4393630E-03
   0.7050000E-05      0.4390703E-03
   0.6750000E-05      0.4374603E-03
   0.6450000E-05      0.4351186E-03
   0.6150000E-05      0.4320452E-03
   0.5875000E-05      0.4273617E-03
   0.5625000E-05      0.4212148E-03
   0.5375000E-05      0.4193121E-03
   0.5125000E-05      0.4198975E-03
   0.4875000E-05      0.4198975E-03
   0.4625000E-05      0.4194585E-03
   0.4375000E-05      0.4190194E-03
   0.4125000E-05      0.4226783E-03
   0.3900000E-05      0.4280935E-03
   0.3700000E-05      0.4321915E-03
   0.3500000E-05      0.4351187E-03
   0.3300000E-05      0.4367286E-03
   0.3100000E-05      0.4376067E-03
   0.2900000E-05      0.4368749E-03
   0.2750000E-05      0.4351187E-03
   0.2625000E-05      0.4333623E-03
   0.2475000E-05      0.4310206E-03
   0.2350000E-05      0.4286789E-03
   0.2250000E-05      0.4267763E-03
   0.2150000E-05      0.4248737E-03
   0.2050000E-05      0.4226783E-03
   0.1950000E-05      0.4188730E-03
   0.1850000E-05      0.4133115E-03
   0.1750000E-05      0.4074572E-03
   0.1650000E-05      0.4014566E-03
   0.1550000E-05      0.3950169E-03
   0.1462500E-05      0.3891626E-03
   0.1387500E-05      0.3840401E-03
   0.1312500E-05      0.3784786E-03
   0.1237500E-05      0.3727706E-03
   0.1175000E-05      0.3679409E-03
   0.1125000E-05      0.3638429E-03
   0.1075000E-05      0.3595985E-03
   0.1025000E-05      0.3552078E-03
   0.9800000E-06      0.3505244E-03
   0.9399999E-06      0.3454019E-03
   0.9000000E-06      0.3402795E-03
   0.8600000E-06      0.3350106E-03
   0.8200000E-06      0.3295954E-03
   0.7800000E-06      0.3238875E-03
   0.7400000E-06      0.3180332E-03
   0.7050000E-06      0.3113008E-03
   0.6750000E-06      0.3035439E-03
   0.6450000E-06      0.2956407E-03
   0.6150000E-06      0.2877374E-03
   0.5875000E-06      0.2801268E-03
   0.5625000E-06      0.2731017E-03
   0.5375000E-06      0.2659302E-03
   0.5125000E-06      0.2586124E-03
   0.4875000E-06      0.2505628E-03
   0.4625000E-06      0.2417814E-03
   0.4375000E-06      0.2328536E-03
   0.4125000E-06      0.2233404E-03
   0.3900000E-06      0.2141199E-03
   0.3700000E-06      0.2048995E-03
   0.3500000E-06      0.1948009E-03
   0.3300000E-06      0.1839704E-03
   0.3100000E-06      0.1734328E-03
   0.2900000E-06      0.1620169E-03
   0.2750000E-06      0.1526501E-03
   0.2625000E-06      0.1455957E-03
   0.2475000E-06      0.1387023E-03
   0.2350000E-06      0.1336822E-03
   0.2250000E-06      0.1297306E-03
   0.2150000E-06      0.1258522E-03
   0.2050000E-06      0.1219445E-03
   0.1950000E-06      0.1178611E-03
   0.1850000E-06      0.1135875E-03
   0.1750000E-06      0.1092553E-03
   0.1650000E-06      0.1048500E-03
   0.1550000E-06      0.1003568E-03
   0.1462500E-06      0.9636129E-04
   0.1387500E-06      0.9286336E-04
   0.1312500E-06      0.8932153E-04
   0.1237500E-06      0.8572116E-04
   0.1175000E-06      0.8266230E-04
   0.1125000E-06      0.8018887E-04
   0.1075000E-06      0.7767153E-04
   0.1025000E-06      0.7512492E-04
   0.9800000E-07      0.7216852E-04
   0.9400000E-07      0.6881695E-04
   0.9000000E-07      0.6549464E-04
   0.8600000E-07      0.6218698E-04
   0.8200000E-07      0.5890859E-04
   0.7800000E-07      0.5564484E-04
   0.7400000E-07      0.5241036E-04
   0.7050000E-07      0.4980521E-04
   0.6750000E-07      0.4781475E-04
   0.6450000E-07      0.4580967E-04
   0.6150000E-07      0.4380457E-04
   0.5875000E-07      0.4196048E-04
   0.5625000E-07      0.4029201E-04
   0.5375000E-07      0.3859428E-04
   0.5125000E-07      0.3691118E-04
   0.4875000E-07      0.3515489E-04
   0.4625000E-07      0.3335471E-04
   0.4375000E-07      0.3155451E-04
   0.4125000E-07      0.2975433E-04
   0.3900000E-07      0.2812977E-04
   0.3700000E-07      0.2669547E-04
   0.3500000E-07      0.2524654E-04
   0.3300000E-07      0.2379761E-04
   0.3100000E-07      0.2236331E-04
   0.2900000E-07      0.2091438E-04
   0.2750000E-07      0.1983134E-04
   0.2625000E-07      0.1892393E-04
   0.2475000E-07      0.1784089E-04
   0.2350000E-07      0.1694811E-04
   0.2250000E-07      0.1621633E-04
   0.2150000E-07      0.1549918E-04
   0.2050000E-07      0.1476740E-04
   0.1950000E-07      0.1405317E-04
   0.1850000E-07      0.1333017E-04
   0.1750000E-07      0.1260864E-04
   0.1650000E-07      0.1188710E-04
   0.1550000E-07      0.1116556E-04
   0.1462500E-07      0.1053476E-04
   0.1387500E-07      0.9994703E-05
   0.1312500E-07      0.9453183E-05
   0.1237500E-07      0.8913127E-05
   0.1175000E-07      0.8462348E-05
   0.1125000E-07      0.8102310E-05
   0.1075000E-07      0.7740809E-05
   0.1025000E-07      0.7380771E-05
   0.9800000E-08      0.7057322E-05
   0.9400000E-08      0.6769001E-05
   0.9000000E-08      0.6480677E-05
   0.8600000E-08      0.6192355E-05
   0.8200000E-08      0.5904032E-05
   0.7800000E-08      0.5615709E-05
   0.7400000E-08      0.5328850E-05
   0.7050000E-08      0.5075653E-05
   0.6750000E-08      0.4860507E-05
   0.6450000E-08      0.4643900E-05
   0.6150000E-08      0.4428755E-05
   0.5875000E-08      0.4229711E-05
   0.5625000E-08      0.4049691E-05
   0.5375000E-08      0.3869673E-05
   0.5125000E-08      0.3689654E-05
   0.4875000E-08      0.3509635E-05
   0.4625000E-08      0.3329616E-05
   0.4375000E-08      0.3149597E-05
   0.4125000E-08      0.2969578E-05
   0.3900000E-08      0.2808586E-05
   0.3700000E-08      0.2663693E-05
   0.3500000E-08      0.2520263E-05
   0.3300000E-08      0.2375370E-05
   0.3100000E-08      0.2231940E-05
   0.2900000E-08      0.2088511E-05
   0.2750000E-08      0.1980207E-05
   0.2625000E-08      0.1889466E-05
   0.2475000E-08      0.1782625E-05
   0.2350000E-08      0.1691884E-05
   0.2250000E-08      0.1620169E-05
   0.2150000E-08      0.1548455E-05
   0.2050000E-08      0.1475276E-05
   0.1950000E-08      0.1404000E-05
   0.1850000E-08      0.1331993E-05
   0.1750000E-08      0.1259985E-05
   0.1650000E-08      0.1187978E-05
   0.1550000E-08      0.1115970E-05
   0.1462500E-08      0.1053037E-05
   0.1387500E-08      0.9990313E-06
   0.1312500E-08      0.9450256E-06
   0.1237500E-08      0.8910200E-06
   0.1175000E-08      0.8459421E-06
   0.1125000E-08      0.8099383E-06
   0.1075000E-08      0.7739345E-06
   0.1025000E-08      0.7379307E-06
   0.9800000E-09      0.7055859E-06
   0.9400000E-09      0.6767537E-06
   0.9000000E-09      0.6479214E-06
   0.8600000E-09      0.6192354E-06
   0.8200000E-09      0.5904031E-06
   0.7800000E-09      0.5615708E-06
   0.7400000E-09      0.5327386E-06
   0.7050000E-09      0.5075652E-06
   0.6750000E-09      0.4860508E-06
   0.6450000E-09      0.4643900E-06
   0.6150000E-09      0.4427292E-06
   0.5875000E-09      0.4229710E-06
   0.5625000E-09      0.4049691E-06
   0.5375000E-09      0.3869673E-06
   0.5125000E-09      0.3689654E-06
   0.4875000E-09      0.3509635E-06
   0.4625000E-09      0.3329616E-06
   0.4375000E-09      0.3149597E-06
   0.4125000E-09      0.2969579E-06
   0.3900000E-09      0.2808586E-06
   0.3700000E-09      0.2663693E-06
   0.3500000E-09      0.2520263E-06
   0.3300000E-09      0.2375370E-06
   0.3100000E-09      0.2231940E-06
   0.2900000E-09      0.2088511E-06
   0.2750000E-09      0.1980207E-06
   0.2625000E-09      0.1889466E-06
   0.2475000E-09      0.1782625E-06
   0.2350000E-09      0.1691884E-06
   0.2250000E-09      0.1620169E-06
   0.2150000E-09      0.1548455E-06
   0.2050000E-09      0.1475276E-06
   0.1950000E-09      0.1404000E-06
   0.1850000E-09      0.1331993E-06
   0.1750000E-09      0.1259985E-06
   0.1650000E-09      0.1187978E-06
   0.1550000E-09      0.1115970E-06
   0.1462500E-09      0.1053037E-06
   0.1387500E-09      0.9990312E-07
   0.1312500E-09      0.9450256E-07
   0.1237500E-09      0.8910200E-07
   0.1175000E-09      0.8459421E-07
   0.1125000E-09      0.8099382E-07
   0.1075000E-09      0.7739346E-07
   0.1025000E-09      0.7379307E-07
