1.995000e+01 1.463385e-13 1.995000e+01 2.893245e-13 1.995000e+01 1.288818e-13 
1.985000e+01 1.577685e-13 1.985000e+01 3.119234e-13 1.985000e+01 1.389218e-13 
1.975000e+01 1.700537e-13 1.975000e+01 3.362045e-13 1.975000e+01 1.497230e-13 
1.965000e+01 1.833079e-13 1.965000e+01 3.624601e-13 1.965000e+01 1.614315e-13 
1.955000e+01 1.976168e-13 1.955000e+01 3.906905e-13 1.955000e+01 1.740182e-13 
1.945000e+01 2.130089e-13 1.945000e+01 4.211149e-13 1.945000e+01 1.874830e-13 
1.935000e+01 2.295981e-13 1.935000e+01 4.539529e-13 1.935000e+01 2.021187e-13 
1.925000e+01 2.474985e-13 1.925000e+01 4.892773e-13 1.925000e+01 2.179252e-13 
1.915000e+01 2.667671e-13 1.915000e+01 5.273810e-13 1.915000e+01 2.349026e-13 
1.905000e+01 2.876033e-13 1.905000e+01 5.684832e-13 1.905000e+01 2.530508e-13 
1.895000e+01 3.098363e-13 1.895000e+01 6.127303e-13 1.895000e+01 2.728090e-13 
1.885000e+01 3.340645e-13 1.885000e+01 6.604147e-13 1.885000e+01 2.940307e-13 
1.875000e+01 3.600030e-13 1.875000e+01 7.118290e-13 1.875000e+01 3.168624e-13 
1.865000e+01 3.882218e-13 1.865000e+01 7.671927e-13 1.865000e+01 3.415967e-13 
1.855000e+01 4.184358e-13 1.855000e+01 8.271640e-13 1.855000e+01 3.680872e-13 
1.845000e+01 4.509301e-13 1.845000e+01 8.915232e-13 1.845000e+01 3.967732e-13 
1.835000e+01 4.859899e-13 1.835000e+01 9.602708e-13 1.835000e+01 4.275081e-13 
1.825000e+01 5.238998e-13 1.825000e+01 1.035600e-12 1.825000e+01 4.607311e-13 
1.815000e+01 5.646602e-13 1.815000e+01 1.116050e-12 1.815000e+01 4.965885e-13 
1.805000e+01 6.085562e-13 1.805000e+01 1.202350e-12 1.805000e+01 5.352266e-13 
1.795000e+01 6.558724e-13 1.795000e+01 1.295963e-12 1.795000e+01 5.767920e-13 
1.785000e+01 7.068942e-13 1.785000e+01 1.396890e-12 1.785000e+01 6.215772e-13 
1.775000e+01 7.619065e-13 1.775000e+01 1.505131e-12 1.775000e+01 6.698748e-13 
1.765000e+01 8.211945e-13 1.765000e+01 1.622148e-12 1.765000e+01 7.218315e-13 
1.755000e+01 8.847580e-13 1.755000e+01 1.747941e-12 1.755000e+01 7.778862e-13 
1.745000e+01 9.534522e-13 1.745000e+01 1.883974e-12 1.745000e+01 8.381852e-13 
1.735000e+01 1.027562e-12 1.735000e+01 2.030245e-12 1.735000e+01 9.033139e-13 
1.725000e+01 1.107373e-12 1.725000e+01 2.187487e-12 1.725000e+01 9.732724e-13 
1.715000e+01 1.193454e-12 1.715000e+01 2.357161e-12 1.715000e+01 1.048792e-12 
1.705000e+01 1.286091e-12 1.705000e+01 2.540000e-12 1.705000e+01 1.130020e-12 
1.695000e+01 1.385855e-12 1.695000e+01 2.737467e-12 1.695000e+01 1.217542e-12 
1.685000e+01 1.493599e-12 1.685000e+01 2.949560e-12 1.685000e+01 1.311796e-12 
1.675000e+01 1.609325e-12 1.675000e+01 3.177743e-12 1.675000e+01 1.413367e-12 
1.665000e+01 1.734171e-12 1.665000e+01 3.424210e-12 1.665000e+01 1.522110e-12 
1.655000e+01 1.868709e-12 1.655000e+01 3.689692e-12 1.655000e+01 1.640659e-12 
1.645000e+01 2.013509e-12 1.645000e+01 3.974921e-12 1.645000e+01 1.767990e-12 
1.635000e+01 2.169709e-12 1.635000e+01 4.282823e-12 1.635000e+01 1.904101e-12 
1.625000e+01 2.337882e-12 1.625000e+01 4.614858e-12 1.625000e+01 2.051922e-12 
1.615000e+01 2.518881e-12 1.615000e+01 4.971760e-12 1.615000e+01 2.209987e-12 
1.605000e+01 2.714132e-12 1.605000e+01 5.356454e-12 1.605000e+01 2.381225e-12 
1.595000e+01 2.924490e-12 1.595000e+01 5.771132e-12 1.595000e+01 2.564170e-12 
1.585000e+01 3.149670e-12 1.585000e+01 6.217259e-12 1.585000e+01 2.763215e-12 
1.575000e+01 3.394803e-12 1.575000e+01 6.697761e-12 1.575000e+01 2.976897e-12 
1.565000e+01 3.657038e-12 1.565000e+01 7.215561e-12 1.565000e+01 3.205213e-12 
1.555000e+01 3.942076e-12 1.555000e+01 7.774317e-12 1.555000e+01 3.452556e-12 
1.545000e+01 4.247066e-12 1.545000e+01 8.374030e-12 1.545000e+01 3.718925e-12 
1.535000e+01 4.574860e-12 1.535000e+01 9.017623e-12 1.535000e+01 4.005784e-12 
1.525000e+01 4.928307e-12 1.525000e+01 9.719724e-12 1.525000e+01 4.314597e-12 
1.515000e+01 5.310258e-12 1.515000e+01 1.046571e-11 1.515000e+01 4.646827e-12 
1.505000e+01 5.720713e-12 1.505000e+01 1.127751e-11 1.505000e+01 5.005401e-12 
1.495000e+01 6.162521e-12 1.495000e+01 1.214783e-11 1.495000e+01 5.390319e-12 
1.485000e+01 6.641385e-12 1.485000e+01 1.308396e-11 1.485000e+01 5.805973e-12 
1.475000e+01 7.154454e-12 1.475000e+01 1.409324e-11 1.475000e+01 6.252361e-12 
1.465000e+01 7.704578e-12 1.465000e+01 1.517564e-11 1.465000e+01 6.732411e-12 
1.455000e+01 8.300307e-12 1.455000e+01 1.634581e-11 1.455000e+01 7.249050e-12 
1.445000e+01 8.941642e-12 1.445000e+01 1.760374e-11 1.445000e+01 7.805206e-12 
1.435000e+01 9.634285e-12 1.435000e+01 1.895676e-11 1.435000e+01 8.403805e-12 
1.425000e+01 1.038108e-11 1.425000e+01 2.041947e-11 1.425000e+01 9.047775e-12 
1.415000e+01 1.118489e-11 1.415000e+01 2.199188e-11 1.415000e+01 9.741506e-12 
1.405000e+01 1.205141e-11 1.405000e+01 2.368863e-11 1.405000e+01 1.048793e-11 
1.395000e+01 1.298348e-11 1.395000e+01 2.550971e-11 1.395000e+01 1.129142e-11 
1.385000e+01 1.398967e-11 1.385000e+01 2.746974e-11 1.385000e+01 1.215346e-11 
1.375000e+01 1.507281e-11 1.375000e+01 2.958336e-11 1.375000e+01 1.308137e-11 
1.365000e+01 1.624146e-11 1.365000e+01 3.185788e-11 1.365000e+01 1.407806e-11 
1.355000e+01 1.750133e-11 1.355000e+01 3.430792e-11 1.355000e+01 1.514792e-11 
1.345000e+01 1.886382e-11 1.345000e+01 3.694812e-11 1.345000e+01 1.630414e-11 
1.335000e+01 2.033461e-11 1.335000e+01 3.979310e-11 1.335000e+01 1.753354e-11 
1.325000e+01 2.192798e-11 1.325000e+01 4.285748e-11 1.325000e+01 1.886538e-11 
1.315000e+01 2.364960e-11 1.315000e+01 4.616321e-11 1.315000e+01 2.029968e-11 
1.305000e+01 2.551660e-11 1.305000e+01 4.971760e-11 1.305000e+01 2.182179e-11 
1.295000e+01 2.754607e-11 1.295000e+01 5.355722e-11 1.295000e+01 2.346099e-11 
1.285000e+01 2.975797e-11 1.285000e+01 5.769669e-11 1.285000e+01 2.520263e-11 
1.275000e+01 3.215228e-11 1.275000e+01 6.215797e-11 1.275000e+01 2.704673e-11 
1.265000e+01 3.480314e-11 1.265000e+01 6.697760e-11 1.265000e+01 2.900791e-11 
1.255000e+01 3.771053e-11 1.255000e+01 7.220681e-11 1.255000e+01 3.108618e-11 
1.245000e+01 4.093146e-11 1.245000e+01 7.788944e-11 1.245000e+01 3.329616e-11 
1.235000e+01 4.452293e-11 1.235000e+01 8.403284e-11 1.235000e+01 3.562323e-11 
1.225000e+01 4.845646e-11 1.225000e+01 9.076131e-11 1.225000e+01 3.811130e-11 
1.215000e+01 5.267503e-11 1.215000e+01 9.807487e-11 1.215000e+01 4.078963e-11 
1.205000e+01 5.706461e-11 1.205000e+01 1.057541e-10 1.205000e+01 4.368749e-11 
1.195000e+01 6.156821e-11 1.195000e+01 1.137990e-10 1.195000e+01 4.684880e-11 
1.185000e+01 6.612881e-11 1.185000e+01 1.222828e-10 1.185000e+01 5.030282e-11 
1.175000e+01 7.097447e-11 1.175000e+01 1.313516e-10 1.175000e+01 5.403492e-11 
1.165000e+01 7.619066e-11 1.165000e+01 1.412249e-10 1.165000e+01 5.804509e-11 
1.155000e+01 8.189142e-11 1.155000e+01 1.518296e-10 1.155000e+01 6.237725e-11 
1.145000e+01 8.807674e-11 1.145000e+01 1.633850e-10 1.145000e+01 6.707530e-11 
1.135000e+01 9.477513e-11 1.135000e+01 1.758180e-10 1.135000e+01 7.212461e-11 
1.125000e+01 1.019296e-10 1.125000e+01 1.892019e-10 1.125000e+01 7.755445e-11 
1.115000e+01 1.095971e-10 1.115000e+01 2.034633e-10 1.115000e+01 8.337944e-11 
1.105000e+01 1.177777e-10 1.105000e+01 2.187487e-10 1.105000e+01 8.961425e-11 
1.095000e+01 1.265569e-10 1.095000e+01 2.351311e-10 1.095000e+01 9.630274e-11 
1.085000e+01 1.359631e-10 1.085000e+01 2.527567e-10 1.085000e+01 1.034742e-10 
1.075000e+01 1.460535e-10 1.075000e+01 2.715526e-10 1.075000e+01 1.111872e-10 
1.065000e+01 1.568849e-10 1.065000e+01 2.918112e-10 1.065000e+01 1.194710e-10 
1.055000e+01 1.684860e-10 1.055000e+01 3.135325e-10 1.055000e+01 1.283695e-10 
1.045000e+01 1.809136e-10 1.045000e+01 3.367896e-10 1.045000e+01 1.379120e-10 
1.035000e+01 1.943389e-10 1.035000e+01 3.618751e-10 1.035000e+01 1.481130e-10 
1.025000e+01 2.087619e-10 1.025000e+01 3.889353e-10 1.025000e+01 1.592362e-10 
1.015000e+01 2.242964e-10 1.015000e+01 4.180432e-10 1.015000e+01 1.709447e-10 
1.005000e+01 2.410852e-10 1.005000e+01 4.494915e-10 1.005000e+01 1.836777e-10 
9.950000e+00 2.591851e-10 9.950000e+00 4.834265e-10 9.950000e+00 1.974352e-10 
9.850000e+00 2.785677e-10 9.850000e+00 5.197749e-10 9.850000e+00 2.120709e-10 
9.750000e+00 2.992899e-10 9.750000e+00 5.586830e-10 9.750000e+00 2.278775e-10 
9.650000e+00 3.215229e-10 9.650000e+00 6.002973e-10 9.650000e+00 2.447085e-10 
9.550000e+00 3.451810e-10 9.550000e+00 6.448369e-10 9.550000e+00 2.627104e-10 
9.450000e+00 3.705494e-10 9.450000e+00 6.924481e-10 9.450000e+00 2.821758e-10 
9.350000e+00 3.976280e-10 9.350000e+00 7.430580e-10 9.350000e+00 3.029585e-10 
9.250000e+00 4.267020e-10 9.250000e+00 7.979097e-10 9.250000e+00 3.252048e-10 
9.150000e+00 4.577710e-10 9.150000e+00 8.564182e-10 9.150000e+00 3.492072e-10 
9.050000e+00 4.911204e-10 9.050000e+00 9.185835e-10 9.050000e+00 3.749660e-10 
8.950000e+00 5.267503e-10 8.950000e+00 9.858683e-10 8.950000e+00 4.026274e-10 
8.850000e+00 5.652303e-10 8.850000e+00 1.058273e-09 8.850000e+00 4.323379e-10 
8.750000e+00 6.068460e-10 8.750000e+00 1.135796e-09 8.750000e+00 4.643900e-10 
8.650000e+00 6.513119e-10 8.650000e+00 1.219902e-09 8.650000e+00 4.989302e-10 
8.550000e+00 6.991982e-10 8.550000e+00 1.309128e-09 8.550000e+00 5.359584e-10 
8.450000e+00 7.502200e-10 8.450000e+00 1.404204e-09 8.450000e+00 5.757675e-10 
8.350000e+00 8.049473e-10 8.350000e+00 1.505863e-09 8.350000e+00 6.183573e-10 
8.250000e+00 8.639502e-10 8.250000e+00 1.616298e-09 8.250000e+00 6.643133e-10 
8.150000e+00 9.280837e-10 8.150000e+00 1.735508e-09 8.150000e+00 7.136355e-10 
8.050000e+00 9.976330e-10 8.050000e+00 1.864227e-09 8.050000e+00 7.669094e-10 
7.950000e+00 1.065187e-09 7.950000e+00 2.033902e-09 7.950000e+00 8.239886e-10 
7.850000e+00 1.130461e-09 7.850000e+00 2.252577e-09 7.850000e+00 8.857511e-10 
7.750000e+00 1.201435e-09 7.750000e+00 2.499044e-09 7.750000e+00 9.535143e-10 
7.650000e+00 1.280391e-09 7.650000e+00 2.779885e-09 7.650000e+00 1.028595e-09 
7.550000e+00 1.365047e-09 7.550000e+00 3.095100e-09 7.550000e+00 1.110701e-09 
7.450000e+00 1.454264e-09 7.450000e+00 3.447613e-09 7.450000e+00 1.199247e-09 
7.350000e+00 1.550322e-09 7.350000e+00 3.844740e-09 7.350000e+00 1.295550e-09 
7.250000e+00 1.654075e-09 7.250000e+00 4.294524e-09 7.250000e+00 1.400927e-09 
7.150000e+00 1.762105e-09 7.150000e+00 4.796966e-09 7.150000e+00 1.514793e-09 
7.050000e+00 1.874980e-09 7.050000e+00 5.356454e-09 7.050000e+00 1.637732e-09 
6.950000e+00 1.997831e-09 6.950000e+00 5.865477e-09 6.950000e+00 1.773844e-09 
6.850000e+00 2.129804e-09 6.850000e+00 6.298440e-09 6.850000e+00 1.923128e-09 
6.750000e+00 2.272608e-09 6.750000e+00 6.771627e-09 6.750000e+00 2.085584e-09 
6.650000e+00 2.437075e-09 6.650000e+00 7.309175e-09 6.650000e+00 2.271457e-09 
6.550000e+00 2.626910e-09 6.550000e+00 7.920589e-09 6.550000e+00 2.480747e-09 
6.450000e+00 2.840404e-09 6.450000e+00 8.615377e-09 6.450000e+00 2.714918e-09 
6.350000e+00 3.078411e-09 6.350000e+00 9.383301e-09 6.350000e+00 2.976897e-09 
6.250000e+00 3.337795e-09 6.250000e+00 1.021705e-08 6.250000e+00 3.265219e-09 
6.150000e+00 3.597180e-09 6.150000e+00 1.110930e-08 6.150000e+00 3.571105e-09 
6.050000e+00 3.865116e-09 6.050000e+00 1.206738e-08 6.050000e+00 3.897481e-09 
5.950000e+00 4.158704e-09 5.950000e+00 1.282068e-08 5.950000e+00 4.228247e-09 
5.850000e+00 4.477947e-09 5.850000e+00 1.332531e-08 5.850000e+00 4.559013e-09 
5.750000e+00 4.825693e-09 5.750000e+00 1.385189e-08 5.750000e+00 4.919051e-09 
5.650000e+00 5.210495e-09 5.650000e+00 1.441503e-08 5.650000e+00 5.317141e-09 
5.550000e+00 5.635202e-09 5.550000e+00 1.501475e-08 5.550000e+00 5.754748e-09 
5.450000e+00 6.102664e-09 5.450000e+00 1.565834e-08 5.450000e+00 6.242116e-09 
5.350000e+00 6.618582e-09 5.350000e+00 1.633850e-08 5.350000e+00 6.783636e-09 
5.250000e+00 7.188659e-09 5.250000e+00 1.706985e-08 5.250000e+00 7.385161e-09 
5.150000e+00 7.812891e-09 5.150000e+00 1.783778e-08 5.150000e+00 8.056940e-09 
5.050000e+00 8.502684e-09 5.050000e+00 1.866421e-08 5.050000e+00 8.809213e-09 
4.950000e+00 9.220980e-09 4.950000e+00 1.963692e-08 4.950000e+00 9.472210e-09 
4.850000e+00 9.964928e-09 4.850000e+00 2.079246e-08 4.850000e+00 1.001373e-08 
4.750000e+00 1.078869e-08 4.750000e+00 2.203577e-08 4.750000e+00 1.059916e-08 
4.650000e+00 1.169511e-08 4.650000e+00 2.338877e-08 4.650000e+00 1.123434e-08 
4.550000e+00 1.269844e-08 4.550000e+00 2.485149e-08 4.550000e+00 1.192222e-08 
4.450000e+00 1.382149e-08 4.450000e+00 2.643853e-08 4.450000e+00 1.267596e-08 
4.350000e+00 1.507851e-08 4.350000e+00 2.817184e-08 4.350000e+00 1.349556e-08 
4.250000e+00 1.649230e-08 4.250000e+00 3.005874e-08 4.250000e+00 1.439858e-08 
4.150000e+00 1.810561e-08 4.150000e+00 3.213579e-08 4.150000e+00 1.539673e-08 
4.050000e+00 1.996691e-08 4.050000e+00 3.441762e-08 4.050000e+00 1.650904e-08 
3.950000e+00 2.164009e-08 3.950000e+00 3.679453e-08 3.950000e+00 1.763599e-08 
3.850000e+00 2.303107e-08 3.850000e+00 3.925920e-08 3.850000e+00 1.879221e-08 
3.750000e+00 2.454747e-08 3.750000e+00 4.196522e-08 3.750000e+00 2.005088e-08 
3.650000e+00 2.620354e-08 3.650000e+00 4.495647e-08 3.650000e+00 2.145590e-08 
3.550000e+00 2.800783e-08 3.550000e+00 4.824026e-08 3.550000e+00 2.300728e-08 
3.450000e+00 3.004300e-08 3.450000e+00 5.188242e-08 3.450000e+00 2.473429e-08 
3.350000e+00 3.229481e-08 3.350000e+00 5.592682e-08 3.350000e+00 2.668084e-08 
3.250000e+00 3.486015e-08 3.250000e+00 6.043928e-08 3.250000e+00 2.886155e-08 
3.150000e+00 3.776753e-08 3.150000e+00 6.551489e-08 3.150000e+00 3.133498e-08 
3.050000e+00 4.107398e-08 3.050000e+00 7.126335e-08 3.050000e+00 3.420357e-08 
2.950000e+00 4.392436e-08 2.950000e+00 7.642674e-08 2.950000e+00 3.721852e-08 
2.850000e+00 4.623316e-08 2.850000e+00 8.081487e-08 2.850000e+00 4.040910e-08 
2.750000e+00 4.874150e-08 2.750000e+00 8.564182e-08 2.750000e+00 4.412656e-08 
2.650000e+00 5.150637e-08 2.650000e+00 9.098073e-08 2.650000e+00 4.837090e-08 
2.550000e+00 5.452777e-08 2.550000e+00 9.683156e-08 2.550000e+00 5.320068e-08 
2.450000e+00 5.786272e-08 2.450000e+00 1.032675e-07 2.450000e+00 5.876224e-08 
2.350000e+00 6.156821e-08 2.350000e+00 1.104348e-07 2.350000e+00 6.515803e-08 
2.250000e+00 6.575826e-08 2.250000e+00 1.183334e-07 2.250000e+00 7.259296e-08 
2.150000e+00 7.040439e-08 2.150000e+00 1.271829e-07 2.150000e+00 8.137436e-08 
2.050000e+00 7.562058e-08 2.050000e+00 1.371293e-07 2.050000e+00 9.170714e-08 
1.950000e+00 8.080827e-08 1.950000e+00 1.456862e-07 1.950000e+00 1.012789e-07 
1.850000e+00 8.565392e-08 1.850000e+00 1.522684e-07 1.850000e+00 1.097822e-07 
1.750000e+00 9.106964e-08 1.750000e+00 1.595088e-07 1.750000e+00 1.190612e-07 
1.650000e+00 9.725495e-08 1.650000e+00 1.672612e-07 1.650000e+00 1.288964e-07 
1.550000e+00 1.043524e-07 1.550000e+00 1.755986e-07 1.550000e+00 1.389511e-07 
1.450000e+00 1.112218e-07 1.450000e+00 1.850332e-07 1.450000e+00 1.481130e-07 
1.350000e+00 1.180057e-07 1.350000e+00 1.959303e-07 1.350000e+00 1.557236e-07 
1.250000e+00 1.256163e-07 1.250000e+00 2.083634e-07 1.250000e+00 1.643586e-07 
1.150000e+00 1.341389e-07 1.150000e+00 2.229905e-07 1.150000e+00 1.754817e-07 
1.050000e+00 1.437446e-07 1.050000e+00 2.404699e-07 1.050000e+00 1.902638e-07 
9.800000e-01 1.516687e-07 9.800000e-01 2.594120e-07 9.800000e-01 2.029968e-07 
9.400000e-01 1.568849e-07 9.400000e-01 2.787930e-07 9.400000e-01 2.116319e-07 
9.000000e-01 1.621296e-07 9.000000e-01 3.005875e-07 9.000000e-01 2.218768e-07 
8.600000e-01 1.684289e-07 8.600000e-01 3.253073e-07 8.600000e-01 2.313900e-07 
8.200000e-01 1.754409e-07 8.200000e-01 3.534645e-07 8.200000e-01 2.413423e-07 
7.800000e-01 1.829374e-07 7.800000e-01 3.857173e-07 7.800000e-01 2.527581e-07 
7.400000e-01 1.911180e-07 7.400000e-01 4.228702e-07 7.400000e-01 2.657839e-07 
7.050000e-01 1.993271e-07 7.050000e-01 4.524170e-07 7.050000e-01 2.758825e-07 
6.750000e-01 2.062250e-07 6.750000e-01 4.716516e-07 6.750000e-01 2.852493e-07 
6.450000e-01 2.131229e-07 6.450000e-01 4.919834e-07 6.450000e-01 2.963724e-07 
6.150000e-01 2.198498e-07 6.150000e-01 5.152405e-07 6.150000e-01 3.107154e-07 
5.875000e-01 2.268903e-07 5.875000e-01 5.382782e-07 5.875000e-01 3.238875e-07 
5.625000e-01 2.339307e-07 5.625000e-01 5.601457e-07 5.625000e-01 3.363278e-07 
5.375000e-01 2.415127e-07 5.375000e-01 5.847194e-07 5.375000e-01 3.502317e-07 
5.125000e-01 2.498928e-07 5.125000e-01 6.119258e-07 5.125000e-01 3.644283e-07 
4.875000e-01 2.599547e-07 4.875000e-01 6.357680e-07 4.875000e-01 3.758441e-07 
4.625000e-01 2.707576e-07 4.625000e-01 6.558803e-07 4.625000e-01 3.904798e-07 
4.375000e-01 2.823871e-07 4.375000e-01 6.782598e-07 4.375000e-01 4.065790e-07 
4.125000e-01 2.952993e-07 4.125000e-01 7.029066e-07 4.125000e-01 4.251664e-07 
3.900000e-01 3.084111e-07 3.900000e-01 7.274070e-07 3.900000e-01 4.444854e-07 
3.700000e-01 3.212378e-07 3.700000e-01 7.511028e-07 3.700000e-01 4.646827e-07 
3.500000e-01 3.354897e-07 3.500000e-01 7.781632e-07 3.500000e-01 4.838554e-07 
3.300000e-01 3.511668e-07 3.300000e-01 8.074173e-07 3.300000e-01 5.058090e-07 
3.100000e-01 3.688392e-07 3.100000e-01 8.403284e-07 3.100000e-01 5.311286e-07 
2.900000e-01 3.876517e-07 2.900000e-01 8.673885e-07 2.900000e-01 5.615709e-07 
2.750000e-01 4.021886e-07 2.750000e-01 8.820156e-07 2.750000e-01 5.858661e-07 
2.625000e-01 4.155854e-07 2.625000e-01 8.959114e-07 2.625000e-01 6.076731e-07 
2.475000e-01 4.332578e-07 2.475000e-01 9.127326e-07 2.475000e-01 6.438234e-07 
2.350000e-01 4.492199e-07 2.350000e-01 9.288224e-07 2.350000e-01 6.739729e-07 
2.250000e-01 4.623316e-07 2.250000e-01 9.419869e-07 2.250000e-01 6.981217e-07 
2.150000e-01 4.765836e-07 2.150000e-01 9.566140e-07 2.150000e-01 7.263686e-07 
2.050000e-01 4.925457e-07 2.050000e-01 9.719724e-07 2.050000e-01 7.682266e-07 
1.950000e-01 5.105031e-07 1.950000e-01 9.836742e-07 1.950000e-01 7.998397e-07 
1.850000e-01 5.313108e-07 1.850000e-01 9.909878e-07 1.850000e-01 8.276475e-07 
1.750000e-01 5.549690e-07 1.750000e-01 9.997640e-07 1.750000e-01 8.592606e-07 
1.650000e-01 5.811925e-07 1.650000e-01 1.008540e-06 1.650000e-01 8.851655e-07 
1.550000e-01 6.119766e-07 1.550000e-01 1.018048e-06 1.550000e-01 9.107782e-07 
1.462500e-01 6.410505e-07 1.462500e-01 1.019511e-06 1.462500e-01 9.381469e-07 
1.387500e-01 6.667039e-07 1.387500e-01 1.012197e-06 1.387500e-01 9.712235e-07 
1.312500e-01 6.895070e-07 1.312500e-01 1.004884e-06 1.312500e-01 9.731261e-07 
1.237500e-01 7.200060e-07 1.237500e-01 9.968386e-07 1.237500e-01 1.024790e-06 
1.175000e-01 7.465145e-07 1.175000e-01 9.902565e-07 1.175000e-01 1.062696e-06 
1.125000e-01 7.696026e-07 1.125000e-01 9.844055e-07 1.125000e-01 1.095920e-06 
1.075000e-01 7.944009e-07 1.075000e-01 9.756293e-07 1.075000e-01 1.129142e-06 
1.025000e-01 8.271804e-07 1.025000e-01 9.661217e-07 1.025000e-01 1.232324e-06 
9.800000e-02 8.542589e-07 9.800000e-02 9.500318e-07 9.800000e-02 1.274328e-06 
9.400000e-02 8.813375e-07 9.400000e-02 9.273597e-07 9.400000e-02 1.329358e-06 
9.000000e-02 9.104114e-07 9.000000e-02 9.054192e-07 9.000000e-02 1.374143e-06 
8.600000e-02 9.423356e-07 8.600000e-02 8.885979e-07 8.600000e-02 1.418051e-06 
8.200000e-02 9.779653e-07 8.200000e-02 8.703140e-07 8.200000e-02 1.467958e-06 
7.799999e-02 1.015590e-06 7.799999e-02 8.512986e-07 7.799999e-02 1.520647e-06 
7.400000e-02 1.057491e-06 7.400000e-02 8.293580e-07 7.400000e-02 1.573335e-06 
7.050000e-02 1.096826e-06 7.050000e-02 8.088801e-07 7.050000e-02 1.627487e-06 
6.750000e-02 1.129321e-06 6.750000e-02 7.862080e-07 6.750000e-02 1.678712e-06 
6.450000e-02 1.161245e-06 6.450000e-02 7.642673e-07 6.450000e-02 1.731400e-06 
6.150000e-02 1.192884e-06 6.150000e-02 7.401325e-07 6.150000e-02 1.782625e-06 
5.875000e-02 1.219963e-06 5.875000e-02 7.250666e-07 5.875000e-02 1.734328e-06 
5.625000e-02 1.251317e-06 5.625000e-02 7.087574e-07 5.625000e-02 1.767989e-06 
5.375000e-02 1.289227e-06 5.375000e-02 6.877674e-07 5.375000e-02 1.822142e-06 
5.125000e-02 1.330272e-06 5.125000e-02 6.708732e-07 5.125000e-02 1.882148e-06 
4.875000e-02 1.382149e-06 4.875000e-02 6.482742e-07 4.875000e-02 1.964108e-06 
4.625000e-02 1.447708e-06 4.625000e-02 6.158019e-07 4.625000e-02 2.149981e-06 
4.375000e-02 1.509846e-06 4.375000e-02 5.830372e-07 4.375000e-02 2.265603e-06 
4.125000e-02 1.573410e-06 4.125000e-02 5.551725e-07 4.125000e-02 2.360734e-06 
3.900000e-02 1.615310e-06 3.900000e-02 5.272348e-07 3.900000e-02 2.258285e-06 
3.700000e-02 1.675739e-06 3.700000e-02 5.047090e-07 3.700000e-02 2.332926e-06 
3.500000e-02 1.740442e-06 3.500000e-02 4.828414e-07 3.500000e-02 2.397324e-06 
3.300000e-02 1.814837e-06 3.300000e-02 4.601694e-07 3.300000e-02 2.529045e-06 
3.100000e-02 1.894933e-06 3.100000e-02 4.373510e-07 3.100000e-02 2.634422e-06 
2.900000e-02 2.014078e-06 2.900000e-02 4.142402e-07 2.900000e-02 2.988605e-06 
2.750000e-02 2.092464e-06 2.750000e-02 3.993206e-07 2.750000e-02 3.099836e-06 
2.625000e-02 2.167429e-06 2.625000e-02 3.831575e-07 2.625000e-02 3.225703e-06 
2.475000e-02 2.263487e-06 2.475000e-02 3.669214e-07 2.475000e-02 3.298881e-06 
2.350000e-02 2.355554e-06 2.350000e-02 3.498808e-07 2.350000e-02 3.443774e-06 
2.250000e-02 2.430519e-06 2.250000e-02 3.371553e-07 2.250000e-02 3.610621e-06 
2.150000e-02 2.510330e-06 2.150000e-02 3.238445e-07 2.150000e-02 3.736488e-06 
2.050000e-02 2.592421e-06 2.050000e-02 3.148489e-07 2.050000e-02 3.874063e-06 
1.950000e-02 2.680497e-06 1.950000e-02 3.013188e-07 1.950000e-02 4.097989e-06 
1.850000e-02 2.777695e-06 1.850000e-02 2.895439e-07 1.850000e-02 4.193122e-06 
1.750000e-02 2.895986e-06 1.750000e-02 2.780616e-07 1.750000e-02 4.343869e-06 
1.650000e-02 3.021403e-06 1.650000e-02 2.627763e-07 1.650000e-02 4.567795e-06 
1.550000e-02 3.163922e-06 1.550000e-02 2.472715e-07 1.550000e-02 4.768303e-06 
1.462500e-02 3.312142e-06 1.462500e-02 2.355699e-07 1.462500e-02 4.835627e-06 
1.387500e-02 3.431858e-06 1.387500e-02 2.248189e-07 1.387500e-02 5.024428e-06 
1.312500e-02 3.562975e-06 1.312500e-02 2.138486e-07 1.312500e-02 5.232253e-06 
1.237500e-02 3.714046e-06 1.237500e-02 2.035364e-07 1.237500e-02 5.423981e-06 
1.175000e-02 3.842312e-06 1.175000e-02 1.970274e-07 1.175000e-02 5.803045e-06 
1.125000e-02 3.950627e-06 1.125000e-02 1.892019e-07 1.125000e-02 6.025507e-06 
1.075000e-02 4.104547e-06 1.075000e-02 1.833510e-07 1.075000e-02 6.306513e-06 
1.025000e-02 4.255618e-06 1.025000e-02 1.745016e-07 1.025000e-02 6.502631e-06 
9.800000e-03 4.386735e-06 9.800000e-03 1.677731e-07 9.800000e-03 6.868523e-06 
9.400001e-03 4.523553e-06 9.400001e-03 1.611909e-07 9.400001e-03 6.959264e-06 
9.000000e-03 4.668922e-06 9.000000e-03 1.567297e-07 9.000000e-03 7.184653e-06 
8.600000e-03 4.817142e-06 8.600000e-03 1.491236e-07 8.600000e-03 7.254905e-06 
8.200000e-03 4.979613e-06 8.200000e-03 1.431264e-07 8.200000e-03 7.423214e-06 
7.800000e-03 5.159188e-06 7.800000e-03 1.375681e-07 7.800000e-03 7.241732e-06 
7.400000e-03 5.361564e-06 7.400000e-03 1.312784e-07 7.400000e-03 7.724710e-06 
7.050000e-03 5.532588e-06 7.050000e-03 1.253544e-07 7.050000e-03 7.900338e-06 
6.750000e-03 5.715011e-06 6.750000e-03 1.228679e-07 6.750000e-03 8.154999e-06 
6.450000e-03 6.017153e-06 6.450000e-03 1.184797e-07 6.450000e-03 8.416977e-06 
6.150000e-03 6.310741e-06 6.150000e-03 1.150423e-07 6.150000e-03 8.686274e-06 
5.875000e-03 6.647086e-06 5.875000e-03 1.105079e-07 5.875000e-03 8.396487e-06 
5.625000e-03 6.934975e-06 5.625000e-03 1.083870e-07 5.625000e-03 8.436004e-06 
5.375000e-03 7.225713e-06 5.375000e-03 1.050228e-07 5.375000e-03 8.613096e-06 
5.125000e-03 7.499350e-06 5.125000e-03 1.034869e-07 5.125000e-03 8.959962e-06 
4.875000e-03 7.844246e-06 4.875000e-03 1.004884e-07 4.875000e-03 9.688817e-06 
4.625000e-03 8.069426e-06 4.625000e-03 9.851369e-08 4.625000e-03 1.014106e-05 
4.375000e-03 8.363015e-06 4.375000e-03 9.419870e-08 4.375000e-03 1.042792e-05 
4.125000e-03 8.653754e-06 4.125000e-03 9.098073e-08 4.125000e-03 1.071770e-05 
3.900000e-03 8.955893e-06 3.900000e-03 8.651945e-08 3.900000e-03 1.120361e-05 
3.700000e-03 9.084160e-06 3.700000e-03 8.235071e-08 3.700000e-03 1.155486e-05 
3.500000e-03 9.232380e-06 3.500000e-03 7.796258e-08 3.500000e-03 1.122117e-05 
3.300000e-03 9.394852e-06 3.300000e-03 7.489088e-08 3.300000e-03 1.096651e-05 
3.100000e-03 9.748300e-06 3.100000e-03 7.129992e-08 3.100000e-03 1.129581e-05 
2.900000e-03 1.036113e-05 2.900000e-03 6.647297e-08 2.900000e-03 1.162365e-05 
2.750000e-03 1.070603e-05 2.750000e-03 6.603416e-08 2.750000e-03 1.181977e-05 
2.625000e-03 1.107373e-05 2.625000e-03 6.558072e-08 2.625000e-03 1.220615e-05 
2.475000e-03 1.166375e-05 2.475000e-03 6.359143e-08 2.475000e-03 1.279304e-05 
2.350000e-03 1.224523e-05 2.350000e-03 6.324769e-08 2.350000e-03 1.332139e-05 
2.250000e-03 1.272410e-05 2.250000e-03 6.375965e-08 2.250000e-03 1.391414e-05 
2.150000e-03 1.341389e-05 2.150000e-03 6.319650e-08 2.150000e-03 1.453030e-05 
2.050000e-03 1.400962e-05 2.050000e-03 6.295515e-08 2.050000e-03 1.513329e-05 
1.950000e-03 1.471651e-05 1.950000e-03 6.381815e-08 1.950000e-03 1.579189e-05 
1.850000e-03 1.551462e-05 1.850000e-03 6.575625e-08 1.850000e-03 1.645050e-05 
1.750000e-03 1.586521e-05 1.750000e-03 6.923019e-08 1.750000e-03 1.712374e-05 
1.650000e-03 1.662627e-05 1.650000e-03 7.182651e-08 1.650000e-03 1.792870e-05 
1.550000e-03 1.765525e-05 1.550000e-03 7.467148e-08 1.550000e-03 1.877757e-05 
1.462500e-03 1.863293e-05 1.462500e-03 7.730436e-08 1.462500e-03 1.961181e-05 
1.387500e-03 1.957356e-05 1.387500e-03 8.008350e-08 1.387500e-03 2.043140e-05 
1.312500e-03 2.056264e-05 1.312500e-03 8.315521e-08 1.312500e-03 2.132418e-05 
1.237500e-03 2.074222e-05 1.237500e-03 8.666573e-08 1.237500e-03 2.242186e-05 
1.175000e-03 2.132369e-05 1.175000e-03 8.937173e-08 1.175000e-03 2.366589e-05 
1.125000e-03 2.215030e-05 1.125000e-03 9.207776e-08 1.125000e-03 2.438304e-05 
1.075000e-03 2.330185e-05 1.075000e-03 9.427183e-08 1.075000e-03 2.515873e-05 
1.025000e-03 2.434509e-05 1.025000e-03 9.741667e-08 1.025000e-03 2.597832e-05 
9.800000e-04 2.567907e-05 9.800000e-04 1.008540e-07 9.800000e-04 2.690037e-05 
9.400000e-04 2.825867e-05 9.400000e-04 1.047302e-07 9.400000e-04 2.706137e-05 
9.000000e-04 2.984348e-05 9.000000e-04 1.088989e-07 9.000000e-04 2.811513e-05 
8.600000e-04 3.075560e-05 8.600000e-04 1.141647e-07 8.600000e-04 2.924208e-05 
8.200000e-04 3.209528e-05 8.200000e-04 1.192842e-07 8.200000e-04 3.033976e-05 
7.800000e-04 3.363448e-05 7.800000e-04 1.248425e-07 7.800000e-04 3.174478e-05 
7.400000e-04 3.528770e-05 7.400000e-04 1.310591e-07 7.400000e-04 3.309127e-05 
7.050000e-04 3.742549e-05 7.050000e-04 1.355934e-07 7.050000e-04 3.430602e-05 
6.750000e-04 3.890769e-05 6.750000e-04 1.393234e-07 6.750000e-04 3.538906e-05 
6.450000e-04 4.221413e-05 6.450000e-04 1.371293e-07 6.450000e-04 3.661846e-05 
6.150000e-04 4.386735e-05 6.150000e-04 1.405667e-07 6.150000e-04 3.768687e-05 
5.875000e-04 4.549206e-05 5.875000e-04 1.448817e-07 5.875000e-04 3.887235e-05 
5.625000e-04 4.711678e-05 5.625000e-04 1.486116e-07 5.625000e-04 3.997004e-05 
5.375000e-04 4.885552e-05 5.375000e-04 1.530729e-07 5.375000e-04 4.127261e-05 
5.125000e-04 4.780087e-05 5.125000e-04 1.652865e-07 5.125000e-04 4.494616e-05 
4.875000e-04 4.819993e-05 4.875000e-04 1.728926e-07 4.875000e-04 4.623410e-05 
4.625000e-04 4.985315e-05 4.625000e-04 1.801330e-07 4.625000e-04 4.753668e-05 
4.375000e-04 5.162038e-05 4.375000e-04 1.880317e-07 4.375000e-04 4.880998e-05 
4.125000e-04 5.313108e-05 4.125000e-04 1.968811e-07 4.125000e-04 4.998083e-05 
3.900000e-04 5.444226e-05 3.900000e-04 2.057305e-07 3.900000e-04 4.999547e-05 
3.700000e-04 5.680807e-05 3.700000e-04 2.140680e-07 3.700000e-04 5.151758e-05 
3.500000e-04 5.974397e-05 3.500000e-04 2.237950e-07 3.500000e-04 5.324459e-05 
3.300000e-04 6.310741e-05 3.300000e-04 2.334489e-07 3.300000e-04 5.519114e-05 
3.100000e-04 6.684141e-05 3.100000e-04 2.451506e-07 3.100000e-04 5.728404e-05 
2.900000e-04 7.128800e-05 2.900000e-04 2.567060e-07 2.900000e-04 5.966965e-05 
2.750000e-04 7.596262e-05 2.750000e-04 2.657017e-07 2.750000e-04 6.187964e-05 
2.625000e-04 8.066576e-05 2.625000e-04 2.737467e-07 2.625000e-04 6.389936e-05 
2.475000e-04 8.582494e-05 2.475000e-04 2.878618e-07 2.475000e-04 6.619716e-05 
2.350000e-04 9.047105e-05 2.350000e-04 2.996367e-07 2.350000e-04 6.830470e-05 
2.250000e-04 9.437608e-05 2.250000e-04 3.152146e-07 2.250000e-04 6.992926e-05 
2.150000e-04 9.876566e-05 2.150000e-04 3.308656e-07 2.150000e-04 7.152455e-05 
2.050000e-04 1.035543e-04 2.050000e-04 3.458584e-07 2.050000e-04 7.313448e-05 
1.950000e-04 1.086565e-04 1.950000e-04 3.654587e-07 1.950000e-04 7.481757e-05 
1.850000e-04 1.149273e-04 1.850000e-04 3.760634e-07 1.850000e-04 7.720319e-05 
1.750000e-04 1.213407e-04 1.750000e-04 4.002713e-07 1.750000e-04 7.863748e-05 
1.650000e-04 1.278110e-04 1.650000e-04 4.342062e-07 1.650000e-04 7.824232e-05 
1.550000e-04 1.350795e-04 1.550000e-04 4.702621e-07 1.550000e-04 7.483221e-05 
1.462500e-04 1.420914e-04 1.462500e-04 4.971029e-07 1.462500e-04 7.377844e-05 
1.387500e-04 1.487328e-04 1.387500e-04 5.172882e-07 1.387500e-04 7.609088e-05 
1.312500e-04 1.560868e-04 1.312500e-04 5.390827e-07 1.312500e-04 7.887166e-05 
1.237500e-04 1.642959e-04 1.237500e-04 5.627787e-07 1.237500e-04 8.228176e-05 
1.175000e-04 1.719064e-04 1.175000e-04 5.836955e-07 1.175000e-04 8.594069e-05 
1.125000e-04 1.784908e-04 1.125000e-04 5.996390e-07 1.125000e-04 9.356587e-05 
1.075000e-04 1.856168e-04 1.075000e-04 6.146319e-07 1.075000e-04 1.030791e-04 
1.025000e-04 1.934838e-04 1.025000e-04 6.327695e-07 1.025000e-04 1.105140e-04 
9.800000e-05 2.032891e-04 9.800000e-05 6.486399e-07 9.800000e-05 1.174220e-04 
9.400000e-05 2.145481e-04 9.400000e-05 6.767239e-07 9.400000e-05 1.224274e-04 
9.000000e-05 2.276599e-04 9.000000e-05 6.941302e-07 9.000000e-05 1.292623e-04 
8.600000e-05 2.441635e-04 8.600000e-05 6.824285e-07 8.600000e-05 1.375168e-04 
8.200000e-05 2.605532e-04 8.200000e-05 6.985184e-07 8.200000e-05 1.439126e-04 
7.800000e-05 2.789667e-04 7.800000e-05 7.214097e-07 7.800000e-05 1.503084e-04 
7.400000e-05 2.998600e-04 7.400000e-05 7.474461e-07 7.400000e-05 1.574799e-04 
7.050000e-05 3.198126e-04 7.050000e-05 7.649987e-07 7.050000e-05 1.642123e-04 
6.750000e-05 3.463212e-04 6.750000e-05 7.364758e-07 6.750000e-05 1.699202e-04 
6.450000e-05 3.654187e-04 6.450000e-05 7.503715e-07 6.450000e-05 1.760672e-04 
6.150000e-05 3.848013e-04 6.150000e-05 7.686554e-07 6.150000e-05 1.826532e-04 
5.875000e-05 4.041839e-04 5.875000e-05 7.876707e-07 5.875000e-05 1.890929e-04 
5.625000e-05 4.238515e-04 5.625000e-05 8.059546e-07 5.625000e-05 1.955326e-04 
5.375000e-05 4.335428e-04 5.375000e-05 8.608063e-07 5.375000e-05 2.048995e-04 
5.125000e-05 4.529254e-04 5.125000e-05 9.397928e-07 5.125000e-05 2.148517e-04 
4.875000e-05 4.771536e-04 4.875000e-05 9.756293e-07 4.875000e-05 2.229013e-04 
4.625000e-05 5.030921e-04 4.625000e-05 1.002689e-06 4.625000e-05 2.302192e-04 
4.375000e-05 5.318809e-04 4.375000e-05 1.035601e-06 4.375000e-05 2.382688e-04 
4.125000e-05 5.643753e-04 4.125000e-05 1.075094e-06 4.125000e-05 2.469038e-04 
3.900000e-05 5.971547e-04 3.900000e-05 1.101423e-06 3.900000e-05 2.555389e-04 
3.700000e-05 6.296489e-04 3.700000e-05 1.129945e-06 3.700000e-05 2.637349e-04 
3.500000e-05 6.661338e-04 3.500000e-05 1.166513e-06 3.500000e-05 2.728090e-04 
3.300000e-05 7.066092e-04 3.300000e-05 1.204544e-06 3.300000e-05 2.824686e-04 
3.100000e-05 7.525003e-04 3.100000e-05 1.240380e-06 3.100000e-05 2.930062e-04 
2.900000e-05 8.126433e-04 2.900000e-05 1.282799e-06 2.900000e-05 3.042757e-04 
2.750000e-05 8.696510e-04 2.750000e-05 1.318635e-06 2.750000e-05 3.130571e-04 
2.625000e-05 9.235232e-04 2.625000e-05 1.343501e-06 2.625000e-05 3.211067e-04 
2.475000e-05 9.962078e-04 2.475000e-05 1.351546e-06 2.475000e-05 3.313517e-04 
2.350000e-05 1.064332e-03 2.350000e-05 1.387383e-06 2.350000e-05 3.405722e-04 
2.250000e-05 1.125615e-03 2.250000e-05 1.427607e-06 2.250000e-05 3.486218e-04 
2.150000e-05 1.193454e-03 2.150000e-05 1.450280e-06 2.150000e-05 3.572568e-04 
2.050000e-05 1.268704e-03 2.050000e-05 1.489041e-06 2.050000e-05 3.664773e-04 
1.950000e-05 1.348800e-03 1.950000e-05 1.536580e-06 1.950000e-05 3.733561e-04 
1.850000e-05 1.434311e-03 1.850000e-05 1.584118e-06 1.850000e-05 3.778932e-04 
1.750000e-05 1.530369e-03 1.750000e-05 1.624342e-06 1.750000e-05 3.827229e-04 
1.650000e-05 1.639254e-03 1.650000e-05 1.650671e-06 1.650000e-05 3.878454e-04 
1.550000e-05 1.763245e-03 1.550000e-05 1.705523e-06 1.550000e-05 3.932606e-04 
1.462500e-05 1.886667e-03 1.462500e-05 1.780121e-06 1.462500e-05 3.983831e-04 
1.387500e-05 2.006097e-03 1.387500e-05 1.828391e-06 1.387500e-05 4.030665e-04 
1.312500e-05 2.140635e-03 1.312500e-05 1.871541e-06 1.312500e-05 4.078963e-04 
1.237500e-05 2.292561e-03 1.237500e-05 1.944676e-06 1.237500e-05 4.131651e-04 
1.175000e-05 2.434795e-03 1.175000e-05 1.954915e-06 1.175000e-05 4.178486e-04 
1.125000e-05 2.561922e-03 1.125000e-05 1.995871e-06 1.125000e-05 4.218002e-04 
1.075000e-05 2.701590e-03 1.075000e-05 2.036096e-06 1.075000e-05 4.260445e-04 
1.025000e-05 2.856081e-03 1.025000e-05 2.108500e-06 1.025000e-05 4.302889e-04 
9.800000e-06 3.001450e-03 9.800000e-06 2.183099e-06 9.800000e-06 4.332160e-04 
9.400001e-06 3.135418e-03 9.400001e-06 2.284757e-06 9.400001e-06 4.343868e-04 
8.999999e-06 3.280787e-03 8.999999e-06 2.331564e-06 8.999999e-06 4.355577e-04 
8.600000e-06 3.440409e-03 8.600000e-06 2.338146e-06 8.600000e-06 4.367286e-04 
8.200001e-06 3.617132e-03 8.200001e-06 2.387878e-06 8.200001e-06 4.376067e-04 
7.800000e-06 3.810958e-03 7.800000e-06 2.440536e-06 7.800000e-06 4.386312e-04 
7.400000e-06 4.030438e-03 7.400000e-06 2.493925e-06 7.400000e-06 4.393630e-04 
7.050000e-06 4.244216e-03 7.050000e-06 2.556090e-06 7.050000e-06 4.390703e-04 
6.750000e-06 4.455144e-03 6.750000e-06 2.647510e-06 6.750000e-06 4.374603e-04 
6.450000e-06 4.697426e-03 6.450000e-06 2.720645e-06 6.450000e-06 4.351186e-04 
6.150000e-06 4.973913e-03 6.150000e-06 2.802557e-06 6.150000e-06 4.320452e-04 
5.875000e-06 5.278904e-03 5.875000e-06 2.884469e-06 5.875000e-06 4.273617e-04 
5.625000e-06 5.646603e-03 5.625000e-06 2.967844e-06 5.625000e-06 4.212148e-04 
5.375000e-06 6.005751e-03 5.375000e-06 3.079741e-06 5.375000e-06 4.193121e-04 
5.125000e-06 6.324993e-03 5.125000e-06 3.210654e-06 5.125000e-06 4.198975e-04 
4.875000e-06 6.652788e-03 4.875000e-06 3.327671e-06 4.875000e-06 4.198975e-04 
4.625000e-06 6.997683e-03 4.625000e-06 3.428598e-06 4.625000e-06 4.194585e-04 
4.375000e-06 7.373933e-03 4.375000e-06 3.537570e-06 4.375000e-06 4.190194e-04 
4.125000e-06 7.658971e-03 4.125000e-06 3.674334e-06 4.125000e-06 4.226783e-04 
3.900000e-06 7.958261e-03 3.900000e-06 3.825725e-06 3.900000e-06 4.280935e-04 
3.700000e-06 8.308858e-03 3.700000e-06 3.979309e-06 3.700000e-06 4.321915e-04 
3.500000e-06 8.727864e-03 3.500000e-06 4.146790e-06 3.500000e-06 4.351187e-04 
3.300000e-06 9.215279e-03 3.300000e-06 4.322316e-06 3.300000e-06 4.367286e-04 
3.100000e-06 9.771102e-03 3.100000e-06 4.505886e-06 3.100000e-06 4.376067e-04 
2.900000e-06 1.043809e-02 2.900000e-06 4.729682e-06 2.900000e-06 4.368749e-04 
2.750000e-06 1.102527e-02 2.750000e-06 4.935192e-06 2.750000e-06 4.351187e-04 
2.625000e-06 1.157254e-02 2.625000e-06 5.122419e-06 2.625000e-06 4.333623e-04 
2.475000e-06 1.230509e-02 2.475000e-06 5.358648e-06 2.475000e-06 4.310206e-04 
2.350000e-06 1.298918e-02 2.350000e-06 5.567815e-06 2.350000e-06 4.286789e-04 
2.250000e-06 1.359346e-02 2.250000e-06 5.756505e-06 2.250000e-06 4.267763e-04 
2.150000e-06 1.425475e-02 2.150000e-06 5.958359e-06 2.150000e-06 4.248737e-04 
2.050000e-06 1.498445e-02 2.050000e-06 6.171184e-06 2.050000e-06 4.226783e-04 
1.950000e-06 1.574550e-02 1.950000e-06 6.435935e-06 1.950000e-06 4.188730e-04 
1.850000e-06 1.654361e-02 1.850000e-06 6.762120e-06 1.850000e-06 4.133115e-04 
1.750000e-06 1.742722e-02 1.750000e-06 7.122679e-06 1.750000e-06 4.074572e-04 
1.650000e-06 1.841916e-02 1.650000e-06 7.518342e-06 1.650000e-06 4.014566e-04 
1.550000e-06 1.953080e-02 1.550000e-06 7.971784e-06 1.550000e-06 3.950169e-04 
1.462500e-06 2.062535e-02 1.462500e-06 8.417911e-06 1.462500e-06 3.891626e-04 
1.387500e-06 2.166859e-02 1.387500e-06 8.856725e-06 1.387500e-06 3.840401e-04 
1.312500e-06 2.283155e-02 1.312500e-06 9.346733e-06 1.312500e-06 3.784786e-04 
1.237500e-06 2.412846e-02 1.237500e-06 9.880623e-06 1.237500e-06 3.727706e-04 
1.175000e-06 2.532848e-02 1.175000e-06 1.037795e-05 1.175000e-06 3.679409e-04 
1.125000e-06 2.638596e-02 1.125000e-06 1.082407e-05 1.125000e-06 3.638429e-04 
1.075000e-06 2.753752e-02 1.075000e-06 1.129945e-05 1.075000e-06 3.595985e-04 
1.025000e-06 2.878884e-02 1.025000e-06 1.183335e-05 1.025000e-06 3.552078e-04 
9.800000e-07 3.004301e-02 9.800000e-07 1.240380e-05 9.800000e-07 3.505244e-04 
9.399999e-07 3.126867e-02 9.399999e-07 1.301814e-05 9.399999e-07 3.454019e-04 
9.000000e-07 3.257984e-02 9.000000e-07 1.368368e-05 9.000000e-07 3.402795e-04 
8.600000e-07 3.403354e-02 8.600000e-07 1.442235e-05 8.600000e-07 3.350106e-04 
8.200000e-07 3.560125e-02 8.200000e-07 1.522684e-05 8.200000e-07 3.295954e-04 
7.800000e-07 3.733998e-02 7.800000e-07 1.612641e-05 7.800000e-07 3.238875e-04 
7.400000e-07 3.924973e-02 7.400000e-07 1.712105e-05 7.400000e-07 3.180332e-04 
7.050000e-07 4.110248e-02 7.050000e-07 1.824734e-05 7.050000e-07 3.113008e-04 
6.750000e-07 4.278420e-02 6.750000e-07 1.950527e-05 6.750000e-07 3.035439e-04 
6.450000e-07 4.463695e-02 6.450000e-07 2.090948e-05 6.450000e-07 2.956407e-04 
6.150000e-07 4.663222e-02 6.150000e-07 2.248189e-05 6.150000e-07 2.877374e-04 
5.875000e-07 4.865599e-02 5.875000e-07 2.410550e-05 5.875000e-07 2.801268e-04 
5.625000e-07 5.065125e-02 5.625000e-07 2.575105e-05 5.625000e-07 2.731017e-04 
5.375000e-07 5.281754e-02 5.375000e-07 2.757944e-05 5.375000e-07 2.659302e-04 
5.125000e-07 5.518336e-02 5.125000e-07 2.963455e-05 5.125000e-07 2.586124e-04 
4.875000e-07 5.791972e-02 4.875000e-07 3.258192e-05 4.875000e-07 2.505628e-04 
4.625000e-07 6.105514e-02 4.625000e-07 3.667752e-05 4.625000e-07 2.417814e-04 
4.375000e-07 6.456111e-02 4.375000e-07 4.156298e-05 4.375000e-07 2.328536e-04 
4.125000e-07 6.852313e-02 4.125000e-07 4.743577e-05 4.125000e-07 2.233404e-04 
3.900000e-07 7.251367e-02 3.900000e-07 5.376200e-05 3.900000e-07 2.141199e-04 
3.700000e-07 7.647569e-02 3.700000e-07 6.049047e-05 3.700000e-07 2.048995e-04 
3.500000e-07 8.097930e-02 3.500000e-07 6.857197e-05 3.500000e-07 1.948009e-04 
3.300000e-07 8.605297e-02 3.300000e-07 7.840139e-05 3.300000e-07 1.839704e-04 
3.100000e-07 9.181074e-02 3.100000e-07 9.046877e-05 3.100000e-07 1.734328e-04 
2.900000e-07 9.830961e-02 2.900000e-07 1.056810e-04 2.900000e-07 1.620169e-04 
2.750000e-07 1.038109e-01 2.750000e-07 1.197230e-04 2.750000e-07 1.526501e-04 
2.625000e-07 1.089415e-01 2.625000e-07 1.336919e-04 2.625000e-07 1.455957e-04 
2.475000e-07 1.154974e-01 2.475000e-07 1.534386e-04 2.475000e-07 1.387023e-04 
2.350000e-07 1.213692e-01 2.350000e-07 1.733315e-04 2.350000e-07 1.336822e-04 
2.250000e-07 1.264999e-01 2.250000e-07 1.920541e-04 2.250000e-07 1.297306e-04 
2.150000e-07 1.320866e-01 2.150000e-07 2.138486e-04 2.150000e-07 1.258522e-04 
2.050000e-07 1.381579e-01 2.050000e-07 2.393729e-04 2.050000e-07 1.219445e-04 
1.950000e-07 1.450843e-01 1.950000e-07 2.634345e-04 1.950000e-07 1.178611e-04 
1.850000e-07 1.530654e-01 1.850000e-07 2.847901e-04 1.850000e-07 1.135875e-04 
1.750000e-07 1.619871e-01 1.750000e-07 3.092906e-04 1.750000e-07 1.092553e-04 
1.650000e-07 1.719349e-01 1.650000e-07 3.375209e-04 1.650000e-07 1.048500e-04 
1.550000e-07 1.832224e-01 1.550000e-07 3.702857e-04 1.550000e-07 1.003568e-04 
1.462500e-07 1.943389e-01 1.462500e-07 4.012221e-04 1.462500e-07 9.636129e-05 
1.387500e-07 2.050278e-01 1.387500e-07 4.287210e-04 1.387500e-07 9.286336e-05 
1.312500e-07 2.169709e-01 1.312500e-07 4.598768e-04 1.312500e-07 8.932153e-05 
1.237500e-07 2.303107e-01 1.237500e-07 4.952745e-04 1.237500e-07 8.572116e-05 
1.175000e-07 2.427384e-01 1.175000e-07 5.285512e-04 1.175000e-07 8.266230e-05 
1.125000e-07 2.537123e-01 1.125000e-07 5.583174e-04 1.125000e-07 8.018887e-05 
1.075000e-07 2.656839e-01 1.075000e-07 5.913016e-04 1.075000e-07 7.767153e-05 
1.025000e-07 2.788812e-01 1.025000e-07 6.278694e-04 1.025000e-07 7.512492e-05 
9.800000e-08 2.921639e-01 9.800000e-08 6.601953e-04 9.800000e-08 7.216852e-05 
9.400000e-08 3.052756e-01 9.400000e-08 6.868898e-04 9.400000e-08 6.881695e-05 
9.000000e-08 3.198126e-01 9.000000e-08 7.159247e-04 9.000000e-08 6.549464e-05 
8.600000e-08 3.354897e-01 8.600000e-08 7.474461e-04 8.600000e-08 6.218698e-05 
8.200000e-08 3.528770e-01 8.200000e-08 7.825512e-04 8.200000e-08 5.890859e-05 
7.800000e-08 3.722596e-01 7.800000e-08 8.205817e-04 7.800000e-08 5.564484e-05 
7.400000e-08 3.936375e-01 7.400000e-08 8.622690e-04 7.400000e-08 5.241036e-05 
7.050000e-08 4.138752e-01 7.050000e-08 8.981056e-04 7.050000e-08 4.980521e-05 
6.750000e-08 4.318326e-01 6.750000e-08 9.251657e-04 6.750000e-08 4.781475e-05 
6.450000e-08 4.506451e-01 6.450000e-08 9.536885e-04 6.450000e-08 4.580967e-05 
6.150000e-08 4.711678e-01 6.150000e-08 9.851370e-04 6.150000e-08 4.380457e-05 
5.875000e-08 4.916906e-01 5.875000e-08 1.016585e-03 5.875000e-08 4.196048e-05 
5.625000e-08 5.119283e-01 5.625000e-08 1.046571e-03 5.625000e-08 4.029201e-05 
5.375000e-08 5.341613e-01 5.375000e-08 1.079482e-03 5.375000e-08 3.859428e-05 
5.125000e-08 5.583894e-01 5.125000e-08 1.115318e-03 5.125000e-08 3.691118e-05 
4.875000e-08 5.851831e-01 4.875000e-08 1.161394e-03 4.875000e-08 3.515489e-05 
4.625000e-08 6.128317e-01 4.625000e-08 1.216245e-03 4.625000e-08 3.335471e-05 
4.375000e-08 6.399103e-01 4.375000e-08 1.270366e-03 4.375000e-08 3.155451e-05 
4.125000e-08 6.661339e-01 4.125000e-08 1.322292e-03 4.125000e-08 2.975433e-05 
3.900000e-08 6.883668e-01 3.900000e-08 1.366174e-03 3.900000e-08 2.812977e-05 
3.700000e-08 7.068943e-01 3.700000e-08 1.403473e-03 3.700000e-08 2.669547e-05 
3.500000e-08 7.239966e-01 3.500000e-08 1.436384e-03 3.500000e-08 2.524654e-05 
3.300000e-08 7.388185e-01 3.300000e-08 1.466369e-03 3.300000e-08 2.379761e-05 
3.100000e-08 7.510752e-01 3.100000e-08 1.490504e-03 3.100000e-08 2.236331e-05 
2.900000e-08 7.604814e-01 2.900000e-08 1.509519e-03 2.900000e-08 2.091438e-05 
2.750000e-08 7.656121e-01 2.750000e-08 1.519027e-03 2.750000e-08 1.983134e-05 
2.625000e-08 7.678924e-01 2.625000e-08 1.523415e-03 2.625000e-08 1.892393e-05 
2.475000e-08 7.681774e-01 2.475000e-08 1.524147e-03 2.475000e-08 1.784089e-05 
2.350000e-08 7.667523e-01 2.350000e-08 1.521221e-03 2.350000e-08 1.694811e-05 
2.250000e-08 7.636168e-01 2.250000e-08 1.514639e-03 2.250000e-08 1.621633e-05 
2.150000e-08 7.593412e-01 2.150000e-08 1.505863e-03 2.150000e-08 1.549918e-05 
2.050000e-08 7.530704e-01 2.050000e-08 1.494161e-03 2.050000e-08 1.476740e-05 
1.950000e-08 7.453744e-01 1.950000e-08 1.478071e-03 1.950000e-08 1.405317e-05 
1.850000e-08 7.356831e-01 1.850000e-08 1.459056e-03 1.850000e-08 1.333017e-05 
1.750000e-08 7.239966e-01 1.750000e-08 1.435652e-03 1.750000e-08 1.260864e-05 
1.650000e-08 7.103147e-01 1.650000e-08 1.408592e-03 1.650000e-08 1.188710e-05 
1.550000e-08 6.940675e-01 1.550000e-08 1.376412e-03 1.550000e-08 1.116556e-05 
1.462500e-08 6.781054e-01 1.462500e-08 1.344964e-03 1.462500e-08 1.053476e-05 
1.387500e-08 6.627133e-01 1.387500e-08 1.314247e-03 1.387500e-08 9.994703e-06 
1.312500e-08 6.458961e-01 1.312500e-08 1.280605e-03 1.312500e-08 9.453183e-06 
1.237500e-08 6.273686e-01 1.237500e-08 1.243306e-03 1.237500e-08 8.913127e-06 
1.175000e-08 6.105513e-01 1.175000e-08 1.210395e-03 1.175000e-08 8.462348e-06 
1.125000e-08 5.962996e-01 1.125000e-08 1.181872e-03 1.125000e-08 8.102310e-06 
1.075000e-08 5.811925e-01 1.075000e-08 1.151886e-03 1.075000e-08 7.740809e-06 
1.025000e-08 5.652304e-01 1.025000e-08 1.120438e-03 1.025000e-08 7.380771e-06 
9.800000e-09 5.501234e-01 9.800000e-09 1.090452e-03 9.800000e-09 7.057322e-06 
9.400000e-09 5.361564e-01 9.400000e-09 1.062661e-03 9.400000e-09 6.769001e-06 
9.000000e-09 5.216196e-01 9.000000e-09 1.034138e-03 9.000000e-09 6.480677e-06 
8.600000e-09 5.062275e-01 8.600000e-09 1.003421e-03 8.600000e-09 6.192355e-06 
8.200000e-09 4.905504e-01 8.200000e-09 9.719725e-04 8.200000e-09 5.904032e-06 
7.800000e-09 4.740182e-01 7.800000e-09 9.397928e-04 7.800000e-09 5.615709e-06 
7.400000e-09 4.569159e-01 7.400000e-09 9.054190e-04 7.400000e-09 5.328850e-06 
7.050000e-09 4.412388e-01 7.050000e-09 8.747021e-04 7.050000e-09 5.075653e-06 
6.750000e-09 4.275570e-01 6.750000e-09 8.476420e-04 6.750000e-09 4.860507e-06 
6.450000e-09 4.135901e-01 6.450000e-09 8.198504e-04 6.450000e-09 4.643900e-06 
6.150000e-09 3.990532e-01 6.150000e-09 7.905961e-04 6.150000e-09 4.428755e-06 
5.875000e-09 3.853714e-01 5.875000e-09 7.635360e-04 5.875000e-09 4.229711e-06 
5.625000e-09 3.725447e-01 5.625000e-09 7.386699e-04 5.625000e-09 4.049691e-06 
5.375000e-09 3.594329e-01 5.375000e-09 7.127066e-04 5.375000e-09 3.869673e-06 
5.125000e-09 3.463212e-01 5.125000e-09 6.863048e-04 5.125000e-09 3.689654e-06 
4.875000e-09 3.326394e-01 4.875000e-09 6.593178e-04 4.875000e-09 3.509635e-06 
4.625000e-09 3.186725e-01 4.625000e-09 6.317456e-04 4.625000e-09 3.329616e-06 
4.375000e-09 3.044206e-01 4.375000e-09 6.035152e-04 4.375000e-09 3.149597e-06 
4.125000e-09 2.898836e-01 4.125000e-09 5.746998e-04 4.125000e-09 2.969578e-06 
3.900000e-09 2.765724e-01 3.900000e-09 5.482246e-04 3.900000e-09 2.808586e-06 
3.700000e-09 2.644868e-01 3.700000e-09 5.242362e-04 3.700000e-09 2.663693e-06 
3.500000e-09 2.521732e-01 3.500000e-09 4.998089e-04 3.500000e-09 2.520263e-06 
3.300000e-09 2.396600e-01 3.300000e-09 4.750159e-04 3.300000e-09 2.375370e-06 
3.100000e-09 2.269188e-01 3.100000e-09 4.497841e-04 3.100000e-09 2.231940e-06 
2.900000e-09 2.139780e-01 2.900000e-09 4.241136e-04 2.900000e-09 2.088511e-06 
2.750000e-09 2.041157e-01 2.750000e-09 4.045863e-04 2.750000e-09 1.980207e-06 
2.625000e-09 1.957926e-01 2.625000e-09 3.880576e-04 2.625000e-09 1.889466e-06 
2.475000e-09 1.857023e-01 2.475000e-09 3.680916e-04 2.475000e-09 1.782625e-06 
2.350000e-09 1.772081e-01 2.350000e-09 3.512705e-04 2.350000e-09 1.691884e-06 
2.250000e-09 1.703387e-01 2.250000e-09 3.376672e-04 2.250000e-09 1.620169e-06 
2.150000e-09 1.634123e-01 2.150000e-09 3.239177e-04 2.150000e-09 1.548455e-06 
2.050000e-09 1.564289e-01 2.050000e-09 3.100951e-04 2.050000e-09 1.475276e-06 
1.950000e-09 1.493884e-01 1.950000e-09 2.961261e-04 1.950000e-09 1.404000e-06 
1.850000e-09 1.422910e-01 1.850000e-09 2.820110e-04 1.850000e-09 1.331993e-06 
1.750000e-09 1.351365e-01 1.750000e-09 2.678227e-04 1.750000e-09 1.259985e-06 
1.650000e-09 1.279251e-01 1.650000e-09 2.535612e-04 1.650000e-09 1.187978e-06 
1.550000e-09 1.206566e-01 1.550000e-09 2.391535e-04 1.550000e-09 1.115970e-06 
1.462500e-09 1.142432e-01 1.462500e-09 2.264279e-04 1.462500e-09 1.053037e-06 
1.387500e-09 1.086850e-01 1.387500e-09 2.154576e-04 1.387500e-09 9.990313e-07 
1.312500e-09 1.031267e-01 1.312500e-09 2.044141e-04 1.312500e-09 9.450256e-07 
1.237500e-09 9.751151e-02 1.237500e-09 1.932975e-04 1.237500e-09 8.910200e-07 
1.175000e-09 9.283687e-02 1.175000e-09 1.840092e-04 1.175000e-09 8.459421e-07 
1.125000e-09 8.904587e-02 1.125000e-09 1.764763e-04 1.125000e-09 8.099383e-07 
1.075000e-09 8.525486e-02 1.075000e-09 1.690164e-04 1.075000e-09 7.739345e-07 
1.025000e-09 8.146386e-02 1.025000e-09 1.614835e-04 1.025000e-09 7.379307e-07 
9.800000e-10 7.801490e-02 9.800000e-10 1.546087e-04 9.800000e-10 7.055859e-07 
9.400000e-10 7.496499e-02 9.400000e-10 1.485385e-04 9.400000e-10 6.767537e-07 
9.000000e-10 7.188658e-02 9.000000e-10 1.424682e-04 9.000000e-10 6.479214e-07 
8.600000e-10 6.880817e-02 8.600000e-10 1.363248e-04 8.600000e-10 6.192354e-07 
8.200000e-10 6.570126e-02 8.200000e-10 1.302545e-04 8.200000e-10 5.904031e-07 
7.800000e-10 6.259435e-02 7.800000e-10 1.240380e-04 7.800000e-10 5.615708e-07 
7.400000e-10 5.948743e-02 7.400000e-10 1.178946e-04 7.400000e-10 5.327386e-07 
7.050000e-10 5.675107e-02 7.050000e-10 1.124826e-04 7.050000e-10 5.075652e-07 
6.750000e-10 5.438524e-02 6.750000e-10 1.078019e-04 6.750000e-10 4.860508e-07 
6.450000e-10 5.204794e-02 6.450000e-10 1.031212e-04 6.450000e-10 4.643900e-07 
6.150000e-10 4.968213e-02 6.150000e-10 9.844054e-05 6.150000e-10 4.427292e-07 
5.875000e-10 4.751584e-02 5.875000e-10 9.412555e-05 5.875000e-10 4.229710e-07 
5.625000e-10 4.552057e-02 5.625000e-10 9.024937e-05 5.625000e-10 4.049691e-07 
5.375000e-10 4.355380e-02 5.375000e-10 8.630004e-05 5.375000e-10 3.869673e-07 
5.125000e-10 4.155854e-02 5.125000e-10 8.235072e-05 5.125000e-10 3.689654e-07 
4.875000e-10 3.956328e-02 4.875000e-10 7.847453e-05 4.875000e-10 3.509635e-07 
4.625000e-10 3.759652e-02 4.625000e-10 7.452520e-05 4.625000e-10 3.329616e-07 
4.375000e-10 3.560125e-02 4.375000e-10 7.053932e-05 4.375000e-10 3.149597e-07 
4.125000e-10 3.357748e-02 4.125000e-10 6.657536e-05 4.125000e-10 2.969579e-07 
3.900000e-10 3.178174e-02 3.900000e-10 6.299902e-05 3.900000e-10 2.808586e-07 
3.700000e-10 3.018552e-02 3.700000e-10 5.981032e-05 3.700000e-10 2.663693e-07 
3.500000e-10 2.856081e-02 3.500000e-10 5.662160e-05 3.500000e-10 2.520263e-07 
3.300000e-10 2.695604e-02 3.300000e-10 5.343289e-05 3.300000e-10 2.375370e-07 
3.100000e-10 2.534273e-02 3.100000e-10 5.022955e-05 3.100000e-10 2.231940e-07 
2.900000e-10 2.372656e-02 2.900000e-10 4.702621e-05 2.900000e-10 2.088511e-07 
2.750000e-10 2.251230e-02 2.750000e-10 4.462004e-05 2.750000e-10 1.980207e-07 
2.625000e-10 2.150042e-02 2.625000e-10 4.261613e-05 2.625000e-10 1.889466e-07 
2.475000e-10 2.028330e-02 2.475000e-10 4.020266e-05 2.475000e-10 1.782625e-07 
2.350000e-10 1.926857e-02 2.350000e-10 3.819142e-05 2.350000e-10 1.691884e-07 
2.250000e-10 1.845621e-02 2.250000e-10 3.658244e-05 2.250000e-10 1.620169e-07 
2.150000e-10 1.764385e-02 2.150000e-10 3.497346e-05 2.150000e-10 1.548455e-07 
2.050000e-10 1.682864e-02 2.050000e-10 3.335716e-05 2.050000e-10 1.475276e-07 
1.950000e-10 1.601343e-02 1.950000e-10 3.174086e-05 1.950000e-10 1.404000e-07 
1.850000e-10 1.519822e-02 1.850000e-10 3.012457e-05 1.850000e-10 1.331993e-07 
1.750000e-10 1.438302e-02 1.750000e-10 2.850827e-05 1.750000e-10 1.259985e-07 
1.650000e-10 1.356781e-02 1.650000e-10 2.689197e-05 1.650000e-10 1.187978e-07 
1.550000e-10 1.274975e-02 1.550000e-10 2.526836e-05 1.550000e-10 1.115970e-07 
1.462500e-10 1.203430e-02 1.462500e-10 2.384952e-05 1.462500e-10 1.053037e-07 
1.387500e-10 1.142147e-02 1.387500e-10 2.263548e-05 1.387500e-10 9.990312e-08 
1.312500e-10 1.080579e-02 1.312500e-10 2.142143e-05 1.312500e-10 9.450256e-08 
1.237500e-10 1.019296e-02 1.237500e-10 2.020006e-05 1.237500e-10 8.910200e-08 
1.175000e-10 9.679890e-03 1.175000e-10 1.918347e-05 1.175000e-10 8.459421e-08 
1.125000e-10 9.269436e-03 1.125000e-10 1.837167e-05 1.125000e-10 8.099382e-08 
1.075000e-10 8.858982e-03 1.075000e-10 1.755986e-05 1.075000e-10 7.739346e-08 
1.025000e-10 8.448525e-03 1.025000e-10 1.674806e-05 1.025000e-10 7.379307e-08 
