    19.95000          0.5577031E-12
    19.85000          0.6209316E-12
    19.75000          0.6841577E-12
    19.65000          0.7473839E-12
    19.55000          0.8106125E-12
    19.45000          0.8738399E-12
    19.35000          0.9370686E-12
    19.25000          0.1000295E-11
    19.15000          0.1063521E-11
    19.05000          0.1126749E-11
    18.95000          0.1227434E-11
    18.85000          0.1365579E-11
    18.75000          0.1503718E-11
    18.65000          0.1641857E-11
    18.55000          0.1780002E-11
    18.45000          0.1918144E-11
    18.35000          0.2056288E-11
    18.25000          0.2194428E-11
    18.15000          0.2332567E-11
    18.05000          0.2470712E-11
    17.95000          0.2690011E-11
    17.85000          0.2990475E-11
    17.75000          0.3290927E-11
    17.65000          0.3591378E-11
    17.55000          0.3891842E-11
    17.45000          0.4192299E-11
    17.35000          0.4492763E-11
    17.25000          0.4793214E-11
    17.15000          0.5093666E-11
    17.05000          0.5394130E-11
    16.95000          0.5869642E-11
    16.85000          0.6520221E-11
    16.75000          0.7170775E-11
    16.65000          0.7821329E-11
    16.55000          0.8471914E-11
    16.45000          0.9122468E-11
    16.35000          0.9773055E-11
    16.25000          0.1042361E-10
    16.15000          0.1107416E-10
    16.05000          0.1172475E-10
    15.95000          0.1275098E-10
    15.85000          0.1415290E-10
    15.75000          0.1555482E-10
    15.65000          0.1695674E-10
    15.55000          0.1835866E-10
    15.45000          0.1976058E-10
    15.35000          0.2116250E-10
    15.25000          0.2256442E-10
    15.15000          0.2396634E-10
    15.05000          0.2536826E-10
    14.95000          0.2757089E-10
    14.85000          0.3057424E-10
    14.75000          0.3357759E-10
    14.65000          0.3658093E-10
    14.55000          0.3958427E-10
    14.45000          0.4258762E-10
    14.35000          0.4559097E-10
    14.25000          0.4859431E-10
    14.15000          0.5159766E-10
    14.05000          0.5460100E-10
    13.95000          0.5930000E-10
    13.85000          0.6569466E-10
    13.75000          0.7208931E-10
    13.65000          0.7848396E-10
    13.55000          0.8487863E-10
    13.45000          0.9127329E-10
    13.35000          0.9766795E-10
    13.25000          0.1040626E-09
    13.15000          0.1104573E-09
    13.05000          0.1168519E-09
    12.95000          0.1268248E-09
    12.85000          0.1403759E-09
    12.75000          0.1539270E-09
    12.65000          0.1674781E-09
    12.55000          0.1810292E-09
    12.45000          0.1945803E-09
    12.35000          0.2081314E-09
    12.25000          0.2216825E-09
    12.15000          0.2352336E-09
    12.05000          0.2487847E-09
    11.95000          0.2698127E-09
    11.85000          0.2983176E-09
    11.75000          0.3268224E-09
    11.65000          0.3553274E-09
    11.55000          0.3838322E-09
    11.45000          0.4123371E-09
    11.35000          0.4408419E-09
    11.25000          0.4693468E-09
    11.15000          0.4978517E-09
    11.05000          0.5263566E-09
    10.95000          0.5704596E-09
    10.85000          0.6301606E-09
    10.75000          0.6898616E-09
    10.65000          0.7495627E-09
    10.55000          0.8092637E-09
    10.45000          0.8689648E-09
    10.35000          0.9286657E-09
    10.25000          0.9883668E-09
    10.15000          0.1048068E-08
    10.05000          0.1107769E-08
    9.950000          0.1181395E-08
    9.850000          0.1272283E-08
    9.750000          0.1370102E-08
    9.650000          0.1475373E-08
    9.550000          0.1588659E-08
    9.450000          0.1710563E-08
    9.350000          0.1841730E-08
    9.250000          0.1982857E-08
    9.150000          0.2134687E-08
    9.050000          0.2298017E-08
    8.950000          0.2473701E-08
    8.850000          0.2662657E-08
    8.750000          0.2865862E-08
    8.650000          0.3084359E-08
    8.550000          0.3319270E-08
    8.450000          0.3571789E-08
    8.350000          0.3843189E-08
    8.250000          0.4134833E-08
    8.149995          0.4448184E-08
    8.049990          0.4784772E-08
    7.949990          0.5146207E-08
    7.849990          0.5534259E-08
    7.749995          0.5950748E-08
    7.650000          0.6397659E-08
    7.550000          0.6877087E-08
    7.450000          0.7391221E-08
    7.350000          0.7942393E-08
    7.250000          0.8533078E-08
    7.150000          0.9165879E-08
    7.050000          0.9843549E-08
    6.950000          0.1056901E-07
    6.850000          0.1134534E-07
    6.750000          0.1217580E-07
    6.650000          0.1306380E-07
    6.550000          0.1401296E-07
    6.450000          0.1502712E-07
    6.350000          0.1611030E-07
    6.250000          0.1726680E-07
    6.150000          0.1850115E-07
    6.050000          0.1981812E-07
    5.950000          0.2122279E-07
    5.850000          0.2272054E-07
    5.750000          0.2431708E-07
    5.650000          0.2601849E-07
    5.550000          0.2783123E-07
    5.450000          0.2976224E-07
    5.350000          0.3181876E-07
    5.250000          0.3400865E-07
    5.150000          0.3634021E-07
    5.050000          0.3882226E-07
    4.950000          0.4146429E-07
    4.850000          0.4427635E-07
    4.750000          0.4726911E-07
    4.650000          0.5045382E-07
    4.550000          0.5384241E-07
    4.450000          0.5744759E-07
    4.350000          0.6128256E-07
    4.250000          0.6536124E-07
    4.150000          0.6969808E-07
    4.050000          0.7430790E-07
    3.950000          0.7920608E-07
    3.850000          0.8440808E-07
    3.750000          0.8992955E-07
    3.650000          0.9578600E-07
    3.550000          0.1019923E-06
    3.450000          0.1085626E-06
    3.350000          0.1155097E-06
    3.250000          0.1228444E-06
    3.150000          0.1305751E-06
    3.050000          0.1387069E-06
    2.950000          0.1472407E-06
    2.850000          0.1561724E-06
    2.750000          0.1654919E-06
    2.650000          0.1751808E-06
    2.550000          0.1852135E-06
    2.450000          0.1955551E-06
    2.350000          0.2061591E-06
    2.250000          0.2169696E-06
    2.150000          0.2279212E-06
    2.050000          0.2389376E-06
    1.950000          0.2499350E-06
    1.850000          0.2608260E-06
    1.750000          0.2715229E-06
    1.650000          0.2819392E-06
    1.550000          0.2919944E-06
    1.450000          0.3016180E-06
    1.350000          0.3107332E-06
    1.250000          0.3192526E-06
    1.150000          0.3270443E-06
    1.050000          0.3337852E-06
   0.9800000          0.3378669E-06
   0.9400000          0.3397355E-06
   0.9000000          0.3413376E-06
   0.8600000          0.3426514E-06
   0.8200000          0.3436311E-06
   0.7800000          0.3442291E-06
   0.7400000          0.3443783E-06
   0.7050000          0.3440799E-06
   0.6750000          0.3434661E-06
   0.6450000          0.3424804E-06
   0.6150000          0.3411157E-06
   0.5875000          0.3394814E-06
   0.5625000          0.3375843E-06
   0.5375000          0.3351834E-06
   0.5125000          0.3322621E-06
   0.4875000          0.3288730E-06
   0.4625000          0.3249934E-06
   0.4375000          0.3204959E-06
   0.4125000          0.3152965E-06
   0.3900000          0.3100745E-06
   0.3700000          0.3050033E-06
   0.3500000          0.2995219E-06
   0.3300000          0.2935950E-06
   0.3100000          0.2871833E-06
   0.2900000          0.2802596E-06
   0.2750000          0.2746916E-06
   0.2625000          0.2698239E-06
   0.2475000          0.2636641E-06
   0.2350000          0.2582487E-06
   0.2250000          0.2537278E-06
   0.2150000          0.2490258E-06
   0.2050000          0.2441326E-06
   0.1950000          0.2390369E-06
   0.1850000          0.2337262E-06
   0.1750000          0.2281858E-06
   0.1650000          0.2223992E-06
   0.1550000          0.2163474E-06
   0.1462500          0.2108197E-06
   0.1387500          0.2059129E-06
   0.1312500          0.2008021E-06
   0.1237500          0.1954663E-06
   0.1175000          0.1908820E-06
   0.1125000          0.1870943E-06
   0.1075000          0.1831938E-06
   0.1025000          0.1791804E-06
   0.9800000E-01      0.1755090E-06
   0.9400000E-01      0.1721159E-06
   0.9000000E-01      0.1686336E-06
   0.8600000E-01      0.1650568E-06
   0.8200000E-01      0.1613792E-06
   0.7799999E-01      0.1575940E-06
   0.7400000E-01      0.1536934E-06
   0.7050000E-01      0.1501778E-06
   0.6750000E-01      0.1470844E-06
   0.6450000E-01      0.1439115E-06
   0.6150000E-01      0.1406538E-06
   0.5875000E-01      0.1375883E-06
   0.5625000E-01      0.1347308E-06
   0.5375000E-01      0.1318014E-06
   0.5125000E-01      0.1287958E-06
   0.4875000E-01      0.1257082E-06
   0.4625000E-01      0.1225327E-06
   0.4375000E-01      0.1192621E-06
   0.4125000E-01      0.1158887E-06
   0.3900000E-01      0.1127587E-06
   0.3700000E-01      0.1098926E-06
   0.3500000E-01      0.1069425E-06
   0.3300000E-01      0.1039012E-06
   0.3100000E-01      0.1007605E-06
   0.2900000E-01      0.9751101E-07
   0.2750000E-01      0.9499160E-07
   0.2625000E-01      0.9284076E-07
   0.2475000E-01      0.9018634E-07
   0.2350000E-01      0.8790826E-07
   0.2250000E-01      0.8604088E-07
   0.2150000E-01      0.8412980E-07
   0.2050000E-01      0.8217204E-07
   0.1950000E-01      0.8016413E-07
   0.1850000E-01      0.7810224E-07
   0.1750000E-01      0.7598193E-07
   0.1650000E-01      0.7379820E-07
   0.1550000E-01      0.7154524E-07
   0.1462500E-01      0.6951237E-07
   0.1387500E-01      0.6772473E-07
   0.1312500E-01      0.6588194E-07
   0.1237500E-01      0.6397753E-07
   0.1175000E-01      0.6235248E-07
   0.1125000E-01      0.6101910E-07
   0.1075000E-01      0.5965409E-07
   0.1025000E-01      0.5825745E-07
   0.9800000E-02      0.5698368E-07
   0.9400001E-02      0.5581458E-07
   0.9000000E-02      0.5461995E-07
   0.8600000E-02      0.5339805E-07
   0.8200000E-02      0.5214699E-07
   0.7800000E-02      0.5086460E-07
   0.7400000E-02      0.4954847E-07
   0.7050000E-02      0.4836670E-07
   0.6750000E-02      0.4733016E-07
   0.6450000E-02      0.4627005E-07
   0.6150000E-02      0.4518474E-07
   0.5875000E-02      0.4416624E-07
   0.5625000E-02      0.4321913E-07
   0.5375000E-02      0.4225054E-07
   0.5125000E-02      0.4125896E-07
   0.4875000E-02      0.4024265E-07
   0.4625000E-02      0.3919976E-07
   0.4375000E-02      0.3812803E-07
   0.4125000E-02      0.3702501E-07
   0.3900000E-02      0.3600370E-07
   0.3700000E-02      0.3507022E-07
   0.3500000E-02      0.3411099E-07
   0.3300000E-02      0.3312378E-07
   0.3100000E-02      0.3210603E-07
   0.2900000E-02      0.3105470E-07
   0.2750000E-02      0.3024084E-07
   0.2625000E-02      0.2954674E-07
   0.2475000E-02      0.2869111E-07
   0.2350000E-02      0.2795761E-07
   0.2250000E-02      0.2735687E-07
   0.2150000E-02      0.2674257E-07
   0.2050000E-02      0.2611375E-07
   0.1950000E-02      0.2546933E-07
   0.1850000E-02      0.2480809E-07
   0.1750000E-02      0.2412866E-07
   0.1650000E-02      0.2342944E-07
   0.1550000E-02      0.2270860E-07
   0.1462500E-02      0.2205864E-07
   0.1387500E-02      0.2148741E-07
   0.1312500E-02      0.2089893E-07
   0.1237500E-02      0.2029114E-07
   0.1175000E-02      0.1977273E-07
   0.1125000E-02      0.1934756E-07
   0.1075000E-02      0.1891247E-07
   0.1025000E-02      0.1846747E-07
   0.9800000E-03      0.1806168E-07
   0.9400000E-03      0.1768942E-07
   0.9000000E-03      0.1730913E-07
   0.8600000E-03      0.1692029E-07
   0.8200000E-03      0.1652228E-07
   0.7800000E-03      0.1611442E-07
   0.7400000E-03      0.1569596E-07
   0.7050000E-03      0.1532032E-07
   0.6750000E-03      0.1499092E-07
   0.6450000E-03      0.1465411E-07
   0.6150000E-03      0.1430936E-07
   0.5875000E-03      0.1398589E-07
   0.5625000E-03      0.1368517E-07
   0.5375000E-03      0.1337767E-07
   0.5125000E-03      0.1306293E-07
   0.4875000E-03      0.1274041E-07
   0.4625000E-03      0.1240950E-07
   0.4375000E-03      0.1206950E-07
   0.4125000E-03      0.1171966E-07
   0.3900000E-03      0.1139577E-07
   0.3700000E-03      0.1109978E-07
   0.3500000E-03      0.1079567E-07
   0.3300000E-03      0.1048275E-07
   0.3100000E-03      0.1016017E-07
   0.2900000E-03      0.9827010E-08
   0.2750000E-03      0.9569132E-08
   0.2625000E-03      0.9349223E-08
   0.2475000E-03      0.9078163E-08
   0.2350000E-03      0.8845817E-08
   0.2250000E-03      0.8655539E-08
   0.2150000E-03      0.8460979E-08
   0.2050000E-03      0.8261837E-08
   0.1950000E-03      0.8057767E-08
   0.1850000E-03      0.7848387E-08
   0.1750000E-03      0.7633258E-08
   0.1650000E-03      0.7411882E-08
   0.1550000E-03      0.7183678E-08
   0.1462500E-03      0.6977928E-08
   0.1387500E-03      0.6797108E-08
   0.1312500E-03      0.6610835E-08
   0.1237500E-03      0.6418467E-08
   0.1175000E-03      0.6254394E-08
   0.1125000E-03      0.6119837E-08
   0.1075000E-03      0.5982143E-08
   0.1025000E-03      0.5841315E-08
   0.9800000E-04      0.5712903E-08
   0.9400000E-04      0.5595105E-08
   0.9000000E-04      0.5474772E-08
   0.8600000E-04      0.5351733E-08
   0.8200000E-04      0.5225797E-08
   0.7800000E-04      0.5096752E-08
   0.7400000E-04      0.4964350E-08
   0.7050000E-04      0.4845503E-08
   0.6750000E-04      0.4741286E-08
   0.6450000E-04      0.4634727E-08
   0.6150000E-04      0.4525661E-08
   0.5875000E-04      0.4423329E-08
   0.5625000E-04      0.4328193E-08
   0.5375000E-04      0.4230917E-08
   0.5125000E-04      0.4131351E-08
   0.4875000E-04      0.4029326E-08
   0.4625000E-04      0.3924648E-08
   0.4375000E-04      0.3817100E-08
   0.4125000E-04      0.3706434E-08
   0.3900000E-04      0.3603983E-08
   0.3700000E-04      0.3510359E-08
   0.3500000E-04      0.3414169E-08
   0.3300000E-04      0.3315188E-08
   0.3100000E-04      0.3213159E-08
   0.2900000E-04      0.3107782E-08
   0.2750000E-04      0.3026218E-08
   0.2625000E-04      0.2956664E-08
   0.2475000E-04      0.2870932E-08
   0.2350000E-04      0.2797445E-08
   0.2250000E-04      0.2737264E-08
   0.2150000E-04      0.2675729E-08
   0.2050000E-04      0.2612745E-08
   0.1950000E-04      0.2548204E-08
   0.1850000E-04      0.2481984E-08
   0.1750000E-04      0.2413947E-08
   0.1650000E-04      0.2343933E-08
   0.1550000E-04      0.2271760E-08
   0.1462500E-04      0.2206689E-08
   0.1387500E-04      0.2149503E-08
   0.1312500E-04      0.2090593E-08
   0.1237500E-04      0.2029756E-08
   0.1175000E-04      0.1977867E-08
   0.1125000E-04      0.1935312E-08
   0.1075000E-04      0.1891767E-08
   0.1025000E-04      0.1847230E-08
   0.9800000E-05      0.1000000E-32
   0.9400001E-05      0.1000000E-32
   0.8999999E-05      0.1000000E-32
   0.8600000E-05      0.1000000E-32
   0.8200001E-05      0.1000000E-32
   0.7800000E-05      0.1000000E-32
   0.7400000E-05      0.1000000E-32
   0.7050000E-05      0.1000000E-32
   0.6750000E-05      0.1000000E-32
   0.6450000E-05      0.1000000E-32
   0.6150000E-05      0.1000000E-32
   0.5875000E-05      0.1000000E-32
   0.5625000E-05      0.1000000E-32
   0.5375000E-05      0.1000000E-32
   0.5125000E-05      0.1000000E-32
   0.4875000E-05      0.1000000E-32
   0.4625000E-05      0.1000000E-32
   0.4375000E-05      0.1000000E-32
   0.4125000E-05      0.1000000E-32
   0.3900000E-05      0.1000000E-32
   0.3700000E-05      0.1000000E-32
   0.3500000E-05      0.1000000E-32
   0.3300000E-05      0.1000000E-32
   0.3100000E-05      0.1000000E-32
   0.2900000E-05      0.1000000E-32
   0.2750000E-05      0.1000000E-32
   0.2625000E-05      0.1000000E-32
   0.2475000E-05      0.1000000E-32
   0.2350000E-05      0.1000000E-32
   0.2250000E-05      0.1000000E-32
   0.2150000E-05      0.1000000E-32
   0.2050000E-05      0.1000000E-32
   0.1950000E-05      0.1000000E-32
   0.1850000E-05      0.1000000E-32
   0.1750000E-05      0.1000000E-32
   0.1650000E-05      0.1000000E-32
   0.1550000E-05      0.1000000E-32
   0.1462500E-05      0.1000000E-32
   0.1387500E-05      0.1000000E-32
   0.1312500E-05      0.1000000E-32
   0.1237500E-05      0.1000000E-32
   0.1175000E-05      0.1000000E-32
   0.1125000E-05      0.1000000E-32
   0.1075000E-05      0.1000000E-32
   0.1025000E-05      0.1000000E-32
   0.9800000E-06      0.1000000E-32
   0.9399999E-06      0.1000000E-32
   0.9000000E-06      0.1000000E-32
   0.8600000E-06      0.1000000E-32
   0.8200000E-06      0.1000000E-32
   0.7800000E-06      0.1000000E-32
   0.7400000E-06      0.1000000E-32
   0.7050000E-06      0.1000000E-32
   0.6750000E-06      0.1000000E-32
   0.6450000E-06      0.1000000E-32
   0.6150000E-06      0.1000000E-32
   0.5875000E-06      0.1000000E-32
   0.5625000E-06      0.1000000E-32
   0.5375000E-06      0.1000000E-32
   0.5125000E-06      0.1000000E-32
   0.4875000E-06      0.1000000E-32
   0.4625000E-06      0.1000000E-32
   0.4375000E-06      0.1000000E-32
   0.4125000E-06      0.1000000E-32
   0.3900000E-06      0.1000000E-32
   0.3700000E-06      0.1000000E-32
   0.3500000E-06      0.1000000E-32
   0.3300000E-06      0.1000000E-32
   0.3100000E-06      0.1000000E-32
   0.2900000E-06      0.1000000E-32
   0.2750000E-06      0.1000000E-32
   0.2625000E-06      0.1000000E-32
   0.2475000E-06      0.1000000E-32
   0.2350000E-06      0.1000000E-32
   0.2250000E-06      0.1000000E-32
   0.2150000E-06      0.1000000E-32
   0.2050000E-06      0.1000000E-32
   0.1950000E-06      0.1000000E-32
   0.1850000E-06      0.1000000E-32
   0.1750000E-06      0.1000000E-32
   0.1650000E-06      0.1000000E-32
   0.1550000E-06      0.1000000E-32
   0.1462500E-06      0.1000000E-32
   0.1387500E-06      0.1000000E-32
   0.1312500E-06      0.1000000E-32
   0.1237500E-06      0.1000000E-32
   0.1175000E-06      0.1000000E-32
   0.1125000E-06      0.1000000E-32
   0.1075000E-06      0.1000000E-32
   0.1025000E-06      0.1000000E-32
   0.9800000E-07      0.1000000E-32
   0.9400000E-07      0.1000000E-32
   0.9000000E-07      0.1000000E-32
   0.8600000E-07      0.1000000E-32
   0.8200000E-07      0.1000000E-32
   0.7800000E-07      0.1000000E-32
   0.7400000E-07      0.1000000E-32
   0.7050000E-07      0.1000000E-32
   0.6750000E-07      0.1000000E-32
   0.6450000E-07      0.1000000E-32
   0.6150000E-07      0.1000000E-32
   0.5875000E-07      0.1000000E-32
   0.5625000E-07      0.1000000E-32
   0.5375000E-07      0.1000000E-32
   0.5125000E-07      0.1000000E-32
   0.4875000E-07      0.1000000E-32
   0.4625000E-07      0.1000000E-32
   0.4375000E-07      0.1000000E-32
   0.4125000E-07      0.1000000E-32
   0.3900000E-07      0.1000000E-32
   0.3700000E-07      0.1000000E-32
   0.3500000E-07      0.1000000E-32
   0.3300000E-07      0.1000000E-32
   0.3100000E-07      0.1000000E-32
   0.2900000E-07      0.1000000E-32
   0.2750000E-07      0.1000000E-32
   0.2625000E-07      0.1000000E-32
   0.2475000E-07      0.1000000E-32
   0.2350000E-07      0.1000000E-32
   0.2250000E-07      0.1000000E-32
   0.2150000E-07      0.1000000E-32
   0.2050000E-07      0.1000000E-32
   0.1950000E-07      0.1000000E-32
   0.1850000E-07      0.1000000E-32
   0.1750000E-07      0.1000000E-32
   0.1650000E-07      0.1000000E-32
   0.1550000E-07      0.1000000E-32
   0.1462500E-07      0.1000000E-32
   0.1387500E-07      0.1000000E-32
   0.1312500E-07      0.1000000E-32
   0.1237500E-07      0.1000000E-32
   0.1175000E-07      0.1000000E-32
   0.1125000E-07      0.1000000E-32
   0.1075000E-07      0.1000000E-32
   0.1025000E-07      0.1000000E-32
   0.9800000E-08      0.1000000E-32
   0.9400000E-08      0.1000000E-32
   0.9000000E-08      0.1000000E-32
   0.8600000E-08      0.1000000E-32
   0.8200000E-08      0.1000000E-32
   0.7800000E-08      0.1000000E-32
   0.7400000E-08      0.1000000E-32
   0.7050000E-08      0.1000000E-32
   0.6750000E-08      0.1000000E-32
   0.6450000E-08      0.1000000E-32
   0.6150000E-08      0.1000000E-32
   0.5875000E-08      0.1000000E-32
   0.5625000E-08      0.1000000E-32
   0.5375000E-08      0.1000000E-32
   0.5125000E-08      0.1000000E-32
   0.4875000E-08      0.1000000E-32
   0.4625000E-08      0.1000000E-32
   0.4375000E-08      0.1000000E-32
   0.4125000E-08      0.1000000E-32
   0.3900000E-08      0.1000000E-32
   0.3700000E-08      0.1000000E-32
   0.3500000E-08      0.1000000E-32
   0.3300000E-08      0.1000000E-32
   0.3100000E-08      0.1000000E-32
   0.2900000E-08      0.1000000E-32
   0.2750000E-08      0.1000000E-32
   0.2625000E-08      0.1000000E-32
   0.2475000E-08      0.1000000E-32
   0.2350000E-08      0.1000000E-32
   0.2250000E-08      0.1000000E-32
   0.2150000E-08      0.1000000E-32
   0.2050000E-08      0.1000000E-32
   0.1950000E-08      0.1000000E-32
   0.1850000E-08      0.1000000E-32
   0.1750000E-08      0.1000000E-32
   0.1650000E-08      0.1000000E-32
   0.1550000E-08      0.1000000E-32
   0.1462500E-08      0.1000000E-32
   0.1387500E-08      0.1000000E-32
   0.1312500E-08      0.1000000E-32
   0.1237500E-08      0.1000000E-32
   0.1175000E-08      0.1000000E-32
   0.1125000E-08      0.1000000E-32
   0.1075000E-08      0.1000000E-32
   0.1025000E-08      0.1000000E-32
   0.9800000E-09      0.1000000E-32
   0.9400000E-09      0.1000000E-32
   0.9000000E-09      0.1000000E-32
   0.8600000E-09      0.1000000E-32
   0.8200000E-09      0.1000000E-32
   0.7800000E-09      0.1000000E-32
   0.7400000E-09      0.1000000E-32
   0.7050000E-09      0.1000000E-32
   0.6750000E-09      0.1000000E-32
   0.6450000E-09      0.1000000E-32
   0.6150000E-09      0.1000000E-32
   0.5875000E-09      0.1000000E-32
   0.5625000E-09      0.1000000E-32
   0.5375000E-09      0.1000000E-32
   0.5125000E-09      0.1000000E-32
   0.4875000E-09      0.1000000E-32
   0.4625000E-09      0.1000000E-32
   0.4375000E-09      0.1000000E-32
   0.4125000E-09      0.1000000E-32
   0.3900000E-09      0.1000000E-32
   0.3700000E-09      0.1000000E-32
   0.3500000E-09      0.1000000E-32
   0.3300000E-09      0.1000000E-32
   0.3100000E-09      0.1000000E-32
   0.2900000E-09      0.1000000E-32
   0.2750000E-09      0.1000000E-32
   0.2625000E-09      0.1000000E-32
   0.2475000E-09      0.1000000E-32
   0.2350000E-09      0.1000000E-32
   0.2250000E-09      0.1000000E-32
   0.2150000E-09      0.1000000E-32
   0.2050000E-09      0.1000000E-32
   0.1950000E-09      0.1000000E-32
   0.1850000E-09      0.1000000E-32
   0.1750000E-09      0.1000000E-32
   0.1650000E-09      0.1000000E-32
   0.1550000E-09      0.1000000E-32
   0.1462500E-09      0.1000000E-32
   0.1387500E-09      0.1000000E-32
   0.1312500E-09      0.1000000E-32
   0.1237500E-09      0.1000000E-32
   0.1175000E-09      0.1000000E-32
   0.1125000E-09      0.1000000E-32
   0.1075000E-09      0.1000000E-32
   0.1025000E-09      0.1000000E-32
