
   0.1025000E-09      0.6756248E-11
   0.1075000E-09      0.6915300E-11
   0.1125000E-09      0.7070351E-11
   0.1175000E-09      0.7222402E-11
   0.1237500E-09      0.7407464E-11
   0.1312500E-09      0.7623536E-11
   0.1387500E-09      0.7832604E-11
   0.1462500E-09      0.8037673E-11
   0.1550000E-09      0.8268750E-11
   0.1650000E-09      0.8524835E-11
   0.1750000E-09      0.8773919E-11
   0.1850000E-09      0.9014999E-11
   0.1950000E-09      0.9250076E-11
   0.2050000E-09      0.9479153E-11
   0.2150000E-09      0.9702227E-11
   0.2250000E-09      0.9920300E-11
   0.2350000E-09      0.1013337E-10
   0.2475000E-09      0.1039346E-10
   0.2625000E-09      0.1069356E-10
   0.2750000E-09      0.1094364E-10
   0.2900000E-09      0.1123374E-10
   0.3100000E-09      0.1160386E-10
   0.3300000E-09      0.1196398E-10
   0.3500000E-09      0.1231410E-10
   0.3700000E-09      0.1264421E-10
   0.3900000E-09      0.1297432E-10
   0.4125000E-09      0.1333444E-10
   0.4375000E-09      0.1372457E-10
   0.4625000E-09      0.1410469E-10
   0.4875000E-09      0.1447482E-10
   0.5125000E-09      0.1483493E-10
   0.5375000E-09      0.1518505E-10
   0.5625000E-09      0.1552516E-10
   0.5875000E-09      0.1585528E-10
   0.6150000E-09      0.1621539E-10
   0.6450000E-09      0.1659552E-10
   0.6750000E-09      0.1696564E-10
   0.7050000E-09      0.1733577E-10
   0.7400000E-09      0.1774590E-10
   0.7800000E-09      0.1820606E-10
   0.8200000E-09      0.1865621E-10
   0.8600000E-09      0.1909635E-10
   0.9000000E-09      0.1952650E-10
   0.9400000E-09      0.1994663E-10
   0.9800000E-09      0.2035677E-10
   0.1025000E-08      0.2080692E-10
   0.1075000E-08      0.2129708E-10
   0.1125000E-08      0.2177724E-10
   0.1175000E-08      0.2224740E-10
   0.1237500E-08      0.2281759E-10
   0.1312500E-08      0.2347781E-10
   0.1387500E-08      0.2412802E-10
   0.1462500E-08      0.2475823E-10
   0.1550000E-08      0.2546847E-10
   0.1650000E-08      0.2625873E-10
   0.1750000E-08      0.2702899E-10
   0.1850000E-08      0.2776924E-10
   0.1950000E-08      0.2848948E-10
   0.2050000E-08      0.2919971E-10
   0.2150000E-08      0.2988994E-10
   0.2250000E-08      0.3056017E-10
   0.2350000E-08      0.3121038E-10
   0.2475000E-08      0.3201065E-10
   0.2625000E-08      0.3295096E-10
   0.2750000E-08      0.3370121E-10
   0.2900000E-08      0.3459151E-10
   0.3100000E-08      0.3573188E-10
   0.3300000E-08      0.3684225E-10
   0.3500000E-08      0.3792261E-10
   0.3700000E-08      0.3896296E-10
   0.3900000E-08      0.3998330E-10
   0.4125000E-08      0.4109366E-10
   0.4375000E-08      0.4228407E-10
   0.4625000E-08      0.4345445E-10
   0.4875000E-08      0.4458483E-10
   0.5125000E-08      0.4568520E-10
   0.5375000E-08      0.4676556E-10
   0.5625000E-08      0.4781590E-10
   0.5875000E-08      0.4883624E-10
   0.6150000E-08      0.4994662E-10
   0.6450000E-08      0.5111700E-10
   0.6750000E-08      0.5226739E-10
   0.7050000E-08      0.5338775E-10
   0.7400000E-08      0.5466818E-10
   0.7800000E-08      0.5609866E-10
   0.8200000E-08      0.5747912E-10
   0.8600000E-08      0.5883957E-10
   0.9000000E-08      0.6016001E-10
   0.9400000E-08      0.6145045E-10
   0.9800000E-08      0.6271086E-10
   0.1025000E-07      0.6410131E-10
   0.1075000E-07      0.6561181E-10
   0.1125000E-07      0.6708231E-10
   0.1175000E-07      0.6852278E-10
   0.1237500E-07      0.7028338E-10
   0.1312500E-07      0.7233406E-10
   0.1387500E-07      0.7432472E-10
   0.1462500E-07      0.7626536E-10
   0.1550000E-07      0.7845610E-10
   0.1650000E-07      0.8088690E-10
   0.1750000E-07      0.8324769E-10
   0.1850000E-07      0.8553846E-10
   0.1950000E-07      0.8776920E-10
   0.2050000E-07      0.8993991E-10
   0.2150000E-07      0.9206062E-10
   0.2250000E-07      0.9413132E-10
   0.2350000E-07      0.9615198E-10
   0.2475000E-07      0.9861280E-10
   0.2625000E-07      0.1015338E-09
   0.2750000E-07      0.1038345E-09
   0.2900000E-07      0.1065354E-09
   0.3100000E-07      0.1100366E-09
   0.3300000E-07      0.1135378E-09
   0.3500000E-07      0.1168389E-09
   0.3700000E-07      0.1200399E-09
   0.3900000E-07      0.1231410E-09
   0.4125000E-07      0.1265421E-09
   0.4375000E-07      0.1302433E-09
   0.4625000E-07      0.1338445E-09
   0.4875000E-07      0.1373457E-09
   0.5125000E-07      0.1407468E-09
   0.5375000E-07      0.1440479E-09
   0.5625000E-07      0.1472490E-09
   0.5875000E-07      0.1504500E-09
   0.6150000E-07      0.1538512E-09
   0.6450000E-07      0.1574524E-09
   0.6750000E-07      0.1610536E-09
   0.7050000E-07      0.1644547E-09
   0.7400000E-07      0.1683560E-09
   0.7800000E-07      0.1727575E-09
   0.8200000E-07      0.1770589E-09
   0.8600000E-07      0.1812603E-09
   0.9000000E-07      0.1852616E-09
   0.9400000E-07      0.1892630E-09
   0.9800000E-07      0.1931642E-09
   0.1025000E-06      0.1974657E-09
   0.1075000E-06      0.2020672E-09
   0.1125000E-06      0.2066687E-09
   0.1175000E-06      0.2110702E-09
   0.1237500E-06      0.2164720E-09
   0.1312500E-06      0.2227741E-09
   0.1387500E-06      0.2289761E-09
   0.1462500E-06      0.2348781E-09
   0.1550000E-06      0.2416804E-09
   0.1650000E-06      0.2491829E-09
   0.1750000E-06      0.2564853E-09
   0.1850000E-06      0.2634876E-09
   0.1950000E-06      0.2703900E-09
   0.2050000E-06      0.2770922E-09
   0.2150000E-06      0.2835943E-09
   0.2250000E-06      0.2899964E-09
   0.2350000E-06      0.2961985E-09
   0.2475000E-06      0.3038011E-09
   0.2625000E-06      0.3126039E-09
   0.2750000E-06      0.3198064E-09
   0.2900000E-06      0.3282092E-09
   0.3100000E-06      0.3391128E-09
   0.3300000E-06      0.3496163E-09
   0.3500000E-06      0.3598197E-09
   0.3700000E-06      0.3697230E-09
   0.3900000E-06      0.3793262E-09
   0.4125000E-06      0.3898297E-09
   0.4375000E-06      0.4012335E-09
   0.4625000E-06      0.4123371E-09
   0.4875000E-06      0.4230407E-09
   0.5125000E-06      0.4335442E-09
   0.5375000E-06      0.4437476E-09
   0.5625000E-06      0.4536509E-09
   0.5875000E-06      0.4634542E-09
   0.6150000E-06      0.4738576E-09
   0.6450000E-06      0.4850613E-09
   0.6750000E-06      0.4959650E-09
   0.7050000E-06      0.5065685E-09
   0.7400000E-06      0.5187725E-09
   0.7800000E-06      0.5322771E-09
   0.8200000E-06      0.5453815E-09
   0.8600000E-06      0.5582857E-09
   0.9000000E-06      0.5707899E-09
   0.9399999E-06      0.5830940E-09
   0.9800000E-06      0.5950980E-09
   0.1025000E-05      0.6082023E-09
   0.1075000E-05      0.6226071E-09
   0.1125000E-05      0.6365117E-09
   0.1175000E-05      0.6502163E-09
   0.1237500E-05      0.6669219E-09
   0.1312500E-05      0.6863283E-09
   0.1387500E-05      0.7052346E-09
   0.1462500E-05      0.7236407E-09
   0.1550000E-05      0.7444477E-09
   0.1650000E-05      0.7675554E-09
   0.1750000E-05      0.7899628E-09
   0.1850000E-05      0.8116700E-09
   0.1950000E-05      0.8327770E-09
   0.2050000E-05      0.8533839E-09
   0.2150000E-05      0.8734906E-09
   0.2250000E-05      0.8930970E-09
   0.2350000E-05      0.9123035E-09
   0.2475000E-05      0.9357113E-09
   0.2625000E-05      0.9630202E-09
   0.2750000E-05      0.9851276E-09
   0.2900000E-05      0.1011336E-08
   0.3100000E-05      0.1044347E-08
   0.3300000E-05      0.1077358E-08
   0.3500000E-05      0.1108369E-08
   0.3700000E-05      0.1138379E-08
   0.3900000E-05      0.1168388E-08
   0.4125000E-05      0.1201400E-08
   0.4375000E-05      0.1236411E-08
   0.4625000E-05      0.1270423E-08
   0.4875000E-05      0.1303434E-08
   0.5125000E-05      0.1335444E-08
   0.5375000E-05      0.1366455E-08
   0.5625000E-05      0.1397465E-08
   0.5875000E-05      0.1427475E-08
   0.6150000E-05      0.1459486E-08
   0.6450000E-05      0.1494497E-08
   0.6750000E-05      0.1527508E-08
   0.7050000E-05      0.1560519E-08
   0.7400000E-05      0.1597531E-08
   0.7800000E-05      0.1639545E-08
   0.8200001E-05      0.1680559E-08
   0.8600000E-05      0.1719572E-08
   0.8999999E-05      0.1758585E-08
   0.9400001E-05      0.1795597E-08
   0.9800000E-05      0.1832610E-08
   0.1025000E-04      0.1874623E-08
   0.1075000E-04      0.1919638E-08
   0.1125000E-04      0.1963653E-08
   0.1175000E-04      0.2006667E-08
   0.1237500E-04      0.2059685E-08
   0.1312500E-04      0.2120705E-08
   0.1387500E-04      0.2180725E-08
   0.1462500E-04      0.2238745E-08
   0.1550000E-04      0.2304767E-08
   0.1650000E-04      0.2377791E-08
   0.1750000E-04      0.2448814E-08
   0.1850000E-04      0.2517837E-08
   0.1950000E-04      0.2584860E-08
   0.2050000E-04      0.2650882E-08
   0.2150000E-04      0.2713903E-08
   0.2250000E-04      0.2776924E-08
   0.2350000E-04      0.2837944E-08
   0.2475000E-04      0.2911969E-08
   0.2625000E-04      0.2998997E-08
   0.2750000E-04      0.3070021E-08
   0.2900000E-04      0.3152048E-08
   0.3100000E-04      0.3259084E-08
   0.3300000E-04      0.3363119E-08
   0.3500000E-04      0.3463152E-08
   0.3700000E-04      0.3561184E-08
   0.3900000E-04      0.3655215E-08
   0.4125000E-04      0.3759251E-08
   0.4375000E-04      0.3872288E-08
   0.4625000E-04      0.3981324E-08
   0.4875000E-04      0.4087359E-08
   0.5125000E-04      0.4190394E-08
   0.5375000E-04      0.4291428E-08
   0.5625000E-04      0.4390460E-08
   0.5875000E-04      0.4486492E-08
   0.6150000E-04      0.4590527E-08
   0.6450000E-04      0.4701564E-08
   0.6750000E-04      0.4809600E-08
   0.7050000E-04      0.4914635E-08
   0.7400000E-04      0.5035675E-08
   0.7800000E-04      0.5169719E-08
   0.8200000E-04      0.5300763E-08
   0.8600000E-04      0.5428806E-08
   0.9000000E-04      0.5552847E-08
   0.9400000E-04      0.5675888E-08
   0.9800000E-04      0.5794928E-08
   0.1025000E-03      0.5925971E-08
   0.1075000E-03      0.6069019E-08
   0.1125000E-03      0.6209066E-08
   0.1175000E-03      0.6345111E-08
   0.1237500E-03      0.6512166E-08
   0.1312500E-03      0.6706230E-08
   0.1387500E-03      0.6895294E-08
   0.1462500E-03      0.7079355E-08
   0.1550000E-03      0.7287423E-08
   0.1650000E-03      0.7518501E-08
   0.1750000E-03      0.7743576E-08
   0.1850000E-03      0.7961647E-08
   0.1950000E-03      0.8173718E-08
   0.2050000E-03      0.8380788E-08
   0.2150000E-03      0.8582855E-08
   0.2250000E-03      0.8779921E-08
   0.2350000E-03      0.8972984E-08
   0.2475000E-03      0.9209063E-08
   0.2625000E-03      0.9483153E-08
   0.2750000E-03      0.9707229E-08
   0.2900000E-03      0.9967316E-08
   0.3100000E-03      0.1030343E-07
   0.3300000E-03      0.1063354E-07
   0.3500000E-03      0.1095364E-07
   0.3700000E-03      0.1126375E-07
   0.3900000E-03      0.1156385E-07
   0.4125000E-03      0.1188395E-07
   0.4375000E-03      0.1224407E-07
   0.4625000E-03      0.1258419E-07
   0.4875000E-03      0.1292430E-07
   0.5125000E-03      0.1325441E-07
   0.5375000E-03      0.1357451E-07
   0.5625000E-03      0.1388462E-07
   0.5875000E-03      0.1418472E-07
   0.6150000E-03      0.1451483E-07
   0.6450000E-03      0.1486494E-07
   0.6750000E-03      0.1520506E-07
   0.7050000E-03      0.1554517E-07
   0.7400000E-03      0.1592530E-07
   0.7800000E-03      0.1634544E-07
   0.8200000E-03      0.1675557E-07
   0.8600000E-03      0.1716571E-07
   0.9000000E-03      0.1755584E-07
   0.9400000E-03      0.1794597E-07
   0.9800000E-03      0.1831609E-07
   0.1025000E-02      0.1873623E-07
   0.1075000E-02      0.1918638E-07
   0.1125000E-02      0.1962653E-07
   0.1175000E-02      0.2005667E-07
   0.1237500E-02      0.2058685E-07
   0.1312500E-02      0.2119705E-07
   0.1387500E-02      0.2179725E-07
   0.1462500E-02      0.2237744E-07
   0.1550000E-02      0.2303766E-07
   0.1650000E-02      0.2376790E-07
   0.1750000E-02      0.2447814E-07
   0.1850000E-02      0.2516837E-07
   0.1950000E-02      0.2583860E-07
   0.2050000E-02      0.2648881E-07
   0.2150000E-02      0.2712903E-07
   0.2250000E-02      0.2774923E-07
   0.2350000E-02      0.2835943E-07
   0.2475000E-02      0.2909968E-07
   0.2625000E-02      0.2996997E-07
   0.2750000E-02      0.3068021E-07
   0.2900000E-02      0.3150048E-07
   0.3100000E-02      0.3257083E-07
   0.3300000E-02      0.3360118E-07
   0.3500000E-02      0.3460151E-07
   0.3700000E-02      0.3557184E-07
   0.3900000E-02      0.3652215E-07
   0.4125000E-02      0.3755249E-07
   0.4375000E-02      0.3867287E-07
   0.4625000E-02      0.3976322E-07
   0.4875000E-02      0.4082358E-07
   0.5125000E-02      0.4185392E-07
   0.5375000E-02      0.4285426E-07
   0.5625000E-02      0.4384458E-07
   0.5875000E-02      0.4480490E-07
   0.6150000E-02      0.4583525E-07
   0.6450000E-02      0.4693561E-07
   0.6750000E-02      0.4800597E-07
   0.7050000E-02      0.4906632E-07
   0.7400000E-02      0.5025672E-07
   0.7800000E-02      0.5159716E-07
   0.8200000E-02      0.5289759E-07
   0.8600000E-02      0.5416802E-07
   0.9000000E-02      0.5540843E-07
   0.9400001E-02      0.5661883E-07
   0.9800000E-02      0.5779923E-07
   0.1025000E-01      0.5910966E-07
   0.1075000E-01      0.6052013E-07
   0.1125000E-01      0.6191059E-07
   0.1175000E-01      0.6326104E-07
   0.1237500E-01      0.6491159E-07
   0.1312500E-01      0.6683223E-07
   0.1387500E-01      0.6870285E-07
   0.1462500E-01      0.7052346E-07
   0.1550000E-01      0.7258414E-07
   0.1650000E-01      0.7486490E-07
   0.1750000E-01      0.7708564E-07
   0.1850000E-01      0.7923636E-07
   0.1950000E-01      0.8132704E-07
   0.2050000E-01      0.8336773E-07
   0.2150000E-01      0.8534839E-07
   0.2250000E-01      0.8728904E-07
   0.2350000E-01      0.8917966E-07
   0.2475000E-01      0.9149043E-07
   0.2625000E-01      0.9418133E-07
   0.2750000E-01      0.9637206E-07
   0.2900000E-01      0.9891290E-07
   0.3100000E-01      0.1022340E-06
   0.3300000E-01      0.1054351E-06
   0.3500000E-01      0.1085361E-06
   0.3700000E-01      0.1114371E-06
   0.3900000E-01      0.1144381E-06
   0.4125000E-01      0.1175391E-06
   0.4375000E-01      0.1210403E-06
   0.4625000E-01      0.1243414E-06
   0.4875000E-01      0.1275424E-06
   0.5125000E-01      0.1306435E-06
   0.5375000E-01      0.1337445E-06
   0.5625000E-01      0.1366455E-06
   0.5875000E-01      0.1395464E-06
   0.6150000E-01      0.1427475E-06
   0.6450000E-01      0.1460486E-06
   0.6750000E-01      0.1492497E-06
   0.7050000E-01      0.1523507E-06
   0.7400000E-01      0.1559519E-06
   0.7799999E-01      0.1598532E-06
   0.8200000E-01      0.1637545E-06
   0.8600000E-01      0.1674557E-06
   0.9000000E-01      0.1711569E-06
   0.9400000E-01      0.1746581E-06
   0.9800000E-01      0.1780592E-06
   0.1025000          0.1818605E-06
   0.1075000          0.1859619E-06
   0.1125000          0.1898631E-06
   0.1175000          0.1937644E-06
   0.1237500          0.1983660E-06
   0.1312500          0.2037678E-06
   0.1387500          0.2089695E-06
   0.1462500          0.2139712E-06
   0.1550000          0.2195730E-06
   0.1650000          0.2257751E-06
   0.1750000          0.2315770E-06
   0.1850000          0.2372789E-06
   0.1950000          0.2426807E-06
   0.2050000          0.2477824E-06
   0.2150000          0.2527841E-06
   0.2250000          0.2575857E-06
   0.2350000          0.2621872E-06
   0.2475000          0.2676890E-06
   0.2625000          0.2738911E-06
   0.2750000          0.2788928E-06
   0.2900000          0.2844946E-06
   0.3100000          0.2914969E-06
   0.3300000          0.2980992E-06
   0.3500000          0.3041011E-06
   0.3700000          0.3096030E-06
   0.3900000          0.3148047E-06
   0.4125000          0.3201064E-06
   0.4375000          0.3253082E-06
   0.4625000          0.3299098E-06
   0.4875000          0.3338110E-06
   0.5125000          0.3372122E-06
   0.5375000          0.3402132E-06
   0.5625000          0.3426140E-06
   0.5875000          0.3445146E-06
   0.6150000          0.3461151E-06
   0.6450000          0.3474156E-06
   0.6750000          0.3483158E-06
   0.7050000          0.3489160E-06
   0.7400000          0.3491161E-06
   0.7800000          0.3489160E-06
   0.8200000          0.3482158E-06
   0.8600000          0.3471155E-06
   0.9000000          0.3457150E-06
   0.9400000          0.3440144E-06
   0.9800000          0.3420137E-06
    1.050000          0.3377123E-06
    1.150000          0.3306100E-06
    1.250000          0.3224072E-06
    1.350000          0.3136043E-06
    1.450000          0.3041011E-06
    1.550000          0.2941978E-06
    1.650000          0.2837944E-06
    1.750000          0.2730908E-06
    1.850000          0.2619871E-06
    1.950000          0.2508835E-06
    2.050000          0.2395797E-06
    2.150000          0.2282759E-06
    2.250000          0.2170722E-06
    2.350000          0.2059685E-06
    2.450000          0.1951649E-06
    2.550000          0.1846614E-06
    2.650000          0.1744580E-06
    2.750000          0.1645547E-06
    2.850000          0.1551516E-06
    2.950000          0.1460486E-06
    3.050000          0.1374457E-06
    3.150000          0.1292430E-06
    3.250000          0.1214404E-06
    3.350000          0.1140379E-06
    3.450000          0.1070356E-06
    3.550000          0.1004334E-06
    3.650000          0.9418133E-07
    3.750000          0.8830938E-07
    3.850000          0.8277754E-07
    3.950000          0.7757581E-07
    4.050000          0.7268417E-07
    4.150000          0.6808265E-07
    4.250000          0.6377121E-07
    4.350000          0.5970985E-07
    4.450000          0.5589859E-07
    4.550000          0.5231740E-07
    4.650000          0.4896629E-07
    4.750000          0.4581524E-07
    4.850000          0.4285425E-07
    4.950000          0.4008333E-07
    5.050000          0.3747246E-07
    5.150000          0.3503165E-07
    5.250000          0.3274089E-07
    5.350000          0.3059018E-07
    5.450000          0.2857951E-07
    5.550000          0.2668888E-07
    5.650000          0.2490829E-07
    5.750000          0.2324773E-07
    5.850000          0.2169722E-07
    5.950000          0.2023673E-07
    6.050000          0.1887628E-07
    6.150000          0.1759585E-07
    6.250000          0.1639545E-07
    6.350000          0.1527508E-07
    6.450000          0.1423474E-07
    6.550000          0.1325441E-07
    6.650000          0.1233410E-07
    6.750000          0.1148382E-07
    6.850000          0.1068355E-07
    6.950000          0.9937305E-08
    7.050000          0.9242074E-08
    7.150000          0.8592858E-08
    7.250000          0.7988657E-08
    7.350000          0.7424469E-08
    7.450000          0.6899295E-08
    7.550000          0.6410132E-08
    7.650000          0.5953980E-08
    7.750000          0.5529840E-08
    7.850000          0.5135708E-08
    7.950000          0.4768586E-08
    8.050000          0.4427473E-08
    8.150000          0.4109367E-08
    8.250000          0.3814268E-08
    8.350000          0.3540178E-08
    8.450000          0.3285093E-08
    8.550000          0.3048014E-08
    8.650000          0.2827941E-08
    8.750000          0.2623873E-08
    8.850000          0.2434810E-08
    8.950000          0.2257751E-08
    9.050000          0.2094697E-08
    9.150000          0.1942646E-08
    9.250000          0.1801599E-08
    9.350000          0.1671556E-08
    9.450000          0.1549516E-08
    9.550000          0.1437478E-08
    9.650000          0.1332443E-08
    9.750000          0.1235411E-08
    9.850000          0.1145381E-08
    9.950000          0.1062353E-08
    10.05000          0.9830270E-09
    10.15000          0.9084022E-09
    10.25000          0.8401795E-09
    10.35000          0.7776587E-09
    10.45000          0.7202396E-09
    10.55000          0.6676221E-09
    10.65000          0.6193060E-09
    10.75000          0.5747912E-09
    10.85000          0.5339776E-09
    10.95000          0.4962651E-09
    11.05000          0.4599530E-09
    11.15000          0.4249414E-09
    11.25000          0.3928307E-09
    11.35000          0.3634209E-09
    11.45000          0.3364119E-09
    11.55000          0.3117037E-09
    11.65000          0.2888961E-09
    11.75000          0.2679892E-09
    11.85000          0.2487827E-09
    11.95000          0.2310769E-09
    12.05000          0.2139712E-09
    12.15000          0.1975657E-09
    12.25000          0.1825607E-09
    12.35000          0.1688562E-09
    12.45000          0.1562520E-09
    12.55000          0.1446481E-09
    12.65000          0.1339446E-09
    12.75000          0.1241413E-09
    12.85000          0.1151383E-09
    12.95000          0.1068355E-09
    13.05000          0.9893291E-10
    13.15000          0.9132037E-10
    13.25000          0.8434806E-10
    13.35000          0.7795593E-10
    13.45000          0.7209397E-10
    13.55000          0.6670218E-10
    13.65000          0.6176054E-10
    13.75000          0.5720903E-10
    13.85000          0.5302764E-10
    13.95000          0.4917636E-10
    14.05000          0.4548513E-10
    14.15000          0.4197397E-10
    14.25000          0.3875289E-10
    14.35000          0.3579190E-10
    14.45000          0.3308100E-10
    14.55000          0.3059017E-10
    14.65000          0.2830942E-10
    14.75000          0.2620872E-10
    14.85000          0.2426807E-10
    14.95000          0.2248748E-10
    15.05000          0.2079692E-10
    15.15000          0.1917638E-10
    15.25000          0.1769588E-10
    15.35000          0.1633543E-10
    15.45000          0.1509502E-10
    15.55000          0.1395464E-10
    15.65000          0.1290429E-10
    15.75000          0.1193397E-10
    15.85000          0.1104367E-10
    15.95000          0.1023340E-10
    16.05000          0.9454145E-11
    16.15000          0.8716900E-11
    16.25000          0.8040674E-11
    16.35000          0.7420469E-11
    16.45000          0.6852279E-11
    16.55000          0.6330105E-11
    16.65000          0.5849946E-11
    16.75000          0.5409799E-11
    16.85000          0.5004665E-11
    16.95000          0.4631541E-11
    17.05000          0.4278423E-11
    17.15000          0.3943312E-11
    17.25000          0.3636210E-11
    17.35000          0.3354116E-11
    17.45000          0.3096030E-11
    17.55000          0.2858951E-11
    17.65000          0.2640879E-11
    17.75000          0.2440812E-11
    17.85000          0.2256751E-11
    17.95000          0.2087694E-11
    18.05000          0.1926641E-11
    18.15000          0.1775591E-11
    18.25000          0.1636544E-11
    18.35000          0.1509502E-11
    18.45000          0.1392463E-11
    18.55000          0.1285428E-11
    18.65000          0.1186395E-11
    18.75000          0.1096365E-11
    18.85000          0.1013337E-11
    18.95000          0.9365115E-12
    19.05000          0.8641875E-12
    19.15000          0.7959647E-12
    19.25000          0.7333439E-12
    19.35000          0.6760248E-12
    19.45000          0.6234073E-12
    19.55000          0.5750913E-12
    19.65000          0.5307765E-12
    19.75000          0.4900630E-12
    19.85000          0.4526505E-12
    19.95000          0.4183391E-12
