   0.1025000E-09      0.4254368E-01
   0.1075000E-09      0.4460841E-01
   0.1125000E-09      0.4668164E-01
   0.1175000E-09      0.4874637E-01
   0.1237500E-09      0.5132092E-01
   0.1312500E-09      0.5441377E-01
   0.1387500E-09      0.5750661E-01
   0.1462500E-09      0.6059947E-01
   0.1550000E-09      0.6420212E-01
   0.1650000E-09      0.6832308E-01
   0.1750000E-09      0.7243557E-01
   0.1850000E-09      0.7653953E-01
   0.1950000E-09      0.8064351E-01
   0.2050000E-09      0.8474749E-01
   0.2150000E-09      0.8887695E-01
   0.2250000E-09      0.9295543E-01
   0.2350000E-09      0.9703393E-01
   0.2475000E-09      0.1021320    
   0.2625000E-09      0.1082498    
   0.2750000E-09      0.1133479    
   0.2900000E-09      0.1194656    
   0.3100000E-09      0.1276225    
   0.3300000E-09      0.1357795    
   0.3500000E-09      0.1438515    
   0.3700000E-09      0.1520085    
   0.3900000E-09      0.1600805    
   0.4125000E-09      0.1691721    
   0.4375000E-09      0.1791984    
   0.4625000E-09      0.1893096    
   0.4875000E-09      0.1993359    
   0.5125000E-09      0.2093622    
   0.5375000E-09      0.2193035    
   0.5625000E-09      0.2293297    
   0.5875000E-09      0.2392710    
   0.6150000E-09      0.2501470    
   0.6450000E-09      0.2620426    
   0.6750000E-09      0.2739381    
   0.7050000E-09      0.2857487    
   0.7400000E-09      0.2995136    
   0.7800000E-09      0.3152328    
   0.8200000E-09      0.3308670    
   0.8600000E-09      0.3465011    
   0.9000000E-09      0.3620504    
   0.9400000E-09      0.3775147    
   0.9800000E-09      0.3929789    
   0.1025000E-08      0.4102275    
   0.1075000E-08      0.4294303    
   0.1125000E-08      0.4485483    
   0.1175000E-08      0.4674961    
   0.1237500E-08      0.4912024    
   0.1312500E-08      0.5194119    
   0.1387500E-08      0.5474514    
   0.1462500E-08      0.5753211    
   0.1550000E-08      0.6076090    
   0.1650000E-08      0.6443154    
   0.1750000E-08      0.6806819    
   0.1850000E-08      0.7167085    
   0.1950000E-08      0.7524802    
   0.2050000E-08      0.7879120    
   0.2150000E-08      0.8230889    
   0.2250000E-08      0.8581809    
   0.2350000E-08      0.8921682    
   0.2475000E-08      0.9355022    
   0.2625000E-08      0.9864832    
   0.2750000E-08       1.028118    
   0.2900000E-08       1.077399    
   0.3100000E-08       1.142825    
   0.3300000E-08       1.207401    
   0.3500000E-08       1.270278    
   0.3700000E-08       1.332305    
   0.3900000E-08       1.393482    
   0.4125000E-08       1.460607    
   0.4375000E-08       1.533680    
   0.4625000E-08       1.605053    
   0.4875000E-08       1.675577    
   0.5125000E-08       1.744401    
   0.5375000E-08       1.811527    
   0.5625000E-08       1.876952    
   0.5875000E-08       1.940678    
   0.6150000E-08       2.009503    
   0.6450000E-08       2.082576    
   0.6750000E-08       2.153949    
   0.7050000E-08       2.223623    
   0.7400000E-08       2.300945    
   0.7800000E-08       2.387612    
   0.8200000E-08       2.470881    
   0.8600000E-08       2.550752    
   0.9000000E-08       2.627223    
   0.9400000E-08       2.701145    
   0.9800000E-08       2.771669    
   0.1025000E-07       2.847291    
   0.1075000E-07       2.928011    
   0.1125000E-07       3.004483    
   0.1175000E-07       3.075856    
   0.1237500E-07       3.159975    
   0.1312500E-07       3.253441    
   0.1387500E-07       3.339258    
   0.1462500E-07       3.416580    
   0.1550000E-07       3.497300    
   0.1650000E-07       3.578869    
   0.1750000E-07       3.648544    
   0.1850000E-07       3.707171    
   0.1950000E-07       3.756453    
   0.2050000E-07       3.795539    
   0.2150000E-07       3.826127    
   0.2250000E-07       3.849068    
   0.2350000E-07       3.863513    
   0.2475000E-07       3.872010    
   0.2625000E-07       3.870311    
   0.2750000E-07       3.859265    
   0.2900000E-07       3.833775    
   0.3100000E-07       3.786192    
   0.3300000E-07       3.724165    
   0.3500000E-07       3.649393    
   0.3700000E-07       3.564425    
   0.3900000E-07       3.470959    
   0.4125000E-07       3.357951    
   0.4375000E-07       3.226250    
   0.4625000E-07       3.088602    
   0.4875000E-07       2.949253    
   0.5125000E-07       2.798010    
   0.5375000E-07       2.643368    
   0.5625000E-07       2.504869    
   0.5875000E-07       2.378265    
   0.6150000E-07       2.253362    
   0.6450000E-07       2.129308    
   0.6750000E-07       2.017150    
   0.7050000E-07       1.910939    
   0.7400000E-07       1.791134    
   0.7800000E-07       1.666231    
   0.8200000E-07       1.556621    
   0.8600000E-07       1.458058    
   0.9000000E-07       1.370540    
   0.9400000E-07       1.290670    
   0.9800000E-07       1.219297    
   0.1025000E-06       1.140276    
   0.1075000E-06       1.056157    
   0.1125000E-06      0.9822348    
   0.1175000E-06      0.9159594    
   0.1237500E-06      0.8428866    
   0.1312500E-06      0.7668399    
   0.1387500E-06      0.7013292    
   0.1462500E-06      0.6444854    
   0.1550000E-06      0.5872166    
   0.1650000E-06      0.5311375    
   0.1750000E-06      0.4832153    
   0.1850000E-06      0.4419207    
   0.1950000E-06      0.4060641    
   0.2050000E-06      0.3740310    
   0.2150000E-06      0.3451417    
   0.2250000E-06      0.3195662    
   0.2350000E-06      0.2969646    
   0.2475000E-06      0.2722388    
   0.2625000E-06      0.2464084    
   0.2750000E-06      0.2278003    
   0.2900000E-06      0.2083425    
   0.3100000E-06      0.1859109    
   0.3300000E-06      0.1668780    
   0.3500000E-06      0.1507339    
   0.3700000E-06      0.1369691    
   0.3900000E-06      0.1250735    
   0.4125000E-06      0.1135178    
   0.4375000E-06      0.1025569    
   0.4625000E-06      0.9312537E-01
   0.4875000E-06      0.8505337E-01
   0.5125000E-06      0.7845982E-01
   0.5375000E-06      0.7306433E-01
   0.5625000E-06      0.6825512E-01
   0.5875000E-06      0.6395572E-01
   0.6150000E-06      0.5973279E-01
   0.6450000E-06      0.5562032E-01
   0.6750000E-06      0.5195818E-01
   0.7050000E-06      0.4888233E-01
   0.7400000E-06      0.4600190E-01
   0.7800000E-06      0.4315545E-01
   0.8200000E-06      0.4061490E-01
   0.8600000E-06      0.3832925E-01
   0.9000000E-06      0.3627301E-01
   0.9399999E-06      0.3441220E-01
   0.9800000E-06      0.3271284E-01
   0.1025000E-05      0.3099648E-01
   0.1075000E-05      0.2928011E-01
   0.1125000E-05      0.2773369E-01
   0.1175000E-05      0.2633171E-01
   0.1237500E-05      0.2475980E-01
   0.1312500E-05      0.2307742E-01
   0.1387500E-05      0.2159897E-01
   0.1462500E-05      0.2029045E-01
   0.1550000E-05      0.1893096E-01
   0.1650000E-05      0.1757147E-01
   0.1750000E-05      0.1638191E-01
   0.1850000E-05      0.1533680E-01
   0.1950000E-05      0.1440214E-01
   0.2050000E-05      0.1359494E-01
   0.2150000E-05      0.1289821E-01
   0.2250000E-05      0.1226094E-01
   0.2350000E-05      0.1168316E-01
   0.2475000E-05      0.1103740E-01
   0.2625000E-05      0.1034065E-01
   0.2750000E-05      0.9822347E-02
   0.2900000E-05      0.9270052E-02
   0.3100000E-05      0.8607300E-02
   0.3300000E-05      0.8022716E-02
   0.3500000E-05      0.7514606E-02
   0.3700000E-05      0.7067672E-02
   0.3900000E-05      0.6670020E-02
   0.4125000E-05      0.6269819E-02
   0.4375000E-05      0.5868767E-02
   0.4625000E-05      0.5507652E-02
   0.4875000E-05      0.5186472E-02
   0.5125000E-05      0.4936664E-02
   0.5375000E-05      0.4747184E-02
   0.5625000E-05      0.4570451E-02
   0.5875000E-05      0.4400514E-02
   0.6150000E-05      0.4228028E-02
   0.6450000E-05      0.4055542E-02
   0.6750000E-05      0.3896651E-02
   0.7050000E-05      0.3747957E-02
   0.7400000E-05      0.3588216E-02
   0.7800000E-05      0.3423377E-02
   0.8200001E-05      0.3273833E-02
   0.8600000E-05      0.3138733E-02
   0.8999999E-05      0.3014679E-02
   0.9400001E-05      0.2901671E-02
   0.9800000E-05      0.2797160E-02
   0.1025000E-04      0.2677354E-02
   0.1075000E-04      0.2544804E-02
   0.1125000E-04      0.2424148E-02
   0.1175000E-04      0.2314539E-02
   0.1237500E-04      0.2191335E-02
   0.1312500E-04      0.2059634E-02
   0.1387500E-04      0.1941528E-02
   0.1462500E-04      0.1836167E-02
   0.1550000E-04      0.1727408E-02
   0.1650000E-04      0.1616949E-02
   0.1750000E-04      0.1520085E-02
   0.1850000E-04      0.1433417E-02
   0.1950000E-04      0.1356096E-02
   0.2050000E-04      0.1288121E-02
   0.2150000E-04      0.1228643E-02
   0.2250000E-04      0.1173414E-02
   0.2350000E-04      0.1124132E-02
   0.2475000E-04      0.1067203E-02
   0.2625000E-04      0.1006876E-02
   0.2750000E-04      0.9609926E-03
   0.2900000E-04      0.9117110E-03
   0.3100000E-04      0.8564816E-03
   0.3300000E-04      0.8099189E-03
   0.3500000E-04      0.7687941E-03
   0.3700000E-04      0.7319179E-03
   0.3900000E-04      0.6986953E-03
   0.4125000E-04      0.6654725E-03
   0.4375000E-04      0.6318250E-03
   0.4625000E-04      0.6016613E-03
   0.4875000E-04      0.5746413E-03
   0.5125000E-04      0.5491508E-03
   0.5375000E-04      0.5302879E-03
   0.5625000E-04      0.5092157E-03
   0.5875000E-04      0.4879735E-03
   0.6150000E-04      0.4659667E-03
   0.6450000E-04      0.4442148E-03
   0.6750000E-04      0.4247571E-03
   0.7050000E-04      0.4062339E-03
   0.7400000E-04      0.3908547E-03
   0.7800000E-04      0.3755603E-03
   0.8200000E-04      0.3616256E-03
   0.8600000E-04      0.3488803E-03
   0.9000000E-04      0.3325664E-03
   0.9400000E-04      0.3216904E-03
   0.9800000E-04      0.3151478E-03
   0.1025000E-03      0.3031673E-03
   0.1075000E-03      0.2895723E-03
   0.1125000E-03      0.2770820E-03
   0.1175000E-03      0.2656962E-03
   0.1237500E-03      0.2504019E-03
   0.1312500E-03      0.2379116E-03
   0.1387500E-03      0.2266107E-03
   0.1462500E-03      0.2158198E-03
   0.1550000E-03      0.2040091E-03
   0.1650000E-03      0.1920286E-03
   0.1750000E-03      0.1814076E-03
   0.1850000E-03      0.1717212E-03
   0.1950000E-03      0.1619498E-03
   0.2050000E-03      0.1372240E-03
   0.2150000E-03      0.1302566E-03
   0.2250000E-03      0.1243088E-03
   0.2350000E-03      0.1194656E-03
   0.2475000E-03      0.1131779E-03
   0.2625000E-03      0.1136877E-03
   0.2750000E-03      0.1136877E-03
   0.2900000E-03      0.1074001E-03
   0.3100000E-03      0.8879197E-04
   0.3300000E-03      0.8405075E-04
   0.3500000E-03      0.7950493E-04
   0.3700000E-03      0.7566436E-04
   0.3900000E-03      0.7212968E-04
   0.4125000E-03      0.7409244E-04
   0.4375000E-03      0.7430487E-04
   0.4625000E-03      0.7090614E-04
   0.4875000E-03      0.6772832E-04
   0.5125000E-03      0.6448252E-04
   0.5375000E-03      0.6065894E-04
   0.5625000E-03      0.5761708E-04
   0.5875000E-03      0.5489809E-04
   0.6150000E-03      0.5212812E-04
   0.6450000E-03      0.4944312E-04
   0.6750000E-03      0.4694505E-04
   0.7050000E-03      0.4489731E-04
   0.7400000E-03      0.4311296E-04
   0.7800000E-03      0.4134563E-04
   0.8200000E-03      0.3968025E-04
   0.8600000E-03      0.3822729E-04
   0.9000000E-03      0.3687629E-04
   0.9400000E-03      0.3556777E-04
   0.9800000E-03      0.3465011E-04
   0.1025000E-02      0.3323964E-04
   0.1075000E-02      0.3165073E-04
   0.1125000E-02      0.3019777E-04
   0.1175000E-02      0.2886377E-04
   0.1237500E-02      0.2718139E-04
   0.1312500E-02      0.2559248E-04
   0.1387500E-02      0.2416502E-04
   0.1462500E-02      0.2287350E-04
   0.1550000E-02      0.2153949E-04
   0.1650000E-02      0.2019699E-04
   0.1750000E-02      0.1897345E-04
   0.1850000E-02      0.1793683E-04
   0.1950000E-02      0.1699368E-04
   0.2050000E-02      0.1614400E-04
   0.2150000E-02      0.1537928E-04
   0.2250000E-02      0.1469953E-04
   0.2350000E-02      0.1403678E-04
   0.2475000E-02      0.1343350E-04
   0.2625000E-02      0.1267729E-04
   0.2750000E-02      0.1216747E-04
   0.2900000E-02      0.1189558E-04
   0.3100000E-02      0.1122433E-04
   0.3300000E-02      0.1058706E-04
   0.3500000E-02      0.1003477E-04
   0.3700000E-02      0.9541952E-05
   0.3900000E-02      0.9023645E-05
   0.4125000E-02      0.8495141E-05
   0.4375000E-02      0.8043959E-05
   0.4625000E-02      0.7641209E-05
   0.4875000E-02      0.7227413E-05
   0.5125000E-02      0.6719302E-05
   0.5375000E-02      0.6324199E-05
   0.5625000E-02      0.5411638E-05
   0.5875000E-02      0.5172876E-05
   0.6150000E-02      0.4955357E-05
   0.6450000E-02      0.4711498E-05
   0.6750000E-02      0.4491430E-05
   0.7050000E-02      0.4829604E-05
   0.7400000E-02      0.4619732E-05
   0.7800000E-02      0.4318094E-05
   0.8200000E-02      0.4175347E-05
   0.8600000E-02      0.3939135E-05
   0.9000000E-02      0.3651942E-05
   0.9400001E-02      0.3267885E-05
   0.9800000E-02      0.3140432E-05
   0.1025000E-01      0.2994286E-05
   0.1075000E-01      0.2864285E-05
   0.1125000E-01      0.2741930E-05
   0.1175000E-01      0.2701995E-05
   0.1237500E-01      0.2683302E-05
   0.1312500E-01      0.2609380E-05
   0.1387500E-01      0.2509117E-05
   0.1462500E-01      0.2408854E-05
   0.1550000E-01      0.2321337E-05
   0.1650000E-01      0.2197283E-05
   0.1750000E-01      0.1932181E-05
   0.1850000E-01      0.1831069E-05
   0.1950000E-01      0.1748650E-05
   0.2050000E-01      0.1637341E-05
   0.2150000E-01      0.1549824E-05
   0.2250000E-01      0.1604203E-05
   0.2350000E-01      0.1396881E-05
   0.2475000E-01      0.1317010E-05
   0.2625000E-01      0.1251585E-05
   0.2750000E-01      0.1191257E-05
   0.2900000E-01      0.1125831E-05
   0.3100000E-01      0.1074850E-05
   0.3300000E-01      0.1000928E-05
   0.3500000E-01      0.9363518E-06
   0.3700000E-01      0.8862204E-06
   0.3900000E-01      0.8383833E-06
   0.4125000E-01      0.8033763E-06
   0.4375000E-01      0.7672647E-06
   0.4625000E-01      0.7297087E-06
   0.4875000E-01      0.6945318E-06
   0.5125000E-01      0.6707407E-06
   0.5375000E-01      0.6462697E-06
   0.5625000E-01      0.6110078E-06
   0.5875000E-01      0.5830532E-06
   0.6150000E-01      0.5443926E-06
   0.6450000E-01      0.5196668E-06
   0.6750000E-01      0.4965554E-06
   0.7050000E-01      0.4766728E-06
   0.7400000E-01      0.4576398E-06
   0.7799999E-01      0.4593392E-06
   0.8200000E-01      0.4307898E-06
   0.8600000E-01      0.4098876E-06
   0.9000000E-01      0.3954429E-06
   0.9400000E-01      0.3801487E-06
   0.9800000E-01      0.3612857E-06
   0.1025000          0.3549980E-06
   0.1075000          0.3451417E-06
   0.1125000          0.3289977E-06
   0.1175000          0.3187165E-06
   0.1237500          0.3084353E-06
   0.1312500          0.2939057E-06
   0.1387500          0.2821801E-06
   0.1462500          0.2752977E-06
   0.1550000          0.2634870E-06
   0.1650000          0.2521862E-06
   0.1750000          0.2434345E-06
   0.1850000          0.2351925E-06
   0.1950000          0.2258460E-06
   0.2050000          0.2182838E-06
   0.2150000          0.2107217E-06
   0.2250000          0.2029046E-06
   0.2350000          0.1953424E-06
   0.2475000          0.1872704E-06
   0.2625000          0.1792833E-06
   0.2750000          0.1726558E-06
   0.2900000          0.1657734E-06
   0.3100000          0.1582112E-06
   0.3300000          0.1532830E-06
   0.3500000          0.1482699E-06
   0.3700000          0.1438515E-06
   0.3900000          0.1392632E-06
   0.4125000          0.1344200E-06
   0.4375000          0.1291520E-06
   0.4625000          0.1243938E-06
   0.4875000          0.1199754E-06
   0.5125000          0.1160668E-06
   0.5375000          0.1125831E-06
   0.5625000          0.1093543E-06
   0.5875000          0.1063804E-06
   0.6150000          0.1033216E-06
   0.6450000          0.1001778E-06
   0.6750000          0.9728883E-07
   0.7050000          0.9448487E-07
   0.7400000          0.9151098E-07
   0.7800000          0.8836714E-07
   0.8200000          0.8539324E-07
   0.8600000          0.8271674E-07
   0.9000000          0.8022717E-07
   0.9400000          0.7791603E-07
   0.9800000          0.7575783E-07
    1.050000          0.7220615E-07
    1.150000          0.6768583E-07
    1.250000          0.6378578E-07
    1.350000          0.6038705E-07
    1.450000          0.5738766E-07
    1.550000          0.5474514E-07
    1.650000          0.5237452E-07
    1.750000          0.5020783E-07
    1.850000          0.4821957E-07
    1.950000          0.4640975E-07
    2.050000          0.4393716E-07
    2.150000          0.4095478E-07
    2.250000          0.3830376E-07
    2.350000          0.3593314E-07
    2.450000          0.3379194E-07
    2.550000          0.3184616E-07
    2.650000          0.3007032E-07
    2.750000          0.2843042E-07
    2.850000          0.2693499E-07
    2.950000          0.2556700E-07
    3.050000          0.2418201E-07
    3.150000          0.2280552E-07
    3.250000          0.2154799E-07
    3.350000          0.2039242E-07
    3.450000          0.1932182E-07
    3.550000          0.1832768E-07
    3.650000          0.1741003E-07
    3.750000          0.1655185E-07
    3.850000          0.1575314E-07
    3.950000          0.1502241E-07
    4.050000          0.1422371E-07
    4.150000          0.1337403E-07
    4.250000          0.1260082E-07
    4.350000          0.1188708E-07
    4.450000          0.1124132E-07
    4.550000          0.1063804E-07
    4.650000          0.1009425E-07
    4.750000          0.9584436E-08
    4.850000          0.9125606E-08
    4.950000          0.8700765E-08
    5.050000          0.8275073E-08
    5.150000          0.7842584E-08
    5.250000          0.7448330E-08
    5.350000          0.7084665E-08
    5.450000          0.6744792E-08
    5.550000          0.6431259E-08
    5.650000          0.6138118E-08
    5.750000          0.5867918E-08
    5.850000          0.5614711E-08
    5.950000          0.5368304E-08
    6.050000          0.5009738E-08
    6.150000          0.4557705E-08
    6.250000          0.4147308E-08
    6.350000          0.3747107E-08
    6.450000          0.3396187E-08
    6.550000          0.3080105E-08
    6.650000          0.2801408E-08
    6.750000          0.2555000E-08
    6.850000          0.2347677E-08
    6.950000          0.2153949E-08
    7.050000          0.1967869E-08
    7.150000          0.1789435E-08
    7.250000          0.1627145E-08
    7.350000          0.1476751E-08
    7.450000          0.1344200E-08
    7.550000          0.1223545E-08
    7.650000          0.1114785E-08
    7.750000          0.1015372E-08
    7.850000          0.9287046E-09
    7.950000          0.8505337E-09
    8.050000          0.7854479E-09
    8.150000          0.7308982E-09
    8.250000          0.6806820E-09
    8.350000          0.6337793E-09
    8.450000          0.5906154E-09
    8.550000          0.5503403E-09
    8.650000          0.5127843E-09
    8.750000          0.4776924E-09
    8.850000          0.4449796E-09
    8.950000          0.4145608E-09
    9.050000          0.3861814E-09
    9.150000          0.3597562E-09
    9.250000          0.3352003E-09
    9.350000          0.3121740E-09
    9.450000          0.2907619E-09
    9.550000          0.2707943E-09
    9.650000          0.2521862E-09
    9.750000          0.2348527E-09
    9.850000          0.2184537E-09
    9.950000          0.2032444E-09
    10.05000          0.1891396E-09
    10.15000          0.1758846E-09
    10.25000          0.1636492E-09
    10.35000          0.1523484E-09
    10.45000          0.1418123E-09
    10.55000          0.1319559E-09
    10.65000          0.1228643E-09
    10.75000          0.1142825E-09
    10.85000          0.1063804E-09
    10.95000          0.9907317E-10
    11.05000          0.9219071E-10
    11.15000          0.8581810E-10
    11.25000          0.7985330E-10
    11.35000          0.7424539E-10
    11.45000          0.6902833E-10
    11.55000          0.6416815E-10
    11.65000          0.5964781E-10
    11.75000          0.5544188E-10
    11.85000          0.5157582E-10
    11.95000          0.4797316E-10
    12.05000          0.4459992E-10
    12.15000          0.4146457E-10
    12.25000          0.3852468E-10
    12.35000          0.3578019E-10
    12.45000          0.3324814E-10
    12.55000          0.3089451E-10
    12.65000          0.2871083E-10
    12.75000          0.2670557E-10
    12.85000          0.2482777E-10
    12.95000          0.2308591E-10
    13.05000          0.2144602E-10
    13.15000          0.1992509E-10
    13.25000          0.1850612E-10
    13.35000          0.1718911E-10
    13.45000          0.1596556E-10
    13.55000          0.1484398E-10
    13.65000          0.1379887E-10
    13.75000          0.1283023E-10
    13.85000          0.1192107E-10
    13.95000          0.1107988E-10
    14.05000          0.1028967E-10
    14.15000          0.9550448E-11
    14.25000          0.8870702E-11
    14.35000          0.8238537E-11
    14.45000          0.7653104E-11
    14.55000          0.7110157E-11
    14.65000          0.6607143E-11
    14.75000          0.6138967E-11
    14.85000          0.5702230E-11
    14.95000          0.5295231E-11
    15.05000          0.4916272E-11
    15.15000          0.4562804E-11
    15.25000          0.4233126E-11
    15.35000          0.3932338E-11
    15.45000          0.3651942E-11
    15.55000          0.3391939E-11
    15.65000          0.3150629E-11
    15.75000          0.2927162E-11
    15.85000          0.2718139E-11
    15.95000          0.2524411E-11
    16.05000          0.2344278E-11
    16.15000          0.2177740E-11
    16.25000          0.2023098E-11
    16.35000          0.1876952E-11
    16.45000          0.1741852E-11
    16.55000          0.1616948E-11
    16.65000          0.1500542E-11
    16.75000          0.1392632E-11
    16.85000          0.1293219E-11
    16.95000          0.1200604E-11
    17.05000          0.1114785E-11
    17.15000          0.1035765E-11
    17.25000          0.9618424E-12
    17.35000          0.8930180E-12
    17.45000          0.8283569E-12
    17.55000          0.7686242E-12
    17.65000          0.7131398E-12
    17.75000          0.6616489E-12
    17.85000          0.6138117E-12
    17.95000          0.5695433E-12
    18.05000          0.1000000E-29
    18.15000          0.1000000E-29
    18.25000          0.1000000E-29
    18.35000          0.1000000E-29
    18.45000          0.1000000E-29
    18.55000          0.1000000E-29
    18.65000          0.1000000E-29
    18.75000          0.1000000E-29
    18.85000          0.1000000E-29
    18.95000          0.1000000E-29
    19.05000          0.1000000E-29
    19.15000          0.1000000E-29
    19.25000          0.1000000E-29
    19.35000          0.1000000E-29
    19.45000          0.1000000E-29
    19.55000          0.1000000E-29
    19.65000          0.1000000E-29
    19.75000          0.1000000E-29
    19.85000          0.1000000E-29
    19.95000          0.1000000E-29
