   0.1025000E-09      0.8663630E-02
   0.1075000E-09      0.9094279E-02
   0.1125000E-09      0.9524927E-02
   0.1175000E-09      0.9955574E-02
   0.1237500E-09      0.1038622E-01
   0.1312500E-09      0.1103220E-01
   0.1387500E-09      0.1167817E-01
   0.1462500E-09      0.1232414E-01
   0.1550000E-09      0.1297011E-01
   0.1650000E-09      0.1382508E-01
   0.1750000E-09      0.1468637E-01
   0.1850000E-09      0.1554134E-01
   0.1950000E-09      0.1640263E-01
   0.2050000E-09      0.1725760E-01
   0.2150000E-09      0.1811256E-01
   0.2250000E-09      0.1896753E-01
   0.2350000E-09      0.1982249E-01
   0.2475000E-09      0.2067745E-01
   0.2625000E-09      0.2195673E-01
   0.2750000E-09      0.2323601E-01
   0.2900000E-09      0.2408464E-01
   0.3100000E-09      0.2578190E-01
   0.3300000E-09      0.2747916E-01
   0.3500000E-09      0.2917643E-01
   0.3700000E-09      0.3086735E-01
   0.3900000E-09      0.3255828E-01
   0.4125000E-09      0.3424287E-01
   0.4375000E-09      0.3634545E-01
   0.4625000E-09      0.3844803E-01
   0.4875000E-09      0.4054427E-01
   0.5125000E-09      0.4263419E-01
   0.5375000E-09      0.4466709E-01
   0.5625000E-09      0.4670001E-01
   0.5875000E-09      0.4882791E-01
   0.6150000E-09      0.5095582E-01
   0.6450000E-09      0.5337506E-01
   0.6750000E-09      0.5579429E-01
   0.7050000E-09      0.5839719E-01
   0.7400000E-09      0.6100640E-01
   0.7800000E-09      0.6421726E-01
   0.8200000E-09      0.6738379E-01
   0.8600000E-09      0.7074032E-01
   0.9000000E-09      0.7416017E-01
   0.9400000E-09      0.7732669E-01
   0.9800000E-09      0.8049323E-01
   0.1025000E-08      0.8403974E-01
   0.1075000E-08      0.8796624E-01
   0.1125000E-08      0.9182943E-01
   0.1175000E-08      0.9575592E-01
   0.1237500E-08      0.1005690    
   0.1312500E-08      0.1063321    
   0.1387500E-08      0.1120952    
   0.1462500E-08      0.1177950    
   0.1550000E-08      0.1244447    
   0.1650000E-08      0.1319177    
   0.1750000E-08      0.1393907    
   0.1850000E-08      0.1467371    
   0.1950000E-08      0.1540835    
   0.2050000E-08      0.1613665    
   0.2150000E-08      0.1685228    
   0.2250000E-08      0.1756792    
   0.2350000E-08      0.1827722    
   0.2475000E-08      0.1915118    
   0.2625000E-08      0.2019614    
   0.2750000E-08      0.2105110    
   0.2900000E-08      0.2207073    
   0.3100000E-08      0.2340700    
   0.3300000E-08      0.2471795    
   0.3500000E-08      0.2600989    
   0.3700000E-08      0.2727650    
   0.3900000E-08      0.2852412    
   0.4125000E-08      0.2990472    
   0.4375000E-08      0.3140566    
   0.4625000E-08      0.3287493    
   0.4875000E-08      0.3430620    
   0.5125000E-08      0.3571214    
   0.5375000E-08      0.3708642    
   0.5625000E-08      0.3842903    
   0.5875000E-08      0.3973997    
   0.6150000E-08      0.4115225    
   0.6450000E-08      0.4264685    
   0.6750000E-08      0.4410346    
   0.7050000E-08      0.4552206    
   0.7400000E-08      0.4711799    
   0.7800000E-08      0.4888491    
   0.8200000E-08      0.5058851    
   0.8600000E-08      0.5222244    
   0.9000000E-08      0.5379304    
   0.9400000E-08      0.5530031    
   0.9800000E-08      0.5675058    
   0.1025000E-07      0.5830218    
   0.1075000E-07      0.5994878    
   0.1125000E-07      0.6150671    
   0.1175000E-07      0.6298231    
   0.1237500E-07      0.6472391    
   0.1312500E-07      0.6662382    
   0.1387500E-07      0.6833376    
   0.1462500E-07      0.6991702    
   0.1550000E-07      0.7162694    
   0.1650000E-07      0.7327353    
   0.1750000E-07      0.7466681    
   0.1850000E-07      0.7587010    
   0.1950000E-07      0.7688339    
   0.2050000E-07      0.7770669    
   0.2150000E-07      0.7833999    
   0.2250000E-07      0.7878332    
   0.2350000E-07      0.7909997    
   0.2475000E-07      0.7922662    
   0.2625000E-07      0.7922662    
   0.2750000E-07      0.7897329    
   0.2900000E-07      0.7846665    
   0.3100000E-07      0.7751669    
   0.3300000E-07      0.7618675    
   0.3500000E-07      0.7466681    
   0.3700000E-07      0.7295688    
   0.3900000E-07      0.7105697    
   0.4125000E-07      0.6871374    
   0.4375000E-07      0.6599053    
   0.4625000E-07      0.6321663    
   0.4875000E-07      0.6035410    
   0.5125000E-07      0.5757387    
   0.5375000E-07      0.5484433    
   0.5625000E-07      0.5240610    
   0.5875000E-07      0.5017686    
   0.6150000E-07      0.4794129    
   0.6450000E-07      0.4571206    
   0.6750000E-07      0.4367914    
   0.7050000E-07      0.4182355    
   0.7400000E-07      0.3984763    
   0.7800000E-07      0.3780205    
   0.8200000E-07      0.3595913    
   0.8600000E-07      0.3428720    
   0.9000000E-07      0.3276727    
   0.9400000E-07      0.3136766    
   0.9800000E-07      0.3008838    
   0.1025000E-06      0.2877111    
   0.1075000E-06      0.2743483    
   0.1125000E-06      0.2621255    
   0.1175000E-06      0.2509793    
   0.1237500E-06      0.2383132    
   0.1312500E-06      0.2246338    
   0.1387500E-06      0.2124743    
   0.1462500E-06      0.2015814    
   0.1550000E-06      0.1901819    
   0.1650000E-06      0.1786557    
   0.1750000E-06      0.1684595    
   0.1850000E-06      0.1593399    
   0.1950000E-06      0.1511702    
   0.2050000E-06      0.1438239    
   0.2150000E-06      0.1371742    
   0.2250000E-06      0.1310311    
   0.2350000E-06      0.1253313    
   0.2475000E-06      0.1188083    
   0.2625000E-06      0.1115886    
   0.2750000E-06      0.1059522    
   0.2900000E-06      0.1001891    
   0.3100000E-06      0.9347600E-01
   0.3300000E-06      0.8764960E-01
   0.3500000E-06      0.8251981E-01
   0.3700000E-06      0.7796001E-01
   0.3900000E-06      0.7390685E-01
   0.4125000E-06      0.6985369E-01
   0.4375000E-06      0.6580053E-01
   0.4625000E-06      0.6221602E-01
   0.4875000E-06      0.5900515E-01
   0.5125000E-06      0.5610460E-01
   0.5375000E-06      0.5348272E-01
   0.5625000E-06      0.5109516E-01
   0.5875000E-06      0.4891025E-01
   0.6150000E-06      0.4672535E-01
   0.6450000E-06      0.4454676E-01
   0.6750000E-06      0.4255819E-01
   0.7050000E-06      0.4074693E-01
   0.7400000E-06      0.3882167E-01
   0.7800000E-06      0.3682676E-01
   0.8200000E-06      0.3502817E-01
   0.8600000E-06      0.3340058E-01
   0.9000000E-06      0.3191231E-01
   0.9399999E-06      0.3055070E-01
   0.9800000E-06      0.2930308E-01
   0.1025000E-05      0.2802381E-01
   0.1075000E-05      0.2671919E-01
   0.1125000E-05      0.2552858E-01
   0.1175000E-05      0.2444562E-01
   0.1237500E-05      0.2321068E-01
   0.1312500E-05      0.2188706E-01
   0.1387500E-05      0.2070278E-01
   0.1462500E-05      0.1964516E-01
   0.1550000E-05      0.1853688E-01
   0.1650000E-05      0.1741592E-01
   0.1750000E-05      0.1642163E-01
   0.1850000E-05      0.1553500E-01
   0.1950000E-05      0.1473704E-01
   0.2050000E-05      0.1404673E-01
   0.2150000E-05      0.1343243E-01
   0.2250000E-05      0.1287512E-01
   0.2350000E-05      0.1236847E-01
   0.2475000E-05      0.1178583E-01
   0.2625000E-05      0.1115886E-01
   0.2750000E-05      0.1068388E-01
   0.2900000E-05      0.1017723E-01
   0.3100000E-05      0.9505928E-02
   0.3300000E-05      0.8847290E-02
   0.3500000E-05      0.8283648E-02
   0.3700000E-05      0.7789669E-02
   0.3900000E-05      0.7359019E-02
   0.4125000E-05      0.6941038E-02
   0.4375000E-05      0.6516722E-02
   0.4625000E-05      0.6109506E-02
   0.4875000E-05      0.5749155E-02
   0.5125000E-05      0.5450868E-02
   0.5375000E-05      0.5205145E-02
   0.5625000E-05      0.4967021E-02
   0.5875000E-05      0.4727632E-02
   0.6150000E-05      0.4500275E-02
   0.6450000E-05      0.4282418E-02
   0.6750000E-05      0.4087359E-02
   0.7050000E-05      0.3908134E-02
   0.7400000E-05      0.3714975E-02
   0.7800000E-05      0.3515483E-02
   0.8200001E-05      0.3336891E-02
   0.8600000E-05      0.3174765E-02
   0.8999999E-05      0.3027838E-02
   0.9400001E-05      0.2893576E-02
   0.9800000E-05      0.2771349E-02
   0.1025000E-04      0.2644687E-02
   0.1075000E-04      0.2516126E-02
   0.1125000E-04      0.2399598E-02
   0.1175000E-04      0.2292569E-02
   0.1237500E-04      0.2172241E-02
   0.1312500E-04      0.2042413E-02
   0.1387500E-04      0.1927151E-02
   0.1462500E-04      0.1823922E-02
   0.1550000E-04      0.1716894E-02
   0.1650000E-04      0.1607965E-02
   0.1750000E-04      0.1512335E-02
   0.1850000E-04      0.1426839E-02
   0.1950000E-04      0.1350209E-02
   0.2050000E-04      0.1278012E-02
   0.2150000E-04      0.1209615E-02
   0.2250000E-04      0.1148184E-02
   0.2350000E-04      0.1091820E-02
   0.2475000E-04      0.1029123E-02
   0.2625000E-04      0.9613590E-03
   0.2750000E-04      0.9113279E-03
   0.2900000E-04      0.8574968E-03
   0.3100000E-04      0.7928995E-03
   0.3300000E-04      0.7359020E-03
   0.3500000E-04      0.6858708E-03
   0.3700000E-04      0.6415393E-03
   0.3900000E-04      0.6021477E-03
   0.4125000E-04      0.5631993E-03
   0.4375000E-04      0.5248843E-03
   0.4625000E-04      0.4910657E-03
   0.4875000E-04      0.4609837E-03
   0.5125000E-04      0.4341315E-03
   0.5375000E-04      0.4119025E-03
   0.5625000E-04      0.3980330E-03
   0.5875000E-04      0.3776406E-03
   0.6150000E-04      0.3575014E-03
   0.6450000E-04      0.3372990E-03
   0.6750000E-04      0.3181731E-03
   0.7050000E-04      0.2955641E-03
   0.7400000E-04      0.2783382E-03
   0.7800000E-04      0.2609222E-03
   0.8200000E-04      0.2456596E-03
   0.8600000E-04      0.2314735E-03
   0.9000000E-04      0.2173507E-03
   0.9400000E-04      0.2059512E-03
   0.9800000E-04      0.1959450E-03
   0.1025000E-03      0.1865720E-03
   0.1075000E-03      0.1782124E-03
   0.1125000E-03      0.1704227E-03
   0.1175000E-03      0.1633930E-03
   0.1237500E-03      0.1556034E-03
   0.1312500E-03      0.1471804E-03
   0.1387500E-03      0.1396440E-03
   0.1462500E-03      0.1328677E-03
   0.1550000E-03      0.1259646E-03
   0.1650000E-03      0.1191249E-03
   0.1750000E-03      0.1131718E-03
   0.1850000E-03      0.1077888E-03
   0.1950000E-03      0.1023423E-03
   0.2050000E-03      0.9841580E-04
   0.2150000E-03      0.9512261E-04
   0.2250000E-03      0.9233606E-04
   0.2350000E-03      0.8992950E-04
   0.2475000E-03      0.8663631E-04
   0.2625000E-03      0.8334312E-04
   0.2750000E-03      0.8036658E-04
   0.2900000E-03      0.7726337E-04
   0.3100000E-03      0.7327354E-04
   0.3300000E-03      0.6985368E-04
   0.3500000E-03      0.6656050E-04
   0.3700000E-03      0.6371062E-04
   0.3900000E-03      0.6112673E-04
   0.4125000E-03      0.5849851E-04
   0.4375000E-03      0.5587662E-04
   0.4625000E-03      0.5343205E-04
   0.4875000E-03      0.5127248E-04
   0.5125000E-03      0.4917624E-04
   0.5375000E-03      0.4711166E-04
   0.5625000E-03      0.4522440E-04
   0.5875000E-03      0.4348281E-04
   0.6150000E-03      0.4172856E-04
   0.6450000E-03      0.3997430E-04
   0.6750000E-03      0.3837203E-04
   0.7050000E-03      0.3690909E-04
   0.7400000E-03      0.3537015E-04
   0.7800000E-03      0.3375523E-04
   0.8200000E-03      0.3227963E-04
   0.8600000E-03      0.3094968E-04
   0.9000000E-03      0.2972740E-04
   0.9400000E-03      0.2860011E-04
   0.9800000E-03      0.2756782E-04
   0.1025000E-02      0.2644687E-04
   0.1075000E-02      0.2526892E-04
   0.1125000E-02      0.2418597E-04
   0.1175000E-02      0.2320434E-04
   0.1237500E-02      0.2200739E-04
   0.1312500E-02      0.2081678E-04
   0.1387500E-02      0.1973382E-04
   0.1462500E-02      0.1876487E-04
   0.1550000E-02      0.1775791E-04
   0.1650000E-02      0.1675095E-04
   0.1750000E-02      0.1583266E-04
   0.1850000E-02      0.1500936E-04
   0.1950000E-02      0.1426839E-04
   0.2050000E-02      0.1368575E-04
   0.2150000E-02      0.1322977E-04
   0.2250000E-02      0.1280545E-04
   0.2350000E-02      0.1241914E-04
   0.2475000E-02      0.1196949E-04
   0.2625000E-02      0.1147551E-04
   0.2750000E-02      0.1110186E-04
   0.2900000E-02      0.1069021E-04
   0.3100000E-02      0.9949243E-05
   0.3300000E-02      0.9284271E-05
   0.3500000E-02      0.8758627E-05
   0.3700000E-02      0.8213983E-05
   0.3900000E-02      0.7833999E-05
   0.4125000E-02      0.7371686E-05
   0.4375000E-02      0.6934704E-05
   0.4625000E-02      0.6535722E-05
   0.4875000E-02      0.6182971E-05
   0.5125000E-02      0.5882149E-05
   0.5375000E-02      0.5631993E-05
   0.5625000E-02      0.5398936E-05
   0.5875000E-02      0.5183612E-05
   0.6150000E-02      0.4963222E-05
   0.6450000E-02      0.4747897E-05
   0.6750000E-02      0.4545239E-05
   0.7050000E-02      0.4376780E-05
   0.7400000E-02      0.4200088E-05
   0.7800000E-02      0.4010095E-05
   0.8200000E-02      0.3842903E-05
   0.8600000E-02      0.3687742E-05
   0.9000000E-02      0.3542082E-05
   0.9400001E-02      0.3412888E-05
   0.9800000E-02      0.3297626E-05
   0.1025000E-01      0.3172231E-05
   0.1075000E-01      0.3040504E-05
   0.1125000E-01      0.2922709E-05
   0.1175000E-01      0.2813780E-05
   0.1237500E-01      0.2691552E-05
   0.1312500E-01      0.2557291E-05
   0.1387500E-01      0.2436963E-05
   0.1462500E-01      0.2328034E-05
   0.1550000E-01      0.2214039E-05
   0.1650000E-01      0.2096877E-05
   0.1750000E-01      0.1991748E-05
   0.1850000E-01      0.1899286E-05
   0.1950000E-01      0.1814423E-05
   0.2050000E-01      0.1744759E-05
   0.2150000E-01      0.1690295E-05
   0.2250000E-01      0.1638997E-05
   0.2350000E-01      0.1591499E-05
   0.2475000E-01      0.1536401E-05
   0.2625000E-01      0.1476870E-05
   0.2750000E-01      0.1430639E-05
   0.2900000E-01      0.1381241E-05
   0.3100000E-01      0.1321077E-05
   0.3300000E-01      0.1267879E-05
   0.3500000E-01      0.1219748E-05
   0.3700000E-01      0.1176683E-05
   0.3900000E-01      0.1136785E-05
   0.4125000E-01      0.1094987E-05
   0.4375000E-01      0.1053188E-05
   0.4625000E-01      0.1015190E-05
   0.4875000E-01      0.9797250E-06
   0.5125000E-01      0.9480596E-06
   0.5375000E-01      0.9189275E-06
   0.5625000E-01      0.8916953E-06
   0.5875000E-01      0.8663631E-06
   0.6150000E-01      0.8403975E-06
   0.6450000E-01      0.8144320E-06
   0.6750000E-01      0.7903662E-06
   0.7050000E-01      0.7688340E-06
   0.7400000E-01      0.7454016E-06
   0.7799999E-01      0.7213359E-06
   0.8200000E-01      0.6991702E-06
   0.8600000E-01      0.6782711E-06
   0.9000000E-01      0.6592718E-06
   0.9400000E-01      0.6415393E-06
   0.9800000E-01      0.6250100E-06
   0.1025000          0.6073408E-06
   0.1075000          0.5888483E-06
   0.1125000          0.5717490E-06
   0.1175000          0.5557897E-06
   0.1237500          0.5374871E-06
   0.1312500          0.5172846E-06
   0.1387500          0.4989187E-06
   0.1462500          0.4821361E-06
   0.1550000          0.4642769E-06
   0.1650000          0.4457843E-06
   0.1750000          0.4290650E-06
   0.1850000          0.4138023E-06
   0.1950000          0.3999329E-06
   0.2050000          0.3876468E-06
   0.2150000          0.3767539E-06
   0.2250000          0.3666210E-06
   0.2350000          0.3571848E-06
   0.2475000          0.3462919E-06
   0.2625000          0.3343224E-06
   0.2750000          0.3251395E-06
   0.2900000          0.3150066E-06
   0.3100000          0.3035437E-06
   0.3300000          0.2937275E-06
   0.3500000          0.2844179E-06
   0.3700000          0.2754250E-06
   0.3900000          0.2670020E-06
   0.4125000          0.2583890E-06
   0.4375000          0.2500293E-06
   0.4625000          0.2424296E-06
   0.4875000          0.2354633E-06
   0.5125000          0.2286869E-06
   0.5375000          0.2219106E-06
   0.5625000          0.2148809E-06
   0.5875000          0.2077878E-06
   0.6150000          0.2006948E-06
   0.6450000          0.1939817E-06
   0.6750000          0.1877753E-06
   0.7050000          0.1822022E-06
   0.7400000          0.1765025E-06
   0.7800000          0.1707394E-06
   0.8200000          0.1655463E-06
   0.8600000          0.1607965E-06
   0.9000000          0.1564900E-06
   0.9400000          0.1525002E-06
   0.9800000          0.1487637E-06
    1.050000          0.1428739E-06
    1.150000          0.1353376E-06
    1.250000          0.1288145E-06
    1.350000          0.1231147E-06
    1.450000          0.1181116E-06
    1.550000          0.1134885E-06
    1.650000          0.1093087E-06
    1.750000          0.1057622E-06
    1.850000          0.1027223E-06
    1.950000          0.1009490E-06
    2.050000          0.9930244E-07
    2.150000          0.9683254E-07
    2.250000          0.9423599E-07
    2.350000          0.9163942E-07
    2.450000          0.8847289E-07
    2.550000          0.8536969E-07
    2.650000          0.8245649E-07
    2.750000          0.8004992E-07
    2.850000          0.7852999E-07
    2.950000          0.7707338E-07
    3.050000          0.7371685E-07
    3.150000          0.6947371E-07
    3.250000          0.6535721E-07
    3.350000          0.6131671E-07
    3.450000          0.5763721E-07
    3.550000          0.5416669E-07
    3.650000          0.5069618E-07
    3.750000          0.4777663E-07
    3.850000          0.4524974E-07
    3.950000          0.4298250E-07
    4.050000          0.4040495E-07
    4.150000          0.3740307E-07
    4.250000          0.3445187E-07
    4.350000          0.3165265E-07
    4.450000          0.2907509E-07
    4.550000          0.2671920E-07
    4.650000          0.2456595E-07
    4.750000          0.2266603E-07
    4.850000          0.2096877E-07
    4.950000          0.1943617E-07
    5.050000          0.1806190E-07
    5.150000          0.1685228E-07
    5.250000          0.1580099E-07
    5.350000          0.1487637E-07
    5.450000          0.1401507E-07
    5.550000          0.1327410E-07
    5.650000          0.1222281E-07
    5.750000          0.1136152E-07
    5.850000          0.1064588E-07
    5.950000          0.9797249E-08
    6.050000          0.8923285E-08
    6.150000          0.7928994E-08
    6.250000          0.7105697E-08
    6.350000          0.5690890E-08
    6.450000          0.4849860E-08
    6.550000          0.4170322E-08
    6.650000          0.3693443E-08
    6.750000          0.3328658E-08
    6.850000          0.3159565E-08
    6.950000          0.2937275E-08
    7.050000          0.2755516E-08
    7.150000          0.2595922E-08
    7.250000          0.2413530E-08
    7.350000          0.2178574E-08
    7.450000          0.2006314E-08
    7.550000          0.1828989E-08
    7.650000          0.1659896E-08
    7.750000          0.1497136E-08
    7.850000          0.1385674E-08
    7.950000          0.1277379E-08
    8.050000          0.1190616E-08
    8.150000          0.1113353E-08
    8.250000          0.1048122E-08
    8.350000          0.9854246E-09
    8.450000          0.9315936E-09
    8.550000          0.8809291E-09
    8.650000          0.8321646E-09
    8.750000          0.7852999E-09
    8.850000          0.7397018E-09
    8.950000          0.6966370E-09
    9.050000          0.6548387E-09
    9.150000          0.6153838E-09
    9.250000          0.5778287E-09
    9.350000          0.5412236E-09
    9.450000          0.5065184E-09
    9.550000          0.4737764E-09
    9.650000          0.4428078E-09
    9.750000          0.4136123E-09
    9.850000          0.3832770E-09
    9.950000          0.3549049E-09
    10.05000          0.3284326E-09
    10.15000          0.3036704E-09
    10.25000          0.2806180E-09
    10.35000          0.2613655E-09
    10.45000          0.2433796E-09
    10.55000          0.2264703E-09
    10.65000          0.2107010E-09
    10.75000          0.1959450E-09
    10.85000          0.1829622E-09
    10.95000          0.1708027E-09
    11.05000          0.1594032E-09
    11.15000          0.1487637E-09
    11.25000          0.1387574E-09
    11.35000          0.1284978E-09
    11.45000          0.1189349E-09
    11.55000          0.1100053E-09
    11.65000          0.1017090E-09
    11.75000          0.9391934E-10
    11.85000          0.8758626E-10
    11.95000          0.8156986E-10
    12.05000          0.7580676E-10
    12.15000          0.7036034E-10
    12.25000          0.6504056E-10
    12.35000          0.6003745E-10
    12.45000          0.5554096E-10
    12.55000          0.5154480E-10
    12.65000          0.4781463E-10
    12.75000          0.4459743E-10
    12.85000          0.4163355E-10
    12.95000          0.3872668E-10
    13.05000          0.3586414E-10
    13.15000          0.3319791E-10
    13.25000          0.3069003E-10
    13.35000          0.2832146E-10
    13.45000          0.2622522E-10
    13.55000          0.2441396E-10
    13.65000          0.2279903E-10
    13.75000          0.2131709E-10
    13.85000          0.1991115E-10
    13.95000          0.1849254E-10
    14.05000          0.1717527E-10
    14.15000          0.1587066E-10
    14.25000          0.1468637E-10
    14.35000          0.1362242E-10
    14.45000          0.1266613E-10
    14.55000          0.1177950E-10
    14.65000          0.1098787E-10
    14.75000          0.1022790E-10
    14.85000          0.9512262E-11
    14.95000          0.8815624E-11
    15.05000          0.8169652E-11
    15.15000          0.7542679E-11
    15.25000          0.6953703E-11
    15.35000          0.6466058E-11
    15.45000          0.6018943E-11
    15.55000          0.5604128E-11
    15.65000          0.5220978E-11
    15.75000          0.4867592E-11
    15.85000          0.4521807E-11
    15.95000          0.4201988E-11
    16.05000          0.3906867E-11
    16.15000          0.3633912E-11
    16.25000          0.3382489E-11
    16.35000          0.3122834E-11
    16.45000          0.2882177E-11
    16.55000          0.2659253E-11
    16.65000          0.2453429E-11
    16.75000          0.2262803E-11
    16.85000          0.2100044E-11
    16.95000          0.1950584E-11
    17.05000          0.1812523E-11
    17.15000          0.1685862E-11
    17.25000          0.1569966E-11
    17.35000          0.1447105E-11
    17.45000          0.1334377E-11
    17.55000          0.1230514E-11
    17.65000          0.1134252E-11
    17.75000          0.1045589E-11
    17.85000          0.9632589E-12
    17.95000          0.8866288E-12
    18.05000          0.1000000E-29
    18.15000          0.1000000E-29
    18.25000          0.1000000E-29
    18.35000          0.1000000E-29
    18.45000          0.1000000E-29
    18.55000          0.1000000E-29
    18.65000          0.1000000E-29
    18.75000          0.1000000E-29
    18.85000          0.1000000E-29
    18.95000          0.1000000E-29
    19.05000          0.1000000E-29
    19.15000          0.1000000E-29
    19.25000          0.1000000E-29
    19.35000          0.1000000E-29
    19.45000          0.1000000E-29
    19.55000          0.1000000E-29
    19.65000          0.1000000E-29
    19.75000          0.1000000E-29
    19.85000          0.1000000E-29
    19.95000          0.1000000E-29
