   0.1025000E-09      0.4111158E-01
   0.1075000E-09      0.4311022E-01
   0.1125000E-09      0.4510338E-01
   0.1175000E-09      0.4709654E-01
   0.1237500E-09      0.4958798E-01
   0.1312500E-09      0.5257771E-01
   0.1387500E-09      0.5557840E-01
   0.1462500E-09      0.5853528E-01
   0.1550000E-09      0.6203973E-01
   0.1650000E-09      0.6598224E-01
   0.1750000E-09      0.6997950E-01
   0.1850000E-09      0.7392201E-01
   0.1950000E-09      0.7791927E-01
   0.2050000E-09      0.8186178E-01
   0.2150000E-09      0.8580429E-01
   0.2250000E-09      0.8974680E-01
   0.2350000E-09      0.9374405E-01
   0.2475000E-09      0.9867220E-01
   0.2625000E-09      0.1045860    
   0.2750000E-09      0.1095141    
   0.2900000E-09      0.1153731    
   0.3100000E-09      0.1232581    
   0.3300000E-09      0.1310884    
   0.3500000E-09      0.1389186    
   0.3700000E-09      0.1467489    
   0.3900000E-09      0.1545244    
   0.4125000E-09      0.1632855    
   0.4375000E-09      0.1730323    
   0.4625000E-09      0.1827242    
   0.4875000E-09      0.1924163    
   0.5125000E-09      0.2020535    
   0.5375000E-09      0.2116907    
   0.5625000E-09      0.2213280    
   0.5875000E-09      0.2309104    
   0.6150000E-09      0.2414786    
   0.6450000E-09      0.2529228    
   0.6750000E-09      0.2643670    
   0.7050000E-09      0.2758112    
   0.7400000E-09      0.2890624    
   0.7800000E-09      0.3042301    
   0.8200000E-09      0.3192883    
   0.8600000E-09      0.3343465    
   0.9000000E-09      0.3493499    
   0.9400000E-09      0.3642439    
   0.9800000E-09      0.3791378    
   0.1025000E-08      0.3958386    
   0.1075000E-08      0.4143465    
   0.1125000E-08      0.4327449    
   0.1175000E-08      0.4510338    
   0.1237500E-08      0.4738674    
   0.1312500E-08      0.5010817    
   0.1387500E-08      0.5281316    
   0.1462500E-08      0.5552365    
   0.1550000E-08      0.5859003    
   0.1650000E-08      0.6214924    
   0.1750000E-08      0.6565369    
   0.1850000E-08      0.6910338    
   0.1950000E-08      0.7255309    
   0.2050000E-08      0.7600278    
   0.2150000E-08      0.7939771    
   0.2250000E-08      0.8273790    
   0.2350000E-08      0.8607807    
   0.2475000E-08      0.9018486    
   0.2625000E-08      0.9511298    
   0.2750000E-08      0.9911025    
   0.2900000E-08       1.039289    
   0.3100000E-08       1.102259    
   0.3300000E-08       1.163587    
   0.3500000E-08       1.224367    
   0.3700000E-08       1.284053    
   0.3900000E-08       1.343190    
   0.4125000E-08       1.407804    
   0.4375000E-08       1.478440    
   0.4625000E-08       1.547434    
   0.4875000E-08       1.614785    
   0.5125000E-08       1.681041    
   0.5375000E-08       1.745655    
   0.5625000E-08       1.808625    
   0.5875000E-08       1.870501    
   0.6150000E-08       1.936757    
   0.6450000E-08       2.006845    
   0.6750000E-08       2.075292    
   0.7050000E-08       2.142095    
   0.7400000E-08       2.217113    
   0.7800000E-08       2.299796    
   0.8200000E-08       2.379741    
   0.8600000E-08       2.456401    
   0.9000000E-08       2.530323    
   0.9400000E-08       2.600960    
   0.9800000E-08       2.668311    
   0.1025000E-07       2.741137    
   0.1075000E-07       2.818345    
   0.1125000E-07       2.891172    
   0.1175000E-07       2.959618    
   0.1237500E-07       3.040111    
   0.1312500E-07       3.129365    
   0.1387500E-07       3.210406    
   0.1462500E-07       3.283780    
   0.1550000E-07       3.359892    
   0.1650000E-07       3.436552    
   0.1750000E-07       3.502260    
   0.1850000E-07       3.557565    
   0.1950000E-07       3.602466    
   0.2050000E-07       3.639153    
   0.2150000E-07       3.667079    
   0.2250000E-07       3.686792    
   0.2350000E-07       3.699386    
   0.2475000E-07       3.705956    
   0.2625000E-07       3.702671    
   0.2750000E-07       3.691172    
   0.2900000E-07       3.664889    
   0.3100000E-07       3.618345    
   0.3300000E-07       3.558112    
   0.3500000E-07       3.485833    
   0.3700000E-07       3.404245    
   0.3900000E-07       3.314991    
   0.4125000E-07       3.206572    
   0.4375000E-07       3.081179    
   0.4625000E-07       2.950857    
   0.4875000E-07       2.818345    
   0.5125000E-07       2.689666    
   0.5375000E-07       2.572486    
   0.5625000E-07       2.465162    
   0.5875000E-07       2.367147    
   0.6150000E-07       2.268037    
   0.6450000E-07       2.168926    
   0.6750000E-07       2.079125    
   0.7050000E-07       1.979467    
   0.7400000E-07       1.845312    
   0.7800000E-07       1.701301    
   0.8200000E-07       1.575360    
   0.8600000E-07       1.463656    
   0.9000000E-07       1.364545    
   0.9400000E-07       1.275839    
   0.9800000E-07       1.195894    
   0.1025000E-06       1.088022    
   0.1075000E-06      0.9615336    
   0.1125000E-06      0.8542098    
   0.1175000E-06      0.7633131    
   0.1237500E-06      0.6674884    
   0.1312500E-06      0.5727587    
   0.1387500E-06      0.4957155    
   0.1462500E-06      0.4322520    
   0.1550000E-06      0.3719099    
   0.1650000E-06      0.3160576    
   0.1750000E-06      0.2712117    
   0.1850000E-06      0.2347434    
   0.1950000E-06      0.2046818    
   0.2050000E-06      0.1846955    
   0.2150000E-06      0.1722656    
   0.2250000E-06      0.1609857    
   0.2350000E-06      0.1504724    
   0.2475000E-06      0.1384258    
   0.2625000E-06      0.1235866    
   0.2750000E-06      0.1105545    
   0.2900000E-06      0.9642714E-01
   0.3100000E-06      0.8301168E-01
   0.3300000E-06      0.7364823E-01
   0.3500000E-06      0.6543466E-01
   0.3700000E-06      0.5897334E-01
   0.3900000E-06      0.5395211E-01
   0.4125000E-06      0.4952227E-01
   0.4375000E-06      0.4551953E-01
   0.4625000E-06      0.4214102E-01
   0.4875000E-06      0.3920604E-01
   0.5125000E-06      0.3690625E-01
   0.5375000E-06      0.3511569E-01
   0.5625000E-06      0.3350583E-01
   0.5875000E-06      0.3205477E-01
   0.6150000E-06      0.3062561E-01
   0.6450000E-06      0.2921288E-01
   0.6750000E-06      0.2792609E-01
   0.7050000E-06      0.2670501E-01
   0.7400000E-06      0.2534156E-01
   0.7800000E-06      0.2391787E-01
   0.8200000E-06      0.2264204E-01
   0.8600000E-06      0.2149214E-01
   0.9000000E-06      0.2044628E-01
   0.9399999E-06      0.1950446E-01
   0.9800000E-06      0.1863930E-01
   0.1025000E-05      0.1780151E-01
   0.1075000E-05      0.1699111E-01
   0.1125000E-05      0.1625736E-01
   0.1175000E-05      0.1558933E-01
   0.1237500E-05      0.1482821E-01
   0.1312500E-05      0.1400138E-01
   0.1387500E-05      0.1327311E-01
   0.1462500E-05      0.1261602E-01
   0.1550000E-05      0.1193156E-01
   0.1650000E-05      0.1123615E-01
   0.1750000E-05      0.1061739E-01
   0.1850000E-05      0.1006982E-01
   0.1950000E-05      0.9577007E-02
   0.2050000E-05      0.9138950E-02
   0.2150000E-05      0.8744699E-02
   0.2250000E-05      0.8394254E-02
   0.2350000E-05      0.8071188E-02
   0.2475000E-05      0.7698840E-02
   0.2625000E-05      0.7310065E-02
   0.2750000E-05      0.7025329E-02
   0.2900000E-05      0.6729641E-02
   0.3100000E-05      0.6362767E-02
   0.3300000E-05      0.6050653E-02
   0.3500000E-05      0.5815198E-02
   0.3700000E-05      0.5672829E-02
   0.3900000E-05      0.5650926E-02
   0.4125000E-05      0.5776868E-02
   0.4375000E-05      0.5842576E-02
   0.4625000E-05      0.5546888E-02
   0.4875000E-05      0.5273103E-02
   0.5125000E-05      0.5034910E-02
   0.5375000E-05      0.4823001E-02
   0.5625000E-05      0.4437511E-02
   0.5875000E-05      0.3887750E-02
   0.6150000E-05      0.3512117E-02
   0.6450000E-05      0.3239427E-02
   0.6750000E-05      0.3029160E-02
   0.7050000E-05      0.2856127E-02
   0.7400000E-05      0.2694594E-02
   0.7800000E-05      0.2540179E-02
   0.8200001E-05      0.2406572E-02
   0.8600000E-05      0.2286654E-02
   0.8999999E-05      0.2180425E-02
   0.9400001E-05      0.2084053E-02
   0.9800000E-05      0.1997537E-02
   0.1025000E-04      0.1909378E-02
   0.1075000E-04      0.1821767E-02
   0.1125000E-04      0.1740726E-02
   0.1175000E-04      0.1667352E-02
   0.1237500E-04      0.1584669E-02
   0.1312500E-04      0.1496510E-02
   0.1387500E-04      0.1417112E-02
   0.1462500E-04      0.1345928E-02
   0.1550000E-04      0.1272006E-02
   0.1650000E-04      0.1196989E-02
   0.1750000E-04      0.1130733E-02
   0.1850000E-04      0.1071048E-02
   0.1950000E-04      0.1017386E-02
   0.2050000E-04      0.9686520E-03
   0.2150000E-04      0.9242989E-03
   0.2250000E-04      0.8837786E-03
   0.2350000E-04      0.8465439E-03
   0.2475000E-04      0.8065712E-03
   0.2625000E-04      0.7616704E-03
   0.2750000E-04      0.7277211E-03
   0.2900000E-04      0.6910339E-03
   0.3100000E-04      0.6477758E-03
   0.3300000E-04      0.6088983E-03
   0.3500000E-04      0.5754965E-03
   0.3700000E-04      0.5459277E-03
   0.3900000E-04      0.5195349E-03
   0.4125000E-04      0.4938538E-03
   0.4375000E-04      0.4677347E-03
   0.4625000E-04      0.4447367E-03
   0.4875000E-04      0.4247503E-03
   0.5125000E-04      0.4080495E-03
   0.5375000E-04      0.4175772E-03
   0.5625000E-04      0.4671323E-03
   0.5875000E-04      0.4490625E-03
   0.6150000E-04      0.4314308E-03
   0.6450000E-04      0.4136347E-03
   0.6750000E-04      0.3910748E-03
   0.7050000E-04      0.3342917E-03
   0.7400000E-04      0.3230665E-03
   0.7800000E-04      0.3121152E-03
   0.8200000E-04      0.3059276E-03
   0.8600000E-04      0.3008352E-03
   0.9000000E-04      0.2930049E-03
   0.9400000E-04      0.2956333E-03
   0.9800000E-04      0.3003971E-03
   0.1025000E-03      0.3024232E-03
   0.1075000E-03      0.3112938E-03
   0.1125000E-03      0.3352774E-03
   0.1175000E-03      0.3381247E-03
   0.1237500E-03      0.3225190E-03
   0.1312500E-03      0.3045586E-03
   0.1387500E-03      0.2875292E-03
   0.1462500E-03      0.2711569E-03
   0.1550000E-03      0.2375908E-03
   0.1650000E-03      0.1828338E-03
   0.1750000E-03      0.1442301E-03
   0.1850000E-03      0.1090760E-03
   0.1950000E-03      0.8405206E-04
   0.2050000E-03      0.2781110E-03
   0.2150000E-03      0.2700069E-03
   0.2250000E-03      0.2399454E-03
   0.2350000E-03      0.2216017E-03
   0.2475000E-03      0.2092267E-03
   0.2625000E-03      0.8076663E-04
   0.2750000E-03      0.3491309E-04
   0.2900000E-03      0.3009447E-04
   0.3100000E-03      0.8125945E-04
   0.3300000E-03      0.7518142E-04
   0.3500000E-03      0.7129367E-04
   0.3700000E-03      0.7227929E-04
   0.3900000E-03      0.1022862E-03
   0.4125000E-03      0.3425600E-04
   0.4375000E-03      0.2622314E-04
   0.4625000E-03      0.2663930E-04
   0.4875000E-03      0.2915813E-04
   0.5125000E-03      0.2830392E-04
   0.5375000E-03      0.2690213E-04
   0.5625000E-03      0.2587818E-04
   0.5875000E-03      0.2497469E-04
   0.6150000E-03      0.2400549E-04
   0.6450000E-03      0.2312937E-04
   0.6750000E-03      0.2549488E-04
   0.7050000E-03      0.2487065E-04
   0.7400000E-03      0.2712116E-04
   0.7800000E-03      0.2583438E-04
   0.8200000E-03      0.2254347E-04
   0.8600000E-03      0.2133334E-04
   0.9000000E-03      0.1805887E-04
   0.9400000E-03      0.1563314E-04
   0.9800000E-03      0.1036551E-04
   0.1025000E-02      0.9566055E-05
   0.1075000E-02      0.9100620E-05
   0.1125000E-02      0.8219032E-05
   0.1175000E-02      0.7950723E-05
   0.1237500E-02      0.8235460E-05
   0.1312500E-02      0.1247913E-04
   0.1387500E-02      0.1340452E-04
   0.1462500E-02      0.1295552E-04
   0.1550000E-02      0.1181109E-04
   0.1650000E-02      0.1042027E-04
   0.1750000E-02      0.8919923E-05
   0.1850000E-02      0.8180702E-05
   0.1950000E-02      0.7726218E-05
   0.2050000E-02      0.7271735E-05
   0.2150000E-02      0.6855582E-05
   0.2250000E-02      0.6466807E-05
   0.2350000E-02      0.6099935E-05
   0.2475000E-02      0.5804246E-05
   0.2625000E-02      0.5607120E-05
   0.2750000E-02      0.5475704E-05
   0.2900000E-02      0.5334431E-05
   0.3100000E-02      0.6308011E-05
   0.3300000E-02      0.6532514E-05
   0.3500000E-02      0.6537991E-05
   0.3700000E-02      0.6713213E-05
   0.3900000E-02      0.4653801E-05
   0.4125000E-02      0.4433130E-05
   0.4375000E-02      0.3802877E-05
   0.4625000E-02      0.3593157E-05
   0.4875000E-02      0.3342370E-05
   0.5125000E-02      0.3184122E-05
   0.5375000E-02      0.3016566E-05
   0.5625000E-02      0.7134842E-05
   0.5875000E-02      0.6658457E-05
   0.6150000E-02      0.7583850E-05
   0.6450000E-02      0.7085562E-05
   0.6750000E-02      0.8093090E-05
   0.7050000E-02      0.2326079E-05
   0.7400000E-02      0.2250514E-05
   0.7800000E-02      0.2184258E-05
   0.8200000E-02      0.2170022E-05
   0.8600000E-02      0.2282821E-05
   0.9000000E-02      0.2757017E-05
   0.9400001E-02      0.6105411E-05
   0.9800000E-02      0.5842577E-05
   0.1025000E-01      0.5738538E-05
   0.1075000E-01      0.5787819E-05
   0.1125000E-01      0.5869955E-05
   0.1175000E-01      0.3542781E-05
   0.1237500E-01      0.2176045E-05
   0.1312500E-01      0.1649282E-05
   0.1387500E-01      0.1446681E-05
   0.1462500E-01      0.1331691E-05
   0.1550000E-01      0.1188775E-05
   0.1650000E-01      0.1086380E-05
   0.1750000E-01      0.1481726E-05
   0.1850000E-01      0.1365093E-05
   0.1950000E-01      0.1317455E-05
   0.2050000E-01      0.1338262E-05
   0.2150000E-01      0.1322383E-05
   0.2250000E-01      0.8443536E-06
   0.2350000E-01      0.1301027E-05
   0.2475000E-01      0.1269816E-05
   0.2625000E-01      0.1181109E-05
   0.2750000E-01      0.1118686E-05
   0.2900000E-01      0.1084190E-05
   0.3100000E-01      0.9253940E-06
   0.3300000E-01      0.9763182E-06
   0.3500000E-01      0.9911024E-06
   0.3700000E-01      0.1031623E-05
   0.3900000E-01      0.1092951E-05
   0.4125000E-01      0.9226561E-06
   0.4375000E-01      0.8142372E-06
   0.4625000E-01      0.7687889E-06
   0.4875000E-01      0.7282687E-06
   0.5125000E-01      0.6012323E-06
   0.5375000E-01      0.5428066E-06
   0.5625000E-01      0.5568792E-06
   0.5875000E-01      0.5574267E-06
   0.6150000E-01      0.7014378E-06
   0.6450000E-01      0.6713213E-06
   0.6750000E-01      0.6516088E-06
   0.7050000E-01      0.6318963E-06
   0.7400000E-01      0.5995897E-06
   0.7799999E-01      0.3976456E-06
   0.8200000E-01      0.4487887E-06
   0.8600000E-01      0.4649420E-06
   0.9000000E-01      0.4400276E-06
   0.9400000E-01      0.4372350E-06
   0.9800000E-01      0.4564547E-06
   0.1025000          0.3919509E-06
   0.1075000          0.3706504E-06
   0.1125000          0.4162630E-06
   0.1175000          0.4025737E-06
   0.1237500          0.3767832E-06
   0.1312500          0.3843944E-06
   0.1387500          0.3756333E-06
   0.1462500          0.3256401E-06
   0.1550000          0.3251473E-06
   0.1650000          0.3147435E-06
   0.1750000          0.2908147E-06
   0.1850000          0.2725258E-06
   0.1950000          0.2726900E-06
   0.2050000          0.2602602E-06
   0.2150000          0.2525395E-06
   0.2250000          0.2522110E-06
   0.2350000          0.2560439E-06
   0.2475000          0.2545655E-06
   0.2625000          0.2427927E-06
   0.2750000          0.2411500E-06
   0.2900000          0.2340316E-06
   0.3100000          0.2277345E-06
   0.3300000          0.2205066E-06
   0.3500000          0.2219303E-06
   0.3700000          0.2172760E-06
   0.3900000          0.2155237E-06
   0.4125000          0.2095004E-06
   0.4375000          0.2052294E-06
   0.4625000          0.2013416E-06
   0.4875000          0.1978372E-06
   0.5125000          0.1943327E-06
   0.5375000          0.1904997E-06
   0.5625000          0.1861192E-06
   0.5875000          0.1812458E-06
   0.6150000          0.1757154E-06
   0.6450000          0.1701849E-06
   0.6750000          0.1647639E-06
   0.7050000          0.1592335E-06
   0.7400000          0.1525531E-06
   0.7800000          0.1445586E-06
   0.8200000          0.1372211E-06
   0.8600000          0.1305408E-06
   0.9000000          0.1247913E-06
   0.9400000          0.1215606E-06
   0.9800000          0.1209036E-06
    1.050000          0.1184395E-06
    1.150000          0.1121972E-06
    1.250000          0.1057359E-06
    1.350000          0.1004792E-06
    1.450000          0.9587958E-07
    1.550000          0.9089669E-07
    1.650000          0.8569477E-07
    1.750000          0.8114995E-07
    1.850000          0.7682414E-07
    1.950000          0.7266260E-07
    2.050000          0.6822727E-07
    2.150000          0.6395622E-07
    2.250000          0.6006848E-07
    2.350000          0.5639975E-07
    2.450000          0.5284054E-07
    2.550000          0.4939085E-07
    2.650000          0.4605068E-07
    2.750000          0.4302261E-07
    2.850000          0.4048736E-07
    2.950000          0.3848325E-07
    3.050000          0.3636415E-07
    3.150000          0.3410816E-07
    3.250000          0.3228475E-07
    3.350000          0.3076250E-07
    3.450000          0.2943191E-07
    3.550000          0.2820535E-07
    3.650000          0.2701713E-07
    3.750000          0.2582890E-07
    3.850000          0.2468447E-07
    3.950000          0.2363861E-07
    4.050000          0.2239563E-07
    4.150000          0.2100480E-07
    4.250000          0.1976729E-07
    4.350000          0.1862287E-07
    4.450000          0.1752773E-07
    4.550000          0.1648735E-07
    4.650000          0.1551267E-07
    4.750000          0.1460370E-07
    4.850000          0.1376592E-07
    4.950000          0.1301027E-07
    5.050000          0.1231486E-07
    5.150000          0.1167420E-07
    5.250000          0.1108830E-07
    5.350000          0.1054073E-07
    5.450000          0.9993160E-08
    5.550000          0.9478446E-08
    5.650000          0.9007533E-08
    5.750000          0.8564001E-08
    5.850000          0.8153324E-08
    5.950000          0.7753597E-08
    6.050000          0.7260784E-08
    6.150000          0.6680358E-08
    6.250000          0.6116361E-08
    6.350000          0.5585219E-08
    6.450000          0.5085286E-08
    6.550000          0.4627517E-08
    6.650000          0.4210269E-08
    6.750000          0.3834088E-08
    6.850000          0.3496785E-08
    6.950000          0.3196169E-08
    7.050000          0.2926764E-08
    7.150000          0.2684738E-08
    7.250000          0.2468447E-08
    7.350000          0.2273512E-08
    7.450000          0.2096100E-08
    7.550000          0.1935114E-08
    7.650000          0.1788912E-08
    7.750000          0.1656400E-08
    7.850000          0.1535387E-08
    7.950000          0.1425873E-08
    8.050000          0.1319645E-08
    8.150000          0.1216702E-08
    8.250000          0.1122519E-08
    8.350000          0.1036551E-08
    8.450000          0.9571531E-09
    8.550000          0.8848738E-09
    8.650000          0.8186177E-09
    8.750000          0.7583851E-09
    8.850000          0.7030804E-09
    8.950000          0.6527039E-09
    9.050000          0.6067081E-09
    9.150000          0.5645450E-09
    9.250000          0.5260509E-09
    9.350000          0.4906231E-09
    9.450000          0.4577141E-09
    9.550000          0.4270502E-09
    9.650000          0.3986313E-09
    9.750000          0.3721289E-09
    9.850000          0.3474882E-09
    9.950000          0.3246545E-09
    10.05000          0.3034088E-09
    10.15000          0.2836415E-09
    10.25000          0.2652431E-09
    10.35000          0.2479947E-09
    10.45000          0.2318413E-09
    10.55000          0.2166736E-09
    10.65000          0.2024915E-09
    10.75000          0.1891856E-09
    10.85000          0.1767557E-09
    10.95000          0.1650925E-09
    11.05000          0.1541958E-09
    11.15000          0.1440110E-09
    11.25000          0.1344285E-09
    11.35000          0.1255579E-09
    11.45000          0.1171801E-09
    11.55000          0.1094046E-09
    11.65000          0.1021766E-09
    11.75000          0.9538676E-10
    11.85000          0.8903495E-10
    11.95000          0.8306644E-10
    12.05000          0.7742646E-10
    12.15000          0.7216978E-10
    12.25000          0.6724165E-10
    12.35000          0.6264206E-10
    12.45000          0.5837101E-10
    12.55000          0.5439565E-10
    12.65000          0.5069955E-10
    12.75000          0.4726627E-10
    12.85000          0.4407394E-10
    12.95000          0.4110611E-10
    13.05000          0.3833540E-10
    13.15000          0.3576183E-10
    13.25000          0.3336346E-10
    13.35000          0.3112390E-10
    13.45000          0.2902123E-10
    13.55000          0.2704998E-10
    13.65000          0.2519919E-10
    13.75000          0.2346339E-10
    13.85000          0.2183711E-10
    13.95000          0.2033129E-10
    14.05000          0.1892403E-10
    14.15000          0.1762082E-10
    14.25000          0.1640521E-10
    14.35000          0.1527174E-10
    14.45000          0.1422040E-10
    14.55000          0.1324573E-10
    14.65000          0.1234224E-10
    14.75000          0.1149898E-10
    14.85000          0.1071595E-10
    14.95000          0.9982210E-11
    15.05000          0.9297745E-11
    15.15000          0.8657088E-11
    15.25000          0.8060237E-11
    15.35000          0.7501715E-11
    15.45000          0.6986999E-11
    15.55000          0.6505137E-11
    15.65000          0.6056129E-11
    15.75000          0.5645451E-11
    15.85000          0.5256676E-11
    15.95000          0.4897470E-11
    16.05000          0.4562357E-11
    16.15000          0.4250789E-11
    16.25000          0.3961124E-11
    16.35000          0.3691172E-11
    16.45000          0.3440385E-11
    16.55000          0.3207120E-11
    16.65000          0.2989735E-11
    16.75000          0.2788228E-11
    16.85000          0.2600412E-11
    16.95000          0.2425190E-11
    17.05000          0.2261466E-11
    17.15000          0.2108694E-11
    17.25000          0.1966326E-11
    17.35000          0.1833266E-11
    17.45000          0.1708967E-11
    17.55000          0.1593430E-11
    17.65000          0.1485011E-11
    17.75000          0.1384258E-11
    17.85000          0.1290076E-11
    17.95000          0.1205202E-11
    18.05000          0.1000000E-29
    18.15000          0.1000000E-29
    18.25000          0.1000000E-29
    18.35000          0.1000000E-29
    18.45000          0.1000000E-29
    18.55000          0.1000000E-29
    18.65000          0.1000000E-29
    18.75000          0.1000000E-29
    18.85000          0.1000000E-29
    18.95000          0.1000000E-29
    19.05000          0.1000000E-29
    19.15000          0.1000000E-29
    19.25000          0.1000000E-29
    19.35000          0.1000000E-29
    19.45000          0.1000000E-29
    19.55000          0.1000000E-29
    19.65000          0.1000000E-29
    19.75000          0.1000000E-29
    19.85000          0.1000000E-29
    19.95000          0.1000000E-29
