    19.95000          0.1206221E-11
    19.85000          0.1300874E-11
    19.75000          0.1401999E-11
    19.65000          0.1511214E-11
    19.55000          0.1629328E-11
    19.45000          0.1755533E-11
    19.35000          0.1893063E-11
    19.25000          0.2040301E-11
    19.15000          0.2198865E-11
    19.05000          0.2370373E-11
    18.95000          0.2554826E-11
    18.85000          0.2753840E-11
    18.75000          0.2968225E-11
    18.65000          0.3198791E-11
    18.55000          0.3447963E-11
    18.45000          0.3715743E-11
    18.35000          0.4004556E-11
    18.25000          0.4316021E-11
    18.15000          0.4651757E-11
    18.05000          0.5012572E-11
    17.95000          0.5402510E-11
    17.85000          0.5822382E-11
    17.75000          0.6273804E-11
    17.65000          0.6761632E-11
    17.55000          0.7285865E-11
    17.45000          0.7851357E-11
    17.35000          0.8462153E-11
    17.25000          0.9117445E-11
    17.15000          0.9821274E-11
    17.05000          0.1058983E-10
    16.95000          0.1140692E-10
    16.85000          0.1228873E-10
    16.75000          0.1324335E-10
    16.65000          0.1427078E-10
    16.55000          0.1537102E-10
    16.45000          0.1656026E-10
    16.35000          0.1784657E-10
    16.25000          0.1922996E-10
    16.15000          0.2071043E-10
    16.05000          0.2210191E-10
    15.95000          0.2337204E-10
    15.85000          0.2473117E-10
    15.75000          0.2617119E-10
    15.65000          0.2770020E-10
    15.55000          0.2933438E-10
    15.45000          0.3108183E-10
    15.35000          0.3293444E-10
    15.25000          0.3491649E-10
    15.15000          0.3703608E-10
    15.05000          0.3929319E-10
    14.95000          0.4170401E-10
    14.85000          0.4428473E-10
    14.75000          0.4704342E-10
    14.65000          0.4999627E-10
    14.55000          0.5315138E-10
    14.45000          0.5653300E-10
    14.35000          0.6015733E-10
    14.25000          0.6404054E-10
    14.15000          0.6819880E-10
    14.05000          0.7266449E-10
    13.95000          0.7745378E-10
    13.85000          0.8259902E-10
    13.75000          0.8810023E-10
    13.65000          0.9408685E-10
    13.55000          0.1004780E-09
    13.45000          0.1073545E-09
    13.35000          0.1147973E-09
    13.25000          0.1227255E-09
    13.15000          0.1306537E-09
    13.05000          0.1384201E-09
    12.95000          0.1466719E-09
    12.85000          0.1555709E-09
    12.75000          0.1650362E-09
    12.65000          0.1751487E-09
    12.55000          0.1859085E-09
    12.45000          0.1975581E-09
    12.35000          0.2099358E-09
    12.25000          0.2232034E-09
    12.15000          0.2375228E-09
    12.05000          0.2528129E-09
    11.95000          0.2692356E-09
    11.85000          0.2868718E-09
    11.75000          0.3058833E-09
    11.65000          0.3262702E-09
    11.55000          0.3482750E-09
    11.45000          0.3718979E-09
    11.35000          0.3973814E-09
    11.25000          0.4248874E-09
    11.15000          0.4544969E-09
    11.05000          0.4839446E-09
    10.95000          0.5127450E-09
    10.85000          0.5436488E-09
    10.75000          0.5766560E-09
    10.65000          0.6120094E-09
    10.55000          0.6499516E-09
    10.45000          0.6905634E-09
    10.35000          0.7341686E-09
    10.25000          0.7810098E-09
    10.15000          0.8316532E-09
    10.05000          0.8858563E-09
    9.950000          0.9441044E-09
    9.850000          0.1006398E-08
    9.750000          0.1074354E-08
    9.650000          0.1147164E-08
    9.550000          0.1225637E-08
    9.450000          0.1310582E-08
    9.350000          0.1401999E-08
    9.250000          0.1486135E-08
    9.150000          0.1562991E-08
    9.050000          0.1644699E-08
    8.950000          0.1731263E-08
    8.850000          0.1824298E-08
    8.750000          0.1922187E-08
    8.650000          0.2027357E-08
    8.550000          0.2139808E-08
    8.450000          0.2259540E-08
    8.350000          0.2387363E-08
    8.250000          0.2524893E-08
    8.150000          0.2671322E-08
    8.050000          0.2829077E-08
    7.950000          0.3004631E-08
    7.850000          0.3198791E-08
    7.750000          0.3408322E-08
    7.650000          0.3634034E-08
    7.550000          0.3878352E-08
    7.450000          0.4142895E-08
    7.350000          0.4429282E-08
    7.250000          0.4739938E-08
    7.150000          0.5077291E-08
    7.050000          0.5442960E-08
    6.950000          0.5841798E-08
    6.850000          0.6276232E-08
    6.750000          0.6708238E-08
    6.650000          0.7068243E-08
    6.550000          0.7385372E-08
    6.450000          0.7722726E-08
    6.350000          0.8080304E-08
    6.250000          0.8462154E-08
    6.150000          0.8866654E-08
    6.050000          0.9295423E-08
    5.950000          0.9756555E-08
    5.850000          0.1025005E-07
    5.750000          0.1077590E-07
    5.650000          0.1133411E-07
    5.550000          0.1191659E-07
    5.450000          0.1239390E-07
    5.350000          0.1278222E-07
    5.250000          0.1319481E-07
    5.150000          0.1362358E-07
    5.050000          0.1408471E-07
    4.950000          0.1456202E-07
    4.850000          0.1507169E-07
    4.750000          0.1560563E-07
    4.650000          0.1618002E-07
    4.550000          0.1677868E-07
    4.450000          0.1741780E-07
    4.350000          0.1806500E-07
    4.250000          0.1861512E-07
    4.150000          0.1909243E-07
    4.050000          0.1959401E-07
    3.950000          0.2012795E-07
    3.850000          0.2068616E-07
    3.750000          0.2127674E-07
    3.650000          0.2189157E-07
    3.550000          0.2255496E-07
    3.450000          0.2325070E-07
    3.350000          0.2438330E-07
    3.250000          0.2652715E-07
    3.150000          0.2951236E-07
    3.050000          0.3294253E-07
    2.950000          0.3690663E-07
    2.850000          0.4068467E-07
    2.750000          0.4375078E-07
    2.650000          0.4675218E-07
    2.550000          0.5157382E-07
    2.450000          0.6037575E-07
    2.350000          0.6566663E-07
    2.250000          0.6350660E-07
    2.150000          0.6118476E-07
    2.050000          0.6127375E-07
    1.950000          0.6354703E-07
    1.850000          0.6662125E-07
    1.750000          0.7024558E-07
    1.650000          0.7460610E-07
    1.550000          0.7956528E-07
    1.450000          0.8389343E-07
    1.350000          0.8745303E-07
    1.250000          0.9141714E-07
    1.150000          0.9619024E-07
    1.050000          0.1022578E-06
   0.9800000          0.1071118E-06
   0.9400000          0.1101860E-06
   0.9000000          0.1147973E-06
   0.8600000          0.1215120E-06
   0.8200000          0.1294402E-06
   0.7800000          0.1387437E-06
   0.7400000          0.1500697E-06
   0.7050000          0.1615575E-06
   0.6750000          0.1697285E-06
   0.6450000          0.1728027E-06
   0.6150000          0.1732072E-06
   0.5875000          0.1736117E-06
   0.5625000          0.1738544E-06
   0.5375000          0.1726409E-06
   0.5125000          0.1701330E-06
   0.4875000          0.1676250E-06
   0.4625000          0.1649554E-06
   0.4375000          0.1652790E-06
   0.4125000          0.1753106E-06
   0.3900000          0.1918142E-06
   0.3700000          0.2088032E-06
   0.3500000          0.2283002E-06
   0.3300000          0.2427813E-06
   0.3100000          0.2464218E-06
   0.2900000          0.2462600E-06
   0.2750000          0.2461791E-06
   0.2625000          0.2460173E-06
   0.2475000          0.2460173E-06
   0.2350000          0.2495769E-06
   0.2250000          0.2566961E-06
   0.2150000          0.2644625E-06
   0.2050000          0.2727952E-06
   0.1950000          0.2817751E-06
   0.1850000          0.2916449E-06
   0.1750000          0.3024046E-06
   0.1650000          0.3142161E-06
   0.1550000          0.3273219E-06
   0.1462500          0.3392951E-06
   0.1387500          0.3494885E-06
   0.1312500          0.3600864E-06
   0.1237500          0.3717360E-06
   0.1175000          0.3822531E-06
   0.1125000          0.3913139E-06
   0.1075000          0.4010219E-06
   0.1025000          0.4114580E-06
   0.9800000E-01      0.4214896E-06
   0.9400000E-01      0.4311167E-06
   0.9000000E-01      0.4417955E-06
   0.8600000E-01      0.4549014E-06
   0.8200000E-01      0.4702725E-06
   0.7799999E-01      0.4868569E-06
   0.7400000E-01      0.5050595E-06
   0.7050000E-01      0.5223721E-06
   0.6750000E-01      0.5383903E-06
   0.6450000E-01      0.5557029E-06
   0.6150000E-01      0.5744718E-06
   0.5875000E-01      0.5929979E-06
   0.5625000E-01      0.6112004E-06
   0.5375000E-01      0.6284321E-06
   0.5125000E-01      0.6431560E-06
   0.4875000E-01      0.6575563E-06
   0.4625000E-01      0.6731699E-06
   0.4375000E-01      0.6899971E-06
   0.4125000E-01      0.7082805E-06
   0.3900000E-01      0.7260786E-06
   0.3700000E-01      0.7390226E-06
   0.3500000E-01      0.7277775E-06
   0.3300000E-01      0.6959029E-06
   0.3100000E-01      0.6635427E-06
   0.2900000E-01      0.7574679E-06
   0.2750000E-01      0.1065455E-05
   0.2625000E-01      0.1719937E-05
   0.2475000E-01      0.2015222E-05
   0.2350000E-01      0.1499888E-05
   0.2250000E-01      0.1271750E-05
   0.2150000E-01      0.1316245E-05
   0.2050000E-01      0.1363167E-05
   0.1950000E-01      0.1415752E-05
   0.1850000E-01      0.1475618E-05
   0.1750000E-01      0.1551664E-05
   0.1650000E-01      0.1642273E-05
   0.1550000E-01      0.1744207E-05
   0.1462500E-01      0.1844523E-05
   0.1387500E-01      0.1940794E-05
   0.1312500E-01      0.2048391E-05
   0.1237500E-01      0.2168123E-05
   0.1175000E-01      0.2278956E-05
   0.1125000E-01      0.2377654E-05
   0.1075000E-01      0.2490106E-05
   0.1025000E-01      0.2621164E-05
   0.9800000E-02      0.2749795E-05
   0.9400001E-02      0.2875190E-05
   0.9000000E-02      0.3012721E-05
   0.8600000E-02      0.3163194E-05
   0.8200000E-02      0.3329040E-05
   0.7800000E-02      0.3512683E-05
   0.7400000E-02      0.3716552E-05
   0.7050000E-02      0.3913948E-05
   0.6750000E-02      0.4100827E-05
   0.6450000E-02      0.4305504E-05
   0.6150000E-02      0.4531216E-05
   0.5875000E-02      0.4758545E-05
   0.5625000E-02      0.4985875E-05
   0.5375000E-02      0.5235047E-05
   0.5125000E-02      0.5489882E-05
   0.4875000E-02      0.5750380E-05
   0.4625000E-02      0.6035958E-05
   0.4375000E-02      0.6352277E-05
   0.4125000E-02      0.6705811E-05
   0.3900000E-02      0.7060154E-05
   0.3700000E-02      0.7410451E-05
   0.3500000E-02      0.7799581E-05
   0.3300000E-02      0.8235633E-05
   0.3100000E-02      0.8721033E-05
   0.2900000E-02      0.9271154E-05
   0.2750000E-02      0.9732285E-05
   0.2625000E-02      0.1016106E-04
   0.2475000E-02      0.1072736E-04
   0.2350000E-02      0.1134220E-04
   0.2250000E-02      0.1188423E-04
   0.2150000E-02      0.1248289E-04
   0.2050000E-02      0.1313818E-04
   0.1950000E-02      0.1386628E-04
   0.1850000E-02      0.1467528E-04
   0.1750000E-02      0.1557327E-04
   0.1650000E-02      0.1659262E-04
   0.1550000E-02      0.1774949E-04
   0.1462500E-02      0.1889827E-04
   0.1387500E-02      0.1999851E-04
   0.1312500E-02      0.2122819E-04
   0.1237500E-02      0.2261968E-04
   0.1175000E-02      0.2391408E-04
   0.1125000E-02      0.2505477E-04
   0.1075000E-02      0.2631681E-04
   0.1025000E-02      0.2762739E-04
   0.9800000E-03      0.2884898E-04
   0.9400000E-03      0.2994922E-04
   0.9000000E-03      0.3114654E-04
   0.8600000E-03      0.3244904E-04
   0.8200000E-03      0.3386479E-04
   0.7800000E-03      0.3542616E-04
   0.7400000E-03      0.3714125E-04
   0.7050000E-03      0.3879161E-04
   0.6750000E-03      0.4033680E-04
   0.6450000E-03      0.4201952E-04
   0.6150000E-03      0.4385596E-04
   0.5875000E-03      0.4570048E-04
   0.5625000E-03      0.4752073E-04
   0.5375000E-03      0.4950279E-04
   0.5125000E-03      0.5167092E-04
   0.4875000E-03      0.5404129E-04
   0.4625000E-03      0.5666244E-04
   0.4375000E-03      0.5956676E-04
   0.4125000E-03      0.6280276E-04
   0.3900000E-03      0.6604686E-04
   0.3700000E-03      0.6925051E-04
   0.3500000E-03      0.7279393E-04
   0.3300000E-03      0.7705738E-04
   0.3100000E-03      0.8235632E-04
   0.2900000E-03      0.8850473E-04
   0.2750000E-03      0.9376324E-04
   0.2625000E-03      0.9861725E-04
   0.2475000E-03      0.1050893E-03
   0.2350000E-03      0.1111568E-03
   0.2250000E-03      0.1165771E-03
   0.2150000E-03      0.1224828E-03
   0.2050000E-03      0.1289548E-03
   0.1950000E-03      0.1361549E-03
   0.1850000E-03      0.1441640E-03
   0.1750000E-03      0.1531439E-03
   0.1650000E-03      0.1632565E-03
   0.1550000E-03      0.1745016E-03
   0.1462500E-03      0.1852613E-03
   0.1387500E-03      0.1956165E-03
   0.1312500E-03      0.2071852E-03
   0.1237500E-03      0.2202101E-03
   0.1175000E-03      0.2322642E-03
   0.1125000E-03      0.2428622E-03
   0.1075000E-03      0.2545927E-03
   0.1025000E-03      0.2673749E-03
   0.9800000E-04      0.2800762E-03
   0.9400000E-04      0.2923730E-03
   0.9000000E-04      0.3058025E-03
   0.8600000E-04      0.3204454E-03
   0.8200000E-04      0.3367063E-03
   0.7800000E-04      0.3545044E-03
   0.7400000E-04      0.3742439E-03
   0.7050000E-04      0.3934173E-03
   0.6750000E-04      0.4115389E-03
   0.6450000E-04      0.4312785E-03
   0.6150000E-04      0.4529598E-03
   0.5875000E-04      0.4748837E-03
   0.5625000E-04      0.4965650E-03
   0.5375000E-04      0.5205114E-03
   0.5125000E-04      0.5467230E-03
   0.4875000E-04      0.5756044E-03
   0.4625000E-04      0.6077217E-03
   0.4375000E-04      0.6436413E-03
   0.4125000E-04      0.6839297E-03
   0.3900000E-04      0.7245415E-03
   0.3700000E-04      0.7649915E-03
   0.3500000E-04      0.8098102E-03
   0.3300000E-04      0.8607773E-03
   0.3100000E-04      0.9182164E-03
   0.2900000E-04      0.9837456E-03
   0.2750000E-04      0.1038758E-02
   0.2625000E-04      0.1089725E-02
   0.2475000E-04      0.1158490E-02
   0.2350000E-04      0.1218356E-02
   0.2250000E-04      0.1267705E-02
   0.2150000E-04      0.1321908E-02
   0.2050000E-04      0.1380965E-02
   0.1950000E-04      0.1445685E-02
   0.1850000E-04      0.1516877E-02
   0.1750000E-04      0.1595350E-02
   0.1650000E-04      0.1683531E-02
   0.1550000E-04      0.1783039E-02
   0.1462500E-04      0.1880119E-02
   0.1387500E-04      0.1972345E-02
   0.1312500E-04      0.2075897E-02
   0.1237500E-04      0.2190775E-02
   0.1175000E-04      0.2295945E-02
   0.1125000E-04      0.2389790E-02
   0.1075000E-04      0.2490915E-02
   0.1025000E-04      0.2601748E-02
   0.9800000E-05      0.2710963E-02
   0.9400001E-05      0.2816133E-02
   0.8999999E-05      0.2930202E-02
   0.8600000E-05      0.3054789E-02
   0.8200001E-05      0.3190701E-02
   0.7800000E-05      0.3350074E-02
   0.7400000E-05      0.3543425E-02
   0.7050000E-05      0.3735159E-02
   0.6750000E-05      0.3917184E-02
   0.6450000E-05      0.4116198E-02
   0.6150000E-05      0.4336246E-02
   0.5875000E-05      0.4557913E-02
   0.5625000E-05      0.4779580E-02
   0.5375000E-05      0.5023089E-02
   0.5125000E-05      0.5291677E-02
   0.4875000E-05      0.5588580E-02
   0.4625000E-05      0.5919462E-02
   0.4375000E-05      0.6289985E-02
   0.4125000E-05      0.6707430E-02
   0.3900000E-05      0.7130537E-02
   0.3700000E-05      0.7552026E-02
   0.3500000E-05      0.8019629E-02
   0.3300000E-05      0.8534962E-02
   0.3100000E-05      0.9093174E-02
   0.2900000E-05      0.9683745E-02
   0.2750000E-05      0.1019342E-01
   0.2625000E-05      0.1070309E-01
   0.2475000E-05      0.1137456E-01
   0.2350000E-05      0.1200558E-01
   0.2250000E-05      0.1248289E-01
   0.2150000E-05      0.1308155E-01
   0.2050000E-05      0.1364785E-01
   0.1950000E-05      0.1439213E-01
   0.1850000E-05      0.1524158E-01
   0.1750000E-05      0.1611531E-01
   0.1650000E-05      0.1698903E-01
   0.1550000E-05      0.1817017E-01
   0.1462500E-05      0.1915715E-01
   0.1387500E-05      0.2025739E-01
   0.1312500E-05      0.2138190E-01
   0.1237500E-05      0.2261967E-01
   0.1175000E-05      0.2376845E-01
   0.1125000E-05      0.2477971E-01
   0.1075000E-05      0.2588804E-01
   0.1025000E-05      0.2709345E-01
   0.9800000E-06      0.2828268E-01
   0.9399999E-06      0.2943956E-01
   0.9000000E-06      0.3069350E-01
   0.8600000E-06      0.3206072E-01
   0.8200000E-06      0.3355737E-01
   0.7800000E-06      0.3520773E-01
   0.7400000E-06      0.3702798E-01
   0.7050000E-06      0.3878352E-01
   0.6750000E-06      0.4043388E-01
   0.6450000E-06      0.4245638E-01
   0.6150000E-06      0.4514227E-01
   0.5875000E-06      0.4811130E-01
   0.5625000E-06      0.5112078E-01
   0.5375000E-06      0.5447005E-01
   0.5125000E-06      0.5820764E-01
   0.4875000E-06      0.6241445E-01
   0.4625000E-06      0.6717137E-01
   0.4375000E-06      0.7259168E-01
   0.4125000E-06      0.7879672E-01
   0.3900000E-06      0.8518782E-01
   0.3700000E-06      0.9165984E-01
   0.3500000E-06      0.9910265E-01
   0.3300000E-06      0.1075972    
   0.3100000E-06      0.1173861    
   0.2900000E-06      0.1287930    
   0.2750000E-06      0.1386628    
   0.2625000E-06      0.1481281    
   0.2475000E-06      0.1626093    
   0.2350000E-06      0.1776567    
   0.2250000E-06      0.1914097    
   0.2150000E-06      0.2068616    
   0.2050000E-06      0.2244978    
   0.1950000E-06      0.2445611    
   0.1850000E-06      0.2676985    
   0.1750000E-06      0.2943956    
   0.1650000E-06      0.3257039    
   0.1550000E-06      0.3625135    
   0.1462500E-06      0.4003747    
   0.1387500E-06      0.4381550    
   0.1312500E-06      0.4820029    
   0.1237500E-06      0.5331318    
   0.1175000E-06      0.5824000    
   0.1125000E-06      0.6274614    
   0.1075000E-06      0.6783476    
   0.1025000E-06      0.7360293    
   0.9800000E-07      0.7947628    
   0.9400000E-07      0.8534963    
   0.9000000E-07      0.9198344    
   0.8600000E-07      0.9942625    
   0.8200000E-07       1.078399    
   0.7800000E-07       1.175479    
   0.7400000E-07       1.286312    
   0.7050000E-07       1.397145    
   0.6750000E-07       1.505551    
   0.6450000E-07       1.626901    
   0.6150000E-07       1.766050    
   0.5875000E-07       1.909243    
   0.5625000E-07       2.057290    
   0.5375000E-07       2.223944    
   0.5125000E-07       2.412442    
   0.4875000E-07       2.574242    
   0.4625000E-07       2.696401    
   0.4375000E-07       2.816133    
   0.4125000E-07       2.931011    
   0.3900000E-07       3.029710    
   0.3700000E-07       3.111419    
   0.3500000E-07       3.185847    
   0.3300000E-07       3.250567    
   0.3100000E-07       3.305578    
   0.2900000E-07       3.346838    
   0.2750000E-07       3.369490    
   0.2625000E-07       3.378390    
   0.2475000E-07       3.380007    
   0.2350000E-07       3.372726    
   0.2250000E-07       3.359782    
   0.2150000E-07       3.340366    
   0.2050000E-07       3.313669    
   0.1950000E-07       3.278882    
   0.1850000E-07       3.236814    
   0.1750000E-07       3.185038    
   0.1650000E-07       3.124362    
   0.1550000E-07       3.053170    
   0.1462500E-07       2.982788    
   0.1387500E-07       2.914831    
   0.1312500E-07       2.840403    
   0.1237500E-07       2.758694    
   0.1175000E-07       2.685884    
   0.1125000E-07       2.622782    
   0.1075000E-07       2.556444    
   0.1025000E-07       2.486061    
   0.9800000E-08       2.419723    
   0.9400000E-08       2.358238    
   0.9000000E-08       2.293518    
   0.8600000E-08       2.227181    
   0.8200000E-08       2.156797    
   0.7800000E-08       2.084796    
   0.7400000E-08       2.009559    
   0.7050000E-08       1.940794    
   0.6750000E-08       1.880928    
   0.6450000E-08       1.818635    
   0.6150000E-08       1.754724    
   0.5875000E-08       1.694858    
   0.5625000E-08       1.638227    
   0.5375000E-08       1.581598    
   0.5125000E-08       1.522540    
   0.4875000E-08       1.462674    
   0.4625000E-08       1.401999    
   0.4375000E-08       1.338897    
   0.4125000E-08       1.274986    
   0.3900000E-08       1.216738    
   0.3700000E-08       1.163344    
   0.3500000E-08       1.109141    
   0.3300000E-08       1.054129    
   0.3100000E-08      0.9983075    
   0.2900000E-08      0.9408684    
   0.2750000E-08      0.8979914    
   0.2625000E-08      0.8607774    
   0.2475000E-08      0.8170912    
   0.2350000E-08      0.7793918    
   0.2250000E-08      0.7491351    
   0.2150000E-08      0.7187167    
   0.2050000E-08      0.6879746    
   0.1950000E-08      0.6569899    
   0.1850000E-08      0.6257624    
   0.1750000E-08      0.5942923    
   0.1650000E-08      0.5625795    
   0.1550000E-08      0.5305430    
   0.1462500E-08      0.5023897    
   0.1387500E-08      0.4780388    
   0.1312500E-08      0.4535261    
   0.1237500E-08      0.4288516    
   0.1175000E-08      0.4082220    
   0.1125000E-08      0.3916375    
   0.1075000E-08      0.3749721    
   0.1025000E-08      0.3582258    
   0.9800000E-09      0.3430974    
   0.9400000E-09      0.3296680    
   0.9000000E-09      0.3161577    
   0.8600000E-09      0.3025665    
   0.8200000E-09      0.2888944    
   0.7800000E-09      0.2753031    
   0.7400000E-09      0.2615501    
   0.7050000E-09      0.2495769    
   0.6750000E-09      0.2392217    
   0.6450000E-09      0.2288664    
   0.6150000E-09      0.2184303    
   0.5875000E-09      0.2089650    
   0.5625000E-09      0.2002278    
   0.5375000E-09      0.1914906    
   0.5125000E-09      0.1828343    
   0.4875000E-09      0.1740162    
   0.4625000E-09      0.1652790    
   0.4375000E-09      0.1565417    
   0.4125000E-09      0.1477236    
   0.3900000E-09      0.1397954    
   0.3700000E-09      0.1327571    
   0.3500000E-09      0.1256379    
   0.3300000E-09      0.1185187    
   0.3100000E-09      0.1114804    
   0.2900000E-09      0.1043612    
   0.2750000E-09      0.9902175E-01
   0.2625000E-09      0.9457223E-01
   0.2475000E-09      0.8923284E-01
   0.2350000E-09      0.8478332E-01
   0.2250000E-09      0.8114282E-01
   0.2150000E-09      0.7759131E-01
   0.2050000E-09      0.7401552E-01
   0.1950000E-09      0.7043164E-01
   0.1850000E-09      0.6684777E-01
   0.1750000E-09      0.6325580E-01
   0.1650000E-09      0.5966384E-01
   0.1550000E-09      0.5607187E-01
   0.1462500E-09      0.5292486E-01
   0.1387500E-09      0.5022280E-01
   0.1312500E-09      0.4752883E-01
   0.1237500E-09      0.4482675E-01
   0.1175000E-09      0.4256964E-01
   0.1125000E-09      0.4076558E-01
   0.1075000E-09      0.3896150E-01
   0.1025000E-09      0.3715743E-01
