    19.95000          0.8802485E-52
    19.85000          0.9490679E-52
    19.75000          0.1022689E-51
    19.65000          0.1102711E-51
    19.55000          0.1188335E-51
    19.45000          0.1281162E-51
    19.35000          0.1381190E-51
    19.25000          0.1488420E-51
    19.15000          0.1604453E-51
    19.05000          0.1729288E-51
    18.95000          0.1864526E-51
    18.85000          0.2009367E-51
    18.75000          0.2165411E-51
    18.65000          0.2334259E-51
    18.55000          0.2515910E-51
    18.45000          0.2711165E-51
    18.35000          0.2922425E-51
    18.25000          0.3149689E-51
    18.15000          0.3393758E-51
    18.05000          0.3657832E-51
1.80E+01	6.69E+04
1.79E+01	7.21E+04
1.78E+01	7.77E+04
1.77E+01	8.37E+04
1.76E+01	9.02E+04
1.75E+01	9.72E+04
1.74E+01	1.05E+05
1.73E+01	1.13E+05
1.72E+01	1.22E+05
1.71E+01	1.31E+05
1.70E+01	1.41E+05
1.69E+01	1.52E+05
1.68E+01	1.64E+05
1.67E+01	1.77E+05
1.66E+01	1.90E+05
1.65E+01	2.05E+05
1.64E+01	2.21E+05
1.63E+01	2.38E+05
1.62E+01	2.56E+05
1.61E+01	2.76E+05
1.60E+01	2.98E+05
1.59E+01	3.21E+05
1.58E+01	3.45E+05
1.57E+01	3.72E+05
1.56E+01	4.01E+05
1.55E+01	4.32E+05
1.54E+01	4.65E+05
1.53E+01	5.01E+05
1.52E+01	5.40E+05
1.51E+01	5.81E+05
1.50E+01	6.26E+05
1.49E+01	6.74E+05
1.48E+01	7.26E+05
1.47E+01	7.82E+05
1.46E+01	8.43E+05
1.45E+01	9.07E+05
1.44E+01	9.77E+05
1.43E+01	1.05E+06
1.42E+01	1.16E+06
1.41E+01	1.27E+06
1.40E+01	1.38E+06
1.39E+01	1.49E+06
1.38E+01	1.59E+06
1.37E+01	1.69E+06
1.36E+01	1.79E+06
1.35E+01	1.88E+06
1.34E+01	1.97E+06
1.33E+01	2.06E+06
1.32E+01	2.15E+06
1.31E+01	2.24E+06
1.30E+01	2.35E+06
1.29E+01	2.48E+06
1.28E+01	2.61E+06
1.27E+01	2.76E+06
1.26E+01	2.92E+06
1.25E+01	3.09E+06
1.24E+01	3.28E+06
1.23E+01	3.49E+06
1.22E+01	3.71E+06
1.21E+01	3.93E+06
1.20E+01	4.16E+06
1.19E+01	4.39E+06
1.18E+01	4.64E+06
1.17E+01	4.93E+06
1.16E+01	5.25E+06
1.15E+01	5.60E+06
1.14E+01	5.99E+06
1.13E+01	6.42E+06
1.12E+01	6.89E+06
1.11E+01	7.40E+06
1.10E+01	7.95E+06
1.09E+01	8.55E+06
1.08E+01	9.20E+06
1.07E+01	9.90E+06
1.06E+01	1.06E+07
1.05E+01	1.15E+07
1.04E+01	1.23E+07
1.03E+01	1.32E+07
1.02E+01	1.42E+07
1.01E+01	1.53E+07
9.95E+00	1.64E+07
9.85E+00	1.76E+07
9.75E+00	1.87E+07
9.65E+00	1.99E+07
9.55E+00	2.12E+07
9.45E+00	2.24E+07
9.35E+00	2.37E+07
9.25E+00	2.51E+07
9.15E+00	2.64E+07
9.05E+00	2.78E+07
8.95E+00	2.92E+07
8.85E+00	3.07E+07
8.75E+00	3.22E+07
8.65E+00	3.37E+07
8.55E+00	3.53E+07
8.45E+00	3.69E+07
8.35E+00	3.86E+07
8.25E+00	4.06E+07
8.15E+00	4.30E+07
8.05E+00	4.57E+07
7.95E+00	4.88E+07
7.85E+00	5.23E+07
7.75E+00	5.62E+07
7.65E+00	6.06E+07
7.55E+00	6.55E+07
7.45E+00	7.09E+07
7.35E+00	7.67E+07
7.25E+00	8.27E+07
7.15E+00	8.89E+07
7.05E+00	9.51E+07
6.95E+00	1.01E+08
6.85E+00	1.08E+08
6.75E+00	1.14E+08
6.65E+00	1.21E+08
6.55E+00	1.28E+08
6.45E+00	1.35E+08
6.35E+00	1.41E+08
6.25E+00	1.48E+08
6.15E+00	1.56E+08
6.05E+00	1.63E+08
5.95E+00	1.70E+08
5.85E+00	1.78E+08
5.75E+00	1.86E+08
5.65E+00	1.94E+08
5.55E+00	2.02E+08
5.45E+00	2.11E+08
5.35E+00	2.20E+08
5.25E+00	2.29E+08
5.15E+00	2.38E+08
5.05E+00	2.48E+08
4.95E+00	2.58E+08
4.85E+00	2.68E+08
4.75E+00	2.78E+08
4.65E+00	2.86E+08
4.55E+00	2.94E+08
4.45E+00	3.01E+08
4.35E+00	3.08E+08
4.25E+00	3.16E+08
4.15E+00	3.23E+08
4.05E+00	3.32E+08
3.95E+00	3.40E+08
3.85E+00	3.49E+08
3.75E+00	3.59E+08
3.65E+00	3.69E+08
3.55E+00	3.80E+08
3.45E+00	3.92E+08
3.35E+00	4.04E+08
3.25E+00	4.16E+08
3.15E+00	4.30E+08
3.05E+00	4.69E+08
2.95E+00	6.26E+08
2.85E+00	7.25E+08
2.75E+00	7.49E+08
2.65E+00	7.69E+08
2.55E+00	8.54E+08
2.45E+00	1.04E+09
2.35E+00	1.11E+09
2.25E+00	1.04E+09
2.15E+00	9.88E+08
2.05E+00	1.03E+09
1.95E+00	1.07E+09
1.85E+00	1.13E+09
1.75E+00	1.19E+09
1.65E+00	1.27E+09
1.55E+00	1.35E+09
1.45E+00	1.45E+09
1.35E+00	1.53E+09
1.25E+00	1.56E+09
1.15E+00	1.61E+09
1.05E+00	1.69E+09
9.80E-01	7.09E+08
9.40E-01	7.36E+08
9.00E-01	7.70E+08
8.60E-01	8.13E+08
8.20E-01	8.69E+08
7.80E-01	9.41E+08
7.40E-01	1.04E+09
7.05E-01	8.47E+08
6.75E-01	8.94E+08
6.45E-01	9.25E+08
6.15E-01	9.34E+08
5.88E-01	7.69E+08
5.63E-01	7.54E+08
5.38E-01	7.32E+08
5.13E-01	7.01E+08
4.88E-01	6.64E+08
4.63E-01	6.40E+08
4.38E-01	6.42E+08
4.13E-01	6.82E+08
3.90E-01	6.07E+08
3.70E-01	6.99E+08
3.50E-01	7.99E+08
3.30E-01	8.70E+08
3.10E-01	8.97E+08
2.90E-01	8.69E+08
2.75E-01	4.19E+08
2.63E-01	6.13E+08
2.48E-01	6.01E+08
2.35E-01	3.98E+08
2.25E-01	4.00E+08
2.15E-01	4.08E+08
2.05E-01	4.21E+08
1.95E-01	4.42E+08
1.85E-01	4.66E+08
1.75E-01	4.94E+08
1.65E-01	5.22E+08
1.55E-01	5.52E+08
1.46E-01	4.34E+08
1.39E-01	4.51E+08
1.31E-01	4.67E+08
1.24E-01	4.84E+08
1.18E-01	3.31E+08
1.13E-01	3.37E+08
1.08E-01	3.42E+08
1.03E-01	3.49E+08
9.80E-02	2.84E+08
9.40E-02	2.90E+08
9.00E-02	2.96E+08
8.60E-02	3.02E+08
8.20E-02	3.10E+08
7.80E-02	3.20E+08
7.40E-02	3.31E+08
7.05E-02	2.56E+08
6.75E-02	2.65E+08
6.45E-02	2.74E+08
6.15E-02	2.85E+08
5.88E-02	2.46E+08
5.63E-02	2.55E+08
5.38E-02	2.64E+08
5.13E-02	2.75E+08
4.88E-02	2.86E+08
4.63E-02	3.00E+08
4.38E-02	3.14E+08
4.13E-02	3.31E+08
3.90E-02	2.74E+08
3.70E-02	2.71E+08
3.50E-02	2.55E+08
3.30E-02	2.19E+08
3.10E-02	1.64E+08
2.90E-02	1.20E+08
2.75E-02	1.09E+08
2.63E-02	5.03E+08
2.48E-02	6.27E+08
2.35E-02	2.06E+08
2.25E-02	2.13E+08
2.15E-02	2.21E+08
2.05E-02	2.29E+08
1.95E-02	2.38E+08
1.85E-02	2.49E+08
1.75E-02	2.60E+08
1.65E-02	2.73E+08
1.55E-02	2.87E+08
1.46E-02	2.26E+08
1.39E-02	2.36E+08
1.31E-02	2.48E+08
1.24E-02	2.62E+08
1.18E-02	1.83E+08
1.13E-02	1.91E+08
1.08E-02	2.00E+08
1.03E-02	2.09E+08
9.80E-03	1.76E+08
9.40E-03	1.83E+08
9.00E-03	1.92E+08
8.60E-03	2.02E+08
8.20E-03	2.13E+08
7.80E-03	2.26E+08
7.40E-03	2.40E+08
7.05E-03	1.91E+08
6.75E-03	2.01E+08
6.45E-03	2.12E+08
6.15E-03	2.24E+08
5.88E-03	1.96E+08
5.63E-03	2.06E+08
5.38E-03	2.16E+08
5.13E-03	2.27E+08
4.88E-03	2.38E+08
4.63E-03	2.51E+08
4.38E-03	2.64E+08
4.13E-03	2.78E+08
3.90E-03	2.34E+08
3.70E-03	2.44E+08
3.50E-03	2.55E+08
3.30E-03	2.67E+08
3.10E-03	2.81E+08
2.90E-03	2.98E+08
2.75E-03	1.57E+08
2.63E-03	2.46E+08
2.48E-03	2.61E+08
2.35E-03	1.83E+08
2.25E-03	1.91E+08
2.15E-03	2.00E+08
2.05E-03	2.10E+08
1.95E-03	2.21E+08
1.85E-03	2.33E+08
1.75E-03	2.46E+08
1.65E-03	2.61E+08
1.55E-03	2.78E+08
1.46E-03	2.21E+08
1.39E-03	2.33E+08
1.31E-03	2.46E+08
1.24E-03	2.61E+08
1.18E-03	1.83E+08
1.13E-03	1.92E+08
1.08E-03	2.01E+08
1.03E-03	2.10E+08
9.80E-04	1.76E+08
9.40E-04	1.83E+08
9.00E-04	1.92E+08
8.60E-04	2.01E+08
8.20E-04	2.10E+08
7.80E-04	2.21E+08
7.40E-04	2.33E+08
7.05E-04	1.83E+08
6.75E-04	1.91E+08
6.45E-04	1.99E+08
6.15E-04	2.09E+08
5.88E-04	1.81E+08
5.63E-04	1.89E+08
5.38E-04	1.97E+08
5.13E-04	2.05E+08
4.88E-04	2.14E+08
4.63E-04	2.24E+08
4.38E-04	2.35E+08
4.13E-04	2.48E+08
3.90E-04	2.09E+08
3.70E-04	2.20E+08
3.50E-04	2.32E+08
3.30E-04	2.46E+08
3.10E-04	2.62E+08
2.90E-04	2.82E+08
2.75E-04	1.49E+08
2.63E-04	2.36E+08
2.48E-04	2.53E+08
2.35E-04	1.79E+08
2.25E-04	1.89E+08
2.15E-04	2.00E+08
2.05E-04	2.12E+08
1.95E-04	2.25E+08
1.85E-04	2.38E+08
1.75E-04	2.52E+08
1.65E-04	2.68E+08
1.55E-04	2.85E+08
1.46E-04	2.26E+08
1.39E-04	2.38E+08
1.31E-04	2.52E+08
1.24E-04	2.67E+08
1.18E-04	1.87E+08
1.13E-04	1.96E+08
1.08E-04	2.04E+08
1.03E-04	2.14E+08
9.80E-05	1.79E+08
9.40E-05	1.87E+08
9.00E-05	1.95E+08
8.60E-05	2.04E+08
8.20E-05	2.14E+08
7.80E-05	2.24E+08
7.40E-05	2.36E+08
7.05E-05	1.86E+08
6.75E-05	1.94E+08
6.45E-05	2.03E+08
6.15E-05	2.13E+08
5.88E-05	1.86E+08
5.63E-05	1.94E+08
5.38E-05	2.03E+08
5.13E-05	2.13E+08
4.88E-05	2.24E+08
4.63E-05	2.36E+08
4.38E-05	2.49E+08
4.13E-05	2.64E+08
3.90E-05	2.24E+08
3.70E-05	2.36E+08
3.50E-05	2.49E+08
3.30E-05	2.64E+08
3.10E-05	2.81E+08
2.90E-05	3.01E+08
2.75E-05	1.59E+08
2.63E-05	2.49E+08
2.48E-05	2.64E+08
2.35E-05	1.85E+08
2.25E-05	1.94E+08
2.15E-05	2.03E+08
2.05E-05	2.12E+08
1.95E-05	2.23E+08
1.85E-05	2.35E+08
1.75E-05	2.48E+08
1.65E-05	2.63E+08
1.55E-05	2.79E+08
1.46E-05	2.21E+08
1.39E-05	2.33E+08
1.31E-05	2.46E+08
1.24E-05	2.60E+08
1.18E-05	1.82E+08
1.13E-05	1.90E+08
1.08E-05	1.98E+08
1.03E-05	2.07E+08
9.80E-06	1.73E+08
9.40E-06	1.80E+08
9.00E-06	1.88E+08
8.60E-06	1.97E+08
8.20E-06	2.06E+08
7.80E-06	2.17E+08
7.40E-06	2.28E+08
7.05E-06	1.80E+08
6.75E-06	1.88E+08
6.45E-06	1.97E+08
6.15E-06	2.07E+08
5.88E-06	1.81E+08
5.63E-06	1.89E+08
5.38E-06	1.99E+08
5.13E-06	2.09E+08
4.88E-06	2.20E+08
4.63E-06	2.33E+08
4.38E-06	2.47E+08
4.13E-06	2.63E+08
3.90E-06	2.24E+08
3.70E-06	2.36E+08
3.50E-06	2.51E+08
3.30E-06	2.67E+08
3.10E-06	2.85E+08
2.90E-06	3.06E+08
2.75E-06	1.62E+08
2.63E-06	2.55E+08
2.48E-06	2.72E+08
2.35E-06	1.91E+08
2.25E-06	2.00E+08
2.15E-06	2.10E+08
2.05E-06	2.21E+08
1.95E-06	2.33E+08
1.85E-06	2.47E+08
1.75E-06	2.61E+08
1.65E-06	2.78E+08
1.55E-06	2.96E+08
1.46E-06	2.36E+08
1.39E-06	2.49E+08
1.31E-06	2.63E+08
1.24E-06	2.78E+08
1.18E-06	1.95E+08
1.13E-06	2.03E+08
1.08E-06	2.13E+08
1.03E-06	2.22E+08
9.80E-07	1.85E+08
9.40E-07	1.93E+08
9.00E-07	2.01E+08
8.60E-07	2.09E+08
8.20E-07	2.18E+08
7.80E-07	2.29E+08
7.40E-07	2.40E+08
7.05E-07	1.88E+08
6.75E-07	1.96E+08
6.45E-07	2.05E+08
6.15E-07	2.14E+08
5.88E-07	1.87E+08
5.63E-07	1.94E+08
5.38E-07	2.03E+08
5.13E-07	2.13E+08
4.88E-07	2.23E+08
4.63E-07	2.35E+08
4.38E-07	2.45E+08
4.13E-07	2.59E+08
3.90E-07	2.18E+08
3.70E-07	2.30E+08
3.50E-07	2.42E+08
3.30E-07	2.57E+08
3.10E-07	2.73E+08
2.90E-07	3.22E+08
2.75E-07	1.92E+08
2.63E-07	3.74E+08
2.48E-07	4.84E+08
2.35E-07	3.82E+08
2.25E-07	4.52E+08
2.15E-07	5.34E+08
2.05E-07	6.29E+08
1.95E-07	7.39E+08
1.85E-07	8.65E+08
1.75E-07	1.01E+09
1.65E-07	1.18E+09
1.55E-07	1.36E+09
1.46E-07	1.14E+09
1.39E-07	1.27E+09
1.31E-07	1.40E+09
1.24E-07	1.55E+09
1.18E-07	1.10E+09
1.13E-07	1.17E+09
1.08E-07	1.24E+09
1.03E-07	1.32E+09
9.80E-08	1.10E+09
9.40E-08	1.15E+09
9.00E-08	1.20E+09
8.60E-08	1.24E+09
8.20E-08	1.29E+09
7.80E-08	1.33E+09
7.40E-08	1.37E+09
7.05E-08	1.05E+09
6.75E-08	1.07E+09
6.45E-08	1.09E+09
6.15E-08	1.11E+09
5.88E-08	9.33E+08
5.63E-08	9.41E+08
5.38E-08	9.48E+08
5.13E-08	9.52E+08
4.88E-08	9.53E+08
4.63E-08	9.52E+08
4.38E-08	9.49E+08
4.13E-08	9.42E+08
3.90E-08	7.47E+08
3.70E-08	7.38E+08
3.50E-08	7.27E+08
3.30E-08	7.14E+08
3.10E-08	6.99E+08
2.90E-08	6.80E+08
2.75E-08	3.35E+08
2.63E-08	4.90E+08
2.48E-08	4.76E+08
2.35E-08	3.11E+08
2.25E-08	3.04E+08
2.15E-08	2.96E+08
2.05E-08	2.88E+08
1.95E-08	2.79E+08
1.85E-08	2.70E+08
1.75E-08	2.61E+08
1.65E-08	2.51E+08
1.55E-08	2.40E+08
1.46E-08	1.74E+08
1.39E-08	1.67E+08
1.31E-08	1.61E+08
1.24E-08	1.54E+08
1.18E-08	9.92E+07
1.13E-08	9.59E+07
1.08E-08	9.25E+07
1.03E-08	8.90E+07
9.80E-09	6.90E+07
9.40E-09	6.67E+07
9.00E-09	6.43E+07
8.60E-09	6.19E+07
8.20E-09	5.95E+07
7.80E-09	5.70E+07
7.40E-09	5.44E+07
7.05E-09	3.94E+07
6.75E-09	3.79E+07
6.45E-09	3.64E+07
6.15E-09	3.49E+07
5.88E-09	2.80E+07
5.63E-09	2.69E+07
5.38E-09	2.59E+07
5.13E-09	2.48E+07
4.88E-09	2.36E+07
4.63E-09	2.25E+07
4.38E-09	2.14E+07
4.13E-09	2.02E+07
3.90E-09	1.54E+07
3.70E-09	1.47E+07
3.50E-09	1.39E+07
3.30E-09	1.32E+07
3.10E-09	1.24E+07
2.90E-09	1.16E+07
2.75E-09	5.62E+06
2.63E-09	7.98E+06
2.48E-09	7.54E+06
2.35E-09	4.82E+06
2.25E-09	4.63E+06
2.15E-09	4.42E+06
2.05E-09	4.22E+06
1.95E-09	4.02E+06
1.85E-09	3.82E+06
1.75E-09	3.61E+06
1.65E-09	3.41E+06
1.55E-09	3.20E+06
1.46E-09	2.28E+06
1.39E-09	2.17E+06
1.31E-09	2.05E+06
1.24E-09	1.93E+06
1.18E-09	1.24E+06
1.13E-09	1.18E+06
1.08E-09	1.13E+06
1.03E-09	1.08E+06
9.80E-10	8.29E+05
9.40E-10	7.94E+05
9.00E-10	7.61E+05
8.60E-10	7.27E+05
8.20E-10	6.93E+05
7.80E-10	6.59E+05
7.40E-10	6.25E+05
7.05E-10	4.49E+05
6.75E-10	4.30E+05
6.45E-10	4.11E+05
6.15E-10	3.91E+05
5.88E-10	3.13E+05
5.63E-10	3.00E+05
5.38E-10	2.85E+05
5.13E-10	2.73E+05
4.88E-10	2.59E+05
4.63E-10	2.45E+05
4.38E-10	2.32E+05
4.13E-10	2.18E+05
3.90E-10	1.67E+05
3.70E-10	1.57E+05
3.50E-10	1.49E+05
3.30E-10	1.40E+05
3.10E-10	1.31E+05
2.90E-10	1.23E+05
2.75E-10	5.90E+04
2.63E-10	8.30E+04
2.48E-10	7.90E+04
2.35E-10	5.10E+04
2.25E-10	4.80E+04
2.15E-10	4.60E+04
2.05E-10	4.40E+04
1.95E-10	4.20E+04
1.85E-10	3.90E+04
1.75E-10	3.70E+04
1.65E-10	3.60E+04
1.55E-10	3.20E+04
1.46E-10	2.40E+04
1.39E-10	2.20E+04
1.31E-10	2.10E+04
1.24E-10	2.00E+04
1.18E-10	1.30E+04
1.13E-10	1.20E+04
1.08E-10	1.10E+04
1.03E-10	1.10E+04
