   0.1025000E-09      0.3971642E-01
   0.1075000E-09      0.4165492E-01
   0.1125000E-09      0.4359343E-01
   0.1175000E-09      0.4551666E-01
   0.1237500E-09      0.4792834E-01
   0.1312500E-09      0.5081320E-01
   0.1387500E-09      0.5368280E-01
   0.1462500E-09      0.5656766E-01
   0.1550000E-09      0.5992569E-01
   0.1650000E-09      0.6377217E-01
   0.1750000E-09      0.6761865E-01
   0.1850000E-09      0.7144987E-01
   0.1950000E-09      0.7528108E-01
   0.2050000E-09      0.7912756E-01
   0.2150000E-09      0.8297404E-01
   0.2250000E-09      0.8679000E-01
   0.2350000E-09      0.9062120E-01
   0.2475000E-09      0.9538352E-01
   0.2625000E-09      0.1010769    
   0.2750000E-09      0.1058240    
   0.2900000E-09      0.1115326    
   0.3100000E-09      0.1191187    
   0.3300000E-09      0.1267048    
   0.3500000E-09      0.1342909    
   0.3700000E-09      0.1418618    
   0.3900000E-09      0.1494326    
   0.4125000E-09      0.1579804    
   0.4375000E-09      0.1672913    
   0.4625000E-09      0.1767548    
   0.4875000E-09      0.1860658    
   0.5125000E-09      0.1953767    
   0.5375000E-09      0.2046876    
   0.5625000E-09      0.2139985    
   0.5875000E-09      0.2233094    
   0.6150000E-09      0.2335362    
   0.6450000E-09      0.2445262    
   0.6750000E-09      0.2556687    
   0.7050000E-09      0.2668113    
   0.7400000E-09      0.2796329    
   0.7800000E-09      0.2942861    
   0.8200000E-09      0.3089394    
   0.8600000E-09      0.3235927    
   0.9000000E-09      0.3380933    
   0.9400000E-09      0.3525939    
   0.9800000E-09      0.3669419    
   0.1025000E-08      0.3831215    
   0.1075000E-08      0.4009801    
   0.1125000E-08      0.4188387    
   0.1175000E-08      0.4365448    
   0.1237500E-08      0.4585247    
   0.1312500E-08      0.4847784    
   0.1387500E-08      0.5110322    
   0.1462500E-08      0.5369806    
   0.1550000E-08      0.5672029    
   0.1650000E-08      0.6015466    
   0.1750000E-08      0.6355848    
   0.1850000E-08      0.6691652    
   0.1950000E-08      0.7027455    
   0.2050000E-08      0.7358679    
   0.2150000E-08      0.7685326    
   0.2250000E-08      0.8011970    
   0.2350000E-08      0.8335563    
   0.2475000E-08      0.8733948    
   0.2625000E-08      0.9207126    
   0.2750000E-08      0.9597880    
   0.2900000E-08       1.006037    
   0.3100000E-08       1.067093    
   0.3300000E-08       1.127079    
   0.3500000E-08       1.186150    
   0.3700000E-08       1.244153    
   0.3900000E-08       1.301087    
   0.4125000E-08       1.363821    
   0.4375000E-08       1.432203    
   0.4625000E-08       1.499211    
   0.4875000E-08       1.564540    
   0.5125000E-08       1.628648    
   0.5375000E-08       1.691229    
   0.5625000E-08       1.752285    
   0.5875000E-08       1.811813    
   0.6150000E-08       1.875921    
   0.6450000E-08       1.944608    
   0.6750000E-08       2.011769    
   0.7050000E-08       2.077404    
   0.7400000E-08       2.149143    
   0.7800000E-08       2.230042    
   0.8200000E-08       2.307887    
   0.8600000E-08       2.382680    
   0.9000000E-08       2.454420    
   0.9400000E-08       2.523107    
   0.9800000E-08       2.588741    
   0.1025000E-07       2.658954    
   0.1075000E-07       2.733747    
   0.1125000E-07       2.803961    
   0.1175000E-07       2.871121    
   0.1237500E-07       2.950493    
   0.1312500E-07       3.039023    
   0.1387500E-07       3.118395    
   0.1462500E-07       3.190135    
   0.1550000E-07       3.264927    
   0.1650000E-07       3.339720    
   0.1750000E-07       3.403828    
   0.1850000E-07       3.458778    
   0.1950000E-07       3.503043    
   0.2050000E-07       3.539676    
   0.2150000E-07       3.567151    
   0.2250000E-07       3.588521    
   0.2350000E-07       3.602258    
   0.2475000E-07       3.609890    
   0.2625000E-07       3.606837    
   0.2750000E-07       3.597678    
   0.2900000E-07       3.573256    
   0.3100000E-07       3.527465    
   0.3300000E-07       3.469462    
   0.3500000E-07       3.399249    
   0.3700000E-07       3.319877    
   0.3900000E-07       3.234400    
   0.4125000E-07       3.129080    
   0.4375000E-07       3.006969    
   0.4625000E-07       2.880280    
   0.4875000E-07       2.752064    
   0.5125000E-07       2.625374    
   0.5375000E-07       2.503264    
   0.5625000E-07       2.391838    
   0.5875000E-07       2.291097    
   0.6150000E-07       2.190356    
   0.6450000E-07       2.089615    
   0.6750000E-07       1.998032    
   0.7050000E-07       1.914081    
   0.7400000E-07       1.824025    
   0.7800000E-07       1.732442    
   0.8200000E-07       1.648491    
   0.8600000E-07       1.573698    
   0.9000000E-07       1.504095    
   0.9400000E-07       1.440903    
   0.9800000E-07       1.382595    
   0.1025000E-06       1.306582    
   0.1075000E-06       1.217136    
   0.1125000E-06       1.137764    
   0.1175000E-06       1.066635    
   0.1237500E-06      0.9880261    
   0.1312500E-06      0.9052962    
   0.1387500E-06      0.8337089    
   0.1462500E-06      0.7711274    
   0.1550000E-06      0.7076299    
   0.1650000E-06      0.6450483    
   0.1750000E-06      0.5911672    
   0.1850000E-06      0.5446125    
   0.1950000E-06      0.5038581    
   0.2050000E-06      0.4507402    
   0.2150000E-06      0.3901428    
   0.2250000E-06      0.3397723    
   0.2350000E-06      0.2971863    
   0.2475000E-06      0.2529213    
   0.2625000E-06      0.2080456    
   0.2750000E-06      0.1759917    
   0.2900000E-06      0.1457235    
   0.3100000E-06      0.1216831    
   0.3300000E-06      0.1084951    
   0.3500000E-06      0.9744412E-01
   0.3700000E-06      0.8824006E-01
   0.3900000E-06      0.8051657E-01
   0.4125000E-06      0.7318994E-01
   0.4375000E-06      0.6629071E-01
   0.4625000E-06      0.6041414E-01
   0.4875000E-06      0.5534656E-01
   0.5125000E-06      0.5206484E-01
   0.5375000E-06      0.5024844E-01
   0.5625000E-06      0.4856943E-01
   0.5875000E-06      0.4702778E-01
   0.6150000E-06      0.4548614E-01
   0.6450000E-06      0.4392923E-01
   0.6750000E-06      0.4249443E-01
   0.7050000E-06      0.4093752E-01
   0.7400000E-06      0.3889218E-01
   0.7800000E-06      0.3666366E-01
   0.8200000E-06      0.3467936E-01
   0.8600000E-06      0.3287823E-01
   0.9000000E-06      0.3124500E-01
   0.9399999E-06      0.2976442E-01
   0.9800000E-06      0.2842120E-01
   0.1025000E-05      0.2707799E-01
   0.1075000E-05      0.2576530E-01
   0.1125000E-05      0.2457472E-01
   0.1175000E-05      0.2349099E-01
   0.1237500E-05      0.2226989E-01
   0.1312500E-05      0.2094194E-01
   0.1387500E-05      0.1976663E-01
   0.1462500E-05      0.1871342E-01
   0.1550000E-05      0.1761443E-01
   0.1650000E-05      0.1651544E-01
   0.1750000E-05      0.1553855E-01
   0.1850000E-05      0.1466394E-01
   0.1950000E-05      0.1388701E-01
   0.2050000E-05      0.1323066E-01
   0.2150000E-05      0.1267811E-01
   0.2250000E-05      0.1217441E-01
   0.2350000E-05      0.1171192E-01
   0.2475000E-05      0.1118531E-01
   0.2625000E-05      0.1061445E-01
   0.2750000E-05      0.1018706E-01
   0.2900000E-05      0.9726096E-02
   0.3100000E-05      0.9162861E-02
   0.3300000E-05      0.8657630E-02
   0.3500000E-05      0.8218032E-02
   0.3700000E-05      0.7844069E-02
   0.3900000E-05      0.7537267E-02
   0.4125000E-05      0.7282360E-02
   0.4375000E-05      0.7030508E-02
   0.4625000E-05      0.6679440E-02
   0.4875000E-05      0.6361953E-02
   0.5125000E-05      0.6052098E-02
   0.5375000E-05      0.5749874E-02
   0.5625000E-05      0.5406439E-02
   0.5875000E-05      0.5041634E-02
   0.6150000E-05      0.4743990E-02
   0.6450000E-05      0.4478400E-02
   0.6750000E-05      0.4246390E-02
   0.7050000E-05      0.4044908E-02
   0.7400000E-05      0.3841900E-02
   0.7800000E-05      0.3635838E-02
   0.8200001E-05      0.3451146E-02
   0.8600000E-05      0.3284771E-02
   0.8999999E-05      0.3135185E-02
   0.9400001E-05      0.2996285E-02
   0.9800000E-05      0.2871122E-02
   0.1025000E-04      0.2733747E-02
   0.1075000E-04      0.2588741E-02
   0.1125000E-04      0.2457472E-02
   0.1175000E-04      0.2338415E-02
   0.1237500E-04      0.2204093E-02
   0.1312500E-04      0.2060614E-02
   0.1387500E-04      0.1933924E-02
   0.1462500E-04      0.1820972E-02
   0.1550000E-04      0.1704967E-02
   0.1650000E-04      0.1587436E-02
   0.1750000E-04      0.1484558E-02
   0.1850000E-04      0.1393280E-02
   0.1950000E-04      0.1312229E-02
   0.2050000E-04      0.1241405E-02
   0.2150000E-04      0.1179587E-02
   0.2250000E-04      0.1123569E-02
   0.2350000E-04      0.1072435E-02
   0.2475000E-04      0.1015043E-02
   0.2625000E-04      0.9530720E-03
   0.2750000E-04      0.9065173E-03
   0.2900000E-04      0.8567573E-03
   0.3100000E-04      0.7969232E-03
   0.3300000E-04      0.7434999E-03
   0.3500000E-04      0.6967927E-03
   0.3700000E-04      0.6554278E-03
   0.3900000E-04      0.6184893E-03
   0.4125000E-04      0.5815508E-03
   0.4375000E-04      0.5450704E-03
   0.4625000E-04      0.5128639E-03
   0.4875000E-04      0.4840152E-03
   0.5125000E-04      0.4591352E-03
   0.5375000E-04      0.4412766E-03
   0.5625000E-04      0.4325762E-03
   0.5875000E-04      0.4136491E-03
   0.6150000E-04      0.3948746E-03
   0.6450000E-04      0.3759475E-03
   0.6750000E-04      0.3573256E-03
   0.7050000E-04      0.3321404E-03
   0.7400000E-04      0.3142817E-03
   0.7800000E-04      0.2953546E-03
   0.8200000E-04      0.2788697E-03
   0.8600000E-04      0.2643691E-03
   0.9000000E-04      0.2483421E-03
   0.9400000E-04      0.2364363E-03
   0.9800000E-04      0.2268201E-03
   0.1025000E-03      0.2161355E-03
   0.1075000E-03      0.2060614E-03
   0.1125000E-03      0.1975136E-03
   0.1175000E-03      0.1892712E-03
   0.1237500E-03      0.1795023E-03
   0.1312500E-03      0.1697335E-03
   0.1387500E-03      0.1616437E-03
   0.1462500E-03      0.1541644E-03
   0.1550000E-03      0.1462578E-03
   0.1650000E-03      0.1377406E-03
   0.1750000E-03      0.1298950E-03
   0.1850000E-03      0.1228431E-03
   0.1950000E-03      0.1166918E-03
   0.2050000E-03      0.1114868E-03
   0.2150000E-03      0.1067398E-03
   0.2250000E-03      0.1030612E-03
   0.2350000E-03      0.9929104E-04
   0.2475000E-03      0.9407083E-04
   0.2625000E-03      0.8962905E-04
   0.2750000E-03      0.8698842E-04
   0.2900000E-03      0.8381355E-04
   0.3100000E-03      0.7837963E-04
   0.3300000E-03      0.7334258E-04
   0.3500000E-03      0.6893134E-04
   0.3700000E-03      0.6488643E-04
   0.3900000E-03      0.6094837E-04
   0.4125000E-03      0.5572815E-04
   0.4375000E-03      0.5104216E-04
   0.4625000E-03      0.4684462E-04
   0.4875000E-03      0.4360868E-04
   0.5125000E-03      0.4061698E-04
   0.5375000E-03      0.3916692E-04
   0.5625000E-03      0.3762528E-04
   0.5875000E-03      0.3655681E-04
   0.6150000E-03      0.3559519E-04
   0.6450000E-03      0.3489306E-04
   0.6750000E-03      0.3325983E-04
   0.7050000E-03      0.3190135E-04
   0.7400000E-03      0.3057340E-04
   0.7800000E-03      0.2898596E-04
   0.8200000E-03      0.2755116E-04
   0.8600000E-03      0.2639112E-04
   0.9000000E-03      0.2486474E-04
   0.9400000E-03      0.2396417E-04
   0.9800000E-03      0.2489526E-04
   0.1025000E-02      0.2417787E-04
   0.1075000E-02      0.2312466E-04
   0.1125000E-02      0.2219357E-04
   0.1175000E-02      0.2124722E-04
   0.1237500E-02      0.1962925E-04
   0.1312500E-02      0.1767548E-04
   0.1387500E-02      0.1665281E-04
   0.1462500E-02      0.1578277E-04
   0.1550000E-02      0.1498295E-04
   0.1650000E-02      0.1406407E-04
   0.1750000E-02      0.1336499E-04
   0.1850000E-02      0.1267659E-04
   0.1950000E-02      0.1205383E-04
   0.2050000E-02      0.1150128E-04
   0.2150000E-02      0.1105557E-04
   0.2250000E-02      0.1047250E-04
   0.2350000E-02      0.9901631E-05
   0.2475000E-02      0.9375029E-05
   0.2625000E-02      0.8856059E-05
   0.2750000E-02      0.8512623E-05
   0.2900000E-02      0.8173767E-05
   0.3100000E-02      0.7718906E-05
   0.3300000E-02      0.7277782E-05
   0.3500000E-02      0.6999981E-05
   0.3700000E-02      0.6751181E-05
   0.3900000E-02      0.6462695E-05
   0.4125000E-02      0.6111627E-05
   0.4375000E-02      0.5792614E-05
   0.4625000E-02      0.5484284E-05
   0.4875000E-02      0.5195799E-05
   0.5125000E-02      0.4953104E-05
   0.5375000E-02      0.4739411E-05
   0.5625000E-02      0.4492138E-05
   0.5875000E-02      0.4313551E-05
   0.6150000E-02      0.4118174E-05
   0.6450000E-02      0.3948746E-05
   0.6750000E-02      0.3764055E-05
   0.7050000E-02      0.3600731E-05
   0.7400000E-02      0.3435882E-05
   0.7800000E-02      0.3289349E-05
   0.8200000E-02      0.3138238E-05
   0.8600000E-02      0.3028339E-05
   0.9000000E-02      0.2932177E-05
   0.9400001E-02      0.2843647E-05
   0.9800000E-02      0.2750537E-05
   0.1025000E-01      0.2660481E-05
   0.1075000E-01      0.2558214E-05
   0.1125000E-01      0.2468157E-05
   0.1175000E-01      0.2385732E-05
   0.1237500E-01      0.2295676E-05
   0.1312500E-01      0.2194935E-05
   0.1387500E-01      0.2098773E-05
   0.1462500E-01      0.2014822E-05
   0.1550000E-01      0.1926292E-05
   0.1650000E-01      0.1834709E-05
   0.1750000E-01      0.1749232E-05
   0.1850000E-01      0.1675966E-05
   0.1950000E-01      0.1608805E-05
   0.2050000E-01      0.1552329E-05
   0.2150000E-01      0.1498448E-05
   0.2250000E-01      0.1451435E-05
   0.2350000E-01      0.1409002E-05
   0.2475000E-01      0.1358784E-05
   0.2625000E-01      0.1300629E-05
   0.2750000E-01      0.1258043E-05
   0.2900000E-01      0.1211183E-05
   0.3100000E-01      0.1140053E-05
   0.3300000E-01      0.1086020E-05
   0.3500000E-01      0.1035802E-05
   0.3700000E-01      0.9929105E-06
   0.3900000E-01      0.9533772E-06
   0.4125000E-01      0.9219337E-06
   0.4375000E-01      0.8807215E-06
   0.4625000E-01      0.8421041E-06
   0.4875000E-01      0.8039446E-06
   0.5125000E-01      0.7734170E-06
   0.5375000E-01      0.7465526E-06
   0.5625000E-01      0.7225884E-06
   0.5875000E-01      0.7009139E-06
   0.6150000E-01      0.6809183E-06
   0.6450000E-01      0.6574120E-06
   0.6750000E-01      0.6360427E-06
   0.7050000E-01      0.6149787E-06
   0.7400000E-01      0.5917777E-06
   0.7799999E-01      0.5668977E-06
   0.8200000E-01      0.5443072E-06
   0.8600000E-01      0.5230905E-06
   0.9000000E-01      0.5047741E-06
   0.9400000E-01      0.4875259E-06
   0.9800000E-01      0.4719568E-06
   0.1025000          0.4560825E-06
   0.1075000          0.4385291E-06
   0.1125000          0.4237232E-06
   0.1175000          0.4101384E-06
   0.1237500          0.3945694E-06
   0.1312500          0.3773212E-06
   0.1387500          0.3631259E-06
   0.1462500          0.3490832E-06
   0.1550000          0.3342773E-06
   0.1650000          0.3190135E-06
   0.1750000          0.3052761E-06
   0.1850000          0.2927598E-06
   0.1950000          0.2813119E-06
   0.2050000          0.2707799E-06
   0.2150000          0.2607057E-06
   0.2250000          0.2517001E-06
   0.2350000          0.2433050E-06
   0.2475000          0.2336889E-06
   0.2625000          0.2231568E-06
   0.2750000          0.2153723E-06
   0.2900000          0.2069772E-06
   0.3100000          0.1969031E-06
   0.3300000          0.1878974E-06
   0.3500000          0.1802655E-06
   0.3700000          0.1735494E-06
   0.3900000          0.1675966E-06
   0.4125000          0.1616437E-06
   0.4375000          0.1556908E-06
   0.4625000          0.1505469E-06
   0.4875000          0.1459525E-06
   0.5125000          0.1423350E-06
   0.5375000          0.1394501E-06
   0.5625000          0.1367942E-06
   0.5875000          0.1342452E-06
   0.6150000          0.1314519E-06
   0.6450000          0.1284602E-06
   0.6750000          0.1257432E-06
   0.7050000          0.1233773E-06
   0.7400000          0.1209046E-06
   0.7800000          0.1181876E-06
   0.8200000          0.1155928E-06
   0.8600000          0.1131964E-06
   0.9000000          0.1109221E-06
   0.9400000          0.1088004E-06
   0.9800000          0.1067093E-06
    1.050000          0.1017027E-06
    1.150000          0.9460506E-07
    1.250000          0.8862165E-07
    1.350000          0.8353881E-07
    1.450000          0.7906650E-07
    1.550000          0.7430420E-07
    1.650000          0.6923662E-07
    1.750000          0.6464222E-07
    1.850000          0.6045993E-07
    1.950000          0.5652186E-07
    2.050000          0.5220221E-07
    2.150000          0.4782149E-07
    2.250000          0.4402081E-07
    2.350000          0.4069330E-07
    2.450000          0.3788476E-07
    2.550000          0.3542729E-07
    2.650000          0.3321404E-07
    2.750000          0.3115342E-07
    2.850000          0.2916913E-07
    2.950000          0.2738327E-07
    3.050000          0.2535318E-07
    3.150000          0.2306361E-07
    3.250000          0.2106405E-07
    3.350000          0.1935450E-07
    3.450000          0.1782812E-07
    3.550000          0.1646965E-07
    3.650000          0.1530960E-07
    3.750000          0.1420297E-07
    3.850000          0.1318030E-07
    3.950000          0.1224310E-07
    4.050000          0.1133185E-07
    4.150000          0.1048165E-07
    4.250000          0.9768835E-08
    4.350000          0.9155229E-08
    4.450000          0.8613364E-08
    4.550000          0.8131028E-08
    4.650000          0.7706695E-08
    4.750000          0.7315941E-08
    4.850000          0.6964874E-08
    4.950000          0.6667230E-08
    5.050000          0.6369586E-08
    5.150000          0.6071942E-08
    5.250000          0.5810930E-08
    5.350000          0.5565183E-08
    5.450000          0.5317909E-08
    5.550000          0.5079794E-08
    5.650000          0.4847784E-08
    5.750000          0.4629512E-08
    5.850000          0.4424977E-08
    5.950000          0.4218915E-08
    6.050000          0.3951798E-08
    6.150000          0.3635838E-08
    6.250000          0.3278665E-08
    6.350000          0.2889438E-08
    6.450000          0.2539897E-08
    6.550000          0.2252937E-08
    6.650000          0.2016348E-08
    6.750000          0.1837762E-08
    6.850000          0.1698861E-08
    6.950000          0.1572172E-08
    7.050000          0.1457541E-08
    7.150000          0.1356342E-08
    7.250000          0.1257890E-08
    7.350000          0.1160354E-08
    7.450000          0.1071672E-08
    7.550000          0.9889417E-09
    7.650000          0.9083490E-09
    7.750000          0.8355406E-09
    7.850000          0.7740275E-09
    7.950000          0.7202989E-09
    8.050000          0.6693177E-09
    8.150000          0.6209316E-09
    8.250000          0.5771244E-09
    8.350000          0.5369806E-09
    8.450000          0.5001948E-09
    8.550000          0.4656986E-09
    8.650000          0.4333394E-09
    8.750000          0.4034224E-09
    8.850000          0.3761001E-09
    8.950000          0.3512201E-09
    9.050000          0.3280191E-09
    9.150000          0.3064972E-09
    9.250000          0.2865016E-09
    9.350000          0.2677271E-09
    9.450000          0.2504790E-09
    9.550000          0.2342994E-09
    9.650000          0.2190356E-09
    9.750000          0.2048403E-09
    9.850000          0.1912555E-09
    9.950000          0.1785865E-09
    10.05000          0.1666807E-09
    10.15000          0.1556908E-09
    10.25000          0.1454335E-09
    10.35000          0.1359394E-09
    10.45000          0.1270559E-09
    10.55000          0.1187677E-09
    10.65000          0.1109831E-09
    10.75000          0.1037023E-09
    10.85000          0.9689462E-10
    10.95000          0.9054488E-10
    11.05000          0.8459200E-10
    11.15000          0.7899018E-10
    11.25000          0.7367838E-10
    11.35000          0.6868711E-10
    11.45000          0.6398587E-10
    11.55000          0.5968147E-10
    11.65000          0.5580446E-10
    11.75000          0.5230905E-10
    11.85000          0.4907313E-10
    11.95000          0.4600511E-10
    12.05000          0.4290655E-10
    12.15000          0.3980800E-10
    12.25000          0.3675523E-10
    12.35000          0.3391617E-10
    12.45000          0.3133659E-10
    12.55000          0.2901650E-10
    12.65000          0.2687956E-10
    12.75000          0.2494105E-10
    12.85000          0.2315519E-10
    12.95000          0.2149144E-10
    13.05000          0.1993453E-10
    13.15000          0.1849973E-10
    13.25000          0.1715651E-10
    13.35000          0.1592015E-10
    13.45000          0.1477689E-10
    13.55000          0.1372063E-10
    13.65000          0.1274070E-10
    13.75000          0.1183250E-10
    13.85000          0.1098536E-10
    13.95000          0.1019927E-10
    14.05000          0.9468137E-11
    14.15000          0.8788899E-11
    14.25000          0.8158503E-11
    14.35000          0.7573899E-11
    14.45000          0.7032034E-11
    14.55000          0.6529856E-11
    14.65000          0.6064310E-11
    14.75000          0.5630818E-11
    14.85000          0.5227853E-11
    14.95000          0.4852364E-11
    15.05000          0.4504348E-11
    15.15000          0.4180756E-11
    15.25000          0.3880059E-11
    15.35000          0.3602258E-11
    15.45000          0.3344300E-11
    15.55000          0.3103131E-11
    15.65000          0.2880280E-11
    15.75000          0.2674219E-11
    15.85000          0.2481894E-11
    15.95000          0.2303308E-11
    16.05000          0.2138459E-11
    16.15000          0.1984295E-11
    16.25000          0.1842341E-11
    16.35000          0.1709546E-11
    16.45000          0.1585909E-11
    16.55000          0.1472652E-11
    16.65000          0.1366874E-11
    16.75000          0.1268575E-11
    16.85000          0.1177297E-11
    16.95000          0.1092736E-11
    17.05000          0.1014127E-11
    17.15000          0.9410134E-12
    17.25000          0.8733948E-12
    17.35000          0.8105080E-12
    17.45000          0.7522002E-12
    17.55000          0.6978611E-12
    17.65000          0.6476432E-12
    17.75000          0.6009359E-12
    17.85000          0.5575867E-12
    17.95000          0.5172903E-12
    18.05000          0.4798940E-12
    18.15000          0.4452452E-12
    18.25000          0.4131912E-12
    18.35000          0.3832741E-12
    18.45000          0.3556466E-12
    18.55000          0.3300034E-12
    18.65000          0.3061919E-12
    18.75000          0.2840594E-12
    18.85000          0.2634533E-12
    18.95000          0.2445261E-12
    19.05000          0.2268201E-12
    19.15000          0.2104879E-12
    19.25000          0.1952241E-12
    19.35000          0.1811814E-12
    19.45000          0.1680545E-12
    19.55000          0.1559961E-12
    19.65000          0.1447009E-12
    19.75000          0.1342452E-12
    19.85000          0.1245374E-12
    19.95000          0.1155470E-12
