 640
spectrum
 water bucket in acrr cavity #3905-3910
 1.000E-10 2.618E+19 1.050E-10 2.745E+19 1.100E-10 2.872E+19 1.150E-10 2.999E+19
 1.200E-10 3.158E+19 1.275E-10 3.349E+19 1.350E-10 3.539E+19 1.425E-10 3.729E+19
 1.500E-10 3.950E+19 1.600E-10 4.204E+19 1.700E-10 4.457E+19 1.800E-10 4.709E+19
 1.900E-10 4.962E+19 2.000E-10 5.215E+19 2.100E-10 5.467E+19 2.200E-10 5.719E+19
 2.300E-10 5.971E+19 2.400E-10 6.286E+19 2.550E-10 6.663E+19 2.700E-10 6.976E+19
 2.800E-10 7.352E+19 3.000E-10 7.853E+19 3.200E-10 8.353E+19 3.400E-10 8.852E+19
 3.600E-10 9.350E+19 3.800E-10 9.848E+19 4.000E-10 1.041E+20 4.250E-10 1.103E+20
 4.500E-10 1.165E+20 4.750E-10 1.226E+20 5.000E-10 1.288E+20 5.250E-10 1.349E+20
 5.500E-10 1.411E+20 5.750E-10 1.472E+20 6.000E-10 1.539E+20 6.300E-10 1.612E+20
 6.600E-10 1.685E+20 6.900E-10 1.758E+20 7.200E-10 1.843E+20 7.600E-10 1.939E+20
 8.000E-10 2.035E+20 8.400E-10 2.131E+20 8.800E-10 2.227E+20 9.200E-10 2.322E+20
 9.600E-10 2.417E+20 1.000E-09 2.524E+20 1.050E-09 2.642E+20 1.100E-09 2.759E+20
 1.150E-09 2.876E+20 1.200E-09 3.022E+20 1.275E-09 3.195E+20 1.350E-09 3.368E+20
 1.425E-09 3.539E+20 1.500E-09 3.738E+20 1.600E-09 3.964E+20 1.700E-09 4.188E+20
 1.800E-09 4.410E+20 1.900E-09 4.630E+20 2.000E-09 4.848E+20 2.100E-09 5.064E+20
 2.200E-09 5.278E+20 2.300E-09 5.491E+20 2.400E-09 5.755E+20 2.550E-09 6.067E+20
 2.700E-09 6.325E+20 2.800E-09 6.630E+20 3.000E-09 7.032E+20 3.200E-09 7.427E+20
 3.400E-09 7.815E+20 3.600E-09 8.197E+20 3.800E-09 8.572E+20 4.000E-09 8.985E+20
 4.250E-09 9.436E+20 4.500E-09 9.877E+20 4.750E-09 1.031E+21 5.000E-09 1.073E+21
 5.250E-09 1.114E+21 5.500E-09 1.155E+21 5.750E-09 1.194E+21 6.000E-09 1.236E+21
 6.300E-09 1.281E+21 6.600E-09 1.325E+21 6.900E-09 1.368E+21 7.200E-09 1.416E+21
 7.600E-09 1.469E+21 8.000E-09 1.520E+21 8.400E-09 1.569E+21 8.800E-09 1.616E+21
 9.200E-09 1.661E+21 9.600E-09 1.705E+21 1.000E-08 1.751E+21 1.050E-08 1.800E+21
 1.100E-08 1.847E+21 1.150E-08 1.891E+21 1.200E-08 1.943E+21 1.275E-08 2.000E+21
 1.350E-08 2.052E+21 1.425E-08 2.099E+21 1.500E-08 2.148E+21 1.600E-08 2.198E+21
 1.700E-08 2.240E+21 1.800E-08 2.275E+21 1.900E-08 2.305E+21 2.000E-08 2.328E+21
 2.100E-08 2.346E+21 2.200E-08 2.359E+21 2.300E-08 2.368E+21 2.400E-08 2.372E+21
 2.550E-08 2.371E+21 2.700E-08 2.364E+21 2.800E-08 2.347E+21 3.000E-08 2.318E+21
 3.200E-08 2.279E+21 3.400E-08 2.233E+21 3.600E-08 2.181E+21 3.800E-08 2.124E+21
 4.000E-08 2.055E+21 4.250E-08 1.974E+21 4.500E-08 1.891E+21 4.750E-08 1.806E+21
 5.000E-08 1.723E+21 5.250E-08 1.642E+21 5.500E-08 1.570E+21 5.750E-08 1.504E+21
 6.000E-08 1.438E+21 6.300E-08 1.371E+21 6.600E-08 1.311E+21 6.900E-08 1.256E+21
 7.200E-08 1.197E+21 7.600E-08 1.137E+21 8.000E-08 1.082E+21 8.400E-08 1.032E+21
 8.800E-08 9.865E+20 9.200E-08 9.449E+20 9.600E-08 9.067E+20 1.000E-07 8.568E+20
 1.050E-07 7.981E+20 1.100E-07 7.459E+20 1.150E-07 6.991E+20 1.200E-07 6.473E+20
 1.275E-07 5.929E+20 1.350E-07 5.458E+20 1.425E-07 5.046E+20 1.500E-07 4.629E+20
 1.600E-07 4.217E+20 1.700E-07 3.863E+20 1.800E-07 3.557E+20 1.900E-07 3.289E+20
 2.000E-07 2.941E+20 2.100E-07 2.544E+20 2.200E-07 2.214E+20 2.300E-07 1.934E+20
 2.400E-07 1.645E+20 2.550E-07 1.350E+20 2.700E-07 1.141E+20 2.800E-07 9.458E+19
 3.000E-07 7.905E+19 3.200E-07 7.054E+19 3.400E-07 6.343E+19 3.600E-07 5.751E+19
 3.800E-07 5.252E+19 4.000E-07 4.779E+19 4.250E-07 4.332E+19 4.500E-07 3.951E+19
 4.750E-07 3.621E+19 5.000E-07 3.408E+19 5.250E-07 3.290E+19 5.500E-07 3.182E+19
 5.750E-07 3.082E+19 6.000E-07 2.981E+19 6.300E-07 2.880E+19 6.600E-07 2.786E+19
 6.900E-07 2.685E+19 7.200E-07 2.551E+19 7.600E-07 2.405E+19 8.000E-07 2.275E+19
 8.400E-07 2.157E+19 8.800E-07 2.051E+19 9.200E-07 1.954E+19 9.600E-07 1.865E+19
 1.000E-06 1.777E+19 1.050E-06 1.692E+19 1.100E-06 1.613E+19 1.150E-06 1.542E+19
 1.200E-06 1.461E+19 1.275E-06 1.375E+19 1.350E-06 1.298E+19 1.425E-06 1.229E+19
 1.500E-06 1.157E+19 1.600E-06 1.084E+19 1.700E-06 1.020E+19 1.800E-06 9.628E+18
 1.900E-06 9.117E+18 2.000E-06 8.686E+18 2.100E-06 8.324E+18 2.200E-06 7.993E+18
 2.300E-06 7.690E+18 2.400E-06 7.344E+18 2.550E-06 6.969E+18 2.700E-06 6.688E+18
 2.800E-06 6.385E+18 3.000E-06 6.015E+18 3.200E-06 5.683E+18 3.400E-06 5.395E+18
 3.600E-06 5.148E+18 3.800E-06 4.945E+18 4.000E-06 4.775E+18 4.250E-06 4.608E+18
 4.500E-06 4.378E+18 4.750E-06 4.169E+18 5.000E-06 3.966E+18 5.250E-06 3.768E+18
 5.500E-06 3.545E+18 5.750E-06 3.309E+18 6.000E-06 3.114E+18 6.300E-06 2.940E+18
 6.600E-06 2.789E+18 6.900E-06 2.656E+18 7.200E-06 2.523E+18 7.600E-06 2.388E+18
 8.000E-06 2.267E+18 8.400E-06 2.158E+18 8.800E-06 2.059E+18 9.200E-06 1.969E+18
 9.600E-06 1.887E+18 1.000E-05 1.796E+18 1.050E-05 1.701E+18 1.100E-05 1.615E+18
 1.150E-05 1.537E+18 1.200E-05 1.449E+18 1.275E-05 1.354E+18 1.350E-05 1.271E+18
 1.425E-05 1.197E+18 1.500E-05 1.120E+18 1.600E-05 1.043E+18 1.700E-05 9.757E+17
 1.800E-05 9.158E+17 1.900E-05 8.625E+17 2.000E-05 8.160E+17 2.100E-05 7.754E+17
 2.200E-05 7.386E+17 2.300E-05 7.051E+17 2.400E-05 6.673E+17 2.550E-05 6.266E+17
 2.700E-05 5.961E+17 2.800E-05 5.634E+17 3.000E-05 5.240E+17 3.200E-05 4.889E+17
 3.400E-05 4.582E+17 3.600E-05 4.311E+17 3.800E-05 4.068E+17 4.000E-05 3.826E+17
 4.250E-05 3.586E+17 4.500E-05 3.374E+17 4.750E-05 3.185E+17 5.000E-05 3.021E+17
 5.250E-05 2.918E+17 5.500E-05 2.851E+17 5.750E-05 2.727E+17 6.000E-05 2.603E+17
 6.300E-05 2.478E+17 6.600E-05 2.347E+17 6.900E-05 2.185E+17 7.200E-05 2.067E+17
 7.600E-05 1.943E+17 8.000E-05 1.835E+17 8.400E-05 1.739E+17 8.800E-05 1.635E+17
 9.200E-05 1.556E+17 9.600E-05 1.491E+17 1.000E-04 1.422E+17 1.050E-04 1.355E+17
 1.100E-04 1.298E+17 1.150E-04 1.243E+17 1.200E-04 1.177E+17 1.275E-04 1.112E+17
 1.350E-04 1.058E+17 1.425E-04 1.009E+17 1.500E-04 9.555E+16 1.600E-04 8.997E+16
 1.700E-04 8.487E+16 1.800E-04 8.023E+16 1.900E-04 7.616E+16 2.000E-04 7.260E+16
 2.100E-04 6.936E+16 2.200E-04 6.679E+16 2.300E-04 6.429E+16 2.400E-04 6.100E+16
 2.550E-04 5.831E+16 2.700E-04 5.670E+16 2.800E-04 5.472E+16 3.000E-04 5.118E+16
 3.200E-04 4.789E+16 3.400E-04 4.499E+16 3.600E-04 4.234E+16 3.800E-04 3.969E+16
 4.000E-04 3.608E+16 4.250E-04 3.284E+16 4.500E-04 3.010E+16 4.750E-04 2.799E+16
 5.000E-04 2.624E+16 5.250E-04 2.517E+16 5.500E-04 2.412E+16 5.750E-04 2.332E+16
 6.000E-04 2.246E+16 6.300E-04 2.177E+16 6.600E-04 2.078E+16 6.900E-04 1.994E+16
 7.200E-04 1.911E+16 7.600E-04 1.821E+16 8.000E-04 1.734E+16 8.400E-04 1.664E+16
 8.800E-04 1.593E+16 9.200E-04 1.541E+16 9.600E-04 1.608E+16 1.000E-03 1.566E+16
 1.050E-03 1.495E+16 1.100E-03 1.430E+16 1.150E-03 1.367E+16 1.200E-03 1.256E+16
 1.275E-03 1.121E+16 1.350E-03 1.057E+16 1.425E-03 1.003E+16 1.500E-03 9.504E+15
 1.600E-03 8.954E+15 1.700E-03 8.480E+15 1.800E-03 8.057E+15 1.900E-03 7.680E+15
 2.000E-03 7.374E+15 2.100E-03 7.125E+15 2.200E-03 6.843E+15 2.300E-03 6.556E+15
 2.400E-03 6.257E+15 2.550E-03 5.942E+15 2.700E-03 5.714E+15 2.800E-03 5.473E+15
 3.000E-03 5.145E+15 3.200E-03 4.815E+15 3.400E-03 4.534E+15 3.600E-03 4.286E+15
 3.800E-03 4.056E+15 4.000E-03 3.818E+15 4.250E-03 3.610E+15 4.500E-03 3.405E+15
 4.750E-03 3.220E+15 5.000E-03 3.063E+15 5.250E-03 2.922E+15 5.500E-03 2.768E+15
 5.750E-03 2.659E+15 6.000E-03 2.545E+15 6.300E-03 2.443E+15 6.600E-03 2.335E+15
 6.900E-03 2.241E+15 7.200E-03 2.145E+15 7.600E-03 2.056E+15 8.000E-03 1.967E+15
 8.400E-03 1.893E+15 8.800E-03 1.827E+15 9.200E-03 1.765E+15 9.600E-03 1.708E+15
 1.000E-02 1.646E+15 1.050E-02 1.586E+15 1.100E-02 1.532E+15 1.150E-02 1.480E+15
 1.200E-02 1.420E+15 1.275E-02 1.358E+15 1.350E-02 1.300E+15 1.425E-02 1.247E+15
 1.500E-02 1.196E+15 1.600E-02 1.140E+15 1.700E-02 1.089E+15 1.800E-02 1.044E+15
 1.900E-02 1.002E+15 2.000E-02 9.648E+14 2.100E-02 9.330E+14 2.200E-02 9.038E+14
 2.300E-02 8.771E+14 2.400E-02 8.464E+14 2.550E-02 8.119E+14 2.700E-02 7.860E+14
 2.800E-02 7.576E+14 3.000E-02 7.201E+14 3.200E-02 6.863E+14 3.400E-02 6.556E+14
 3.600E-02 6.284E+14 3.800E-02 6.035E+14 4.000E-02 5.788E+14 4.250E-02 5.532E+14
 4.500E-02 5.301E+14 4.750E-02 5.087E+14 5.000E-02 4.901E+14 5.250E-02 4.735E+14
 5.500E-02 4.584E+14 5.750E-02 4.443E+14 6.000E-02 4.301E+14 6.300E-02 4.157E+14
 6.600E-02 4.022E+14 6.900E-02 3.893E+14 7.200E-02 3.750E+14 7.600E-02 3.598E+14
 8.000E-02 3.458E+14 8.400E-02 3.330E+14 8.800E-02 3.215E+14 9.200E-02 3.106E+14
 9.600E-02 3.007E+14 1.000E-01 2.906E+14 1.050E-01 2.805E+14 1.100E-01 2.712E+14
 1.150E-01 2.627E+14 1.200E-01 2.529E+14 1.275E-01 2.422E+14 1.350E-01 2.325E+14
 1.425E-01 2.237E+14 1.500E-01 2.143E+14 1.600E-01 2.047E+14 1.700E-01 1.960E+14
 1.800E-01 1.882E+14 1.900E-01 1.810E+14 2.000E-01 1.744E+14 2.100E-01 1.681E+14
 2.200E-01 1.624E+14 2.300E-01 1.571E+14 2.400E-01 1.511E+14 2.550E-01 1.445E+14
 2.700E-01 1.396E+14 2.800E-01 1.342E+14 3.000E-01 1.277E+14 3.200E-01 1.219E+14
 3.400E-01 1.168E+14 3.600E-01 1.125E+14 3.800E-01 1.086E+14 4.000E-01 1.047E+14
 4.250E-01 1.008E+14 4.500E-01 9.731E+13 4.750E-01 9.424E+13 5.000E-01 9.178E+13
 5.250E-01 8.981E+13 5.500E-01 8.799E+13 5.750E-01 8.624E+13 6.000E-01 8.435E+13
 6.300E-01 8.235E+13 6.600E-01 8.051E+13 6.900E-01 7.891E+13 7.200E-01 7.725E+13
 7.600E-01 7.544E+13 8.000E-01 7.370E+13 8.400E-01 7.206E+13 8.800E-01 7.048E+13
 9.200E-01 6.899E+13 9.600E-01 6.756E+13 1.000E+00 6.432E+13 1.100E+00 5.970E+13
 1.200E+00 5.570E+13 1.300E+00 5.221E+13 1.400E+00 4.917E+13 1.500E+00 4.602E+13
 1.600E+00 4.282E+13 1.700E+00 4.003E+13 1.800E+00 3.757E+13 1.900E+00 3.547E+13
 2.000E+00 3.330E+13 2.100E+00 3.104E+13 2.200E+00 2.901E+13 2.300E+00 2.718E+13
 2.400E+00 2.542E+13 2.500E+00 2.379E+13 2.600E+00 2.229E+13 2.700E+00 2.095E+13
 2.800E+00 1.980E+13 2.900E+00 1.878E+13 3.000E+00 1.750E+13 3.100E+00 1.609E+13
 3.200E+00 1.484E+13 3.300E+00 1.369E+13 3.400E+00 1.266E+13 3.500E+00 1.171E+13
 3.600E+00 1.081E+13 3.700E+00 1.002E+13 3.800E+00 9.325E+12 3.900E+00 8.714E+12
 4.000E+00 8.169E+12 4.100E+00 7.653E+12 4.200E+00 7.143E+12 4.300E+00 6.653E+12
 4.400E+00 6.197E+12 4.500E+00 5.777E+12 4.600E+00 5.392E+12 4.700E+00 5.050E+12
 4.800E+00 4.742E+12 4.900E+00 4.464E+12 5.000E+00 4.180E+12 5.100E+00 3.896E+12
 5.200E+00 3.650E+12 5.300E+00 3.437E+12 5.400E+00 3.244E+12 5.500E+00 3.069E+12
 5.600E+00 2.898E+12 5.700E+00 2.737E+12 5.800E+00 2.583E+12 5.900E+00 2.431E+12
 6.000E+00 2.264E+12 6.100E+00 2.083E+12 6.200E+00 1.918E+12 6.300E+00 1.723E+12
 6.400E+00 1.561E+12 6.500E+00 1.415E+12 6.600E+00 1.292E+12 6.700E+00 1.188E+12
 6.800E+00 1.113E+12 6.900E+00 1.035E+12 7.000E+00 9.674E+11 7.100E+00 9.057E+11
 7.200E+00 8.453E+11 7.300E+00 7.819E+11 7.400E+00 7.283E+11 7.500E+00 6.765E+11
 7.600E+00 6.280E+11 7.700E+00 5.820E+11 7.800E+00 5.446E+11 7.900E+00 5.092E+11
 8.000E+00 4.756E+11 8.100E+00 4.422E+11 8.200E+00 4.122E+11 8.300E+00 3.842E+11
 8.400E+00 3.590E+11 8.500E+00 3.354E+11 8.600E+00 3.133E+11 8.700E+00 2.926E+11
 8.800E+00 2.732E+11 8.900E+00 2.550E+11 9.000E+00 2.380E+11 9.100E+00 2.221E+11
 9.200E+00 2.072E+11 9.300E+00 1.932E+11 9.400E+00 1.801E+11 9.500E+00 1.679E+11
 9.600E+00 1.565E+11 9.700E+00 1.459E+11 9.800E+00 1.356E+11 9.900E+00 1.261E+11
 1.000E+01 1.172E+11 1.010E+01 1.090E+11 1.020E+01 1.013E+11 1.030E+01 9.434E+10
 1.040E+01 8.787E+10 1.050E+01 8.182E+10 1.060E+01 7.617E+10 1.070E+01 7.089E+10
 1.080E+01 6.606E+10 1.090E+01 6.155E+10 1.100E+01 5.734E+10 1.110E+01 5.341E+10
 1.120E+01 4.975E+10 1.130E+01 4.624E+10 1.140E+01 4.297E+10 1.150E+01 3.993E+10
 1.160E+01 3.709E+10 1.170E+01 3.446E+10 1.180E+01 3.209E+10 1.190E+01 2.988E+10
 1.200E+01 2.780E+10 1.210E+01 2.588E+10 1.220E+01 2.405E+10 1.230E+01 2.238E+10
 1.240E+01 2.082E+10 1.250E+01 1.939E+10 1.260E+01 1.804E+10 1.270E+01 1.680E+10
 1.280E+01 1.563E+10 1.290E+01 1.453E+10 1.300E+01 1.350E+10 1.310E+01 1.254E+10
 1.320E+01 1.165E+10 1.330E+01 1.082E+10 1.340E+01 1.005E+10 1.350E+01 9.342E+09
 1.360E+01 8.680E+09 1.370E+01 8.065E+09 1.380E+01 7.492E+09 1.390E+01 6.958E+09
 1.400E+01 6.462E+09 1.410E+01 6.000E+09 1.420E+01 5.572E+09 1.430E+01 5.174E+09
 1.440E+01 4.805E+09 1.450E+01 4.462E+09 1.460E+01 4.144E+09 1.470E+01 3.848E+09
 1.480E+01 3.573E+09 1.490E+01 3.317E+09 1.500E+01 3.080E+09 1.510E+01 2.859E+09
 1.520E+01 2.654E+09 1.530E+01 2.464E+09 1.540E+01 2.288E+09 1.550E+01 2.124E+09
 1.560E+01 1.972E+09 1.570E+01 1.830E+09 1.580E+01 1.699E+09 1.590E+01 1.577E+09
 1.600E+01 1.464E+09 1.610E+01 1.359E+09 1.620E+01 1.262E+09 1.630E+01 1.171E+09
 1.640E+01 1.087E+09 1.650E+01 1.009E+09 1.660E+01 9.361E+08 1.670E+01 8.688E+08
 1.680E+01 8.063E+08 1.690E+01 7.484E+08 1.700E+01 6.946E+08 1.710E+01 6.446E+08
 1.720E+01 5.983E+08 1.730E+01 5.552E+08 1.740E+01 5.152E+08 1.750E+01 4.781E+08
 1.760E+01 4.436E+08 1.770E+01 4.116E+08 1.780E+01 3.822E+08 1.790E+01 3.550E+08
 1.800E+01 3.302E+08 1.810E+01 3.082E+08 1.820E+01 3.167E+08 1.830E+01 2.940E+08
 1.840E+01 2.729E+08 1.850E+01 2.534E+08 1.860E+01 2.352E+08 1.870E+01 2.184E+08
 1.880E+01 2.028E+08 1.890E+01 1.884E+08 1.900E+01 1.750E+08 1.910E+01 1.625E+08
 1.920E+01 1.509E+08 1.930E+01 1.401E+08 1.940E+01 1.301E+08 1.950E+01 1.207E+08
 1.960E+01 1.121E+08 1.970E+01 1.040E+08 1.980E+01 9.665E+07 1.990E+01 8.979E+07
 2.000E+01 0.000E+00
