   0.1025000E-09      0.7530082E-03
   0.1075000E-09      0.7895266E-03
   0.1125000E-09      0.8261362E-03
   0.1175000E-09      0.8626545E-03
   0.1237500E-09      0.9083024E-03
   0.1312500E-09      0.9631712E-03
   0.1387500E-09      0.1017949E-02
   0.1462500E-09      0.1072726E-02
   0.1550000E-09      0.1136633E-02
   0.1650000E-09      0.1208757E-02
   0.1750000E-09      0.1281794E-02
   0.1850000E-09      0.1354831E-02
   0.1950000E-09      0.1426954E-02
   0.2050000E-09      0.1499991E-02
   0.2150000E-09      0.1572115E-02
   0.2250000E-09      0.1645151E-02
   0.2350000E-09      0.1717275E-02
   0.2475000E-09      0.1807658E-02
   0.2625000E-09      0.1916300E-02
   0.2750000E-09      0.2006683E-02
   0.2900000E-09      0.2114412E-02
   0.3100000E-09      0.2258660E-02
   0.3300000E-09      0.2402907E-02
   0.3500000E-09      0.2546242E-02
   0.3700000E-09      0.2689576E-02
   0.3900000E-09      0.2832911E-02
   0.4125000E-09      0.2993591E-02
   0.4375000E-09      0.3171618E-02
   0.4625000E-09      0.3349645E-02
   0.4875000E-09      0.3526759E-02
   0.5125000E-09      0.3703873E-02
   0.5375000E-09      0.3880987E-02
   0.5625000E-09      0.4057188E-02
   0.5875000E-09      0.4233389E-02
   0.6150000E-09      0.4426936E-02
   0.6450000E-09      0.4637829E-02
   0.6750000E-09      0.4847810E-02
   0.7050000E-09      0.5056878E-02
   0.7400000E-09      0.5300638E-02
   0.7800000E-09      0.5578177E-02
   0.8200000E-09      0.5854803E-02
   0.8600000E-09      0.6131430E-02
   0.9000000E-09      0.6406230E-02
   0.9400000E-09      0.6680118E-02
   0.9800000E-09      0.6953093E-02
   0.1025000E-08      0.7259847E-02
   0.1075000E-08      0.7598554E-02
   0.1125000E-08      0.7936349E-02
   0.1175000E-08      0.8273231E-02
   0.1237500E-08      0.8691365E-02
   0.1312500E-08      0.9193493E-02
   0.1387500E-08      0.9686491E-02
   0.1462500E-08      0.1017949E-01
   0.1550000E-08      0.1075465E-01
   0.1650000E-08      0.1140285E-01
   0.1750000E-08      0.1204192E-01
   0.1850000E-08      0.1268099E-01
   0.1950000E-08      0.1331093E-01
   0.2050000E-08      0.1394088E-01
   0.2150000E-08      0.1456169E-01
   0.2250000E-08      0.1518250E-01
   0.2350000E-08      0.1579418E-01
   0.2475000E-08      0.1655194E-01
   0.2625000E-08      0.1744664E-01
   0.2750000E-08      0.1819527E-01
   0.2900000E-08      0.1907171E-01
   0.3100000E-08      0.2022203E-01
   0.3300000E-08      0.2135410E-01
   0.3500000E-08      0.2247704E-01
   0.3700000E-08      0.2357259E-01
   0.3900000E-08      0.2464988E-01
   0.4125000E-08      0.2583673E-01
   0.4375000E-08      0.2713313E-01
   0.4625000E-08      0.2840214E-01
   0.4875000E-08      0.2964376E-01
   0.5125000E-08      0.3085800E-01
   0.5375000E-08      0.3204484E-01
   0.5625000E-08      0.3320431E-01
   0.5875000E-08      0.3433637E-01
   0.6150000E-08      0.3555061E-01
   0.6450000E-08      0.3684701E-01
   0.6750000E-08      0.3810689E-01
   0.7050000E-08      0.3933026E-01
   0.7400000E-08      0.4070882E-01
   0.7800000E-08      0.4224259E-01
   0.8200000E-08      0.4370333E-01
   0.8600000E-08      0.4511841E-01
   0.9000000E-08      0.4646959E-01
   0.9400000E-08      0.4777512E-01
   0.9800000E-08      0.4902587E-01
   0.1025000E-07      0.5036792E-01
   0.1075000E-07      0.5179214E-01
   0.1125000E-07      0.5313419E-01
   0.1175000E-07      0.5441232E-01
   0.1237500E-07      0.5589132E-01
   0.1312500E-07      0.5754378E-01
   0.1387500E-07      0.5905016E-01
   0.1462500E-07      0.6041959E-01
   0.1550000E-07      0.6184381E-01
   0.1650000E-07      0.6327715E-01
   0.1750000E-07      0.6450965E-01
   0.1850000E-07      0.6554129E-01
   0.1950000E-07      0.6639948E-01
   0.2050000E-07      0.6709333E-01
   0.2150000E-07      0.6763197E-01
   0.2250000E-07      0.6803367E-01
   0.2350000E-07      0.6829843E-01
   0.2475000E-07      0.6843538E-01
   0.2625000E-07      0.6839885E-01
   0.2750000E-07      0.6820713E-01
   0.2900000E-07      0.6774152E-01
   0.3100000E-07      0.6690159E-01
   0.3300000E-07      0.6579691E-01
   0.3500000E-07      0.6447314E-01
   0.3700000E-07      0.6297588E-01
   0.3900000E-07      0.6132343E-01
   0.4125000E-07      0.5932405E-01
   0.4375000E-07      0.5698687E-01
   0.4625000E-07      0.5456753E-01
   0.4875000E-07      0.5210254E-01
   0.5125000E-07      0.4962843E-01
   0.5375000E-07      0.4730951E-01
   0.5625000E-07      0.4517319E-01
   0.5875000E-07      0.4322859E-01
   0.6150000E-07      0.4127486E-01
   0.6450000E-07      0.3933939E-01
   0.6750000E-07      0.3757738E-01
   0.7050000E-07      0.3601621E-01
   0.7400000E-07      0.3448245E-01
   0.7800000E-07      0.3291216E-01
   0.8200000E-07      0.3148794E-01
   0.8600000E-07      0.3019154E-01
   0.9000000E-07      0.2900469E-01
   0.9400000E-07      0.2790914E-01
   0.9800000E-07      0.2690489E-01
   0.1025000E-06      0.2574543E-01
   0.1075000E-06      0.2448555E-01
   0.1125000E-06      0.2333522E-01
   0.1175000E-06      0.2228532E-01
   0.1237500E-06      0.2110760E-01
   0.1312500E-06      0.1982946E-01
   0.1387500E-06      0.1869739E-01
   0.1462500E-06      0.1769314E-01
   0.1550000E-06      0.1664323E-01
   0.1650000E-06      0.1557507E-01
   0.1750000E-06      0.1463473E-01
   0.1850000E-06      0.1380393E-01
   0.1950000E-06      0.1305531E-01
   0.2050000E-06      0.1224277E-01
   0.2150000E-06      0.1137546E-01
   0.2250000E-06      0.1060858E-01
   0.2350000E-06      0.9923859E-02
   0.2475000E-06      0.9166104E-02
   0.2625000E-06      0.8362700E-02
   0.2750000E-06      0.7766538E-02
   0.2900000E-06      0.7143900E-02
   0.3100000E-06      0.6445487E-02
   0.3300000E-06      0.5867584E-02
   0.3500000E-06      0.5370935E-02
   0.3700000E-06      0.4942758E-02
   0.3900000E-06      0.4569358E-02
   0.4125000E-06      0.4206000E-02
   0.4375000E-06      0.3854511E-02
   0.4625000E-06      0.3550496E-02
   0.4875000E-06      0.3284825E-02
   0.5125000E-06      0.3061150E-02
   0.5375000E-06      0.2870342E-02
   0.5625000E-06      0.2700531E-02
   0.5875000E-06      0.2547154E-02
   0.6150000E-06      0.2394690E-02
   0.6450000E-06      0.2246791E-02
   0.6750000E-06      0.2113499E-02
   0.7050000E-06      0.1999379E-02
   0.7400000E-06      0.1888911E-02
   0.7800000E-06      0.1779356E-02
   0.8200000E-06      0.1680757E-02
   0.8600000E-06      0.1592200E-02
   0.9000000E-06      0.1511859E-02
   0.9399999E-06      0.1438823E-02
   0.9800000E-06      0.1372177E-02
   0.1025000E-05      0.1301879E-02
   0.1075000E-05      0.1227929E-02
   0.1125000E-05      0.1161283E-02
   0.1175000E-05      0.1101028E-02
   0.1237500E-05      0.1034382E-02
   0.1312500E-05      0.9622583E-03
   0.1387500E-05      0.8989903E-03
   0.1462500E-05      0.8429346E-03
   0.1550000E-05      0.7853270E-03
   0.1650000E-05      0.7274454E-03
   0.1750000E-05      0.6769588E-03
   0.1850000E-05      0.6324977E-03
   0.1950000E-05      0.5930578E-03
   0.2050000E-05      0.5601001E-03
   0.2150000E-05      0.5324375E-03
   0.2250000E-05      0.5073310E-03
   0.2350000E-05      0.4844158E-03
   0.2475000E-05      0.4585791E-03
   0.2625000E-05      0.4308252E-03
   0.2750000E-05      0.4100097E-03
   0.2900000E-05      0.3876422E-03
   0.3100000E-05      0.3615316E-03
   0.3300000E-05      0.3388902E-03
   0.3500000E-05      0.3189877E-03
   0.3700000E-05      0.3011850E-03
   0.3900000E-05      0.2853908E-03
   0.4125000E-05      0.2694141E-03
   0.4375000E-05      0.2536199E-03
   0.4625000E-05      0.2394690E-03
   0.4875000E-05      0.2267789E-03
   0.5125000E-05      0.2164625E-03
   0.5375000E-05      0.2082458E-03
   0.5625000E-05      0.2006683E-03
   0.5875000E-05      0.1936385E-03
   0.6150000E-05      0.1865174E-03
   0.6450000E-05      0.1793964E-03
   0.6750000E-05      0.1729144E-03
   0.7050000E-05      0.1665236E-03
   0.7400000E-05      0.1593113E-03
   0.7800000E-05      0.1515511E-03
   0.8200001E-05      0.1446126E-03
   0.8600000E-05      0.1383132E-03
   0.8999999E-05      0.1325616E-03
   0.9400001E-05      0.1273577E-03
   0.9800000E-05      0.1227016E-03
   0.1025000E-04      0.1188672E-03
   0.1075000E-04      0.1196889E-03
   0.1125000E-04      0.1249840E-03
   0.1175000E-04      0.1209670E-03
   0.1237500E-04      0.1164022E-03
   0.1312500E-04      0.1113809E-03
   0.1387500E-04      0.1058119E-03
   0.1462500E-04      0.9129585E-04
   0.1550000E-04      0.8705973E-04
   0.1650000E-04      0.8301531E-04
   0.1750000E-04      0.7943653E-04
   0.1850000E-04      0.7621378E-04
   0.1950000E-04      0.7330145E-04
   0.2050000E-04      0.7043475E-04
   0.2150000E-04      0.6761371E-04
   0.2250000E-04      0.6502091E-04
   0.2350000E-04      0.6264722E-04
   0.2475000E-04      0.5993573E-04
   0.2625000E-04      0.5699600E-04
   0.2750000E-04      0.5475925E-04
   0.2900000E-04      0.5233992E-04
   0.3100000E-04      0.4950974E-04
   0.3300000E-04      0.4705388E-04
   0.3500000E-04      0.4485366E-04
   0.3700000E-04      0.4288166E-04
   0.3900000E-04      0.4108313E-04
   0.4125000E-04      0.3926635E-04
   0.4375000E-04      0.3743130E-04
   0.4625000E-04      0.3577885E-04
   0.4875000E-04      0.3429072E-04
   0.5125000E-04      0.3282086E-04
   0.5375000E-04      0.3125057E-04
   0.5625000E-04      0.3003634E-04
   0.5875000E-04      0.2883123E-04
   0.6150000E-04      0.2761700E-04
   0.6450000E-04      0.2641189E-04
   0.6750000E-04      0.2534373E-04
   0.7050000E-04      0.2434861E-04
   0.7400000E-04      0.2330783E-04
   0.7800000E-04      0.2223054E-04
   0.8200000E-04      0.2126281E-04
   0.8600000E-04      0.2036810E-04
   0.9000000E-04      0.1956470E-04
   0.9400000E-04      0.1882521E-04
   0.9800000E-04      0.1812223E-04
   0.1025000E-03      0.1741012E-04
   0.1075000E-03      0.1669801E-04
   0.1125000E-03      0.1604068E-04
   0.1175000E-03      0.1543813E-04
   0.1237500E-03      0.1476254E-04
   0.1312500E-03      0.1401391E-04
   0.1387500E-03      0.1333833E-04
   0.1462500E-03      0.1271751E-04
   0.1550000E-03      0.1208757E-04
   0.1650000E-03      0.1143937E-04
   0.1750000E-03      0.1085508E-04
   0.1850000E-03      0.1034382E-04
   0.1950000E-03      0.9905601E-05
   0.2050000E-03      0.9540418E-05
   0.2150000E-03      0.9257399E-05
   0.2250000E-03      0.9001772E-05
   0.2350000E-03      0.8755272E-05
   0.2475000E-03      0.8474994E-05
   0.2625000E-03      0.8164588E-05
   0.2750000E-03      0.7947304E-05
   0.2900000E-03      0.7698066E-05
   0.3100000E-03      0.7300931E-05
   0.3300000E-03      0.6872752E-05
   0.3500000E-03      0.6493874E-05
   0.3700000E-03      0.6167035E-05
   0.3900000E-03      0.6112257E-05
   0.4125000E-03      0.6287546E-05
   0.4375000E-03      0.6041960E-05
   0.4625000E-03      0.5764421E-05
   0.4875000E-03      0.5495097E-05
   0.5125000E-03      0.5125349E-05
   0.5375000E-03      0.4537404E-05
   0.5625000E-03      0.4412329E-05
   0.5875000E-03      0.4245258E-05
   0.6150000E-03      0.4080012E-05
   0.6450000E-03      0.3912940E-05
   0.6750000E-03      0.3942155E-05
   0.7050000E-03      0.3430898E-05
   0.7400000E-03      0.3671919E-05
   0.7800000E-03      0.3492979E-05
   0.8200000E-03      0.3366991E-05
   0.8600000E-03      0.3216353E-05
   0.9000000E-03      0.3062976E-05
   0.9400000E-03      0.2606497E-05
   0.9800000E-03      0.2493290E-05
   0.1025000E-02      0.2401994E-05
   0.1075000E-02      0.2290613E-05
   0.1125000E-02      0.2185623E-05
   0.1175000E-02      0.2091588E-05
   0.1237500E-02      0.2002118E-05
   0.1312500E-02      0.1837785E-05
   0.1387500E-02      0.1898954E-05
   0.1462500E-02      0.1810397E-05
   0.1550000E-02      0.1710884E-05
   0.1650000E-02      0.1604068E-05
   0.1750000E-02      0.1516424E-05
   0.1850000E-02      0.1384045E-05
   0.1950000E-02      0.1325616E-05
   0.2050000E-02      0.1265361E-05
   0.2150000E-02      0.1215148E-05
   0.2250000E-02      0.1176804E-05
   0.2350000E-02      0.1140285E-05
   0.2475000E-02      0.1081856E-05
   0.2625000E-02      0.1033469E-05
   0.2750000E-02      0.9951248E-06
   0.2900000E-02      0.9321307E-06
   0.3100000E-02      0.8508774E-06
   0.3300000E-02      0.8209323E-06
   0.3500000E-02      0.7806709E-06
   0.3700000E-02      0.7525517E-06
   0.3900000E-02      0.7287235E-06
   0.4125000E-02      0.7147553E-06
   0.4375000E-02      0.6811584E-06
   0.4625000E-02      0.6556868E-06
   0.4875000E-02      0.6318586E-06
   0.5125000E-02      0.6190772E-06
   0.5375000E-02      0.5993573E-06
   0.5625000E-02      0.5859368E-06
   0.5875000E-02      0.5671299E-06
   0.6150000E-02      0.5439406E-06
   0.6450000E-02      0.5254989E-06
   0.6750000E-02      0.5104351E-06
   0.7050000E-02      0.4972886E-06
   0.7400000E-02      0.4877024E-06
   0.7800000E-02      0.4812205E-06
   0.8200000E-02      0.4657001E-06
   0.8600000E-02      0.4563880E-06
   0.9000000E-02      0.4476236E-06
   0.9400001E-02      0.4409590E-06
   0.9800000E-02      0.4314643E-06
   0.1025000E-01      0.4321946E-06
   0.1075000E-01      0.4287253E-06
   0.1125000E-01      0.4282688E-06
   0.1175000E-01      0.4278124E-06
   0.1237500E-01      0.4321946E-06
   0.1312500E-01      0.4274472E-06
   0.1387500E-01      0.4248909E-06
   0.1462500E-01      0.4228824E-06
   0.1550000E-01      0.4137528E-06
   0.1650000E-01      0.4101923E-06
   0.1750000E-01      0.4088228E-06
   0.1850000E-01      0.4052623E-06
   0.1950000E-01      0.4012453E-06
   0.2050000E-01      0.4055362E-06
   0.2150000E-01      0.4095532E-06
   0.2250000E-01      0.4129312E-06
   0.2350000E-01      0.4177698E-06
   0.2475000E-01      0.4219694E-06
   0.2625000E-01      0.4232476E-06
   0.2750000E-01      0.4271733E-06
   0.2900000E-01      0.4304600E-06
   0.3100000E-01      0.4393156E-06
   0.3300000E-01      0.4536491E-06
   0.3500000E-01      0.4689868E-06
   0.3700000E-01      0.4800336E-06
   0.3900000E-01      0.4919934E-06
   0.4125000E-01      0.5066007E-06
   0.4375000E-01      0.5213907E-06
   0.4625000E-01      0.5359067E-06
   0.4875000E-01      0.5505140E-06
   0.5125000E-01      0.5670385E-06
   0.5375000E-01      0.5817371E-06
   0.5625000E-01      0.5964358E-06
   0.5875000E-01      0.6104954E-06
   0.6150000E-01      0.6246462E-06
   0.6450000E-01      0.6405317E-06
   0.6750000E-01      0.6573301E-06
   0.7050000E-01      0.6726679E-06
   0.7400000E-01      0.6875491E-06
   0.7799999E-01      0.7024303E-06
   0.8200000E-01      0.7183158E-06
   0.8600000E-01      0.7336535E-06
   0.9000000E-01      0.7482608E-06
   0.9400000E-01      0.7626855E-06
   0.9800000E-01      0.7790275E-06
   0.1025000          0.7855096E-06
   0.1075000          0.7845053E-06
   0.1125000          0.7835010E-06
   0.1175000          0.7826794E-06
   0.1237500          0.7821316E-06
   0.1312500          0.7815838E-06
   0.1387500          0.7811273E-06
   0.1462500          0.7808534E-06
   0.1550000          0.7805796E-06
   0.1650000          0.7804883E-06
   0.1750000          0.7803969E-06
   0.1850000          0.7803057E-06
   0.1950000          0.7802143E-06
   0.2050000          0.7730933E-06
   0.2150000          0.7597641E-06
   0.2250000          0.7473478E-06
   0.2350000          0.7357533E-06
   0.2475000          0.7221502E-06
   0.2625000          0.7070864E-06
   0.2750000          0.6954918E-06
   0.2900000          0.6827105E-06
   0.3100000          0.6643600E-06
   0.3300000          0.6452790E-06
   0.3500000          0.6282069E-06
   0.3700000          0.6126865E-06
   0.3900000          0.5984443E-06
   0.4125000          0.5837457E-06
   0.4375000          0.5686820E-06
   0.4625000          0.5549875E-06
   0.4875000          0.5424799E-06
   0.5125000          0.5275987E-06
   0.5375000          0.5104351E-06
   0.5625000          0.4945497E-06
   0.5875000          0.4798510E-06
   0.6150000          0.4646960E-06
   0.6450000          0.4492669E-06
   0.6750000          0.4343857E-06
   0.7050000          0.4195958E-06
   0.7400000          0.4023408E-06
   0.7800000          0.3838078E-06
   0.8200000          0.3670093E-06
   0.8600000          0.3517630E-06
   0.9000000          0.3379773E-06
   0.9400000          0.3255610E-06
   0.9800000          0.3141490E-06
    1.050000          0.2932423E-06
    1.150000          0.2654884E-06
    1.250000          0.2419340E-06
    1.350000          0.2218489E-06
    1.450000          0.2045940E-06
    1.550000          0.1901693E-06
    1.650000          0.1781182E-06
    1.750000          0.1676192E-06
    1.850000          0.1584896E-06
    1.950000          0.1502730E-06
    2.050000          0.1413260E-06
    2.150000          0.1317399E-06
    2.250000          0.1231581E-06
    2.350000          0.1155805E-06
    2.450000          0.1086421E-06
    2.550000          0.1024340E-06
    2.650000          0.9677360E-07
    2.750000          0.9156974E-07
    2.850000          0.8686801E-07
    2.950000          0.8255885E-07
    3.050000          0.7797579E-07
    3.150000          0.7320102E-07
    3.250000          0.6885533E-07
    3.350000          0.6481093E-07
    3.450000          0.6107692E-07
    3.550000          0.5760769E-07
    3.650000          0.5439408E-07
    3.750000          0.5140870E-07
    3.850000          0.4866069E-07
    3.950000          0.4612266E-07
    4.050000          0.4359377E-07
    4.150000          0.4106488E-07
    4.250000          0.3875509E-07
    4.350000          0.3661877E-07
    4.450000          0.3464678E-07
    4.550000          0.3282086E-07
    4.650000          0.3114102E-07
    4.750000          0.2957985E-07
    4.850000          0.2810999E-07
    4.950000          0.2674968E-07
    5.050000          0.2538025E-07
    5.150000          0.2400168E-07
    5.250000          0.2274180E-07
    5.350000          0.2156408E-07
    5.450000          0.2047766E-07
    5.550000          0.1947341E-07
    5.650000          0.1856045E-07
    5.750000          0.1771140E-07
    5.850000          0.1692625E-07
    5.950000          0.1619588E-07
    6.050000          0.1502730E-07
    6.150000          0.1352092E-07
    6.250000          0.1218800E-07
    6.350000          0.1108332E-07
    6.450000          0.1006993E-07
    6.550000          0.9166103E-08
    6.650000          0.8345354E-08
    6.750000          0.7596729E-08
    6.850000          0.6891924E-08
    6.950000          0.6272026E-08
    7.050000          0.5709643E-08
    7.150000          0.5203864E-08
    7.250000          0.4752862E-08
    7.350000          0.4356639E-08
    7.450000          0.3991455E-08
    7.550000          0.3664615E-08
    7.650000          0.3368817E-08
    7.750000          0.3102233E-08
    7.850000          0.2853909E-08
    7.950000          0.2628408E-08
    8.050000          0.2433035E-08
    8.150000          0.2265963E-08
    8.250000          0.2110760E-08
    8.350000          0.1968339E-08
    8.450000          0.1835047E-08
    8.550000          0.1712710E-08
    8.650000          0.1599503E-08
    8.750000          0.1495426E-08
    8.850000          0.1398653E-08
    8.950000          0.1309183E-08
    9.050000          0.1222452E-08
    9.150000          0.1137546E-08
    9.250000          0.1058119E-08
    9.350000          0.9841693E-09
    9.450000          0.9156974E-09
    9.550000          0.8520643E-09
    9.650000          0.7926307E-09
    9.750000          0.7373054E-09
    9.850000          0.6860883E-09
    9.950000          0.6384319E-09
    10.05000          0.5939709E-09
    10.15000          0.5527051E-09
    10.25000          0.5142696E-09
    10.35000          0.4782077E-09
    10.45000          0.4447021E-09
    10.55000          0.4134789E-09
    10.65000          0.3844468E-09
    10.75000          0.3574233E-09
    10.85000          0.3322256E-09
    10.95000          0.3088539E-09
    11.05000          0.2870341E-09
    11.15000          0.2667665E-09
    11.25000          0.2479595E-09
    11.35000          0.2305220E-09
    11.45000          0.2143627E-09
    11.55000          0.1992989E-09
    11.65000          0.1852393E-09
    11.75000          0.1722753E-09
    11.85000          0.1600416E-09
    11.95000          0.1487209E-09
    12.05000          0.1382219E-09
    12.15000          0.1284533E-09
    12.25000          0.1193237E-09
    12.35000          0.1109245E-09
    12.45000          0.1030730E-09
    12.55000          0.9576936E-10
    12.65000          0.8902260E-10
    12.75000          0.8268665E-10
    12.85000          0.7678894E-10
    12.95000          0.7132945E-10
    13.05000          0.6627166E-10
    13.15000          0.6156992E-10
    13.25000          0.5720598E-10
    13.35000          0.5315245E-10
    13.45000          0.4938193E-10
    13.55000          0.4585791E-10
    13.65000          0.4257125E-10
    13.75000          0.3952197E-10
    13.85000          0.3668267E-10
    13.95000          0.3406249E-10
    14.05000          0.3163401E-10
    14.15000          0.2937901E-10
    14.25000          0.2728833E-10
    14.35000          0.2533460E-10
    14.45000          0.2352694E-10
    14.55000          0.2183797E-10
    14.65000          0.2027681E-10
    14.75000          0.1881608E-10
    14.85000          0.1747403E-10
    14.95000          0.1622327E-10
    15.05000          0.1506382E-10
    15.15000          0.1398653E-10
    15.25000          0.1299140E-10
    15.35000          0.1206018E-10
    15.45000          0.1119287E-10
    15.55000          0.1038947E-10
    15.65000          0.9640843E-11
    15.75000          0.8946994E-11
    15.85000          0.8304271E-11
    15.95000          0.7706284E-11
    16.05000          0.7151205E-11
    16.15000          0.6635383E-11
    16.25000          0.6156080E-11
    16.35000          0.5715121E-11
    16.45000          0.5305202E-11
    16.55000          0.4924499E-11
    16.65000          0.4571184E-11
    16.75000          0.4242519E-11
    16.85000          0.3936677E-11
    16.95000          0.3652747E-11
    17.05000          0.3388902E-11
    17.15000          0.3143316E-11
    17.25000          0.2915990E-11
    17.35000          0.2706009E-11
    17.45000          0.2511549E-11
    17.55000          0.2330783E-11
    17.65000          0.2162799E-11
    17.75000          0.2007596E-11
    17.85000          0.1863348E-11
    17.95000          0.1729144E-11
    18.05000          0.1000000E-29
    18.15000          0.1000000E-29
    18.25000          0.1000000E-29
    18.35000          0.1000000E-29
    18.45000          0.1000000E-29
    18.55000          0.1000000E-29
    18.65000          0.1000000E-29
    18.75000          0.1000000E-29
    18.85000          0.1000000E-29
    18.95000          0.1000000E-29
    19.05000          0.1000000E-29
    19.15000          0.1000000E-29
    19.25000          0.1000000E-29
    19.35000          0.1000000E-29
    19.45000          0.1000000E-29
    19.55000          0.1000000E-29
    19.65000          0.1000000E-29
    19.75000          0.1000000E-29
    19.85000          0.1000000E-29
    19.95000          0.1000000E-29
