    19.95000          0.1076383E-11
    19.85000          0.1160262E-11
    19.75000          0.1250730E-11
    19.65000          0.1348223E-11
    19.55000          0.1453183E-11
    19.45000          0.1566486E-11
    19.35000          0.1688573E-11
    19.25000          0.1820321E-11
    19.15000          0.1962170E-11
    19.05000          0.2114559E-11
    18.95000          0.2279244E-11
    18.85000          0.2456665E-11
    18.75000          0.2648139E-11
    18.65000          0.2854105E-11
    18.55000          0.3075881E-11
    18.45000          0.3315224E-11
    18.35000          0.3573011E-11
    18.25000          0.3851000E-11
    18.15000          0.4150068E-11
    18.05000          0.4470656E-11
    17.95000          0.4821984E-11
    17.85000          0.5195270E-11
    17.75000          0.5599299E-11
    17.65000          0.6034067E-11
    17.55000          0.6499578E-11
    17.45000          0.7004612E-11
    17.35000          0.7549171E-11
    17.25000          0.8133254E-11
    17.15000          0.8765647E-11
    17.05000          0.9446346E-11
    16.95000          0.1017535E-10
    16.85000          0.1096584E-10
    16.75000          0.1181342E-10
    16.65000          0.1273127E-10
    16.55000          0.1371499E-10
    16.45000          0.1477776E-10
    16.35000          0.1592396E-10
    16.25000          0.1715362E-10
    16.15000          0.1847988E-10
    16.05000          0.1991154E-10
    15.95000          0.2144861E-10
    15.85000          0.2310863E-10
    15.75000          0.2489163E-10
    15.65000          0.2681515E-10
    15.55000          0.2888799E-10
    15.45000          0.3111892E-10
    15.35000          0.3352113E-10
    15.25000          0.3610779E-10
    15.15000          0.3889207E-10
    15.05000          0.4189153E-10
    14.95000          0.4510180E-10
    14.85000          0.4861508E-10
    14.75000          0.5234795E-10
    14.65000          0.5638823E-10
    14.55000          0.6073592E-10
    14.45000          0.6539103E-10
    14.35000          0.7039746E-10
    14.25000          0.7584305E-10
    14.15000          0.8168388E-10
    14.05000          0.8796389E-10
    13.95000          0.9468303E-10
    13.85000          0.1019731E-09
    13.75000          0.1097902E-09
    13.65000          0.1182221E-09
    13.55000          0.1273127E-09
    13.45000          0.1370620E-09
    13.35000          0.1475580E-09
    13.25000          0.1581857E-09
    13.15000          0.1652562E-09
    13.05000          0.1690330E-09
    12.95000          0.1729415E-09
    12.85000          0.1769817E-09
    12.75000          0.1811099E-09
    12.65000          0.1854136E-09
    12.55000          0.1898492E-09
    12.45000          0.1944164E-09
    12.35000          0.1991154E-09
    12.25000          0.2039901E-09
    12.15000          0.2089966E-09
    12.05000          0.2141787E-09
    11.95000          0.2195803E-09
    11.85000          0.2251138E-09
    11.75000          0.2308668E-09
    11.65000          0.2367954E-09
    11.55000          0.2429437E-09
    11.45000          0.2492676E-09
    11.35000          0.2558550E-09
    11.25000          0.2626620E-09
    11.15000          0.2697325E-09
    11.05000          0.2770225E-09
    10.95000          0.2846201E-09
    10.85000          0.2924810E-09
    10.75000          0.3006494E-09
    10.65000          0.3090813E-09
    10.55000          0.3178645E-09
    10.45000          0.3269990E-09
    10.35000          0.3364849E-09
    10.25000          0.3463221E-09
    10.15000          0.3565545E-09
    10.05000          0.3671823E-09
    9.950000          0.3782491E-09
    9.850000          0.3897990E-09
    9.750000          0.4017881E-09
    9.650000          0.4142602E-09
    9.550000          0.4272594E-09
    9.450000          0.4409173E-09
    9.350000          0.4549705E-09
    9.250000          0.4699019E-09
    9.150000          0.4852725E-09
    9.050000          0.5010823E-09
    8.950000          0.5182096E-09
    8.850000          0.5357760E-09
    8.750000          0.5542208E-09
    8.650000          0.5731047E-09
    8.550000          0.5933060E-09
    8.450000          0.6143858E-09
    8.350000          0.6367830E-09
    8.250000          0.6596193E-09
    8.150000          0.6842122E-09
    8.050000          0.7096836E-09
    7.950000          0.7364724E-09
    7.850000          0.7645788E-09
    7.750000          0.7944416E-09
    7.650000          0.8256222E-09
    7.550000          0.8585592E-09
    7.450000          0.8932529E-09
    7.350000          0.9297031E-09
    7.250000          0.9683493E-09
    7.150000          0.1009191E-08
    7.050000          0.1052229E-08
    6.950000          0.1097902E-08
    6.850000          0.1146209E-08
    6.750000          0.1197591E-08
    6.650000          0.1251608E-08
    6.550000          0.1309138E-08
    6.450000          0.1370620E-08
    6.350000          0.1435616E-08
    6.250000          0.1505004E-08
    6.150000          0.1578782E-08
    6.050000          0.1657392E-08
    5.950000          0.1741711E-08
    5.850000          0.1831300E-08
    5.750000          0.1927915E-08
    5.650000          0.2029361E-08
    5.550000          0.2129051E-08
    5.450000          0.2227862E-08
    5.350000          0.2333260E-08
    5.250000          0.2445686E-08
    5.150000          0.2565577E-08
    5.050000          0.2694251E-08
    4.950000          0.2832147E-08
    4.850000          0.2979705E-08
    4.750000          0.3138682E-08
    4.650000          0.3309954E-08
    4.550000          0.3486935E-08
    4.450000          0.3663039E-08
    4.350000          0.3844852E-08
    4.250000          0.4040278E-08
    4.150000          0.4251075E-08
    4.050000          0.4479439E-08
    3.950000          0.4720977E-08
    3.850000          0.4988865E-08
    3.750000          0.5274320E-08
    3.650000          0.5594907E-08
    3.550000          0.5955019E-08
    3.450000          0.6354655E-08
    3.350000          0.6793815E-08
    3.250000          0.7281284E-08
    3.150000          0.7817060E-08
    3.050000          0.8414318E-08
    2.950000          0.9077451E-08
    2.850000          0.9815241E-08
    2.750000          0.1065404E-07
    2.650000          0.1160702E-07
    2.550000          0.1269614E-07
    2.450000          0.1386430E-07
    2.350000          0.1472945E-07
    2.250000          0.1527840E-07
    2.150000          0.1588005E-07
    2.050000          0.1685499E-07
    1.950000          0.1828226E-07
    1.850000          0.1991155E-07
    1.750000          0.2178676E-07
    1.650000          0.2382007E-07
    1.550000          0.2597635E-07
    1.450000          0.2835660E-07
    1.350000          0.3035040E-07
    1.250000          0.3344208E-07
    1.150000          0.3737257E-07
    1.050000          0.4070580E-07
   0.9800000          0.4383702E-07
   0.9400000          0.4633145E-07
   0.9000000          0.4975691E-07
   0.8600000          0.5493900E-07
   0.8200000          0.6077984E-07
   0.7800000          0.6622543E-07
   0.7400000          0.7175885E-07
   0.7050000          0.7606263E-07
   0.6750000          0.7904892E-07
   0.6450000          0.8238653E-07
   0.6150000          0.8585590E-07
   0.5875000          0.8906178E-07
   0.5625000          0.9239940E-07
   0.5375000          0.9617619E-07
   0.5125000          0.9964557E-07
   0.4875000          0.1025001E-06
   0.4625000          0.1050033E-06
   0.4375000          0.1076383E-06
   0.4125000          0.1112833E-06
   0.3900000          0.1156749E-06
   0.3700000          0.1201983E-06
   0.3500000          0.1248095E-06
   0.3300000          0.1295524E-06
   0.3100000          0.1348223E-06
   0.2900000          0.1405314E-06
   0.2750000          0.1451426E-06
   0.2625000          0.1493147E-06
   0.2475000          0.1548041E-06
   0.2350000          0.1597667E-06
   0.2250000          0.1640704E-06
   0.2150000          0.1686816E-06
   0.2050000          0.1736441E-06
   0.1950000          0.1790458E-06
   0.1850000          0.1848866E-06
   0.1750000          0.1912984E-06
   0.1650000          0.1984128E-06
   0.1550000          0.2063177E-06
   0.1462500          0.2139591E-06
   0.1387500          0.2212491E-06
   0.1312500          0.2295493E-06
   0.1237500          0.2387717E-06
   0.1175000          0.2472035E-06
   0.1125000          0.2547132E-06
   0.1075000          0.2630572E-06
   0.1025000          0.2721479E-06
   0.9800000E-01      0.2809749E-06
   0.9400000E-01      0.2894069E-06
   0.9000000E-01      0.2986293E-06
   0.8600000E-01      0.3086421E-06
   0.8200000E-01      0.3195333E-06
   0.7799999E-01      0.3313907E-06
   0.7400000E-01      0.3444777E-06
   0.7050000E-01      0.3572572E-06
   0.6750000E-01      0.3694219E-06
   0.6450000E-01      0.3826846E-06
   0.6150000E-01      0.3971330E-06
   0.5875000E-01      0.4115374E-06
   0.5625000E-01      0.4257224E-06
   0.5375000E-01      0.4413565E-06
   0.5125000E-01      0.4580446E-06
   0.4875000E-01      0.4773677E-06
   0.4625000E-01      0.4988865E-06
   0.4375000E-01      0.5234795E-06
   0.4125000E-01      0.5511466E-06
   0.3900000E-01      0.5783746E-06
   0.3700000E-01      0.6056026E-06
   0.3500000E-01      0.6350263E-06
   0.3300000E-01      0.6675241E-06
   0.3100000E-01      0.7044137E-06
   0.2900000E-01      0.7456948E-06
   0.2750000E-01      0.7808277E-06
   0.2625000E-01      0.8150823E-06
   0.2475000E-01      0.8616332E-06
   0.2350000E-01      0.9042318E-06
   0.2250000E-01      0.9419996E-06
   0.2150000E-01      0.9828417E-06
   0.2050000E-01      0.1027636E-05
   0.1950000E-01      0.1075944E-05
   0.1850000E-01      0.1129521E-05
   0.1750000E-01      0.1189247E-05
   0.1650000E-01      0.1255560E-05
   0.1550000E-01      0.1330218E-05
   0.1462500E-01      0.1404875E-05
   0.1387500E-01      0.1478215E-05
   0.1312500E-01      0.1559899E-05
   0.1237500E-01      0.1651244E-05
   0.1175000E-01      0.1736002E-05
   0.1125000E-01      0.1810220E-05
   0.1075000E-01      0.1890587E-05
   0.1025000E-01      0.1978419E-05
   0.9800000E-02      0.2064494E-05
   0.9400001E-02      0.2147935E-05
   0.9000000E-02      0.2238402E-05
   0.8600000E-02      0.2339409E-05
   0.8200000E-02      0.2453151E-05
   0.7800000E-02      0.2579191E-05
   0.7400000E-02      0.2717087E-05
   0.7050000E-02      0.2851909E-05
   0.6750000E-02      0.2980144E-05
   0.6450000E-02      0.3121115E-05
   0.6150000E-02      0.3275699E-05
   0.5875000E-02      0.3431601E-05
   0.5625000E-02      0.3586186E-05
   0.5375000E-02      0.3756141E-05
   0.5125000E-02      0.3941467E-05
   0.4875000E-02      0.4141285E-05
   0.4625000E-02      0.4353400E-05
   0.4375000E-02      0.4589228E-05
   0.4125000E-02      0.4848334E-05
   0.3900000E-02      0.5111830E-05
   0.3700000E-02      0.5388501E-05
   0.3500000E-02      0.5704697E-05
   0.3300000E-02      0.6060417E-05
   0.3100000E-02      0.6446879E-05
   0.2900000E-02      0.6881648E-05
   0.2750000E-02      0.7303241E-05
   0.2625000E-02      0.7601870E-05
   0.2475000E-02      0.8071774E-05
   0.2350000E-02      0.8493367E-05
   0.2250000E-02      0.8871045E-05
   0.2150000E-02      0.9288248E-05
   0.2050000E-02      0.9749367E-05
   0.1950000E-02      0.1024123E-04
   0.1850000E-02      0.1079457E-04
   0.1750000E-02      0.1142696E-04
   0.1650000E-02      0.1212083E-04
   0.1550000E-02      0.1290254E-04
   0.1462500E-02      0.1368864E-04
   0.1387500E-02      0.1445717E-04
   0.1312500E-02      0.1530036E-04
   0.1237500E-02      0.1622699E-04
   0.1175000E-02      0.1707896E-04
   0.1125000E-02      0.1782992E-04
   0.1075000E-02      0.1865116E-04
   0.1025000E-02      0.1956900E-04
   0.9800000E-03      0.2049563E-04
   0.9400000E-03      0.2139151E-04
   0.9000000E-03      0.2236645E-04
   0.8600000E-03      0.2343801E-04
   0.8200000E-03      0.2458860E-04
   0.7800000E-03      0.2582704E-04
   0.7400000E-03      0.2716209E-04
   0.7050000E-03      0.2844883E-04
   0.6750000E-03      0.2968726E-04
   0.6450000E-03      0.3111453E-04
   0.6150000E-03      0.3271308E-04
   0.5875000E-03      0.3434236E-04
   0.5625000E-03      0.3597605E-04
   0.5375000E-03      0.3777221E-04
   0.5125000E-03      0.3974405E-04
   0.4875000E-03      0.4193106E-04
   0.4625000E-03      0.4435523E-04
   0.4375000E-03      0.4707802E-04
   0.4125000E-03      0.4988865E-04
   0.3900000E-03      0.5252362E-04
   0.3700000E-03      0.5515858E-04
   0.3500000E-03      0.5810096E-04
   0.3300000E-03      0.6135074E-04
   0.3100000E-03      0.6499577E-04
   0.2900000E-03      0.6938739E-04
   0.2750000E-03      0.7312025E-04
   0.2625000E-03      0.7667745E-04
   0.2475000E-03      0.8128864E-04
   0.2350000E-03      0.8563633E-04
   0.2250000E-03      0.8945704E-04
   0.2150000E-03      0.9354122E-04
   0.2050000E-03      0.9797674E-04
   0.1950000E-03      0.1029393E-03
   0.1850000E-03      0.1087362E-03
   0.1750000E-03      0.1154554E-03
   0.1650000E-03      0.1230089E-03
   0.1550000E-03      0.1313530E-03
   0.1462500E-03      0.1390822E-03
   0.1387500E-03      0.1461088E-03
   0.1312500E-03      0.1539258E-03
   0.1237500E-03      0.1626651E-03
   0.1175000E-03      0.1710531E-03
   0.1125000E-03      0.1786945E-03
   0.1075000E-03      0.1869946E-03
   0.1025000E-03      0.1962609E-03
   0.9800000E-04      0.2053076E-03
   0.9400000E-04      0.2139591E-03
   0.9000000E-04      0.2236645E-03
   0.8600000E-04      0.2337652E-03
   0.8200000E-04      0.2450956E-03
   0.7800000E-04      0.2580947E-03
   0.7400000E-04      0.2721040E-03
   0.7050000E-04      0.2857619E-03
   0.6750000E-04      0.2983218E-03
   0.6450000E-04      0.3125067E-03
   0.6150000E-04      0.3282726E-03
   0.5875000E-04      0.3432919E-03
   0.5625000E-04      0.3586625E-03
   0.5375000E-04      0.3754824E-03
   0.5125000E-04      0.3939271E-03
   0.4875000E-04      0.4139968E-03
   0.4625000E-04      0.4367014E-03
   0.4375000E-04      0.4611187E-03
   0.4125000E-04      0.4896641E-03
   0.3900000E-04      0.5182096E-03
   0.3700000E-04      0.5458767E-03
   0.3500000E-04      0.5770571E-03
   0.3300000E-04      0.6126292E-03
   0.3100000E-04      0.6521536E-03
   0.2900000E-04      0.6978262E-03
   0.2750000E-04      0.7360333E-03
   0.2625000E-04      0.7716053E-03
   0.2475000E-04      0.8185954E-03
   0.2350000E-04      0.8620724E-03
   0.2250000E-04      0.9007186E-03
   0.2150000E-04      0.9441954E-03
   0.2050000E-04      0.9894290E-03
   0.1950000E-04      0.1039932E-02
   0.1850000E-04      0.1096584E-02
   0.1750000E-04      0.1160263E-02
   0.1650000E-04      0.1230089E-02
   0.1550000E-04      0.1310455E-02
   0.1462500E-04      0.1388626E-02
   0.1387500E-04      0.1464601E-02
   0.1312500E-04      0.1549359E-02
   0.1237500E-04      0.1643778E-02
   0.1175000E-04      0.1731171E-02
   0.1125000E-04      0.1809781E-02
   0.1075000E-04      0.1895857E-02
   0.1025000E-04      0.1987641E-02
   0.9800000E-05      0.2079865E-02
   0.9400001E-05      0.2167697E-02
   0.8999999E-05      0.2266069E-02
   0.8600000E-05      0.2372346E-02
   0.8200001E-05      0.2488724E-02
   0.7800000E-05      0.2617837E-02
   0.7400000E-05      0.2758807E-02
   0.7050000E-05      0.2894508E-02
   0.6750000E-05      0.3023621E-02
   0.6450000E-05      0.3165909E-02
   0.6150000E-05      0.3320494E-02
   0.5875000E-05      0.3478592E-02
   0.5625000E-05      0.3634493E-02
   0.5375000E-05      0.3802692E-02
   0.5125000E-05      0.3995923E-02
   0.4875000E-05      0.4197497E-02
   0.4625000E-05      0.4426739E-02
   0.4375000E-05      0.4685845E-02
   0.4125000E-05      0.4971298E-02
   0.3900000E-05      0.5252362E-02
   0.3700000E-05      0.5537816E-02
   0.3500000E-05      0.5858403E-02
   0.3300000E-05      0.6218516E-02
   0.3100000E-05      0.6701592E-02
   0.2900000E-05      0.7285675E-02
   0.2750000E-05      0.7724836E-02
   0.2625000E-05      0.8115689E-02
   0.2475000E-05      0.8629506E-02
   0.2350000E-05      0.9090626E-02
   0.2250000E-05      0.9485870E-02
   0.2150000E-05      0.9973339E-02
   0.2050000E-05      0.1059256E-01
   0.1950000E-05      0.1121177E-01
   0.1850000E-05      0.1185734E-01
   0.1750000E-05      0.1259513E-01
   0.1650000E-05      0.1339440E-01
   0.1550000E-05      0.1434738E-01
   0.1462500E-05      0.1532232E-01
   0.1387500E-05      0.1620942E-01
   0.1312500E-05      0.1718875E-01
   0.1237500E-05      0.1833496E-01
   0.1175000E-05      0.1940212E-01
   0.1125000E-05      0.2034192E-01
   0.1075000E-05      0.2138712E-01
   0.1025000E-05      0.2255969E-01
   0.9800000E-06      0.2371907E-01
   0.9399999E-06      0.2486967E-01
   0.9000000E-06      0.2613006E-01
   0.8600000E-06      0.2751781E-01
   0.8200000E-06      0.2905926E-01
   0.7800000E-06      0.3078516E-01
   0.7400000E-06      0.3271747E-01
   0.7050000E-06      0.3461025E-01
   0.6750000E-06      0.3640642E-01
   0.6450000E-06      0.3835629E-01
   0.6150000E-06      0.4052136E-01
   0.5875000E-06      0.4273473E-01
   0.5625000E-06      0.4492614E-01
   0.5375000E-06      0.4729760E-01
   0.5125000E-06      0.4993256E-01
   0.4875000E-06      0.5287495E-01
   0.4625000E-06      0.5612473E-01
   0.4375000E-06      0.5972585E-01
   0.4125000E-06      0.6376613E-01
   0.3900000E-06      0.6789424E-01
   0.3700000E-06      0.7228585E-01
   0.3500000E-06      0.7729227E-01
   0.3300000E-06      0.8317703E-01
   0.3100000E-06      0.9042319E-01
   0.2900000E-06      0.9960165E-01
   0.2750000E-06      0.1081214    
   0.2625000E-06      0.1173876    
   0.2475000E-06      0.1312212    
   0.2350000E-06      0.1463722    
   0.2250000E-06      0.1624016    
   0.2150000E-06      0.1819443    
   0.2050000E-06      0.2073278    
   0.1950000E-06      0.2398256    
   0.1850000E-06      0.2818533    
   0.1750000E-06      0.3378463    
   0.1650000E-06      0.4106592    
   0.1550000E-06      0.5067914    
   0.1462500E-06      0.6165816    
   0.1387500E-06      0.7347158    
   0.1312500E-06      0.8778821    
   0.1237500E-06       1.054425    
   0.1175000E-06       1.237555    
   0.1125000E-06       1.407510    
   0.1075000E-06       1.588883    
   0.1025000E-06       1.792654    
   0.9800000E-07       2.007843    
   0.9400000E-07       2.220835    
   0.9000000E-07       2.450955    
   0.8600000E-07       2.708304    
   0.8200000E-07       2.984097    
   0.7800000E-07       3.286239    
   0.7400000E-07       3.612097    
   0.7050000E-07       3.909409    
   0.6750000E-07       4.189593    
   0.6450000E-07       4.479438    
   0.6150000E-07       4.764894    
   0.5875000E-07       5.045956    
   0.5625000E-07       5.327019    
   0.5375000E-07       5.586123    
   0.5125000E-07       5.827662    
   0.4875000E-07       6.091158    
   0.4625000E-07       6.381004    
   0.4375000E-07       6.631327    
   0.4125000E-07       6.837731    
   0.3900000E-07       7.035354    
   0.3700000E-07       7.228586    
   0.3500000E-07       7.404249    
   0.3300000E-07       7.514039    
   0.3100000E-07       7.597479    
   0.2900000E-07       7.689703    
   0.2750000E-07       7.724836    
   0.2625000E-07       7.667745    
   0.2475000E-07       7.575522    
   0.2350000E-07       7.492082    
   0.2250000E-07       7.421815    
   0.2150000E-07       7.351550    
   0.2050000E-07       7.276892    
   0.1950000E-07       7.197844    
   0.1850000E-07       7.118794    
   0.1750000E-07       6.987047    
   0.1650000E-07       6.776249    
   0.1550000E-07       6.530320    
   0.1462500E-07       6.310739    
   0.1387500E-07       6.121900    
   0.1312500E-07       5.924277    
   0.1237500E-07       5.722263    
   0.1175000E-07       5.550991    
   0.1125000E-07       5.414851    
   0.1075000E-07       5.269928    
   0.1025000E-07       5.125004    
   0.9800000E-08       4.993257    
   0.9400000E-08       4.870292    
   0.9000000E-08       4.751719    
   0.8600000E-08       4.624362    
   0.8200000E-08       4.497005    
   0.7800000E-08       4.367892    
   0.7400000E-08       4.235266    
   0.7050000E-08       4.116692    
   0.6750000E-08       4.013050    
   0.6450000E-08       3.907651    
   0.6150000E-08       3.800057    
   0.5875000E-08       3.699929    
   0.5625000E-08       3.606827    
   0.5375000E-08       3.511968    
   0.5125000E-08       3.414474    
   0.4875000E-08       3.280969    
   0.4625000E-08       3.112331    
   0.4375000E-08       2.944133    
   0.4125000E-08       2.775934    
   0.3900000E-08       2.624424    
   0.3700000E-08       2.490041    
   0.3500000E-08       2.355219    
   0.3300000E-08       2.220835    
   0.3100000E-08       2.086452    
   0.2900000E-08       1.951630    
   0.2750000E-08       1.850623    
   0.2625000E-08       1.766743    
   0.2475000E-08       1.665737    
   0.2350000E-08       1.581417    
   0.2250000E-08       1.514226    
   0.2150000E-08       1.447034    
   0.2050000E-08       1.379404    
   0.1950000E-08       1.312212    
   0.1850000E-08       1.245021    
   0.1750000E-08       1.177829    
   0.1650000E-08       1.110637    
   0.1550000E-08       1.043007    
   0.1462500E-08      0.9841591    
   0.1387500E-08      0.9336556    
   0.1312500E-08      0.8831521    
   0.1237500E-08      0.8326486    
   0.1175000E-08      0.7909284    
   0.1125000E-08      0.7571130    
   0.1075000E-08      0.7232976    
   0.1025000E-08      0.6899214    
   0.9800000E-09      0.6596193    
   0.9400000E-09      0.6323913    
   0.9000000E-09      0.6056026    
   0.8600000E-09      0.5788138    
   0.8200000E-09      0.5520250    
   0.7800000E-09      0.5247970    
   0.7400000E-09      0.4980082    
   0.7050000E-09      0.4742935    
   0.6750000E-09      0.4540921    
   0.6450000E-09      0.4340664    
   0.6150000E-09      0.4138650    
   0.5875000E-09      0.3953764    
   0.5625000E-09      0.3785565    
   0.5375000E-09      0.3617367    
   0.5125000E-09      0.3449168    
   0.4875000E-09      0.3280969    
   0.4625000E-09      0.3112332    
   0.4375000E-09      0.2944133    
   0.4125000E-09      0.2775935    
   0.3900000E-09      0.2624424    
   0.3700000E-09      0.2490041    
   0.3500000E-09      0.2355219    
   0.3300000E-09      0.2220836    
   0.3100000E-09      0.2086452    
   0.2900000E-09      0.1951630    
   0.2750000E-09      0.1850623    
   0.2625000E-09      0.1766743    
   0.2475000E-09      0.1665737    
   0.2350000E-09      0.1581418    
   0.2250000E-09      0.1514226    
   0.2150000E-09      0.1447034    
   0.2050000E-09      0.1379404    
   0.1950000E-09      0.1312212    
   0.1850000E-09      0.1245020    
   0.1750000E-09      0.1177829    
   0.1650000E-09      0.1110637    
   0.1550000E-09      0.1043006    
   0.1462500E-09      0.9841591E-01
   0.1387500E-09      0.9336556E-01
   0.1312500E-09      0.8831522E-01
   0.1237500E-09      0.8326486E-01
   0.1175000E-09      0.7909283E-01
   0.1125000E-09      0.7571130E-01
   0.1075000E-09      0.7232977E-01
   0.1025000E-09      0.6899215E-01
