
   0.1025000E-09      0.6777946E-01
   0.1075000E-09      0.7109710E-01
   0.1125000E-09      0.7438157E-01
   0.1175000E-09      0.7769921E-01
   0.1237500E-09      0.8184627E-01
   0.1312500E-09      0.8678956E-01
   0.1387500E-09      0.9173285E-01
   0.1462500E-09      0.9670931E-01
   0.1550000E-09      0.1024820    
   0.1650000E-09      0.1091173    
   0.1750000E-09      0.1157194    
   0.1850000E-09      0.1223215    
   0.1950000E-09      0.1289568    
   0.2050000E-09      0.1355589    
   0.2150000E-09      0.1421610    
   0.2250000E-09      0.1487963    
   0.2350000E-09      0.1553984    
   0.2475000E-09      0.1636594    
   0.2625000E-09      0.1735791    
   0.2750000E-09      0.1818400    
   0.2900000E-09      0.1917598    
   0.3100000E-09      0.2049972    
   0.3300000E-09      0.2182014    
   0.3500000E-09      0.2314388    
   0.3700000E-09      0.2446762    
   0.3900000E-09      0.2578804    
   0.4125000E-09      0.2727767    
   0.4375000E-09      0.2892985    
   0.4625000E-09      0.3058204    
   0.4875000E-09      0.3223754    
   0.5125000E-09      0.3387314    
   0.5375000E-09      0.3553196    
   0.5625000E-09      0.3719078    
   0.5875000E-09      0.3884961    
   0.6150000E-09      0.4067431    
   0.6450000E-09      0.4266490    
   0.6750000E-09      0.4462230    
   0.7050000E-09      0.4661289    
   0.7400000E-09      0.4893524    
   0.7800000E-09      0.5158936    
   0.8200000E-09      0.5421030    
   0.8600000E-09      0.5686441    
   0.9000000E-09      0.5951852    
   0.9400000E-09      0.6217265    
   0.9800000E-09      0.6479358    
   0.1025000E-08      0.6777946    
   0.1075000E-08      0.7109710    
   0.1125000E-08      0.7438157    
   0.1175000E-08      0.7769922    
   0.1237500E-08      0.8184627    
   0.1312500E-08      0.8678955    
   0.1387500E-08      0.9173285    
   0.1462500E-08      0.9670931    
   0.1550000E-08       1.024820    
   0.1650000E-08       1.091173    
   0.1750000E-08       1.157194    
   0.1850000E-08       1.223215    
   0.1950000E-08       1.289568    
   0.2050000E-08       1.355589    
   0.2150000E-08       1.421610    
   0.2250000E-08       1.487963    
   0.2350000E-08       1.553984    
   0.2475000E-08       1.636594    
   0.2625000E-08       1.735791    
   0.2750000E-08       1.818401    
   0.2900000E-08       1.917598    
   0.3100000E-08       2.049972    
   0.3300000E-08       2.182014    
   0.3500000E-08       2.314388    
   0.3700000E-08       2.446763    
   0.3900000E-08       2.578804    
   0.4125000E-08       2.727767    
   0.4375000E-08       2.892985    
   0.4625000E-08       3.058204    
   0.4875000E-08       3.223754    
   0.5125000E-08       3.354138    
   0.5375000E-08       3.450350    
   0.5625000E-08       3.543243    
   0.5875000E-08       3.636137    
   0.6150000E-08       3.732349    
   0.6450000E-08       3.838514    
   0.6750000E-08       3.944679    
   0.7050000E-08       4.044208    
   0.7400000E-08       4.160325    
   0.7800000E-08       4.293031    
   0.8200000E-08       4.419102    
   0.8600000E-08       4.545172    
   0.9000000E-08       4.667924    
   0.9400000E-08       4.787360    
   0.9800000E-08       4.906795    
   0.1025000E-07       5.036183    
   0.1075000E-07       5.178842    
   0.1125000E-07       5.318182    
   0.1175000E-07       5.457523    
   0.1237500E-07       5.623406    
   0.1312500E-07       5.822464    
   0.1387500E-07       6.014888    
   0.1462500E-07       6.200676    
   0.1550000E-07       6.416323    
   0.1650000E-07       6.655192    
   0.1750000E-07       6.864205    
   0.1850000E-07       6.993593    
   0.1950000E-07       7.073216    
   0.2050000E-07       7.146204    
   0.2150000E-07       7.219193    
   0.2250000E-07       7.288864    
   0.2350000E-07       7.358533    
   0.2475000E-07       7.438158    
   0.2625000E-07       7.531051    
   0.2750000E-07       7.587451    
   0.2900000E-07       7.550957    
   0.3100000E-07       7.464698    
   0.3300000E-07       7.381757    
   0.3500000E-07       7.272275    
   0.3700000E-07       7.099757    
   0.3900000E-07       6.910652    
   0.4125000E-07       6.714911    
   0.4375000E-07       6.515852    
   0.4625000E-07       6.267028    
   0.4875000E-07       5.981711    
   0.5125000E-07       5.722936    
   0.5375000E-07       5.487382    
   0.5625000E-07       5.228606    
   0.5875000E-07       4.953242    
   0.6150000E-07       4.681195    
   0.6450000E-07       4.399196    
   0.6750000E-07       4.113878    
   0.7050000E-07       3.838514    
   0.7400000E-07       3.546561    
   0.7800000E-07       3.225081    
   0.8200000E-07       2.928484    
   0.8600000E-07       2.657101    
   0.9000000E-07       2.403965    
   0.9400000E-07       2.177370    
   0.9800000E-07       1.968358    
   0.1025000E-06       1.757024    
   0.1075000E-06       1.556638    
   0.1125000E-06       1.378149    
   0.1175000E-06       1.210940    
   0.1237500E-06       1.030792    
   0.1312500E-06      0.8572791    
   0.1387500E-06      0.7169428    
   0.1462500E-06      0.6001617    
   0.1550000E-06      0.4926700    
   0.1650000E-06      0.3984490    
   0.1750000E-06      0.3269538    
   0.1850000E-06      0.2721463    
   0.1950000E-06      0.2310739    
   0.2050000E-06      0.1993240    
   0.2150000E-06      0.1745744    
   0.2250000E-06      0.1555311    
   0.2350000E-06      0.1400045    
   0.2475000E-06      0.1253406    
   0.2625000E-06      0.1119373    
   0.2750000E-06      0.1030460    
   0.2900000E-06      0.9481826E-01
   0.3100000E-06      0.8605967E-01
   0.3300000E-06      0.7912581E-01
   0.3500000E-06      0.7351898E-01
   0.3700000E-06      0.6874157E-01
   0.3900000E-06      0.6456134E-01
   0.4125000E-06      0.6064653E-01
   0.4375000E-06      0.5679806E-01
   0.4625000E-06      0.5334771E-01
   0.4875000E-06      0.5026231E-01
   0.5125000E-06      0.4747548E-01
   0.5375000E-06      0.4498725E-01
   0.5625000E-06      0.4269807E-01
   0.5875000E-06      0.4060796E-01
   0.6150000E-06      0.3851784E-01
   0.6450000E-06      0.3646090E-01
   0.6750000E-06      0.3460302E-01
   0.7050000E-06      0.3288116E-01
   0.7400000E-06      0.3108300E-01
   0.7800000E-06      0.2924503E-01
   0.8200000E-06      0.2760280E-01
   0.8600000E-06      0.2613640E-01
   0.9000000E-06      0.2481597E-01
   0.9399999E-06      0.2361499E-01
   0.9800000E-06      0.2252017E-01
   0.1025000E-05      0.2141871E-01
   0.1075000E-05      0.2030066E-01
   0.1125000E-05      0.1930869E-01
   0.1175000E-05      0.1841624E-01
   0.1237500E-05      0.1739772E-01
   0.1312500E-05      0.1631285E-01
   0.1387500E-05      0.1538060E-01
   0.1462500E-05      0.1453460E-01
   0.1550000E-05      0.1360566E-01
   0.1650000E-05      0.1270326E-01
   0.1750000E-05      0.1194020E-01
   0.1850000E-05      0.1124018E-01
   0.1950000E-05      0.1062641E-01
   0.2050000E-05      0.1003587E-01
   0.2150000E-05      0.9448649E-02
   0.2250000E-05      0.8984178E-02
   0.2350000E-05      0.8609286E-02
   0.2475000E-05      0.8168039E-02
   0.2625000E-05      0.7680345E-02
   0.2750000E-05      0.7308769E-02
   0.2900000E-05      0.6894064E-02
   0.3100000E-05      0.6333382E-02
   0.3300000E-05      0.5865594E-02
   0.3500000E-05      0.5527194E-02
   0.3700000E-05      0.5225289E-02
   0.3900000E-05      0.4946607E-02
   0.4125000E-05      0.4687830E-02
   0.4375000E-05      0.4415784E-02
   0.4625000E-05      0.4173596E-02
   0.4875000E-05      0.3954631E-02
   0.5125000E-05      0.3758890E-02
   0.5375000E-05      0.3583055E-02
   0.5625000E-05      0.3420491E-02
   0.5875000E-05      0.3272523E-02
   0.6150000E-05      0.3123562E-02
   0.6450000E-05      0.2975926E-02
   0.6750000E-05      0.2841894E-02
   0.7050000E-05      0.2719472E-02
   0.7400000E-05      0.2591080E-02
   0.7800000E-05      0.2458042E-02
   0.8200001E-05      0.2336616E-02
   0.8600000E-05      0.2225807E-02
   0.8999999E-05      0.2125614E-02
   0.9400001E-05      0.2033052E-02
   0.9800000E-05      0.1949447E-02
   0.1025000E-04      0.1863520E-02
   0.1075000E-04      0.1775603E-02
   0.1125000E-04      0.1694321E-02
   0.1175000E-04      0.1620669E-02
   0.1237500E-04      0.1537728E-02
   0.1312500E-04      0.1448483E-02
   0.1387500E-04      0.1368860E-02
   0.1462500E-04      0.1297530E-02
   0.1550000E-04      0.1223215E-02
   0.1650000E-04      0.1148237E-02
   0.1750000E-04      0.1081552E-02
   0.1850000E-04      0.1021834E-02
   0.1950000E-04      0.9684202E-03
   0.2050000E-04      0.9206461E-03
   0.2150000E-04      0.8771849E-03
   0.2250000E-04      0.8377050E-03
   0.2350000E-04      0.8015427E-03
   0.2475000E-04      0.7607357E-03
   0.2625000E-04      0.7162793E-03
   0.2750000E-04      0.6831029E-03
   0.2900000E-04      0.6469405E-03
   0.3100000E-04      0.6044747E-03
   0.3300000E-04      0.5669853E-03
   0.3500000E-04      0.5341406E-03
   0.3700000E-04      0.5046136E-03
   0.3900000E-04      0.4784042E-03
   0.4125000E-04      0.4518631E-03
   0.4375000E-04      0.4253219E-03
   0.4625000E-04      0.4020984E-03
   0.4875000E-04      0.3808655E-03
   0.5125000E-04      0.3619549E-03
   0.5375000E-04      0.3450349E-03
   0.5625000E-04      0.3293425E-03
   0.5875000E-04      0.3149771E-03
   0.6150000E-04      0.3006117E-03
   0.6450000E-04      0.2863458E-03
   0.6750000E-04      0.2733407E-03
   0.7050000E-04      0.2614967E-03
   0.7400000E-04      0.2488896E-03
   0.7800000E-04      0.2358513E-03
   0.8200000E-04      0.2241400E-03
   0.8600000E-04      0.2135567E-03
   0.9000000E-04      0.2038692E-03
   0.9400000E-04      0.1950443E-03
   0.9800000E-04      0.1869160E-03
   0.1025000E-03      0.1784892E-03
   0.1075000E-03      0.1699961E-03
   0.1125000E-03      0.1622659E-03
   0.1175000E-03      0.1552326E-03
   0.1237500E-03      0.1475024E-03
   0.1312500E-03      0.1394074E-03
   0.1387500E-03      0.1321749E-03
   0.1462500E-03      0.1256723E-03
   0.1550000E-03      0.1185726E-03
   0.1650000E-03      0.1109420E-03
   0.1750000E-03      0.1040081E-03
   0.1850000E-03      0.9787049E-04
   0.1950000E-03      0.9259544E-04
   0.2050000E-03      0.8798393E-04
   0.2150000E-03      0.8396956E-04
   0.2250000E-03      0.8008791E-04
   0.2350000E-03      0.7663757E-04
   0.2475000E-03      0.7272275E-04
   0.2625000E-03      0.6847617E-04
   0.2750000E-03      0.6525805E-04
   0.2900000E-03      0.6180770E-04
   0.3100000E-03      0.5789288E-04
   0.3300000E-03      0.5457523E-04
   0.3500000E-03      0.5162254E-04
   0.3700000E-03      0.4900159E-04
   0.3900000E-03      0.4661289E-04
   0.4125000E-03      0.4422419E-04
   0.4375000E-03      0.4166960E-04
   0.4625000E-03      0.3921454E-04
   0.4875000E-03      0.3702490E-04
   0.5125000E-03      0.3503431E-04
   0.5375000E-03      0.3324279E-04
   0.5625000E-03      0.3163041E-04
   0.5875000E-03      0.3015406E-04
   0.6150000E-03      0.2869762E-04
   0.6450000E-03      0.2727767E-04
   0.6750000E-03      0.2602028E-04
   0.7050000E-03      0.2491550E-04
   0.7400000E-03      0.2377092E-04
   0.7800000E-03      0.2258320E-04
   0.8200000E-03      0.2148837E-04
   0.8600000E-03      0.2045327E-04
   0.9000000E-03      0.1950111E-04
   0.9400000E-03      0.1863189E-04
   0.9800000E-03      0.1783234E-04
   0.1025000E-02      0.1701619E-04
   0.1075000E-02      0.1620337E-04
   0.1125000E-02      0.1547681E-04
   0.1175000E-02      0.1480996E-04
   0.1237500E-02      0.1406349E-04
   0.1312500E-02      0.1324735E-04
   0.1387500E-02      0.1250088E-04
   0.1462500E-02      0.1182408E-04
   0.1550000E-02      0.1113401E-04
   0.1650000E-02      0.1045058E-04
   0.1750000E-02      0.9850083E-05
   0.1850000E-02      0.9312625E-05
   0.1950000E-02      0.8828250E-05
   0.2050000E-02      0.8387004E-05
   0.2150000E-02      0.7982250E-05
   0.2250000E-02      0.7617310E-05
   0.2350000E-02      0.7265639E-05
   0.2475000E-02      0.6920605E-05
   0.2625000E-02      0.6519170E-05
   0.2750000E-02      0.6220582E-05
   0.2900000E-02      0.5862276E-05
   0.3100000E-02      0.5570324E-05
   0.3300000E-02      0.5182159E-05
   0.3500000E-02      0.4883572E-05
   0.3700000E-02      0.4608207E-05
   0.3900000E-02      0.4372655E-05
   0.4125000E-02      0.4147054E-05
   0.4375000E-02      0.3921454E-05
   0.4625000E-02      0.3722397E-05
   0.4875000E-02      0.3539926E-05
   0.5125000E-02      0.3367408E-05
   0.5375000E-02      0.3208825E-05
   0.5625000E-02      0.3063512E-05
   0.5875000E-02      0.2931138E-05
   0.6150000E-02      0.2798101E-05
   0.6450000E-02      0.2665395E-05
   0.6750000E-02      0.2545296E-05
   0.7050000E-02      0.2436146E-05
   0.7400000E-02      0.2318369E-05
   0.7800000E-02      0.2199598E-05
   0.8200000E-02      0.2095755E-05
   0.8600000E-02      0.1996890E-05
   0.9000000E-02      0.1909968E-05
   0.9400001E-02      0.1832998E-05
   0.9800000E-02      0.1762001E-05
   0.1025000E-01      0.1689012E-05
   0.1075000E-01      0.1614365E-05
   0.1125000E-01      0.1546022E-05
   0.1175000E-01      0.1482987E-05
   0.1237500E-01      0.1410994E-05
   0.1312500E-01      0.1333361E-05
   0.1387500E-01      0.1263690E-05
   0.1462500E-01      0.1201319E-05
   0.1550000E-01      0.1137952E-05
   0.1650000E-01      0.1074585E-05
   0.1750000E-01      0.1018185E-05
   0.1850000E-01      0.9677566E-06
   0.1950000E-01      0.9219732E-06
   0.2050000E-01      0.8808344E-06
   0.2150000E-01      0.8430133E-06
   0.2250000E-01      0.8078462E-06
   0.2350000E-01      0.7759968E-06
   0.2475000E-01      0.7395028E-06
   0.2625000E-01      0.7000227E-06
   0.2750000E-01      0.6708275E-06
   0.2900000E-01      0.6409687E-06
   0.3100000E-01      0.6058017E-06
   0.3300000E-01      0.5746159E-06
   0.3500000E-01      0.5467476E-06
   0.3700000E-01      0.5215336E-06
   0.3900000E-01      0.4986418E-06
   0.4125000E-01      0.4754183E-06
   0.4375000E-01      0.4521949E-06
   0.4625000E-01      0.4309619E-06
   0.4875000E-01      0.4123831E-06
   0.5125000E-01      0.3957949E-06
   0.5375000E-01      0.3815290E-06
   0.5625000E-01      0.3685902E-06
   0.5875000E-01      0.3566467E-06
   0.6150000E-01      0.3443714E-06
   0.6450000E-01      0.3320961E-06
   0.6750000E-01      0.3207830E-06
   0.7050000E-01      0.3100670E-06
   0.7400000E-01      0.2990524E-06
   0.7799999E-01      0.2882369E-06
   0.8200000E-01      0.2782840E-06
   0.8600000E-01      0.2688618E-06
   0.9000000E-01      0.2602360E-06
   0.9400000E-01      0.2525058E-06
   0.9800000E-01      0.2455720E-06
   0.1025000          0.2383727E-06
   0.1075000          0.2309412E-06
   0.1125000          0.2241068E-06
   0.1175000          0.2178033E-06
   0.1237500          0.2106040E-06
   0.1312500          0.2027080E-06
   0.1387500          0.1956083E-06
   0.1462500          0.1892716E-06
   0.1550000          0.1826031E-06
   0.1650000          0.1757024E-06
   0.1750000          0.1695316E-06
   0.1850000          0.1640907E-06
   0.1950000          0.1591474E-06
   0.2050000          0.1546022E-06
   0.2150000          0.1503888E-06
   0.2250000          0.1464740E-06
   0.2350000          0.1428577E-06
   0.2475000          0.1387770E-06
   0.2625000          0.1342982E-06
   0.2750000          0.1308479E-06
   0.2900000          0.1270326E-06
   0.3100000          0.1221888E-06
   0.3300000          0.1176105E-06
   0.3500000          0.1134634E-06
   0.3700000          0.1093495E-06
   0.3900000          0.1051030E-06
   0.4125000          0.1007568E-06
   0.4375000          0.9717379E-07
   0.4625000          0.9611214E-07
   0.4875000          0.9607897E-07
   0.5125000          0.9515002E-07
   0.5375000          0.9315944E-07
   0.5625000          0.9047214E-07
   0.5875000          0.8768532E-07
   0.6150000          0.8459991E-07
   0.6450000          0.8194579E-07
   0.6750000          0.8032015E-07
   0.7050000          0.7915898E-07
   0.7400000          0.7683662E-07
   0.7800000          0.7358533E-07
   0.8200000          0.7076535E-07
   0.8600000          0.6665147E-07
   0.9000000          0.6197359E-07
   0.9400000          0.5822464E-07
   0.9800000          0.5573641E-07
    1.050000          0.5470795E-07
    1.150000          0.5467477E-07
    1.250000          0.5162253E-07
    1.350000          0.4853713E-07
    1.450000          0.4717689E-07
    1.550000          0.4445642E-07
    1.650000          0.4180231E-07
    1.750000          0.3901549E-07
    1.850000          0.3626185E-07
    1.950000          0.3383996E-07
    2.050000          0.3168350E-07
    2.150000          0.3026355E-07
    2.250000          0.2946399E-07
    2.350000          0.2872748E-07
    2.450000          0.2707529E-07
    2.550000          0.2453066E-07
    2.650000          0.2215854E-07
    2.750000          0.2013478E-07
    2.850000          0.1843283E-07
    2.950000          0.1694984E-07
    3.050000          0.1562942E-07
    3.150000          0.1445166E-07
    3.250000          0.1339333E-07
    3.350000          0.1244116E-07
    3.450000          0.1158521E-07
    3.550000          0.1080557E-07
    3.650000          0.1011218E-07
    3.750000          0.9501732E-08
    3.850000          0.8954320E-08
    3.950000          0.8450038E-08
    4.050000          0.7988886E-08
    4.150000          0.7560910E-08
    4.250000          0.7166110E-08
    4.350000          0.6797852E-08
    4.450000          0.6459452E-08
    4.550000          0.6131005E-08
    4.650000          0.5799242E-08
    4.750000          0.5477429E-08
    4.850000          0.5182160E-08
    4.950000          0.4906795E-08
    5.050000          0.4651337E-08
    5.150000          0.4412466E-08
    5.250000          0.4193502E-08
    5.350000          0.3987808E-08
    5.450000          0.3795384E-08
    5.550000          0.3612914E-08
    5.650000          0.3437079E-08
    5.750000          0.3256267E-08
    5.850000          0.3087067E-08
    5.950000          0.2929479E-08
    6.050000          0.2782508E-08
    6.150000          0.2644826E-08
    6.250000          0.2516101E-08
    6.350000          0.2395670E-08
    6.450000          0.2282539E-08
    6.550000          0.2176706E-08
    6.650000          0.2076845E-08
    6.750000          0.1983288E-08
    6.850000          0.1895038E-08
    6.950000          0.1812097E-08
    7.050000          0.1733801E-08
    7.150000          0.1659817E-08
    7.250000          0.1590147E-08
    7.350000          0.1524126E-08
    7.450000          0.1461754E-08
    7.550000          0.1402700E-08
    7.650000          0.1346963E-08
    7.750000          0.1293881E-08
    7.850000          0.1243453E-08
    7.950000          0.1195679E-08
    8.050000          0.1150559E-08
    8.150000          0.1107429E-08
    8.250000          0.1066291E-08
    8.350000          0.1027474E-08
    8.450000          0.9903166E-09
    8.550000          0.9548179E-09
    8.650000          0.9213096E-09
    8.750000          0.8891284E-09
    8.850000          0.8582744E-09
    8.950000          0.8290791E-09
    9.050000          0.8008792E-09
    9.150000          0.7743381E-09
    9.250000          0.7487922E-09
    9.350000          0.7242417E-09
    9.450000          0.7006863E-09
    9.550000          0.6784581E-09
    9.650000          0.6568934E-09
    9.750000          0.6363241E-09
    9.850000          0.6164181E-09
    9.950000          0.5975077E-09
    10.05000          0.5792606E-09
    10.15000          0.5616770E-09
    10.25000          0.5450889E-09
    10.35000          0.5288324E-09
    10.45000          0.5135712E-09
    10.55000          0.4986419E-09
    10.65000          0.4840442E-09
    10.75000          0.4704419E-09
    10.85000          0.4571713E-09
    10.95000          0.4442325E-09
    11.05000          0.4319572E-09
    11.15000          0.4200137E-09
    11.25000          0.4087336E-09
    11.35000          0.3977855E-09
    11.45000          0.3871690E-09
    11.55000          0.3768843E-09
    11.65000          0.3669314E-09
    11.75000          0.3573102E-09
    11.85000          0.3480208E-09
    11.95000          0.3390632E-09
    12.05000          0.3305037E-09
    12.15000          0.3221764E-09
    12.25000          0.3141145E-09
    12.35000          0.3063181E-09
    12.45000          0.2987870E-09
    12.55000          0.2914882E-09
    12.65000          0.2844216E-09
    12.75000          0.2775541E-09
    12.85000          0.2709520E-09
    12.95000          0.2645157E-09
    13.05000          0.2583117E-09
    13.15000          0.2522736E-09
    13.25000          0.2413586E-09
    13.35000          0.2251685E-09
    13.45000          0.2091111E-09
    13.55000          0.1942149E-09
    13.65000          0.1803803E-09
    13.75000          0.1675410E-09
    13.85000          0.1555975E-09
    13.95000          0.1444834E-09
    14.05000          0.1341655E-09
    14.15000          0.1246107E-09
    14.25000          0.1156862E-09
    14.35000          0.1074253E-09
    14.45000          0.9976153E-10
    14.55000          0.9262861E-10
    14.65000          0.8599333E-10
    14.75000          0.7985568E-10
    14.85000          0.7414933E-10
    14.95000          0.6884110E-10
    15.05000          0.6389782E-10
    15.15000          0.5935264E-10
    15.25000          0.5507289E-10
    15.35000          0.5112489E-10
    15.45000          0.4747548E-10
    15.55000          0.4405831E-10
    15.65000          0.4090654E-10
    15.75000          0.3798702E-10
    15.85000          0.3526655E-10
    15.95000          0.3272524E-10
    16.05000          0.3037635E-10
    16.15000          0.2819665E-10
    16.25000          0.2617289E-10
    16.35000          0.2429179E-10
    16.45000          0.2254671E-10
    16.55000          0.2092770E-10
    16.65000          0.1942149E-10
    16.75000          0.1802476E-10
    16.85000          0.1673088E-10
    16.95000          0.1552657E-10
    17.05000          0.1440853E-10
    17.15000          0.1337342E-10
    17.25000          0.1241130E-10
    17.35000          0.1151554E-10
    17.45000          0.1068945E-10
    17.55000          0.9919755E-11
    17.65000          0.9203143E-11
    17.75000          0.8539615E-11
    17.85000          0.7925850E-11
    17.95000          0.7355216E-11
    18.05000          0.6824393E-11
    18.15000          0.6333381E-11
    18.25000          0.5875546E-11
    18.35000          0.5450889E-11
    18.45000          0.5059407E-11
    18.55000          0.4694466E-11
    18.65000          0.4352749E-11
    18.75000          0.4040890E-11
    18.85000          0.3748937E-11
    18.95000          0.3476891E-11
    19.05000          0.3226409E-11
    19.15000          0.2993510E-11
    19.25000          0.2777200E-11
    19.35000          0.2576482E-11
    19.45000          0.2390031E-11
    19.55000          0.2217513E-11
    19.65000          0.2056939E-11
    19.75000          0.1908309E-11
    19.85000          0.1770295E-11
    19.95000          0.1642234E-11
