    19.95000          0.2077110E-11
    19.85000          0.2238216E-11
    19.75000          0.2413705E-11
    19.65000          0.2602141E-11
    19.55000          0.2804962E-11
    19.45000          0.3022167E-11
    19.35000          0.3258071E-11
    19.25000          0.3512675E-11
    19.15000          0.3785979E-11
    19.05000          0.4080859E-11
    18.95000          0.4397316E-11
    18.85000          0.4739666E-11
    18.75000          0.5109345E-11
    18.65000          0.5506356E-11
    18.55000          0.5935010E-11
    18.45000          0.6396750E-11
    18.35000          0.6894452E-11
    18.25000          0.7429552E-11
    18.15000          0.8007805E-11
    18.05000          0.8629213E-11
    17.95000          0.9299526E-11
    17.85000          0.1002306E-10
    17.75000          0.1080126E-10
    17.65000          0.1163987E-10
    17.55000          0.1254321E-10
    17.45000          0.1351704E-10
    17.35000          0.1457142E-10
    17.25000          0.1569340E-10
    17.15000          0.1691608E-10
    17.05000          0.1822506E-10
    16.95000          0.1963473E-10
    16.85000          0.2115948E-10
    16.75000          0.2279930E-10
    16.65000          0.2456859E-10
    16.55000          0.2646733E-10
    16.45000          0.2850992E-10
    16.35000          0.3072511E-10
    16.25000          0.3309854E-10
    16.15000          0.3565897E-10
    16.05000          0.3842078E-10
    15.95000          0.4138397E-10
    15.85000          0.4459170E-10
    15.75000          0.4802957E-10
    15.65000          0.5174075E-10
    15.55000          0.5573963E-10
    15.45000          0.6004056E-10
    15.35000          0.6467234E-10
    15.25000          0.6966374E-10
    15.15000          0.7504351E-10
    15.05000          0.8082605E-10
    14.95000          0.8705451E-10
    14.85000          0.9377202E-10
    14.75000          0.1009930E-09
    14.65000          0.1087750E-09
    14.55000          0.1171467E-09
    14.45000          0.1261657E-09
    14.35000          0.1358752E-09
    14.25000          0.1462895E-09
    14.15000          0.1575094E-09
    14.05000          0.1697361E-09
    13.95000          0.1826821E-09
    13.85000          0.1967788E-09
    13.75000          0.2118825E-09
    13.65000          0.2281369E-09
    13.55000          0.2456859E-09
    13.45000          0.2645295E-09
    13.35000          0.2846676E-09
    13.25000          0.3052374E-09
    13.15000          0.3187587E-09
    13.05000          0.3260948E-09
    12.95000          0.3335747E-09
    12.85000          0.3411984E-09
    12.75000          0.3492537E-09
    12.65000          0.3573089E-09
    12.55000          0.3657958E-09
    12.45000          0.3745703E-09
    12.35000          0.3836324E-09
    12.25000          0.3928385E-09
    12.15000          0.4024761E-09
    12.05000          0.4124013E-09
    11.95000          0.4226142E-09
    11.85000          0.4332587E-09
    11.75000          0.4441909E-09
    11.65000          0.4555545E-09
    11.55000          0.4672058E-09
    11.45000          0.4792889E-09
    11.35000          0.4919471E-09
    11.25000          0.5048931E-09
    11.15000          0.5184144E-09
    11.05000          0.5322234E-09
    10.95000          0.5467517E-09
    10.85000          0.5617116E-09
    10.75000          0.5772466E-09
    10.65000          0.5933573E-09
    10.55000          0.6100432E-09
    10.45000          0.6274483E-09
    10.35000          0.6454288E-09
    10.25000          0.6642725E-09
    10.15000          0.6836913E-09
    10.05000          0.7038296E-09
    9.950000          0.7249747E-09
    9.850000          0.7468390E-09
    9.750000          0.7695664E-09
    9.650000          0.7933007E-09
    9.550000          0.8180419E-09
    9.450000          0.8439338E-09
    9.350000          0.8706889E-09
    9.250000          0.8987385E-09
    9.150000          0.9279388E-09
    9.050000          0.9585778E-09
    8.950000          0.9903672E-09
    8.850000          0.1023739E-08
    8.750000          0.1058549E-08
    8.650000          0.1095086E-08
    8.550000          0.1133204E-08
    8.450000          0.1173193E-08
    8.350000          0.1215052E-08
    8.250000          0.1258924E-08
    8.150000          0.1305098E-08
    8.050000          0.1353430E-08
    7.950000          0.1404207E-08
    7.850000          0.1457142E-08
    7.750000          0.1513241E-08
    7.650000          0.1572217E-08
    7.550000          0.1635509E-08
    7.450000          0.1700238E-08
    7.350000          0.1769283E-08
    7.250000          0.1842644E-08
    7.150000          0.1918881E-08
    7.050000          0.2000873E-08
    6.950000          0.2087179E-08
    6.850000          0.2177801E-08
    6.750000          0.2274177E-08
    6.650000          0.2376306E-08
    6.550000          0.2484189E-08
    6.450000          0.2599265E-08
    6.350000          0.2722970E-08
    6.250000          0.2852430E-08
    6.150000          0.2991959E-08
    6.050000          0.3140119E-08
    5.950000          0.3296909E-08
    5.850000          0.3466645E-08
    5.750000          0.3646450E-08
    5.650000          0.3837763E-08
    5.550000          0.4024760E-08
    5.450000          0.4210319E-08
    5.350000          0.4408824E-08
    5.250000          0.4620275E-08
    5.150000          0.4844672E-08
    5.050000          0.5086331E-08
    4.950000          0.5345250E-08
    4.850000          0.5621430E-08
    4.750000          0.5920627E-08
    4.650000          0.6241399E-08
    4.550000          0.6566487E-08
    4.450000          0.6875752E-08
    4.350000          0.7186455E-08
    4.250000          0.7518736E-08
    4.150000          0.7874030E-08
    4.050000          0.8256656E-08
    3.950000          0.8668050E-08
    3.850000          0.9111091E-08
    3.750000          0.9590091E-08
    3.650000          0.1012663E-07
    3.550000          0.1074948E-07
    3.450000          0.1144856E-07
    3.350000          0.1221669E-07
    3.250000          0.1306249E-07
    3.150000          0.1399460E-07
    3.050000          0.1503172E-07
    2.950000          0.1618247E-07
    2.850000          0.1744830E-07
    2.750000          0.1892990E-07
    2.650000          0.2069918E-07
    2.550000          0.2278492E-07
    2.450000          0.2502889E-07
    2.350000          0.2655364E-07
    2.250000          0.2733039E-07
    2.150000          0.2817908E-07
    2.050000          0.2945929E-07
    1.950000          0.3124296E-07
    1.850000          0.3322801E-07
    1.750000          0.3545759E-07
    1.650000          0.3771595E-07
    1.550000          0.3985922E-07
    1.450000          0.4204566E-07
    1.350000          0.4358479E-07
    1.250000          0.4603014E-07
    1.150000          0.4867687E-07
    1.050000          0.4995708E-07
   0.9800000          0.5132360E-07
   0.9400000          0.5290589E-07
   0.9000000          0.5506355E-07
   0.8600000          0.5760959E-07
   0.8200000          0.6004056E-07
   0.7800000          0.6212630E-07
   0.7400000          0.6438466E-07
   0.7050000          0.6628340E-07
   0.6750000          0.6770745E-07
   0.6450000          0.6926098E-07
   0.6150000          0.7118849E-07
   0.5875000          0.7324546E-07
   0.5625000          0.7517297E-07
   0.5375000          0.7715803E-07
   0.5125000          0.7905676E-07
   0.4875000          0.8078289E-07
   0.4625000          0.8242272E-07
   0.4375000          0.8436461E-07
   0.4125000          0.8698257E-07
   0.3900000          0.8970124E-07
   0.3700000          0.9233359E-07
   0.3500000          0.9513855E-07
   0.3300000          0.9815928E-07
   0.3100000          0.1014821E-06
   0.2900000          0.1051645E-06
   0.2750000          0.1082140E-06
   0.2625000          0.1109614E-06
   0.2475000          0.1145288E-06
   0.2350000          0.1178084E-06
   0.2250000          0.1207140E-06
   0.2150000          0.1238642E-06
   0.2050000          0.1272446E-06
   0.1950000          0.1309126E-06
   0.1850000          0.1348827E-06
   0.1750000          0.1392699E-06
   0.1650000          0.1442757E-06
   0.1550000          0.1497418E-06
   0.1462500          0.1550640E-06
   0.1387500          0.1600986E-06
   0.1312500          0.1658523E-06
   0.1237500          0.1721815E-06
   0.1175000          0.1779352E-06
   0.1125000          0.1829698E-06
   0.1075000          0.1885797E-06
   0.1025000          0.1947650E-06
   0.9800000E-01      0.2006626E-06
   0.9400000E-01      0.2062725E-06
   0.9000000E-01      0.2124578E-06
   0.8600000E-01      0.2193624E-06
   0.8200000E-01      0.2268423E-06
   0.7799999E-01      0.2350414E-06
   0.7400000E-01      0.2441036E-06
   0.7050000E-01      0.2530219E-06
   0.6750000E-01      0.2613649E-06
   0.6450000E-01      0.2704271E-06
   0.6150000E-01      0.2803524E-06
   0.5875000E-01      0.2902776E-06
   0.5625000E-01      0.2999151E-06
   0.5375000E-01      0.3107035E-06
   0.5125000E-01      0.3224986E-06
   0.4875000E-01      0.3355885E-06
   0.4625000E-01      0.3505483E-06
   0.4375000E-01      0.3675219E-06
   0.4125000E-01      0.3865093E-06
   0.3900000E-01      0.4054967E-06
   0.3700000E-01      0.4240526E-06
   0.3500000E-01      0.4443347E-06
   0.3300000E-01      0.4667744E-06
   0.3100000E-01      0.4919472E-06
   0.2900000E-01      0.5204282E-06
   0.2750000E-01      0.5444503E-06
   0.2625000E-01      0.5680407E-06
   0.2475000E-01      0.5996864E-06
   0.2350000E-01      0.6290306E-06
   0.2250000E-01      0.6547787E-06
   0.2150000E-01      0.6829722E-06
   0.2050000E-01      0.7134671E-06
   0.1950000E-01      0.7468391E-06
   0.1850000E-01      0.7835193E-06
   0.1750000E-01      0.8242272E-06
   0.1650000E-01      0.8698258E-06
   0.1550000E-01      0.9208905E-06
   0.1462500E-01      0.9720991E-06
   0.1387500E-01      0.1022300E-05
   0.1312500E-01      0.1078400E-05
   0.1237500E-01      0.1140972E-05
   0.1175000E-01      0.1198941E-05
   0.1125000E-01      0.1249718E-05
   0.1075000E-01      0.1304811E-05
   0.1025000E-01      0.1364937E-05
   0.9800000E-02      0.1423914E-05
   0.9400001E-02      0.1481595E-05
   0.9000000E-02      0.1543448E-05
   0.8600000E-02      0.1612493E-05
   0.8200000E-02      0.1693046E-05
   0.7800000E-02      0.1779353E-05
   0.7400000E-02      0.1872851E-05
   0.7050000E-02      0.1967788E-05
   0.6750000E-02      0.2055534E-05
   0.6450000E-02      0.2153347E-05
   0.6150000E-02      0.2259792E-05
   0.5875000E-02      0.2367675E-05
   0.5625000E-02      0.2474120E-05
   0.5375000E-02      0.2592072E-05
   0.5125000E-02      0.2720094E-05
   0.4875000E-02      0.2856745E-05
   0.4625000E-02      0.3003466E-05
   0.4375000E-02      0.3166011E-05
   0.4125000E-02      0.3345816E-05
   0.3900000E-02      0.3528498E-05
   0.3700000E-02      0.3718372E-05
   0.3500000E-02      0.3939892E-05
   0.3300000E-02      0.4182989E-05
   0.3100000E-02      0.4454855E-05
   0.2900000E-02      0.4759804E-05
   0.2750000E-02      0.5020162E-05
   0.2625000E-02      0.5260382E-05
   0.2475000E-02      0.5581155E-05
   0.2350000E-02      0.5899050E-05
   0.2250000E-02      0.6142147E-05
   0.2150000E-02      0.6437027E-05
   0.2050000E-02      0.6766430E-05
   0.1950000E-02      0.7123165E-05
   0.1850000E-02      0.7511544E-05
   0.1750000E-02      0.7944514E-05
   0.1650000E-02      0.8432146E-05
   0.1550000E-02      0.8978755E-05
   0.1462500E-02      0.9536869E-05
   0.1387500E-02      0.1008492E-04
   0.1312500E-02      0.1068762E-04
   0.1237500E-02      0.1134643E-04
   0.1175000E-02      0.1195057E-04
   0.1125000E-02      0.1249287E-04
   0.1075000E-02      0.1307400E-04
   0.1025000E-02      0.1373137E-04
   0.9800000E-03      0.1439880E-04
   0.9400000E-03      0.1503172E-04
   0.9000000E-03      0.1573655E-04
   0.8600000E-03      0.1651331E-04
   0.8200000E-03      0.1734761E-04
   0.7800000E-03      0.1823944E-04
   0.7400000E-03      0.1918881E-04
   0.7050000E-03      0.2012380E-04
   0.6750000E-03      0.2101563E-04
   0.6450000E-03      0.2203693E-04
   0.6150000E-03      0.2318768E-04
   0.5875000E-03      0.2436721E-04
   0.5625000E-03      0.2556111E-04
   0.5375000E-03      0.2687010E-04
   0.5125000E-03      0.2832292E-04
   0.4875000E-03      0.2993397E-04
   0.4625000E-03      0.3171765E-04
   0.4375000E-03      0.3371708E-04
   0.4125000E-03      0.3578843E-04
   0.3900000E-03      0.3773033E-04
   0.3700000E-03      0.3965784E-04
   0.3500000E-03      0.4178673E-04
   0.3300000E-03      0.4417455E-04
   0.3100000E-03      0.4686444E-04
   0.2900000E-03      0.5004339E-04
   0.2750000E-03      0.5284835E-04
   0.2625000E-03      0.5546632E-04
   0.2475000E-03      0.5893296E-04
   0.2350000E-03      0.6212630E-04
   0.2250000E-03      0.6491688E-04
   0.2150000E-03      0.6799515E-04
   0.2050000E-03      0.7137548E-04
   0.1950000E-03      0.7511544E-04
   0.1850000E-03      0.7943076E-04
   0.1750000E-03      0.8443654E-04
   0.1650000E-03      0.9010400E-04
   0.1550000E-03      0.9636121E-04
   0.1462500E-03      0.1021581E-03
   0.1387500E-03      0.1074660E-03
   0.1312500E-03      0.1133780E-03
   0.1237500E-03      0.1199948E-03
   0.1175000E-03      0.1263096E-03
   0.1125000E-03      0.1320777E-03
   0.1075000E-03      0.1384213E-03
   0.1025000E-03      0.1454265E-03
   0.9800000E-04      0.1523310E-03
   0.9400000E-04      0.1589478E-03
   0.9000000E-04      0.1661400E-03
   0.8600000E-04      0.1741953E-03
   0.8200000E-04      0.1828260E-03
   0.7800000E-04      0.1924635E-03
   0.7400000E-04      0.2031080E-03
   0.7050000E-04      0.2136086E-03
   0.6750000E-04      0.2232462E-03
   0.6450000E-04      0.2340345E-03
   0.6150000E-04      0.2456859E-03
   0.5875000E-04      0.2576249E-03
   0.5625000E-04      0.2694201E-03
   0.5375000E-04      0.2823661E-03
   0.5125000E-04      0.2963190E-03
   0.4875000E-04      0.3119980E-03
   0.4625000E-04      0.3294032E-03
   0.4375000E-04      0.3488222E-03
   0.4125000E-04      0.3705426E-03
   0.3900000E-04      0.3925507E-03
   0.3700000E-04      0.4142713E-03
   0.3500000E-04      0.4387248E-03
   0.3300000E-04      0.4660552E-03
   0.3100000E-04      0.4971255E-03
   0.2900000E-04      0.5325112E-03
   0.2750000E-04      0.5622869E-03
   0.2625000E-04      0.5900489E-03
   0.2475000E-04      0.6268729E-03
   0.2350000E-04      0.6611079E-03
   0.2250000E-04      0.6911713E-03
   0.2150000E-04      0.7241116E-03
   0.2050000E-04      0.7603603E-03
   0.1950000E-04      0.8003491E-03
   0.1850000E-04      0.8449408E-03
   0.1750000E-04      0.8947108E-03
   0.1650000E-04      0.9503785E-03
   0.1550000E-04      0.1013526E-02
   0.1462500E-04      0.1075523E-02
   0.1387500E-04      0.1135362E-02
   0.1312500E-04      0.1202394E-02
   0.1237500E-04      0.1277336E-02
   0.1175000E-04      0.1346813E-02
   0.1125000E-04      0.1408954E-02
   0.1075000E-04      0.1477280E-02
   0.1025000E-04      0.1550640E-02
   0.9800000E-05      0.1624001E-02
   0.9400001E-05      0.1694484E-02
   0.8999999E-05      0.1772160E-02
   0.8600000E-05      0.1857028E-02
   0.8200001E-05      0.1950527E-02
   0.7800000E-05      0.2052657E-02
   0.7400000E-05      0.2166293E-02
   0.7050000E-05      0.2275615E-02
   0.6750000E-05      0.2379183E-02
   0.6450000E-05      0.2492820E-02
   0.6150000E-05      0.2617964E-02
   0.5875000E-05      0.2744547E-02
   0.5625000E-05      0.2869692E-02
   0.5375000E-05      0.3007782E-02
   0.5125000E-05      0.3157380E-02
   0.4875000E-05      0.3322801E-02
   0.4625000E-05      0.3511237E-02
   0.4375000E-05      0.3719810E-02
   0.4125000E-05      0.3948523E-02
   0.3900000E-05      0.4178673E-02
   0.3700000E-05      0.4408824E-02
   0.3500000E-05      0.4669182E-02
   0.3300000E-05      0.4959748E-02
   0.3100000E-05      0.5362511E-02
   0.2900000E-05      0.5847266E-02
   0.2750000E-05      0.6202561E-02
   0.2625000E-05      0.6523334E-02
   0.2475000E-05      0.6943359E-02
   0.2350000E-05      0.7320230E-02
   0.2250000E-05      0.7651073E-02
   0.2150000E-05      0.8052398E-02
   0.2050000E-05      0.8563044E-02
   0.1950000E-05      0.9076568E-02
   0.1850000E-05      0.9607353E-02
   0.1750000E-05      0.1021725E-01
   0.1650000E-05      0.1087750E-01
   0.1550000E-05      0.1166432E-01
   0.1462500E-05      0.1247129E-01
   0.1387500E-05      0.1320777E-01
   0.1312500E-05      0.1402193E-01
   0.1237500E-05      0.1497418E-01
   0.1175000E-05      0.1586601E-01
   0.1125000E-05      0.1664277E-01
   0.1075000E-05      0.1750584E-01
   0.1025000E-05      0.1848398E-01
   0.9800000E-06      0.1944774E-01
   0.9399999E-06      0.2041149E-01
   0.9000000E-06      0.2146155E-01
   0.8600000E-06      0.2262669E-01
   0.8200000E-06      0.2390690E-01
   0.7800000E-06      0.2535973E-01
   0.7400000E-06      0.2697078E-01
   0.7050000E-06      0.2856746E-01
   0.6750000E-06      0.3007782E-01
   0.6450000E-06      0.3170326E-01
   0.6150000E-06      0.3351570E-01
   0.5875000E-06      0.3537128E-01
   0.5625000E-06      0.3722687E-01
   0.5375000E-06      0.3922631E-01
   0.5125000E-06      0.4144151E-01
   0.4875000E-06      0.4390125E-01
   0.4625000E-06      0.4661990E-01
   0.4375000E-06      0.4966940E-01
   0.4125000E-06      0.5306412E-01
   0.3900000E-06      0.5655954E-01
   0.3700000E-06      0.6027071E-01
   0.3500000E-06      0.6455727E-01
   0.3300000E-06      0.6962059E-01
   0.3100000E-06      0.7596411E-01
   0.2900000E-06      0.8414884E-01
   0.2750000E-06      0.9193082E-01
   0.2625000E-06      0.1005902    
   0.2475000E-06      0.1138383    
   0.2350000E-06      0.1286542    
   0.2250000E-06      0.1445634    
   0.2150000E-06      0.1644139    
   0.2050000E-06      0.1905935    
   0.1950000E-06      0.2245408    
   0.1850000E-06      0.2689887    
   0.1750000E-06      0.3285401    
   0.1650000E-06      0.4072229    
   0.1550000E-06      0.5113661    
   0.1462500E-06      0.6309006    
   0.1387500E-06      0.7613673    
   0.1312500E-06      0.9185891    
   0.1237500E-06       1.112779    
   0.1175000E-06       1.315743    
   0.1125000E-06       1.504610    
   0.1075000E-06       1.705992    
   0.1025000E-06       1.930389    
   0.9800000E-07       2.169170    
   0.9400000E-07       2.406513    
   0.9000000E-07       2.662556    
   0.8600000E-07       2.947367    
   0.8200000E-07       3.255194    
   0.7800000E-07       3.590351    
   0.7400000E-07       3.952838    
   0.7050000E-07       4.283679    
   0.6750000E-07       4.595821    
   0.6450000E-07       4.918033    
   0.6150000E-07       5.235929    
   0.5875000E-07       5.545193    
   0.5625000E-07       5.857336    
   0.5375000E-07       6.149339    
   0.5125000E-07       6.415451    
   0.4875000E-07       6.707455    
   0.4625000E-07       7.029665    
   0.4375000E-07       7.308723    
   0.4125000E-07       7.533121    
   0.3900000E-07       7.754640    
   0.3700000E-07       7.968968    
   0.3500000E-07       8.160280    
   0.3300000E-07       8.285425    
   0.3100000E-07       8.377485    
   0.2900000E-07       8.476737    
   0.2750000E-07       8.515576    
   0.2625000E-07       8.453723    
   0.2475000E-07       8.348717    
   0.2350000E-07       8.256657    
   0.2250000E-07       8.181857    
   0.2150000E-07       8.102743    
   0.2050000E-07       8.020752    
   0.1950000E-07       7.935884    
   0.1850000E-07       7.848138    
   0.1750000E-07       7.702856    
   0.1650000E-07       7.468390    
   0.1550000E-07       7.199401    
   0.1462500E-07       6.959181    
   0.1387500E-07       6.747731    
   0.1312500E-07       6.530526    
   0.1237500E-07       6.309006    
   0.1175000E-07       6.120571    
   0.1125000E-07       5.966657    
   0.1075000E-07       5.808428    
   0.1025000E-07       5.648761    
   0.9800000E-08       5.502040    
   0.9400000E-08       5.369703    
   0.9000000E-08       5.234490    
   0.8600000E-08       5.096399    
   0.8200000E-08       4.955432    
   0.7800000E-08       4.813026    
   0.7400000E-08       4.666306    
   0.7050000E-08       4.535407    
   0.6750000E-08       4.420331    
   0.6450000E-08       4.305256    
   0.6150000E-08       4.185866    
   0.5875000E-08       4.075106    
   0.5625000E-08       3.972976    
   0.5375000E-08       3.867970    
   0.5125000E-08       3.760087    
   0.4875000E-08       3.613366    
   0.4625000E-08       3.427807    
   0.4375000E-08       3.242248    
   0.4125000E-08       3.056689    
   0.3900000E-08       2.891268    
   0.3700000E-08       2.741670    
   0.3500000E-08       2.593511    
   0.3300000E-08       2.445351    
   0.3100000E-08       2.297192    
   0.2900000E-08       2.149032    
   0.2750000E-08       2.038272    
   0.2625000E-08       1.946212    
   0.2475000E-08       1.834013    
   0.2350000E-08       1.741953    
   0.2250000E-08       1.667154    
   0.2150000E-08       1.593794    
   0.2050000E-08       1.518995    
   0.1950000E-08       1.445634    
   0.1850000E-08       1.371123    
   0.1750000E-08       1.297043    
   0.1650000E-08       1.222963    
   0.1550000E-08       1.148740    
   0.1462500E-08       1.084010    
   0.1387500E-08       1.028342    
   0.1312500E-08      0.9728183    
   0.1237500E-08      0.9171506    
   0.1175000E-08      0.8708327    
   0.1125000E-08      0.8338647    
   0.1075000E-08      0.7967529    
   0.1025000E-08      0.7596411    
   0.9800000E-09      0.7264131    
   0.9400000E-09      0.6966374    
   0.9000000E-09      0.6670055    
   0.8600000E-09      0.6373736    
   0.8200000E-09      0.6077417    
   0.7800000E-09      0.5781097    
   0.7400000E-09      0.5484779    
   0.7050000E-09      0.5225859    
   0.6750000E-09      0.5002900    
   0.6450000E-09      0.4779942    
   0.6150000E-09      0.4558422    
   0.5875000E-09      0.4354163    
   0.5625000E-09      0.4168605    
   0.5375000E-09      0.3984484    
   0.5125000E-09      0.3798925    
   0.4875000E-09      0.3613366    
   0.4625000E-09      0.3427807    
   0.4375000E-09      0.3242248    
   0.4125000E-09      0.3056689    
   0.3900000E-09      0.2891268    
   0.3700000E-09      0.2741670    
   0.3500000E-09      0.2593511    
   0.3300000E-09      0.2445351    
   0.3100000E-09      0.2297192    
   0.2900000E-09      0.2149032    
   0.2750000E-09      0.2038272    
   0.2625000E-09      0.1946212    
   0.2475000E-09      0.1834013    
   0.2350000E-09      0.1741953    
   0.2250000E-09      0.1667154    
   0.2150000E-09      0.1593794    
   0.2050000E-09      0.1518995    
   0.1950000E-09      0.1445634    
   0.1850000E-09      0.1371123    
   0.1750000E-09      0.1297043    
   0.1650000E-09      0.1222963    
   0.1550000E-09      0.1148740    
   0.1462500E-09      0.1084010    
   0.1387500E-09      0.1028342    
   0.1312500E-09      0.9728182E-01
   0.1237500E-09      0.9171505E-01
   0.1175000E-09      0.8708327E-01
   0.1125000E-09      0.8338647E-01
   0.1075000E-09      0.7967529E-01
   0.1025000E-09      0.7596411E-01
