    19.95000          0.2648692E-11
    19.85000          0.2855500E-11
    19.75000          0.3077843E-11
    19.65000          0.3317662E-11
    19.55000          0.3576900E-11
    19.45000          0.3855556E-11
    19.35000          0.4155573E-11
    19.25000          0.4478892E-11
    19.15000          0.4828426E-11
    19.05000          0.5204176E-11
    18.95000          0.5609053E-11
    18.85000          0.6045970E-11
    18.75000          0.6515900E-11
    18.65000          0.7023695E-11
    18.55000          0.7569357E-11
    18.45000          0.8157740E-11
    18.35000          0.8792726E-11
    18.25000          0.9476260E-11
    18.15000          0.1021416E-10
    18.05000          0.1101033E-10
    17.95000          0.1186474E-10
    17.85000          0.1278713E-10
    17.75000          0.1377747E-10
    17.65000          0.1484549E-10
    17.55000          0.1600090E-10
    17.45000          0.1724369E-10
    17.35000          0.1857386E-10
    17.25000          0.2002054E-10
    17.15000          0.2157403E-10
    17.05000          0.2324402E-10
    16.95000          0.2504024E-10
    16.85000          0.2698210E-10
    16.75000          0.2907930E-10
    16.65000          0.3133186E-10
    16.55000          0.3374947E-10
    16.45000          0.3637097E-10
    16.35000          0.3917696E-10
    16.25000          0.4221596E-10
    16.15000          0.4547828E-10
    16.05000          0.4899304E-10
    15.95000          0.5278937E-10
    15.85000          0.5686727E-10
    15.75000          0.6125587E-10
    15.65000          0.6599399E-10
    15.55000          0.7109138E-10
    15.45000          0.7657712E-10
    15.35000          0.8249007E-10
    15.25000          0.8884964E-10
    15.15000          0.9570440E-10
    15.05000          0.1031126E-09
    14.95000          0.1110742E-09
    14.85000          0.1196184E-09
    14.75000          0.1288422E-09
    14.65000          0.1387456E-09
    14.55000          0.1494259E-09
    14.45000          0.1608828E-09
    14.35000          0.1733107E-09
    14.25000          0.1866124E-09
    14.15000          0.2009821E-09
    14.05000          0.2164199E-09
    13.95000          0.2330228E-09
    13.85000          0.2509850E-09
    13.75000          0.2702093E-09
    13.65000          0.2909872E-09
    13.55000          0.3133185E-09
    13.45000          0.3373005E-09
    13.35000          0.3631272E-09
    13.25000          0.3892452E-09
    13.15000          0.4063334E-09
    13.05000          0.4151689E-09
    12.95000          0.4242957E-09
    12.85000          0.4337137E-09
    12.75000          0.4433258E-09
    12.65000          0.4533263E-09
    12.55000          0.4636183E-09
    12.45000          0.4742014E-09
    12.35000          0.4850757E-09
    12.25000          0.4963385E-09
    12.15000          0.5079897E-09
    12.05000          0.5199321E-09
    11.95000          0.5322630E-09
    11.85000          0.5450792E-09
    11.75000          0.5582838E-09
    11.65000          0.5718768E-09
    11.55000          0.5859552E-09
    11.45000          0.6005191E-09
    11.35000          0.6155685E-09
    11.25000          0.6311034E-09
    11.15000          0.6472208E-09
    11.05000          0.6638237E-09
    10.95000          0.6811062E-09
    10.85000          0.6989712E-09
    10.75000          0.7175160E-09
    10.65000          0.7366432E-09
    10.55000          0.7565473E-09
    10.45000          0.7771311E-09
    10.35000          0.7984914E-09
    10.25000          0.8206285E-09
    10.15000          0.8436396E-09
    10.05000          0.8676215E-09
    9.950000          0.8923802E-09
    9.850000          0.9182070E-09
    9.750000          0.9450044E-09
    9.650000          0.9728701E-09
    9.550000          0.1001998E-08
    9.450000          0.1032097E-08
    9.350000          0.1063166E-08
    9.250000          0.1096178E-08
    9.150000          0.1130161E-08
    9.050000          0.1166085E-08
    8.950000          0.1202980E-08
    8.850000          0.1241817E-08
    8.750000          0.1282596E-08
    8.650000          0.1324346E-08
    8.550000          0.1369009E-08
    8.450000          0.1414643E-08
    8.350000          0.1463189E-08
    8.250000          0.1513677E-08
    8.150000          0.1567078E-08
    8.050000          0.1622421E-08
    7.950000          0.1680677E-08
    7.850000          0.1741845E-08
    7.750000          0.1805927E-08
    7.650000          0.1873892E-08
    7.550000          0.1944769E-08
    7.450000          0.2018560E-08
    7.350000          0.2097205E-08
    7.250000          0.2179734E-08
    7.150000          0.2267118E-08
    7.050000          0.2359356E-08
    6.950000          0.2456449E-08
    6.850000          0.2558396E-08
    6.750000          0.2667140E-08
    6.650000          0.2781710E-08
    6.550000          0.2903076E-08
    6.450000          0.3032209E-08
    6.350000          0.3168139E-08
    6.250000          0.3313778E-08
    6.150000          0.3468156E-08
    6.050000          0.3632243E-08
    5.950000          0.3807010E-08
    5.850000          0.3993428E-08
    5.750000          0.4192468E-08
    5.650000          0.4402188E-08
    5.550000          0.4605113E-08
    5.450000          0.4803182E-08
    5.350000          0.5013874E-08
    5.250000          0.5238158E-08
    5.150000          0.5477006E-08
    5.050000          0.5731390E-08
    4.950000          0.6003249E-08
    4.850000          0.6294528E-08
    4.750000          0.6606196E-08
    4.650000          0.6940196E-08
    4.550000          0.7272253E-08
    4.450000          0.7576153E-08
    4.350000          0.7873258E-08
    4.250000          0.8189780E-08
    4.150000          0.8527664E-08
    4.050000          0.8886906E-08
    3.950000          0.9272365E-08
    3.850000          0.9684039E-08
    3.750000          0.1012678E-07
    3.650000          0.1062195E-07
    3.550000          0.1121422E-07
    3.450000          0.1188416E-07
    3.350000          0.1260265E-07
    3.250000          0.1339881E-07
    3.150000          0.1427265E-07
    3.050000          0.1523386E-07
    2.950000          0.1629217E-07
    2.850000          0.1746700E-07
    2.750000          0.1881659E-07
    2.650000          0.2044775E-07
    2.550000          0.2237019E-07
    2.450000          0.2442856E-07
    2.350000          0.2587524E-07
    2.250000          0.2671024E-07
    2.150000          0.2761320E-07
    2.050000          0.2883657E-07
    1.950000          0.3041918E-07
    1.850000          0.3218627E-07
    1.750000          0.3416697E-07
    1.650000          0.3614766E-07
    1.550000          0.3805068E-07
    1.450000          0.4000225E-07
    1.350000          0.4161399E-07
    1.250000          0.4378887E-07
    1.150000          0.4621618E-07
    1.050000          0.4804154E-07
   0.9800000          0.4961443E-07
   0.9400000          0.5091547E-07
   0.9000000          0.5247867E-07
   0.8600000          0.5425547E-07
   0.8200000          0.5606140E-07
   0.7800000          0.5778965E-07
   0.7400000          0.5964412E-07
   0.7050000          0.6130441E-07
   0.6750000          0.6270255E-07
   0.6450000          0.6419778E-07
   0.6150000          0.6588719E-07
   0.5875000          0.6760573E-07
   0.5625000          0.6923690E-07
   0.5375000          0.7094573E-07
   0.5125000          0.7272253E-07
   0.4875000          0.7454787E-07
   0.4625000          0.7646060E-07
   0.4375000          0.7856752E-07
   0.4125000          0.8095600E-07
   0.3900000          0.8330565E-07
   0.3700000          0.8557762E-07
   0.3500000          0.8806319E-07
   0.3300000          0.9079151E-07
   0.3100000          0.9379167E-07
   0.2900000          0.9718993E-07
   0.2750000          0.9990852E-07
   0.2625000          0.1025300E-06
   0.2475000          0.1057341E-06
   0.2350000          0.1088411E-06
   0.2250000          0.1114626E-06
   0.2150000          0.1143754E-06
   0.2050000          0.1174823E-06
   0.1950000          0.1208806E-06
   0.1850000          0.1245701E-06
   0.1750000          0.1286480E-06
   0.1650000          0.1332114E-06
   0.1550000          0.1382602E-06
   0.1462500          0.1432119E-06
   0.1387500          0.1478724E-06
   0.1312500          0.1531154E-06
   0.1237500          0.1590381E-06
   0.1175000          0.1643782E-06
   0.1125000          0.1690386E-06
   0.1075000          0.1742816E-06
   0.1025000          0.1799130E-06
   0.9800000E-01      0.1853502E-06
   0.9400000E-01      0.1905932E-06
   0.9000000E-01      0.1963217E-06
   0.8600000E-01      0.2025356E-06
   0.8200000E-01      0.2094292E-06
   0.7799999E-01      0.2170025E-06
   0.7400000E-01      0.2254496E-06
   0.7050000E-01      0.2336053E-06
   0.6750000E-01      0.2412757E-06
   0.6450000E-01      0.2496257E-06
   0.6150000E-01      0.2588495E-06
   0.5875000E-01      0.2678791E-06
   0.5625000E-01      0.2769087E-06
   0.5375000E-01      0.2867151E-06
   0.5125000E-01      0.2975895E-06
   0.4875000E-01      0.3096290E-06
   0.4625000E-01      0.3234162E-06
   0.4375000E-01      0.3390482E-06
   0.4125000E-01      0.3564278E-06
   0.3900000E-01      0.3738074E-06
   0.3700000E-01      0.3908957E-06
   0.3500000E-01      0.4095376E-06
   0.3300000E-01      0.4302183E-06
   0.3100000E-01      0.4533264E-06
   0.2900000E-01      0.4793473E-06
   0.2750000E-01      0.5013874E-06
   0.2625000E-01      0.5230390E-06
   0.2475000E-01      0.5520698E-06
   0.2350000E-01      0.5789645E-06
   0.2250000E-01      0.6025581E-06
   0.2150000E-01      0.6282876E-06
   0.2050000E-01      0.6562504E-06
   0.1950000E-01      0.6867376E-06
   0.1850000E-01      0.7203317E-06
   0.1750000E-01      0.7576153E-06
   0.1650000E-01      0.7992682E-06
   0.1550000E-01      0.8459699E-06
   0.1462500E-01      0.8927685E-06
   0.1387500E-01      0.9386934E-06
   0.1312500E-01      0.9893758E-06
   0.1237500E-01      0.1046661E-05
   0.1175000E-01      0.1100062E-05
   0.1125000E-01      0.1146666E-05
   0.1075000E-01      0.1196184E-05
   0.1025000E-01      0.1251527E-05
   0.9800000E-02      0.1304928E-05
   0.9400001E-02      0.1357358E-05
   0.9000000E-02      0.1413672E-05
   0.8600000E-02      0.1477753E-05
   0.8200000E-02      0.1548631E-05
   0.7800000E-02      0.1628247E-05
   0.7400000E-02      0.1715630E-05
   0.7050000E-02      0.1799130E-05
   0.6750000E-02      0.1880688E-05
   0.6450000E-02      0.1969043E-05
   0.6150000E-02      0.2066135E-05
   0.5875000E-02      0.2164199E-05
   0.5625000E-02      0.2261292E-05
   0.5375000E-02      0.2368094E-05
   0.5125000E-02      0.2484605E-05
   0.4875000E-02      0.2609855E-05
   0.4625000E-02      0.2742873E-05
   0.4375000E-02      0.2889482E-05
   0.4125000E-02      0.3053569E-05
   0.3900000E-02      0.3219598E-05
   0.3700000E-02      0.3392423E-05
   0.3500000E-02      0.3592435E-05
   0.3300000E-02      0.3815748E-05
   0.3100000E-02      0.4058480E-05
   0.2900000E-02      0.4337137E-05
   0.2750000E-02      0.4577927E-05
   0.2625000E-02      0.4786677E-05
   0.2475000E-02      0.5085722E-05
   0.2350000E-02      0.5349814E-05
   0.2250000E-02      0.5589634E-05
   0.2150000E-02      0.5856639E-05
   0.2050000E-02      0.6153743E-05
   0.1950000E-02      0.6476092E-05
   0.1850000E-02      0.6827568E-05
   0.1750000E-02      0.7220794E-05
   0.1650000E-02      0.7666450E-05
   0.1550000E-02      0.8155798E-05
   0.1462500E-02      0.8659710E-05
   0.1387500E-02      0.9154883E-05
   0.1312500E-02      0.9698602E-05
   0.1237500E-02      0.1029184E-04
   0.1175000E-02      0.1083556E-04
   0.1125000E-02      0.1133073E-04
   0.1075000E-02      0.1185503E-04
   0.1025000E-02      0.1244730E-04
   0.9800000E-03      0.1303957E-04
   0.9400000E-03      0.1362212E-04
   0.9000000E-03      0.1426294E-04
   0.8600000E-03      0.1495229E-04
   0.8200000E-03      0.1570962E-04
   0.7800000E-03      0.1650578E-04
   0.7400000E-03      0.1736991E-04
   0.7050000E-03      0.1820490E-04
   0.6750000E-03      0.1901077E-04
   0.6450000E-03      0.1993316E-04
   0.6150000E-03      0.2096234E-04
   0.5875000E-03      0.2203036E-04
   0.5625000E-03      0.2310809E-04
   0.5375000E-03      0.2428292E-04
   0.5125000E-03      0.2559367E-04
   0.4875000E-03      0.2703064E-04
   0.4625000E-03      0.2864238E-04
   0.4375000E-03      0.3042889E-04
   0.4125000E-03      0.3229307E-04
   0.3900000E-03      0.3404075E-04
   0.3700000E-03      0.3576900E-04
   0.3500000E-03      0.3769144E-04
   0.3300000E-03      0.3983719E-04
   0.3100000E-03      0.4225480E-04
   0.2900000E-03      0.4510933E-04
   0.2750000E-03      0.4762403E-04
   0.2625000E-03      0.4998339E-04
   0.2475000E-03      0.5308065E-04
   0.2350000E-03      0.5594489E-04
   0.2250000E-03      0.5844988E-04
   0.2150000E-03      0.6124615E-04
   0.2050000E-03      0.6423661E-04
   0.1950000E-03      0.6759603E-04
   0.1850000E-03      0.7147003E-04
   0.1750000E-03      0.7594602E-04
   0.1650000E-03      0.8101425E-04
   0.1550000E-03      0.8661651E-04
   0.1462500E-03      0.9182069E-04
   0.1387500E-03      0.9656852E-04
   0.1312500E-03      0.1018504E-03
   0.1237500E-03      0.1077730E-03
   0.1175000E-03      0.1134044E-03
   0.1125000E-03      0.1186474E-03
   0.1075000E-03      0.1242788E-03
   0.1025000E-03      0.1304928E-03
   0.9800000E-04      0.1367067E-03
   0.9400000E-04      0.1426293E-03
   0.9000000E-04      0.1491346E-03
   0.8600000E-04      0.1562224E-03
   0.8200000E-04      0.1639898E-03
   0.7800000E-04      0.1725340E-03
   0.7400000E-04      0.1821461E-03
   0.7050000E-04      0.1914671E-03
   0.6750000E-04      0.2001083E-03
   0.6450000E-04      0.2097205E-03
   0.6150000E-04      0.2202065E-03
   0.5875000E-04      0.2307897E-03
   0.5625000E-04      0.2413728E-03
   0.5375000E-04      0.2528297E-03
   0.5125000E-04      0.2653547E-03
   0.4875000E-04      0.2793361E-03
   0.4625000E-04      0.2948709E-03
   0.4375000E-04      0.3121535E-03
   0.4125000E-04      0.3315720E-03
   0.3900000E-04      0.3511847E-03
   0.3700000E-04      0.3706033E-03
   0.3500000E-04      0.3923521E-03
   0.3300000E-04      0.4167224E-03
   0.3100000E-04      0.4443939E-03
   0.2900000E-04      0.4760461E-03
   0.2750000E-04      0.5025525E-03
   0.2625000E-04      0.5273112E-03
   0.2475000E-04      0.5601285E-03
   0.2350000E-04      0.5905186E-03
   0.2250000E-04      0.6173162E-03
   0.2150000E-04      0.6466382E-03
   0.2050000E-04      0.6788730E-03
   0.1950000E-04      0.7146032E-03
   0.1850000E-04      0.7543142E-03
   0.1750000E-04      0.7986855E-03
   0.1650000E-04      0.8482030E-03
   0.1550000E-04      0.9043225E-03
   0.1462500E-04      0.9595684E-03
   0.1387500E-04      0.1012678E-02
   0.1312500E-04      0.1072876E-02
   0.1237500E-04      0.1138899E-02
   0.1175000E-04      0.1201038E-02
   0.1125000E-04      0.1256381E-02
   0.1075000E-04      0.1317550E-02
   0.1025000E-04      0.1382602E-02
   0.9800000E-05      0.1447654E-02
   0.9400001E-05      0.1509793E-02
   0.8999999E-05      0.1579700E-02
   0.8600000E-05      0.1654462E-02
   0.8200001E-05      0.1737962E-02
   0.7800000E-05      0.1829229E-02
   0.7400000E-05      0.1930205E-02
   0.7050000E-05      0.2026327E-02
   0.6750000E-05      0.2118565E-02
   0.6450000E-05      0.2219542E-02
   0.6150000E-05      0.2331199E-02
   0.5875000E-05      0.2443827E-02
   0.5625000E-05      0.2555483E-02
   0.5375000E-05      0.2677820E-02
   0.5125000E-05      0.2810838E-02
   0.4875000E-05      0.2958419E-02
   0.4625000E-05      0.3125418E-02
   0.4375000E-05      0.3310865E-02
   0.4125000E-05      0.3514760E-02
   0.3900000E-05      0.3719626E-02
   0.3700000E-05      0.3923521E-02
   0.3500000E-05      0.4154602E-02
   0.3300000E-05      0.4412869E-02
   0.3100000E-05      0.4772112E-02
   0.2900000E-05      0.5203205E-02
   0.2750000E-05      0.5518757E-02
   0.2625000E-05      0.5804209E-02
   0.2475000E-05      0.6178017E-02
   0.2350000E-05      0.6512016E-02
   0.2250000E-05      0.6813974E-02
   0.2150000E-05      0.7162538E-02
   0.2050000E-05      0.7615962E-02
   0.1950000E-05      0.8071326E-02
   0.1850000E-05      0.8546110E-02
   0.1750000E-05      0.9086918E-02
   0.1650000E-05      0.9674330E-02
   0.1550000E-05      0.1036952E-01
   0.1462500E-05      0.1108800E-01
   0.1387500E-05      0.1174823E-01
   0.1312500E-05      0.1247643E-01
   0.1237500E-05      0.1332114E-01
   0.1175000E-05      0.1410759E-01
   0.1125000E-05      0.1479695E-01
   0.1075000E-05      0.1557369E-01
   0.1025000E-05      0.1644753E-01
   0.9800000E-06      0.1730194E-01
   0.9399999E-06      0.1815636E-01
   0.9000000E-06      0.1909816E-01
   0.8600000E-06      0.2012734E-01
   0.8200000E-06      0.2127304E-01
   0.7800000E-06      0.2256437E-01
   0.7400000E-06      0.2400135E-01
   0.7050000E-06      0.2541890E-01
   0.6750000E-06      0.2675878E-01
   0.6450000E-06      0.2821518E-01
   0.6150000E-06      0.2982692E-01
   0.5875000E-06      0.3148720E-01
   0.5625000E-06      0.3312808E-01
   0.5375000E-06      0.3491458E-01
   0.5125000E-06      0.3688557E-01
   0.4875000E-06      0.3907986E-01
   0.4625000E-06      0.4150718E-01
   0.4375000E-06      0.4422578E-01
   0.4125000E-06      0.4725508E-01
   0.3900000E-06      0.5037176E-01
   0.3700000E-06      0.5371175E-01
   0.3500000E-06      0.5755663E-01
   0.3300000E-06      0.6213941E-01
   0.3100000E-06      0.6794556E-01
   0.2900000E-06      0.7552852E-01
   0.2750000E-06      0.8283960E-01
   0.2625000E-06      0.9107307E-01
   0.2475000E-06      0.1038893    
   0.2350000E-06      0.1183562    
   0.2250000E-06      0.1340852    
   0.2150000E-06      0.1538921    
   0.2050000E-06      0.1800101    
   0.1950000E-06      0.2144780    
   0.1850000E-06      0.2596262    
   0.1750000E-06      0.3206976    
   0.1650000E-06      0.4016730    
   0.1550000E-06      0.5092520    
   0.1462500E-06      0.6331423    
   0.1387500E-06      0.7689751    
   0.1312500E-06      0.9326737    
   0.1237500E-06       1.135015    
   0.1175000E-06       1.347649    
   0.1125000E-06       1.545718    
   0.1075000E-06       1.756409    
   0.1025000E-06       1.992345    
   0.9800000E-07       2.242844    
   0.9400000E-07       2.491402    
   0.9000000E-07       2.760349    
   0.8600000E-07       3.061337    
   0.8200000E-07       3.383685    
   0.7800000E-07       3.736132    
   0.7400000E-07       4.117707    
   0.7050000E-07       4.465300    
   0.6750000E-07       4.793472    
   0.6450000E-07       5.133298    
   0.6150000E-07       5.467298    
   0.5875000E-07       5.792558    
   0.5625000E-07       6.120731    
   0.5375000E-07       6.428516    
   0.5125000E-07       6.708144    
   0.4875000E-07       7.015927    
   0.4625000E-07       7.354782    
   0.4375000E-07       7.648002    
   0.4125000E-07       7.884908    
   0.3900000E-07       8.116961    
   0.3700000E-07       8.341246    
   0.3500000E-07       8.543198    
   0.3300000E-07       8.675244    
   0.3100000E-07       8.771367    
   0.2900000E-07       8.876227    
   0.2750000E-07       8.918948    
   0.2625000E-07       8.851953    
   0.2475000E-07       8.740296    
   0.2350000E-07       8.643204    
   0.2250000E-07       8.562616    
   0.2150000E-07       8.480088    
   0.2050000E-07       8.393675    
   0.1950000E-07       8.303379    
   0.1850000E-07       8.210170    
   0.1750000E-07       8.056763    
   0.1650000E-07       7.811118    
   0.1550000E-07       7.529549    
   0.1462500E-07       7.277108    
   0.1387500E-07       7.054764    
   0.1312500E-07       6.828538    
   0.1237500E-07       6.596487    
   0.1175000E-07       6.398417    
   0.1125000E-07       6.237244    
   0.1075000E-07       6.072186    
   0.1025000E-07       5.905186    
   0.9800000E-08       5.750808    
   0.9400000E-08       5.611966    
   0.9000000E-08       5.470210    
   0.8600000E-08       5.325541    
   0.8200000E-08       5.178932    
   0.7800000E-08       5.028438    
   0.7400000E-08       4.876001    
   0.7050000E-08       4.739101    
   0.6750000E-08       4.618705    
   0.6450000E-08       4.497340    
   0.6150000E-08       4.373061    
   0.5875000E-08       4.257521    
   0.5625000E-08       4.149747    
   0.5375000E-08       4.040033    
   0.5125000E-08       3.927405    
   0.4875000E-08       3.773998    
   0.4625000E-08       3.579813    
   0.4375000E-08       3.386598    
   0.4125000E-08       3.193383    
   0.3900000E-08       3.018616    
   0.3700000E-08       2.864238    
   0.3500000E-08       2.709861    
   0.3300000E-08       2.554513    
   0.3100000E-08       2.400135    
   0.2900000E-08       2.244786    
   0.2750000E-08       2.129246    
   0.2625000E-08       2.032153    
   0.2475000E-08       1.915642    
   0.2350000E-08       1.819520    
   0.2250000E-08       1.741845    
   0.2150000E-08       1.664171    
   0.2050000E-08       1.586497    
   0.1950000E-08       1.509794    
   0.1850000E-08       1.432119    
   0.1750000E-08       1.354445    
   0.1650000E-08       1.277742    
   0.1550000E-08       1.200067    
   0.1462500E-08       1.132102    
   0.1387500E-08       1.073847    
   0.1312500E-08       1.015591    
   0.1237500E-08      0.9579179    
   0.1175000E-08      0.9095656    
   0.1125000E-08      0.8708256    
   0.1075000E-08      0.8321826    
   0.1025000E-08      0.7934426    
   0.9800000E-09      0.7585862    
   0.9400000E-09      0.7277107    
   0.9000000E-09      0.6967381    
   0.8600000E-09      0.6657655    
   0.8200000E-09      0.6347929    
   0.7800000E-09      0.6038203    
   0.7400000E-09      0.5728477    
   0.7050000E-09      0.5457588    
   0.6750000E-09      0.5225536    
   0.6450000E-09      0.4993484    
   0.6150000E-09      0.4760461    
   0.5875000E-09      0.4547828    
   0.5625000E-09      0.4354613    
   0.5375000E-09      0.4160427    
   0.5125000E-09      0.3967213    
   0.4875000E-09      0.3773998    
   0.4625000E-09      0.3579813    
   0.4375000E-09      0.3386598    
   0.4125000E-09      0.3193383    
   0.3900000E-09      0.3018616    
   0.3700000E-09      0.2864239    
   0.3500000E-09      0.2709861    
   0.3300000E-09      0.2554512    
   0.3100000E-09      0.2400135    
   0.2900000E-09      0.2244786    
   0.2750000E-09      0.2129246    
   0.2625000E-09      0.2032153    
   0.2475000E-09      0.1915642    
   0.2350000E-09      0.1819520    
   0.2250000E-09      0.1741845    
   0.2150000E-09      0.1664171    
   0.2050000E-09      0.1586497    
   0.1950000E-09      0.1509794    
   0.1850000E-09      0.1432119    
   0.1750000E-09      0.1354445    
   0.1650000E-09      0.1277742    
   0.1550000E-09      0.1200067    
   0.1462500E-09      0.1132102    
   0.1387500E-09      0.1073847    
   0.1312500E-09      0.1015591    
   0.1237500E-09      0.9579178E-01
   0.1175000E-09      0.9095656E-01
   0.1125000E-09      0.8708256E-01
   0.1075000E-09      0.8321825E-01
   0.1025000E-09      0.7934426E-01
