	1.495000E+02		1.495000E+02
	1.485000E+02		1.485000E+02
	1.475000E+02		1.475000E+02
	1.465000E+02		1.465000E+02
	1.455000E+02		1.455000E+02
	1.445000E+02		1.445000E+02
	1.435000E+02		1.435000E+02
	1.425000E+02		1.425000E+02
	1.415000E+02		1.415000E+02
	1.405000E+02		1.405000E+02
	1.395000E+02		1.395000E+02
	1.385000E+02		1.385000E+02
	1.375000E+02		1.375000E+02
	1.365000E+02		1.365000E+02
	1.355000E+02		1.355000E+02
	1.345000E+02		1.345000E+02
	1.335000E+02		1.335000E+02
	1.325000E+02		1.325000E+02
	1.315000E+02		1.315000E+02
	1.305000E+02		1.305000E+02
	1.295000E+02		1.295000E+02
	1.285000E+02		1.285000E+02
	1.275000E+02		1.275000E+02
	1.265000E+02		1.265000E+02
	1.255000E+02		1.255000E+02
	1.245000E+02		1.245000E+02
	1.235000E+02		1.235000E+02
	1.225000E+02		1.225000E+02
	1.215000E+02		1.215000E+02
	1.205000E+02		1.205000E+02
	1.195000E+02		1.195000E+02
	1.185000E+02		1.185000E+02
	1.175000E+02		1.175000E+02
	1.165000E+02		1.165000E+02
	1.155000E+02		1.155000E+02
	1.145000E+02		1.145000E+02
	1.135000E+02		1.135000E+02
	1.125000E+02		1.125000E+02
	1.115000E+02		1.115000E+02
	1.105000E+02		1.105000E+02
	1.095000E+02		1.095000E+02
	1.085000E+02		1.085000E+02
	1.075000E+02		1.075000E+02
	1.065000E+02		1.065000E+02
	1.055000E+02		1.055000E+02
	1.045000E+02		1.045000E+02
	1.035000E+02		1.035000E+02
	1.025000E+02		1.025000E+02
	1.015000E+02		1.015000E+02
	1.005000E+02		1.005000E+02
	9.950000E+01		9.950000E+01
	9.850000E+01		9.850000E+01
	9.750000E+01		9.750000E+01
	9.650000E+01		9.650000E+01
	9.550000E+01		9.550000E+01
	9.450000E+01		9.450000E+01
	9.350000E+01		9.350000E+01
	9.250000E+01		9.250000E+01
	9.150000E+01		9.150000E+01
	9.050000E+01		9.050000E+01
	8.950000E+01		8.950000E+01
	8.850000E+01		8.850000E+01
	8.750000E+01		8.750000E+01
	8.650000E+01		8.650000E+01
	8.550000E+01		8.550000E+01
	8.450000E+01		8.450000E+01
	8.350000E+01		8.350000E+01
	8.250000E+01		8.250000E+01
	8.150000E+01		8.150000E+01
	8.050000E+01		8.050000E+01
	7.950000E+01		7.950000E+01
	7.850000E+01		7.850000E+01
	7.750000E+01		7.750000E+01
	7.650000E+01		7.650000E+01
	7.550000E+01		7.550000E+01
	7.450000E+01		7.450000E+01
	7.350000E+01		7.350000E+01
	7.250000E+01		7.250000E+01
	7.150000E+01		7.150000E+01
	7.050000E+01		7.050000E+01
	6.950000E+01		6.950000E+01
	6.850000E+01		6.850000E+01
	6.750000E+01		6.750000E+01
	6.650000E+01		6.650000E+01
	6.550000E+01		6.550000E+01
	6.450000E+01		6.450000E+01
	6.350000E+01		6.350000E+01
	6.250000E+01		6.250000E+01
	6.150000E+01		6.150000E+01
	6.050000E+01		6.050000E+01
	5.950000E+01		5.950000E+01
	5.850000E+01		5.850000E+01
	5.750000E+01		5.750000E+01
	5.650000E+01		5.650000E+01
	5.550000E+01		5.550000E+01
	5.450000E+01		5.450000E+01
	5.350000E+01		5.350000E+01
	5.250000E+01		5.250000E+01
	5.150000E+01		5.150000E+01
	5.050000E+01		5.050000E+01
	4.950000E+01		4.950000E+01
	4.850000E+01		4.850000E+01
	4.750000E+01		4.750000E+01
	4.650000E+01		4.650000E+01
	4.550000E+01		4.550000E+01
	4.450000E+01		4.450000E+01
	4.350000E+01		4.350000E+01
	4.250000E+01		4.250000E+01
	4.150000E+01		4.150000E+01
	4.050000E+01		4.050000E+01
	3.950000E+01		3.950000E+01
	3.850000E+01		3.850000E+01
	3.750000E+01		3.750000E+01
	3.650000E+01		3.650000E+01
	3.550000E+01		3.550000E+01
	3.450000E+01		3.450000E+01
	3.350000E+01		3.350000E+01
	3.250000E+01		3.250000E+01
	3.150000E+01		3.150000E+01
	3.050000E+01		3.050000E+01
	2.950000E+01		2.950000E+01
	2.850000E+01		2.850000E+01
	2.750000E+01		2.750000E+01
	2.650000E+01		2.650000E+01
	2.550000E+01		2.550000E+01
	2.450000E+01		2.450000E+01
	2.350000E+01		2.350000E+01
	2.250000E+01		2.250000E+01
	2.150000E+01		2.150000E+01
	2.050000E+01		2.050000E+01
	1.995000E+01		1.995000E+01
	1.985000E+01		1.985000E+01
	1.975000E+01		1.975000E+01
	1.965000E+01		1.965000E+01
	1.955000E+01		1.955000E+01
	1.945000E+01		1.945000E+01
	1.935000E+01		1.935000E+01
	1.925000E+01		1.925000E+01
	1.915000E+01		1.915000E+01
	1.905000E+01		1.905000E+01
	1.895000E+01		1.895000E+01
	1.885000E+01		1.885000E+01
	1.875000E+01		1.875000E+01
	1.865000E+01		1.865000E+01
	1.855000E+01		1.855000E+01
	1.845000E+01		1.845000E+01
	1.835000E+01		1.835000E+01
	1.825000E+01		1.825000E+01
	1.815000E+01		1.815000E+01
	1.805000E+01		1.805000E+01
	1.795000E+01		1.795000E+01
	1.785000E+01		1.785000E+01
	1.775000E+01		1.775000E+01
	1.765000E+01		1.765000E+01
	1.755000E+01		1.755000E+01
	1.745000E+01		1.745000E+01
	1.735000E+01		1.735000E+01
	1.725000E+01		1.725000E+01
	1.715000E+01		1.715000E+01
	1.705000E+01		1.705000E+01
	1.695000E+01		1.695000E+01
	1.685000E+01		1.685000E+01
	1.675000E+01		1.675000E+01
	1.665000E+01		1.665000E+01
	1.655000E+01		1.655000E+01
	1.645000E+01		1.645000E+01
	1.635000E+01		1.635000E+01
	1.625000E+01		1.625000E+01
	1.615000E+01		1.615000E+01
	1.605000E+01		1.605000E+01
	1.595000E+01		1.595000E+01
	1.585000E+01		1.585000E+01
	1.575000E+01		1.575000E+01
	1.565000E+01		1.565000E+01
	1.555000E+01		1.555000E+01
	1.545000E+01		1.545000E+01
	1.535000E+01		1.535000E+01
	1.525000E+01		1.525000E+01
	1.515000E+01		1.515000E+01
	1.505000E+01		1.505000E+01
	1.495000E+01		1.495000E+01
	1.485000E+01		1.485000E+01
	1.475000E+01		1.475000E+01
	1.465000E+01		1.465000E+01
	1.455000E+01		1.455000E+01
	1.445000E+01		1.445000E+01
	1.435000E+01		1.435000E+01
	1.425000E+01		1.425000E+01
	1.415000E+01		1.415000E+01
	1.405000E+01		1.405000E+01
	1.395000E+01		1.395000E+01
	1.385000E+01		1.385000E+01
	1.375000E+01		1.375000E+01
	1.365000E+01		1.365000E+01
	1.355000E+01		1.355000E+01
	1.345000E+01		1.345000E+01
	1.335000E+01		1.335000E+01
	1.325000E+01		1.325000E+01
	1.315000E+01		1.315000E+01
	1.305000E+01		1.305000E+01
	1.295000E+01		1.295000E+01
	1.285000E+01		1.285000E+01
	1.275000E+01		1.275000E+01
	1.265000E+01		1.265000E+01
	1.255000E+01		1.255000E+01
	1.245000E+01		1.245000E+01
	1.235000E+01		1.235000E+01
	1.225000E+01		1.225000E+01
	1.215000E+01		1.215000E+01
	1.205000E+01		1.205000E+01
	1.195000E+01		1.195000E+01
	1.185000E+01		1.185000E+01
	1.175000E+01		1.175000E+01
	1.165000E+01		1.165000E+01
	1.155000E+01		1.155000E+01
	1.145000E+01		1.145000E+01
	1.135000E+01		1.135000E+01
	1.125000E+01		1.125000E+01
	1.115000E+01		1.115000E+01
	1.105000E+01		1.105000E+01
	1.095000E+01		1.095000E+01
	1.085000E+01		1.085000E+01
	1.075000E+01		1.075000E+01
	1.065000E+01		1.065000E+01
	1.055000E+01		1.055000E+01
	1.045000E+01		1.045000E+01
	1.035000E+01		1.035000E+01
	1.025000E+01		1.025000E+01
	1.015000E+01		1.015000E+01
	1.005000E+01		1.005000E+01
	9.950000E+00		9.950000E+00
	9.850000E+00		9.850000E+00
	9.750000E+00		9.750000E+00
	9.650000E+00		9.650000E+00
	9.550000E+00		9.550000E+00
	9.450000E+00		9.450000E+00
	9.350000E+00		9.350000E+00
	9.250000E+00		9.250000E+00
	9.150000E+00		9.150000E+00
	9.050000E+00		9.050000E+00
	8.950000E+00		8.950000E+00
	8.850000E+00		8.850000E+00
	8.750000E+00		8.750000E+00
	8.650000E+00		8.650000E+00
	8.550000E+00		8.550000E+00
	8.450000E+00		8.450000E+00
	8.350000E+00		8.350000E+00
	8.250000E+00		8.250000E+00
	8.150000E+00		8.150000E+00
	8.050000E+00		8.050000E+00
	7.950000E+00		7.950000E+00
	7.850000E+00		7.850000E+00
	7.750000E+00		7.750000E+00
	7.650000E+00		7.650000E+00
	7.550000E+00		7.550000E+00
	7.450000E+00		7.450000E+00
	7.350000E+00		7.350000E+00
	7.250000E+00		7.250000E+00
	7.150000E+00		7.150000E+00
	7.050000E+00		7.050000E+00
	6.950000E+00		6.950000E+00
	6.850000E+00		6.850000E+00
	6.750000E+00		6.750000E+00
	6.650000E+00		6.650000E+00
	6.550000E+00		6.550000E+00
	6.450000E+00		6.450000E+00
	6.350000E+00		6.350000E+00
	6.250000E+00		6.250000E+00
	6.150000E+00		6.150000E+00
	6.050000E+00		6.050000E+00
	5.950000E+00		5.950000E+00
	5.850000E+00		5.850000E+00
	5.750000E+00		5.750000E+00
	5.650000E+00		5.650000E+00
	5.550000E+00		5.550000E+00
	5.450000E+00		5.450000E+00
	5.350000E+00		5.350000E+00
	5.250000E+00		5.250000E+00
	5.150000E+00		5.150000E+00
	5.050000E+00		5.050000E+00
	4.950000E+00		4.950000E+00
	4.850000E+00		4.850000E+00
	4.750000E+00		4.750000E+00
	4.650000E+00		4.650000E+00
	4.550000E+00		4.550000E+00
	4.450000E+00		4.450000E+00
	4.350000E+00		4.350000E+00
	4.250000E+00		4.250000E+00
	4.150000E+00		4.150000E+00
	4.050000E+00		4.050000E+00
	3.950000E+00		3.950000E+00
	3.850000E+00		3.850000E+00
	3.750000E+00		3.750000E+00
	3.650000E+00		3.650000E+00
	3.550000E+00		3.550000E+00
	3.450000E+00		3.450000E+00
	3.350000E+00		3.350000E+00
	3.250000E+00		3.250000E+00
	3.150000E+00		3.150000E+00
	3.050000E+00		3.050000E+00
	2.950000E+00		2.950000E+00
	2.850000E+00		2.850000E+00
	2.750000E+00		2.750000E+00
	2.650000E+00		2.650000E+00
	2.550000E+00		2.550000E+00
	2.450000E+00		2.450000E+00
	2.350000E+00		2.350000E+00
	2.250000E+00		2.250000E+00
	2.150000E+00		2.150000E+00
	2.050000E+00		2.050000E+00
	1.950000E+00		1.950000E+00
	1.850000E+00		1.850000E+00
	1.750000E+00		1.750000E+00
	1.650000E+00		1.650000E+00
	1.550000E+00		1.550000E+00
	1.450000E+00		1.450000E+00
	1.350000E+00		1.350000E+00
	1.250000E+00		1.250000E+00
	1.150000E+00		1.150000E+00
	1.050000E+00		1.050000E+00
	9.800000E-01		9.800000E-01
	9.400000E-01		9.400000E-01
	9.000000E-01		9.000000E-01
	8.600000E-01		8.600000E-01
	8.200000E-01		8.200000E-01
	7.800000E-01		7.800000E-01
	7.400000E-01		7.400000E-01
	7.050000E-01		7.050000E-01
	6.750000E-01		6.750000E-01
	6.450000E-01		6.450000E-01
	6.150000E-01		6.150000E-01
	5.875000E-01		5.875000E-01
	5.625000E-01		5.625000E-01
	5.375000E-01		5.375000E-01
	5.125000E-01		5.125000E-01
	4.875000E-01		4.875000E-01
	4.625000E-01		4.625000E-01
	4.375000E-01		4.375000E-01
	4.125000E-01		4.125000E-01
	3.900000E-01		3.900000E-01
	3.700000E-01		3.700000E-01
	3.500000E-01		3.500000E-01
	3.300000E-01		3.300000E-01
	3.100000E-01		3.100000E-01
	2.900000E-01		2.900000E-01
	2.750000E-01		2.750000E-01
	2.625000E-01		2.625000E-01
	2.475000E-01		2.475000E-01
	2.350000E-01		2.350000E-01
	2.250000E-01		2.250000E-01
	2.150000E-01		2.150000E-01
	2.050000E-01		2.050000E-01
	1.950000E-01		1.950000E-01
	1.850000E-01		1.850000E-01
	1.750000E-01		1.750000E-01
	1.650000E-01		1.650000E-01
	1.550000E-01		1.550000E-01
	1.462500E-01		1.462500E-01
	1.387500E-01		1.387500E-01
	1.312500E-01		1.312500E-01
	1.237500E-01		1.237500E-01
	1.175000E-01		1.175000E-01
	1.125000E-01		1.125000E-01
	1.075000E-01		1.075000E-01
	1.025000E-01		1.025000E-01
	9.800000E-02		9.800000E-02
	9.400000E-02		9.400000E-02
	9.000000E-02		9.000000E-02
	8.600000E-02		8.600000E-02
	8.200000E-02		8.200000E-02
	7.800000E-02		7.800000E-02
	7.400000E-02		7.400000E-02
	7.050000E-02		7.050000E-02
	6.750000E-02		6.750000E-02
	6.450000E-02		6.450000E-02
	6.150000E-02		6.150000E-02
	5.875000E-02		5.875000E-02
	5.625000E-02		5.625000E-02
	5.375000E-02		5.375000E-02
	5.125000E-02		5.125000E-02
	4.875000E-02		4.875000E-02
	4.625000E-02		4.625000E-02
	4.375000E-02		4.375000E-02
	4.125000E-02		4.125000E-02
	3.900000E-02		3.900000E-02
	3.700000E-02		3.700000E-02
	3.500000E-02		3.500000E-02
	3.300000E-02		3.300000E-02
	3.100000E-02		3.100000E-02
	2.900000E-02		2.900000E-02
	2.750000E-02		2.750000E-02
	2.625000E-02		2.625000E-02
	2.475000E-02		2.475000E-02
	2.350000E-02		2.350000E-02
	2.250000E-02		2.250000E-02
	2.150000E-02		2.150000E-02
	2.050000E-02		2.050000E-02
	1.950000E-02		1.950000E-02
	1.850000E-02		1.850000E-02
	1.750000E-02		1.750000E-02
	1.650000E-02		1.650000E-02
	1.550000E-02		1.550000E-02
	1.462500E-02		1.462500E-02
	1.387500E-02		1.387500E-02
	1.312500E-02		1.312500E-02
	1.237500E-02		1.237500E-02
	1.175000E-02		1.175000E-02
	1.125000E-02		1.125000E-02
	1.075000E-02		1.075000E-02
	1.025000E-02		1.025000E-02
	9.800000E-03		9.800000E-03
	9.400000E-03		9.400000E-03
	9.000000E-03		9.000000E-03
	8.600000E-03		8.600000E-03
	8.200000E-03		8.200000E-03
	7.800000E-03		7.800000E-03
	7.400000E-03		7.400000E-03
	7.050000E-03		7.050000E-03
	6.750000E-03		6.750000E-03
	6.450000E-03		6.450000E-03
	6.150000E-03		6.150000E-03
	5.875000E-03		5.875000E-03
	5.625000E-03		5.625000E-03
	5.375000E-03		5.375000E-03
	5.125000E-03		5.125000E-03
	4.875000E-03		4.875000E-03
	4.625000E-03		4.625000E-03
	4.375000E-03		4.375000E-03
	4.125000E-03		4.125000E-03
	3.900000E-03		3.900000E-03
	3.700000E-03		3.700000E-03
	3.500000E-03		3.500000E-03
	3.300000E-03		3.300000E-03
	3.100000E-03		3.100000E-03
	2.900000E-03		2.900000E-03
	2.750000E-03		2.750000E-03
	2.625000E-03		2.625000E-03
	2.475000E-03		2.475000E-03
	2.350000E-03		2.350000E-03
	2.250000E-03		2.250000E-03
	2.150000E-03		2.150000E-03
	2.050000E-03		2.050000E-03
	1.950000E-03		1.950000E-03
	1.850000E-03		1.850000E-03
	1.750000E-03		1.750000E-03
	1.650000E-03		1.650000E-03
	1.550000E-03		1.550000E-03
	1.462500E-03		1.462500E-03
	1.387500E-03		1.387500E-03
	1.312500E-03		1.312500E-03
	1.237500E-03		1.237500E-03
	1.175000E-03		1.175000E-03
	1.125000E-03		1.125000E-03
	1.075000E-03		1.075000E-03
	1.025000E-03		1.025000E-03
	9.800000E-04		9.800000E-04
	9.400000E-04		9.400000E-04
	9.000000E-04		9.000000E-04
	8.600000E-04		8.600000E-04
	8.200000E-04		8.200000E-04
	7.800000E-04		7.800000E-04
	7.400000E-04		7.400000E-04
	7.050000E-04		7.050000E-04
	6.750000E-04		6.750000E-04
	6.450000E-04		6.450000E-04
	6.150000E-04		6.150000E-04
	5.875000E-04		5.875000E-04
	5.625000E-04		5.625000E-04
	5.375000E-04		5.375000E-04
	5.125000E-04		5.125000E-04
	4.875000E-04		4.875000E-04
	4.625000E-04		4.625000E-04
	4.375000E-04		4.375000E-04
	4.125000E-04		4.125000E-04
	3.900000E-04		3.900000E-04
	3.700000E-04		3.700000E-04
	3.500000E-04		3.500000E-04
	3.300000E-04		3.300000E-04
	3.100000E-04		3.100000E-04
	2.900000E-04		2.900000E-04
	2.750000E-04		2.750000E-04
	2.625000E-04		2.625000E-04
	2.475000E-04		2.475000E-04
	2.350000E-04		2.350000E-04
	2.250000E-04		2.250000E-04
	2.150000E-04		2.150000E-04
	2.050000E-04		2.050000E-04
	1.950000E-04		1.950000E-04
	1.850000E-04		1.850000E-04
	1.750000E-04		1.750000E-04
	1.650000E-04		1.650000E-04
	1.550000E-04		1.550000E-04
	1.462500E-04		1.462500E-04
	1.387500E-04		1.387500E-04
	1.312500E-04		1.312500E-04
	1.237500E-04		1.237500E-04
	1.175000E-04		1.175000E-04
	1.125000E-04		1.125000E-04
	1.075000E-04		1.075000E-04
	1.025000E-04		1.025000E-04
	9.800000E-05		9.800000E-05
	9.400000E-05		9.400000E-05
	9.000000E-05		9.000000E-05
	8.600000E-05		8.600000E-05
	8.200000E-05		8.200000E-05
	7.800000E-05		7.800000E-05
	7.400000E-05		7.400000E-05
	7.050000E-05		7.050000E-05
	6.750000E-05		6.750000E-05
	6.450000E-05		6.450000E-05
	6.150000E-05		6.150000E-05
	5.875000E-05		5.875000E-05
	5.625000E-05		5.625000E-05
	5.375000E-05		5.375000E-05
	5.125000E-05		5.125000E-05
	4.875000E-05		4.875000E-05
	4.625000E-05		4.625000E-05
	4.375000E-05		4.375000E-05
	4.125000E-05		4.125000E-05
	3.900000E-05		3.900000E-05
	3.700000E-05		3.700000E-05
	3.500000E-05		3.500000E-05
	3.300000E-05		3.300000E-05
	3.100000E-05		3.100000E-05
	2.900000E-05		2.900000E-05
	2.750000E-05		2.750000E-05
	2.625000E-05		2.625000E-05
	2.475000E-05		2.475000E-05
	2.350000E-05		2.350000E-05
	2.250000E-05		2.250000E-05
	2.150000E-05		2.150000E-05
	2.050000E-05		2.050000E-05
	1.950000E-05		1.950000E-05
	1.850000E-05		1.850000E-05
	1.750000E-05		1.750000E-05
	1.650000E-05		1.650000E-05
	1.550000E-05		1.550000E-05
	1.462500E-05		1.462500E-05
	1.387500E-05		1.387500E-05
	1.312500E-05		1.312500E-05
	1.237500E-05		1.237500E-05
	1.175000E-05		1.175000E-05
	1.125000E-05		1.125000E-05
	1.075000E-05		1.075000E-05
	1.025000E-05		1.025000E-05
	9.800000E-06		9.800000E-06
	9.400000E-06		9.400000E-06
	9.000000E-06		9.000000E-06
	8.600000E-06		8.600000E-06
	8.200000E-06		8.200000E-06
	7.800000E-06		7.800000E-06
	7.400000E-06		7.400000E-06
	7.050000E-06		7.050000E-06
	6.750000E-06		6.750000E-06
	6.450000E-06		6.450000E-06
	6.150000E-06		6.150000E-06
	5.875000E-06		5.875000E-06
	5.625000E-06		5.625000E-06
	5.375000E-06		5.375000E-06
	5.125000E-06		5.125000E-06
	4.875000E-06		4.875000E-06
	4.625000E-06		4.625000E-06
	4.375000E-06		4.375000E-06
	4.125000E-06		4.125000E-06
	3.900000E-06		3.900000E-06
	3.700000E-06		3.700000E-06
	3.500000E-06		3.500000E-06
	3.300000E-06		3.300000E-06
	3.100000E-06		3.100000E-06
	2.900000E-06		2.900000E-06
	2.750000E-06		2.750000E-06
	2.625000E-06		2.625000E-06
	2.475000E-06		2.475000E-06
	2.350000E-06		2.350000E-06
	2.250000E-06		2.250000E-06
	2.150000E-06		2.150000E-06
	2.050000E-06		2.050000E-06
	1.950000E-06		1.950000E-06
	1.850000E-06		1.850000E-06
	1.750000E-06		1.750000E-06
	1.650000E-06		1.650000E-06
	1.550000E-06		1.550000E-06
	1.462500E-06		1.462500E-06
	1.387500E-06		1.387500E-06
	1.312500E-06		1.312500E-06
	1.237500E-06		1.237500E-06
	1.175000E-06		1.175000E-06
	1.125000E-06		1.125000E-06
	1.075000E-06		1.075000E-06
	1.025000E-06		1.025000E-06
	9.800000E-07		9.800000E-07
	9.400000E-07		9.400000E-07
	9.000000E-07		9.000000E-07
	8.600000E-07		8.600000E-07
	8.200000E-07		8.200000E-07
	7.800000E-07		7.800000E-07
	7.400000E-07		7.400000E-07
	7.050000E-07		7.050000E-07
	6.750000E-07		6.750000E-07
	6.450000E-07		6.450000E-07
	6.150000E-07		6.150000E-07
	5.875000E-07		5.875000E-07
	5.625000E-07		5.625000E-07
	5.375000E-07		5.375000E-07
	5.125000E-07		5.125000E-07
	4.875000E-07		4.875000E-07
	4.625000E-07		4.625000E-07
	4.375000E-07		4.375000E-07
	4.125000E-07		4.125000E-07
	3.900000E-07		3.900000E-07
	3.700000E-07		3.700000E-07
	3.500000E-07		3.500000E-07
	3.300000E-07		3.300000E-07
	3.100000E-07		3.100000E-07
	2.900000E-07		2.900000E-07
	2.750000E-07		2.750000E-07
	2.625000E-07		2.625000E-07
	2.475000E-07		2.475000E-07
	2.350000E-07		2.350000E-07
	2.250000E-07		2.250000E-07
	2.150000E-07		2.150000E-07
	2.050000E-07		2.050000E-07
	1.950000E-07		1.950000E-07
	1.850000E-07		1.850000E-07
	1.750000E-07		1.750000E-07
	1.650000E-07		1.650000E-07
	1.550000E-07		1.550000E-07
	1.462500E-07		1.462500E-07
	1.387500E-07		1.387500E-07
	1.312500E-07		1.312500E-07
	1.237500E-07		1.237500E-07
	1.175000E-07		1.175000E-07
	1.125000E-07		1.125000E-07
	1.075000E-07		1.075000E-07
	1.025000E-07		1.025000E-07
	9.800000E-08		9.800000E-08
	9.400000E-08		9.400000E-08
	9.000000E-08		9.000000E-08
	8.600000E-08		8.600000E-08
	8.200000E-08		8.200000E-08
	7.800000E-08		7.800000E-08
	7.400000E-08		7.400000E-08
	7.050000E-08		7.050000E-08
	6.750000E-08		6.750000E-08
	6.450000E-08		6.450000E-08
	6.150000E-08		6.150000E-08
	5.875000E-08		5.875000E-08
	5.625000E-08		5.625000E-08
	5.375000E-08		5.375000E-08
	5.125000E-08		5.125000E-08
	4.875000E-08		4.875000E-08
	4.625000E-08		4.625000E-08
	4.375000E-08		4.375000E-08
	4.125000E-08		4.125000E-08
	3.900000E-08		3.900000E-08
	3.700000E-08		3.700000E-08
	3.500000E-08		3.500000E-08
	3.300000E-08		3.300000E-08
	3.100000E-08		3.100000E-08
	2.900000E-08		2.900000E-08
	2.750000E-08		2.750000E-08
	2.625000E-08		2.625000E-08
	2.475000E-08		2.475000E-08
	2.350000E-08		2.350000E-08
	2.250000E-08		2.250000E-08
	2.150000E-08		2.150000E-08
	2.050000E-08		2.050000E-08
	1.950000E-08		1.950000E-08
	1.850000E-08		1.850000E-08
	1.750000E-08		1.750000E-08
	1.650000E-08		1.650000E-08
	1.550000E-08		1.550000E-08
	1.462500E-08		1.462500E-08
	1.387500E-08		1.387500E-08
	1.312500E-08		1.312500E-08
	1.237500E-08		1.237500E-08
	1.175000E-08		1.175000E-08
	1.125000E-08		1.125000E-08
	1.075000E-08		1.075000E-08
	1.025000E-08		1.025000E-08
	9.800000E-09		9.800000E-09
	9.400000E-09		9.400000E-09
	9.000000E-09		9.000000E-09
	8.600000E-09		8.600000E-09
	8.200000E-09		8.200000E-09
	7.800000E-09		7.800000E-09
	7.400000E-09		7.400000E-09
	7.050000E-09		7.050000E-09
	6.750000E-09		6.750000E-09
	6.450000E-09		6.450000E-09
	6.150000E-09		6.150000E-09
	5.875000E-09		5.875000E-09
	5.625000E-09		5.625000E-09
	5.375000E-09		5.375000E-09
	5.125000E-09		5.125000E-09
	4.875000E-09		4.875000E-09
	4.625000E-09		4.625000E-09
	4.375000E-09		4.375000E-09
	4.125000E-09		4.125000E-09
	3.900000E-09		3.900000E-09
	3.700000E-09		3.700000E-09
	3.500000E-09		3.500000E-09
	3.300000E-09		3.300000E-09
	3.100000E-09		3.100000E-09
	2.900000E-09		2.900000E-09
	2.750000E-09		2.750000E-09
	2.625000E-09		2.625000E-09
	2.475000E-09		2.475000E-09
	2.350000E-09		2.350000E-09
	2.250000E-09		2.250000E-09
	2.150000E-09		2.150000E-09
	2.050000E-09		2.050000E-09
	1.950000E-09		1.950000E-09
	1.850000E-09		1.850000E-09
	1.750000E-09		1.750000E-09
	1.650000E-09		1.650000E-09
	1.550000E-09		1.550000E-09
	1.462500E-09		1.462500E-09
	1.387500E-09		1.387500E-09
	1.312500E-09		1.312500E-09
	1.237500E-09		1.237500E-09
	1.175000E-09		1.175000E-09
	1.125000E-09		1.125000E-09
	1.075000E-09		1.075000E-09
	1.025000E-09		1.025000E-09
	9.800000E-10		9.800000E-10
	9.400000E-10		9.400000E-10
	9.000000E-10		9.000000E-10
	8.600000E-10		8.600000E-10
	8.200000E-10		8.200000E-10
	7.800000E-10		7.800000E-10
	7.400000E-10		7.400000E-10
	7.050000E-10		7.050000E-10
	6.750000E-10		6.750000E-10
	6.450000E-10		6.450000E-10
	6.150000E-10		6.150000E-10
	5.875000E-10		5.875000E-10
	5.625000E-10		5.625000E-10
	5.375000E-10		5.375000E-10
	5.125000E-10		5.125000E-10
	4.875000E-10		4.875000E-10
	4.625000E-10		4.625000E-10
	4.375000E-10		4.375000E-10
	4.125000E-10		4.125000E-10
	3.900000E-10		3.900000E-10
	3.700000E-10		3.700000E-10
	3.500000E-10		3.500000E-10
	3.300000E-10		3.300000E-10
	3.100000E-10		3.100000E-10
	2.900000E-10		2.900000E-10
	2.750000E-10		2.750000E-10
	2.625000E-10		2.625000E-10
	2.475000E-10		2.475000E-10
	2.350000E-10		2.350000E-10
	2.250000E-10		2.250000E-10
	2.150000E-10		2.150000E-10
	2.050000E-10		2.050000E-10
	1.950000E-10		1.950000E-10
	1.850000E-10		1.850000E-10
	1.750000E-10		1.750000E-10
	1.650000E-10		1.650000E-10
	1.550000E-10		1.550000E-10
	1.462500E-10		1.462500E-10
	1.387500E-10		1.387500E-10
	1.312500E-10		1.312500E-10
	1.237500E-10		1.237500E-10
	1.175000E-10		1.175000E-10
	1.125000E-10		1.125000E-10
	1.075000E-10		1.075000E-10
	1.025000E-10		1.025000E-10
