    19.95000           309545.0    
    19.85000           308655.0    
    19.75000           307770.0    
    19.65000           306880.0    
    19.55000           305990.0    
    19.45000           305070.0    
    19.35000           304105.0    
    19.25000           303140.0    
    19.15000           302180.0    
    19.05000           301220.0    
    18.95000           300245.0    
    18.85000           299265.0    
    18.75000           298290.0    
    18.65000           297310.0    
    18.55000           296335.0    
    18.45000           295370.0    
    18.35000           294450.0    
    18.25000           293540.0    
    18.15000           292630.0    
    18.05000           291720.0    
    17.95000           290775.0    
    17.85000           289800.0    
    17.75000           288830.0    
    17.65000           287860.0    
    17.55000           286885.0    
    17.45000           285890.0    
    17.35000           284875.0    
    17.25000           283860.0    
    17.15000           282840.0    
    17.05000           281825.0    
    16.95000           280705.0    
    16.85000           279495.0    
    16.75000           278280.0    
    16.65000           277070.0    
    16.55000           275855.0    
    16.45000           274600.0    
    16.35000           273310.0    
    16.25000           272020.0    
    16.15000           270730.0    
    16.05000           269435.0    
    15.95000           268100.0    
    15.85000           266735.0    
    15.75000           265365.0    
    15.65000           263995.0    
    15.55000           262635.0    
    15.45000           261205.0    
    15.35000           259725.0    
    15.25000           258240.0    
    15.15000           256760.0    
    15.05000           255280.0    
    14.95000           254095.0    
    14.85000           253185.0    
    14.75000           252280.0    
    14.65000           251375.0    
    14.55000           250470.0    
    14.45000           249575.0    
    14.35000           248690.0    
    14.25000           247800.0    
    14.15000           246830.0    
    14.05000           245855.0    
    13.95000           245025.0    
    13.85000           244315.0    
    13.75000           243590.0    
    13.65000           242720.0    
    13.55000           241830.0    
    13.45000           240905.0    
    13.35000           239950.0    
    13.25000           239005.0    
    13.15000           237985.0    
    13.05000           236960.0    
    12.95000           236225.0    
    12.85000           235770.0    
    12.75000           235285.0    
    12.65000           234645.0    
    12.55000           233980.0    
    12.45000           233265.0    
    12.35000           232495.0    
    12.25000           231725.0    
    12.15000           230895.0    
    12.05000           230055.0    
    11.95000           229230.0    
    11.85000           228475.0    
    11.75000           227805.0    
    11.65000           227080.0    
    11.55000           226455.0    
    11.45000           225770.0    
    11.35000           225050.0    
    11.25000           224485.0    
    11.15000           223915.0    
    11.05000           223485.0    
    10.95000           222805.0    
    10.85000           221920.0    
    10.75000           221140.0    
    10.65000           220390.0    
    10.55000           219715.0    
    10.45000           219070.0    
    10.35000           218525.0    
    10.25000           218155.0    
    10.15000           217735.0    
    10.05000           217340.0    
    9.950000           216825.0    
    9.850000           216225.0    
    9.750000           215595.0    
    9.650000           214955.0    
    9.550000           214475.0    
    9.450000           213905.0    
    9.350000           212860.0    
    9.250000           211715.0    
    9.150000           210520.0    
    9.050000           209320.0    
    8.950000           208145.0    
    8.850000           207000.0    
    8.750000           205860.0    
    8.650000           204700.0    
    8.550000           203545.0    
    8.450000           202350.0    
    8.350000           201130.0    
    8.250000           199910.0    
    8.150000           198660.0    
    8.050000           197420.0    
    7.950000           196055.0    
    7.850000           194580.0    
    7.750000           193100.0    
    7.650000           191580.0    
    7.550000           190050.0    
    7.450000           188510.0    
    7.350000           186965.0    
    7.250000           185420.0    
    7.150000           183865.0    
    7.050000           182315.0    
    6.950000           180800.0    
    6.850000           179335.0    
    6.750000           177870.0    
    6.650000           176395.0    
    6.550000           174925.0    
    6.450000           173410.0    
    6.350000           171865.0    
    6.250000           170315.0    
    6.150000           168730.0    
    6.050000           167140.0    
    5.950000           165440.0    
    5.850000           163635.0    
    5.750000           161820.0    
    5.650000           159955.0    
    5.550000           158075.0    
    5.450000           156175.0    
    5.350000           154250.0    
    5.250000           152315.0    
    5.150000           150330.0    
    5.050000           148330.0    
    4.950000           146260.0    
    4.850000           144100.0    
    4.750000           141900.0    
    4.650000           139660.0    
    4.550000           137395.0    
    4.450000           135100.0    
    4.350000           132760.0    
    4.250000           130365.0    
    4.150000           127935.0    
    4.050000           125470.0    
    3.950000           122855.0    
    3.850000           120095.0    
    3.750000           117345.0    
    3.650000           114585.0    
    3.550000           111805.0    
    3.450000           109015.0    
    3.350000           106235.0    
    3.250000           103450.0    
    3.150000           100660.0    
    3.050000           97886.00    
    2.950000           95552.50    
    2.850000           93598.00    
    2.750000           91528.00    
    2.650000           89368.50    
    2.550000           87152.00    
    2.450000           84875.00    
    2.350000           82417.00    
    2.250000           80220.50    
    2.150000           79508.50    
    2.050000           79314.50    
    1.950000           78564.50    
    1.850000           74912.00    
    1.750000           71875.50    
    1.650000           69672.50    
    1.550000           67893.00    
    1.450000           66231.00    
    1.350000           64542.00    
    1.250000           62784.00    
    1.150000           60833.50    
    1.050000           58645.00    
   0.9800000           57053.00    
   0.9400000           56093.50    
   0.9000000           55119.50    
   0.8600000           54150.00    
   0.8200000           53158.00    
   0.7800000           52128.50    
   0.7400000           51061.50    
   0.7050000           50111.00    
   0.6750000           49356.00    
   0.6450000           48594.50    
   0.6150000           47753.00    
   0.5875000           46932.50    
   0.5625000           46139.50    
   0.5375000           45282.50    
   0.5125000           44360.50    
   0.4875000           43362.50    
   0.4625000           42288.50    
   0.4375000           41131.50    
   0.4125000           39892.00    
   0.3900000           38726.50    
   0.3700000           37637.00    
   0.3500000           36527.50    
   0.3300000           35270.50    
   0.3100000           33927.00    
   0.2900000           32506.50    
   0.2750000           31390.00    
   0.2625000           30413.50    
   0.2475000           29212.00    
   0.2350000           28149.50    
   0.2250000           27290.50    
   0.2150000           26393.00    
   0.2050000           25488.50    
   0.1950000           24658.00    
   0.1850000           23902.00    
   0.1750000           23132.00    
   0.1650000           22279.50    
   0.1550000           21414.00    
   0.1462500           20537.50    
   0.1387500           19650.00    
   0.1312500           18759.00    
   0.1237500           17857.00    
   0.1175000           17077.00    
   0.1125000           16451.00    
   0.1075000           15821.50    
   0.1025000           15192.00    
   0.9800000E-01       14580.00    
   0.9400000E-01       13991.00    
   0.9000000E-01       13403.00    
   0.8600000E-01       12814.50    
   0.8200000E-01       12227.50    
   0.7800000E-01       11640.50    
   0.7400000E-01       11055.00    
   0.7050000E-01       10544.40    
   0.6750000E-01       10104.85    
   0.6450000E-01       9666.100    
   0.6150001E-01       9226.850    
   0.5875000E-01       8825.700    
   0.5625000E-01       8460.551    
   0.5375000E-01       8094.850    
   0.5125000E-01       7728.700    
   0.4875000E-01       7366.550    
   0.4625000E-01       7008.350    
   0.4375000E-01       6649.250    
   0.4125000E-01       6289.250    
   0.3900000E-01       6000.650    
   0.3700000E-01       5781.450    
   0.3500000E-01       5560.200    
   0.3300000E-01       5326.400    
   0.3100000E-01       5083.250    
   0.2900000E-01       4831.450    
   0.2750000E-01       4638.950    
   0.2625000E-01       4471.400    
   0.2475000E-01       4268.650    
   0.2350000E-01       4096.600    
   0.2250000E-01       3957.500    
   0.2150000E-01       3814.350    
   0.2050000E-01       3670.300    
   0.1950000E-01       3523.500    
   0.1850000E-01       3374.000    
   0.1750000E-01       3223.750    
   0.1650000E-01       3069.100    
   0.1550000E-01       2913.600    
   0.1462500E-01       2775.500    
   0.1387500E-01       2654.450    
   0.1312500E-01       2531.800    
   0.1237500E-01       2408.400    
   0.1175000E-01       2304.800    
   0.1125000E-01       2221.250    
   0.1075000E-01       2136.950    
   0.1025000E-01       2051.850    
   0.9800000E-02       2064.000    
   0.9400000E-02       2136.200    
   0.9000000E-02       2267.850    
   0.8600000E-02       1835.500    
   0.8200000E-02       2066.350    
   0.7800000E-02       1748.850    
   0.7400000E-02       1687.850    
   0.7050000E-02       1934.800    
   0.6750000E-02       1419.800    
   0.6450000E-02       2395.600    
   0.6150000E-02       2641.050    
   0.5875000E-02       2106.700    
   0.5625000E-02       2987.050    
   0.5375000E-02       1225.250    
   0.5125000E-02       1627.950    
   0.4875000E-02       1711.000    
   0.4625000E-02       1483.550    
   0.4375000E-02       987.9100    
   0.4125000E-02       1004.660    
   0.3900000E-02       2117.760    
   0.3700000E-02       1351.860    
   0.3500000E-02       2013.040    
   0.3300000E-02       679.4850    
   0.3100000E-02       928.8150    
   0.2900000E-02       1034.580    
   0.2750000E-02       1938.595    
   0.2625000E-02       1429.930    
   0.2475000E-02       701.3900    
   0.2350000E-02       571.2450    
   0.2250000E-02       531.8700    
   0.2150000E-02       518.7800    
   0.2050000E-02       674.7950    
   0.1950000E-02       900.0600    
   0.1850000E-02       1360.335    
   0.1750000E-02       616.2700    
   0.1650000E-02       1677.515    
   0.1550000E-02       444.4700    
   0.1462500E-02       1372.755    
   0.1387500E-02       505.3050    
   0.1312500E-02       1845.455    
   0.1237500E-02       310.9900    
   0.1175000E-02       312.3150    
   0.1125000E-02       637.7400    
   0.1075000E-02       312.6200    
   0.1025000E-02       311.5500    
   0.9800000E-03       326.0750    
   0.9400000E-03       1898.640    
   0.9000000E-03       328.1450    
   0.8600000E-03       342.7050    
   0.8200000E-03       883.5400    
   0.7800000E-03       448.2350    
   0.7400000E-03       5019.410    
   0.7050000E-03       404.2800    
   0.6750000E-03       1818.675    
   0.6450000E-03       370.7850    
   0.6150000E-03       349.5400    
   0.5875000E-03       368.0950    
   0.5625000E-03       470.9000    
   0.5375000E-03       6427.470    
   0.5125000E-03       487.1450    
   0.4875000E-03       448.0250    
   0.4625000E-03       861.6950    
   0.4375000E-03       383.2750    
   0.4125000E-03       415.4300    
   0.3900000E-03       504.8050    
   0.3700000E-03       503.7950    
   0.3500000E-03       547.7900    
   0.3300000E-03       5449.085    
   0.3100000E-03       5863.295    
   0.2900000E-03       462.4550    
   0.2750000E-03       384.0400    
   0.2625000E-03       383.9000    
   0.2475000E-03       2431.250    
   0.2350000E-03       256.7300    
   0.2250000E-03       206.6250    
   0.2150000E-03       190.2850    
   0.2050000E-03       182.1095    
   0.1950000E-03       182.9055    
   0.1850000E-03       187.9900    
   0.1750000E-03       205.6950    
   0.1650000E-03       246.3950    
   0.1550000E-03       314.2600    
   0.1462500E-03       385.9350    
   0.1387500E-03       443.6200    
   0.1312500E-03       518.8050    
   0.1237500E-03       618.0100    
   0.1175000E-03       688.3100    
   0.1125000E-03       716.1500    
   0.1075000E-03       781.3200    
   0.1025000E-03       862.4650    
   0.9800000E-04       919.3700    
   0.9400000E-04       6243.750    
   0.9000000E-04       2001.865    
   0.8600000E-04       499.8500    
   0.8200000E-04       353.9650    
   0.7800000E-04       278.4550    
   0.7400000E-04       233.4650    
   0.7050000E-04       209.1900    
   0.6750000E-04       198.4320    
   0.6450000E-04       195.0785    
   0.6150000E-04       199.6615    
   0.5875000E-04       215.6470    
   0.5625000E-04       256.7390    
   0.5375000E-04       401.6430    
   0.5125000E-04       748.2525    
   0.4875000E-04       7566.018    
   0.4625000E-04       46154.87    
   0.4375000E-04       996.0290    
   0.4125000E-04       404.8990    
   0.3900000E-04       183.0030    
   0.3700000E-04       184.1735    
   0.3500000E-04       186.0030    
   0.3300000E-04       187.8640    
   0.3100000E-04       189.7295    
   0.2900000E-04       191.6130    
   0.2750000E-04       193.0390    
   0.2625000E-04       194.2325    
   0.2475000E-04       195.6725    
   0.2350000E-04       196.8920    
   0.2250000E-04       197.8715    
   0.2150000E-04       198.8695    
   0.2050000E-04       199.8700    
   0.1950000E-04       200.9570    
   0.1850000E-04       202.1185    
   0.1750000E-04       203.2865    
   0.1650000E-04       204.4950    
   0.1550000E-04       205.7530    
   0.1462500E-04       206.8795    
   0.1387500E-04       207.8690    
   0.1312500E-04       208.8980    
   0.1237500E-04       209.9530    
   0.1175000E-04       210.8815    
   0.1125000E-04       211.6375    
   0.1075000E-04       212.4355    
   0.1025000E-04       213.2425    
   0.9800000E-05       214.3595    
   0.9400000E-05       215.7765    
   0.9000000E-05       217.1940    
   0.8600000E-05       218.6500    
   0.8200000E-05       220.1755    
   0.7800000E-05       221.7025    
   0.7400000E-05       223.2485    
   0.7050000E-05       224.6455    
   0.6750000E-05       225.8785    
   0.6450000E-05       227.1520    
   0.6150000E-05       228.4480    
   0.5875000E-05       229.6910    
   0.5625000E-05       230.8735    
   0.5375000E-05       232.0860    
   0.5125000E-05       233.3020    
   0.4875000E-05       235.3385    
   0.4625000E-05       238.1795    
   0.4375000E-05       241.0385    
   0.4125000E-05       243.9935    
   0.3900000E-05       246.7410    
   0.3700000E-05       249.2315    
   0.3500000E-05       251.7695    
   0.3300000E-05       254.3810    
   0.3100000E-05       257.0655    
   0.2900000E-05       259.8600    
   0.2750000E-05       262.0040    
   0.2625000E-05       263.8740    
   0.2475000E-05       266.1505    
   0.2350000E-05       268.1470    
   0.2250000E-05       269.8020    
   0.2150000E-05       271.5165    
   0.2050000E-05       273.2610    
   0.1950000E-05       275.0985    
   0.1850000E-05       277.0325    
   0.1750000E-05       279.0245    
   0.1650000E-05       281.1385    
   0.1550000E-05       283.3335    
   0.1462500E-05       285.4060    
   0.1387500E-05       287.2235    
   0.1312500E-05       289.1425    
   0.1237500E-05       291.2130    
   0.1175000E-05       293.0710    
   0.1125000E-05       294.6575    
   0.1075000E-05       296.3000    
   0.1025000E-05       298.0400    
   0.9800000E-06       300.1150    
   0.9400000E-06       302.5250    
   0.9000000E-06       304.9350    
   0.8600000E-06       307.4550    
   0.8200000E-06       310.1650    
   0.7800000E-06       313.0050    
   0.7400000E-06       315.9400    
   0.7050000E-06       318.6150    
   0.6750000E-06       321.0050    
   0.6450000E-06       323.5000    
   0.6150000E-06       326.1250    
   0.5875000E-06       328.7500    
   0.5625000E-06       331.1750    
   0.5375000E-06       333.8000    
   0.5125000E-06       336.4600    
   0.4875000E-06       340.0700    
   0.4625000E-06       344.6450    
   0.4375000E-06       349.4100    
   0.4125000E-06       354.4800    
   0.3900000E-06       359.3050    
   0.3700000E-06       363.7850    
   0.3500000E-06       368.4550    
   0.3300000E-06       373.3450    
   0.3100000E-06       378.5000    
   0.2900000E-06       383.9550    
   0.2750000E-06       388.2100    
   0.2625000E-06       391.9800    
   0.2475000E-06       396.7400    
   0.2350000E-06       400.9000    
   0.2250000E-06       404.4200    
   0.2150000E-06       408.1050    
   0.2050000E-06       411.9700    
   0.1950000E-06       416.0600    
   0.1850000E-06       420.3500    
   0.1750000E-06       424.9400    
   0.1650000E-06       429.8400    
   0.1550000E-06       435.1050    
   0.1462500E-06       440.0350    
   0.1387500E-06       444.5850    
   0.1312500E-06       449.4400    
   0.1237500E-06       454.6650    
   0.1175000E-06       459.3400    
   0.1125000E-06       463.3750    
   0.1075000E-06       467.8400    
   0.1025000E-06       472.9450    
   0.9800000E-07       478.2000    
   0.9400000E-07       483.3950    
   0.9000000E-07       489.1950    
   0.8600000E-07       495.4350    
   0.8200000E-07       502.1500    
   0.7800000E-07       509.1950    
   0.7400000E-07       516.6300    
   0.7050000E-07       523.4750    
   0.6750000E-07       529.6700    
   0.6450000E-07       536.1600    
   0.6150000E-07       543.0050    
   0.5875000E-07       549.5950    
   0.5625000E-07       555.9200    
   0.5375000E-07       562.5800    
   0.5125000E-07       569.6150    
   0.4875000E-07       577.0600    
   0.4625000E-07       585.0250    
   0.4375000E-07       593.5200    
   0.4125000E-07       602.5750    
   0.3900000E-07       611.3650    
   0.3700000E-07       619.7900    
   0.3500000E-07       628.8800    
   0.3300000E-07       638.6550    
   0.3100000E-07       649.3300    
   0.2900000E-07       661.1400    
   0.2750000E-07       670.8500    
   0.2625000E-07       679.6900    
   0.2475000E-07       691.4400    
   0.2350000E-07       702.1350    
   0.2250000E-07       711.2950    
   0.2150000E-07       721.2800    
   0.2050000E-07       731.9050    
   0.1950000E-07       743.3051    
   0.1850000E-07       755.5050    
   0.1750000E-07       768.6700    
   0.1650000E-07       782.9550    
   0.1550000E-07       798.4050    
   0.1462500E-07       813.0950    
   0.1387500E-07       826.7500    
   0.1312500E-07       841.3950    
   0.1237500E-07       857.2400    
   0.1175000E-07       871.6200    
   0.1125000E-07       883.9250    
   0.1075000E-07       897.1750    
   0.1025000E-07       911.3051    
   0.9800000E-08       924.9650    
   0.9400000E-08       937.9050    
   0.9000000E-08       951.6400    
   0.8600000E-08       966.3500    
   0.8200000E-08       982.1700    
   0.7800000E-08       999.2300    
   0.7400001E-08       1017.650    
   0.7050000E-08       1035.115    
   0.6750000E-08       1051.070    
   0.6450000E-08       1068.110    
   0.6150000E-08       1086.535    
   0.5875000E-08       1104.590    
   0.5625000E-08       1122.070    
   0.5375000E-08       1140.930    
   0.5125000E-08       1161.040    
   0.4875000E-08       1182.520    
   0.4625000E-08       1205.865    
   0.4375000E-08       1231.210    
   0.4125000E-08       1258.830    
   0.3900000E-08       1285.875    
   0.3700000E-08       1311.980    
   0.3500000E-08       1340.140    
   0.3300000E-08       1370.890    
   0.3100000E-08       1404.385    
   0.2900000E-08       1441.215    
   0.2750000E-08       1471.240    
   0.2625000E-08       1498.245    
   0.2475000E-08       1533.340    
   0.2350000E-08       1565.005    
   0.2250000E-08       1592.225    
   0.2150000E-08       1621.250    
   0.2050000E-08       1652.310    
   0.1950000E-08       1685.920    
   0.1850000E-08       1721.685    
   0.1750000E-08       1760.785    
   0.1650000E-08       1803.300    
   0.1550000E-08       1849.900    
   0.1462500E-08       1894.600    
   0.1387500E-08       1936.200    
   0.1312500E-08       1981.400    
   0.1237500E-08       2030.450    
   0.1175000E-08       2075.000    
   0.1125000E-08       2113.350    
   0.1075000E-08       2154.350    
   0.1025000E-08       2198.500    
   0.9800000E-09       2241.050    
   0.9400000E-09       2281.150    
   0.9000000E-09       2324.100    
   0.8600000E-09       2370.150    
   0.8200000E-09       2419.600    
   0.7800000E-09       2473.000    
   0.7400000E-09       2530.600    
   0.7050000E-09       2585.150    
   0.6750000E-09       2635.150    
   0.6450000E-09       2688.800    
   0.6150000E-09       2746.400    
   0.5875000E-09       2803.150    
   0.5625000E-09       2858.300    
   0.5375000E-09       2917.400    
   0.5125000E-09       2980.950    
   0.4875000E-09       3048.950    
   0.4625000E-09       3122.850    
   0.4375000E-09       3203.000    
   0.4125000E-09       3290.700    
   0.3900000E-09       3376.850    
   0.3700000E-09       3460.050    
   0.3500000E-09       3550.400    
   0.3300000E-09       3649.000    
   0.3100000E-09       3757.150    
   0.2900000E-09       3876.050    
   0.2750000E-09       3974.000    
   0.2625000E-09       4062.150    
   0.2475000E-09       4176.600    
   0.2350000E-09       4280.550    
   0.2250000E-09       4369.900    
   0.2150000E-09       4465.450    
   0.2050000E-09       4568.050    
   0.1950000E-09       4679.250    
   0.1850000E-09       4797.900    
   0.1750000E-09       4927.450    
   0.1650000E-09       5068.700    
   0.1550000E-09       5223.800    
   0.1462500E-09       5372.500    
   0.1387500E-09       5511.150    
   0.1312500E-09       5661.600    
   0.1237500E-09       5825.600    
   0.1175000E-09       5974.300    
   0.1125000E-09       6102.050    
   0.1075000E-09       6182.700    
   0.1025000E-09       5213.500    
