    149.5000          0.1000000E-34
    148.5000          0.1000000E-34
    147.5000          0.1000000E-34
    146.5000          0.1000000E-34
    145.5000          0.1000000E-34
    144.5000          0.1000000E-34
    143.5000          0.1000000E-34
    142.5000          0.1000000E-34
    141.5000          0.1000000E-34
    140.5000          0.1000000E-34
    139.5000          0.1000000E-34
    138.5000          0.1000000E-34
    137.5000          0.1000000E-34
    136.5000          0.1000000E-34
    135.5000          0.1000000E-34
    134.5000          0.1000000E-34
    133.5000          0.1000000E-34
    132.5000          0.1000000E-34
    131.5000          0.1000000E-34
    130.5000          0.1000000E-34
    129.5000          0.1000000E-34
    128.5000          0.1000000E-34
    127.5000          0.1000000E-34
    126.5000          0.1000000E-34
    125.5000          0.1000000E-34
    124.5000          0.1000000E-34
    123.5000          0.1000000E-34
    122.5000          0.1000000E-34
    121.5000          0.1000000E-34
    120.5000          0.1000000E-34
    119.5000          0.1000000E-34
    118.5000          0.1000000E-34
    117.5000          0.1000000E-34
    116.5000          0.1000000E-34
    115.5000          0.1000000E-34
    114.5000          0.1000000E-34
    113.5000          0.1000000E-34
    112.5000          0.1000000E-34
    111.5000          0.1000000E-34
    110.5000          0.1000000E-34
    109.5000          0.1000000E-34
    108.5000          0.1000000E-34
    107.5000          0.1000000E-34
    106.5000          0.1000000E-34
    105.5000          0.1000000E-34
    104.5000          0.1000000E-34
    103.5000          0.1000000E-34
    102.5000          0.1000000E-34
    101.5000          0.1000000E-34
    100.5000          0.1000000E-34
    99.50000          0.1000000E-34
    98.50000          0.1000000E-34
    97.50000          0.1000000E-34
    96.50000          0.1000000E-34
    95.50000          0.1000000E-34
    94.50000          0.1000000E-34
    93.50000          0.1000000E-34
    92.50000          0.1000000E-34
    91.50000          0.1000000E-34
    90.50000          0.1000000E-34
    89.50000          0.1000000E-34
    88.50000          0.1000000E-34
    87.50000          0.1000000E-34
    86.50000          0.1000000E-34
    85.50000          0.1000000E-34
    84.50000          0.1000000E-34
    83.50000          0.1000000E-34
    82.50000          0.1000000E-34
    81.50000          0.1000000E-34
    80.50000          0.1000000E-34
    79.50000          0.1000000E-34
    78.50000          0.1000000E-34
    77.50000          0.1000000E-34
    76.50000          0.1000000E-34
    75.50000          0.1000000E-34
    74.50000          0.1000000E-34
    73.50000          0.1000000E-34
    72.50000          0.1000000E-34
    71.50000          0.1000000E-34
    70.50000          0.1000000E-34
    69.50000          0.1000000E-34
    68.50000          0.1000000E-34
    67.50000          0.1000000E-34
    66.50000          0.1000000E-34
    65.50000          0.1000000E-34
    64.50000          0.1000000E-34
    63.50000          0.1000000E-34
    62.50000          0.1000000E-34
    61.50000          0.1000000E-34
    60.50000          0.1000000E-34
    59.50000          0.1000000E-34
    58.50000          0.1000000E-34
    57.50000          0.1000000E-34
    56.50000          0.1000000E-34
    55.50000          0.1000000E-34
    54.50000          0.1000000E-34
    53.50000          0.1000000E-34
    52.50000          0.1000000E-34
    51.50000          0.1000000E-34
    50.50000          0.1000000E-34
    49.50000          0.1000000E-34
    48.50000          0.1000000E-34
    47.50000          0.1000000E-34
    46.50000          0.1000000E-34
    45.50000          0.1000000E-34
    44.50000          0.1000000E-34
    43.50000          0.1000000E-34
    42.50000          0.1000000E-34
    41.50000          0.1000000E-34
    40.50000          0.1000000E-34
    39.50000          0.1000000E-34
    38.50000          0.1000000E-34
    37.50000          0.1000000E-34
    36.50000          0.1000000E-34
    35.50000          0.1000000E-34
    34.50000          0.1000000E-34
    33.50000          0.1000000E-34
    32.50000          0.1000000E-34
    31.50000          0.1000000E-34
    30.50000          0.1000000E-34
    29.50000          0.1000000E-34
    28.50000          0.1000000E-34
    27.50000          0.1000000E-34
    26.50000          0.1000000E-34
    25.50000          0.1000000E-34
    24.50000          0.1000000E-34
    23.50000          0.1000000E-34
    22.50000          0.1000000E-34
    21.50000          0.1000000E-34
    20.50000          0.1000000E-34
    19.95000           1419350.    
    19.85000           1414650.    
    19.75000           1409950.    
    19.65000           1405200.    
    19.55000           1400500.    
    19.45000           1395650.    
    19.35000           1390700.    
    19.25000           1385700.    
    19.15000           1380750.    
    19.05000           1375750.    
    18.95000           1370750.    
    18.85000           1365650.    
    18.75000           1360500.    
    18.65000           1355450.    
    18.55000           1350350.    
    18.45000           1345200.    
    18.35000           1340150.    
    18.25000           1335100.    
    18.15000           1330050.    
    18.05000           1325000.    
    17.95000           1319850.    
    17.85000           1314700.    
    17.75000           1309600.    
    17.65000           1304400.    
    17.55000           1299300.    
    17.45000           1294000.    
    17.35000           1288700.    
    17.25000           1283350.    
    17.15000           1278000.    
    17.05000           1272650.    
    16.95000           1267150.    
    16.85000           1261400.    
    16.75000           1255650.    
    16.65000           1249900.    
    16.55000           1244150.    
    16.45000           1238300.    
    16.35000           1232350.    
    16.25000           1226350.    
    16.15000           1220350.    
    16.05000           1214400.    
    15.95000           1208250.    
    15.85000           1202000.    
    15.75000           1195700.    
    15.65000           1189450.    
    15.55000           1183150.    
    15.45000           1176750.    
    15.35000           1170200.    
    15.25000           1163630.    
    15.15000           1157075.    
    15.05000           1150470.    
    14.95000           1141685.    
    14.85000           1130750.    
    14.75000           1119815.    
    14.65000           1108880.    
    14.55000           1097945.    
    14.45000           1087060.    
    14.35000           1076225.    
    14.25000           1065390.    
    14.15000           1054355.    
    14.05000           1043320.    
    13.95000           1031390.    
    13.85000           1018615.    
    13.75000           1005845.    
    13.65000           992725.0    
    13.55000           979700.0    
    13.45000           966630.0    
    13.35000           953690.0    
    13.25000           941020.0    
    13.15000           928205.0    
    13.05000           915435.0    
    12.95000           903375.0    
    12.85000           892015.0    
    12.75000           880655.0    
    12.65000           868950.0    
    12.55000           857340.0    
    12.45000           845680.0    
    12.35000           833970.0    
    12.25000           822365.0    
    12.15000           810540.0    
    12.05000           798915.0    
    11.95000           787875.0    
    11.85000           777400.0    
    11.75000           767120.0    
    11.65000           756765.0    
    11.55000           746640.0    
    11.45000           736435.0    
    11.35000           726235.0    
    11.25000           716325.0    
    11.15000           706450.0    
    11.05000           696855.0    
    10.95000           687060.0    
    10.85000           677075.0    
    10.75000           667300.0    
    10.65000           657610.0    
    10.55000           648070.0    
    10.45000           638610.0    
    10.35000           629460.0    
    10.25000           620735.0    
    10.15000           612050.0    
    10.05000           603445.0    
    9.950000           595905.0    
    9.850000           589400.0    
    9.750000           582870.0    
    9.650000           576355.0    
    9.550000           570135.0    
    9.450000           563785.0    
    9.350000           556665.0    
    9.250000           549455.0    
    9.150000           542220.0    
    9.050000           535020.0    
    8.950000           527980.0    
    8.850000           521085.0    
    8.750000           514225.0    
    8.650000           507360.0    
    8.550000           500525.0    
    8.450000           493725.0    
    8.350000           486960.0    
    8.250000           480210.0    
    8.150000           473470.0    
    8.050000           466755.0    
    7.950000           459825.0    
    7.850000           452705.0    
    7.750000           445600.0    
    7.650000           438525.0    
    7.550000           431470.0    
    7.450000           424465.0    
    7.350000           417500.0    
    7.250000           410555.0    
    7.150000           403655.0    
    7.050000           396775.0    
    6.950000           390140.0    
    6.850000           383740.0    
    6.750000           377355.0    
    6.650000           371005.0    
    6.550000           364670.0    
    6.450000           358355.0    
    6.350000           352065.0    
    6.250000           345775.0    
    6.150000           339490.0    
    6.050000           333230.0    
    5.950000           326955.0    
    5.850000           320675.0    
    5.750000           314415.0    
    5.650000           308150.0    
    5.550000           301900.0    
    5.450000           295665.0    
    5.350000           289440.0    
    5.250000           283230.0    
    5.150000           277030.0    
    5.050000           270840.0    
    4.950000           264810.0    
    4.850000           258905.0    
    4.750000           252995.0    
    4.650000           247080.0    
    4.550000           241140.0    
    4.450000           235180.0    
    4.350000           229195.0    
    4.250000           223195.0    
    4.150000           217160.0    
    4.050000           211105.0    
    3.950000           205045.0    
    3.850000           199010.0    
    3.750000           192995.0    
    3.650000           187015.0    
    3.550000           181055.0    
    3.450000           175135.0    
    3.350000           169250.0    
    3.250000           163410.0    
    3.150000           157615.0    
    3.050000           151860.0    
    2.950000           147195.0    
    2.850000           143495.0    
    2.750000           139630.0    
    2.650000           135570.0    
    2.550000           131455.0    
    2.450000           127280.0    
    2.350000           122820.0    
    2.250000           118775.0    
    2.150000           116920.0    
    2.050000           115895.0    
    1.950000           114240.0    
    1.850000           108570.0    
    1.750000           103780.0    
    1.650000           100242.5    
    1.550000           97310.00    
    1.450000           94575.00    
    1.350000           91821.00    
    1.250000           88933.50    
    1.150000           85765.00    
    1.050000           82260.00    
   0.9800000           79755.00    
   0.9400000           78258.50    
   0.9000000           76709.00    
   0.8600000           75191.50    
   0.8200000           73613.00    
   0.7800000           71997.00    
   0.7400000           70352.50    
   0.7050000           68884.00    
   0.6750000           67709.50    
   0.6450000           66511.00    
   0.6150000           65207.00    
   0.5875000           63948.00    
   0.5625000           62744.50    
   0.5375000           61456.00    
   0.5125000           60076.00    
   0.4875000           58596.50    
   0.4625000           57008.00    
   0.4375000           55311.50    
   0.4125000           53503.00    
   0.3900000           51829.00    
   0.3700000           50304.50    
   0.3500000           48688.50    
   0.3300000           46915.50    
   0.3100000           45029.00    
   0.2900000           43035.50    
   0.2750000           41469.50    
   0.2625000           40118.50    
   0.2475000           38446.00    
   0.2350000           36991.50    
   0.2250000           35801.50    
   0.2150000           34582.00    
   0.2050000           33336.00    
   0.1950000           32187.50    
   0.1850000           31146.50    
   0.1750000           30084.00    
   0.1650000           28921.00    
   0.1550000           27736.00    
   0.1462500           26547.50    
   0.1387500           25358.00    
   0.1312500           24164.50    
   0.1237500           22958.50    
   0.1175000           21919.50    
   0.1125000           21086.50    
   0.1075000           20250.50    
   0.1025000           19414.50    
   0.9800000E-01       18604.50    
   0.9400000E-01       17831.00    
   0.9000000E-01       17056.50    
   0.8600000E-01       16284.00    
   0.8200000E-01       15514.50    
   0.7800000E-01       14748.50    
   0.7400000E-01       13986.00    
   0.7050000E-01       13322.00    
   0.6750000E-01       12752.00    
   0.6450000E-01       12182.50    
   0.6150001E-01       11613.50    
   0.5875000E-01       11096.50    
   0.5625000E-01       10628.00    
   0.5375000E-01       10160.15    
   0.5125000E-01       9691.350    
   0.4875000E-01       9228.300    
   0.4625000E-01       8770.400    
   0.4375000E-01       8311.700    
   0.4125000E-01       7852.250    
   0.3900000E-01       7486.400    
   0.3700000E-01       7208.250    
   0.3500000E-01       6919.450    
   0.3300000E-01       6619.700    
   0.3100000E-01       6309.250    
   0.2900000E-01       5988.200    
   0.2750000E-01       5743.050    
   0.2625000E-01       5530.250    
   0.2475000E-01       5273.900    
   0.2350000E-01       5059.050    
   0.2250000E-01       4885.500    
   0.2150000E-01       4706.550    
   0.2050000E-01       4526.600    
   0.1950000E-01       4343.000    
   0.1850000E-01       4155.750    
   0.1750000E-01       3967.400    
   0.1650000E-01       3773.650    
   0.1550000E-01       3578.900    
   0.1462500E-01       3405.800    
   0.1387500E-01       3253.500    
   0.1312500E-01       3099.250    
   0.1237500E-01       2944.000    
   0.1175000E-01       2813.950    
   0.1125000E-01       2709.500    
   0.1075000E-01       2604.550    
   0.1025000E-01       2498.700    
   0.9800000E-02       2523.250    
   0.9400000E-02       2624.600    
   0.9000000E-02       2758.250    
   0.8600000E-02       2253.750    
   0.8200000E-02       2520.850    
   0.7800000E-02       2150.300    
   0.7400000E-02       2062.700    
   0.7050000E-02       2350.650    
   0.6750000E-02       1721.250    
   0.6450000E-02       2893.900    
   0.6150000E-02       3158.900    
   0.5875000E-02       2542.150    
   0.5625000E-02       3567.050    
   0.5375000E-02       1504.900    
   0.5125000E-02       1966.350    
   0.4875000E-02       2062.450    
   0.4625000E-02       1802.350    
   0.4375000E-02       1216.850    
   0.4125000E-02       1213.950    
   0.3900000E-02       2544.325    
   0.3700000E-02       1620.700    
   0.3500000E-02       2405.130    
   0.3300000E-02       831.5800    
   0.3100000E-02       1127.675    
   0.2900000E-02       1240.435    
   0.2750000E-02       2320.755    
   0.2625000E-02       1730.745    
   0.2475000E-02       852.5800    
   0.2350000E-02       697.5050    
   0.2250000E-02       642.6200    
   0.2150000E-02       623.4200    
   0.2050000E-02       818.3400    
   0.1950000E-02       1063.575    
   0.1850000E-02       1626.305    
   0.1750000E-02       739.5850    
   0.1650000E-02       2010.235    
   0.1550000E-02       533.3850    
   0.1462500E-02       1667.980    
   0.1387500E-02       610.2700    
   0.1312500E-02       2235.255    
   0.1237500E-02       375.5350    
   0.1175000E-02       375.6600    
   0.1125000E-02       779.5850    
   0.1075000E-02       376.3750    
   0.1025000E-02       374.7650    
   0.9800000E-03       392.3550    
   0.9400000E-03       2304.270    
   0.9000000E-03       396.9500    
   0.8600000E-03       413.9900    
   0.8200000E-03       1076.630    
   0.7800000E-03       542.3550    
   0.7400000E-03       6106.265    
   0.7050000E-03       490.6050    
   0.6750000E-03       2210.085    
   0.6450000E-03       451.0550    
   0.6150000E-03       427.0000    
   0.5875000E-03       451.3150    
   0.5625000E-03       580.2600    
   0.5375000E-03       7967.465    
   0.5125000E-03       595.7500    
   0.4875000E-03       546.2300    
   0.4625000E-03       1043.565    
   0.4375000E-03       472.5400    
   0.4125000E-03       517.2950    
   0.3900000E-03       644.8550    
   0.3700000E-03       641.7750    
   0.3500000E-03       692.3000    
   0.3300000E-03       6673.865    
   0.3100000E-03       7215.555    
   0.2900000E-03       624.1400    
   0.2750000E-03       533.5650    
   0.2625000E-03       513.2650    
   0.2475000E-03       2917.460    
   0.2350000E-03       325.7250    
   0.2250000E-03       263.3500    
   0.2150000E-03       244.0250    
   0.2050000E-03       233.7000    
   0.1950000E-03       233.3150    
   0.1850000E-03       237.5000    
   0.1750000E-03       257.0850    
   0.1650000E-03       304.7050    
   0.1550000E-03       384.3100    
   0.1462500E-03       468.2700    
   0.1387500E-03       535.9900    
   0.1312500E-03       625.3950    
   0.1237500E-03       742.8900    
   0.1175000E-03       828.2750    
   0.1125000E-03       864.1200    
   0.1075000E-03       934.7500    
   0.1025000E-03       1029.465    
   0.9800000E-04       1100.460    
   0.9400000E-04       7336.650    
   0.9000000E-04       2346.650    
   0.8600000E-04       595.4100    
   0.8200000E-04       423.5000    
   0.7800000E-04       334.2550    
   0.7400000E-04       280.6150    
   0.7050000E-04       251.5750    
   0.6750000E-04       238.6790    
   0.6450000E-04       234.3765    
   0.6150000E-04       239.6160    
   0.5875000E-04       258.2490    
   0.5625000E-04       306.1870    
   0.5375000E-04       475.3605    
   0.5125000E-04       880.2045    
   0.4875000E-04       8799.759    
   0.4625000E-04       53870.47    
   0.4375000E-04       1163.718    
   0.4125000E-04       477.6660    
   0.3900000E-04       220.2165    
   0.3700000E-04       221.2460    
   0.3500000E-04       223.0215    
   0.3300000E-04       224.8065    
   0.3100000E-04       226.6095    
   0.2900000E-04       228.4215    
   0.2750000E-04       229.7895    
   0.2625000E-04       230.9475    
   0.2475000E-04       232.3495    
   0.2350000E-04       233.5180    
   0.2250000E-04       234.4675    
   0.2150000E-04       235.4325    
   0.2050000E-04       236.4075    
   0.1950000E-04       237.4630    
   0.1850000E-04       238.6070    
   0.1750000E-04       239.7855    
   0.1650000E-04       240.9995    
   0.1550000E-04       242.2635    
   0.1462500E-04       243.3855    
   0.1387500E-04       244.3905    
   0.1312500E-04       245.4400    
   0.1237500E-04       246.5265    
   0.1175000E-04       247.4830    
   0.1125000E-04       248.2630    
   0.1075000E-04       249.0750    
   0.1025000E-04       249.9220    
   0.9800000E-05       251.1285    
   0.9400000E-05       252.6750    
   0.9000000E-05       254.2520    
   0.8600000E-05       255.8695    
   0.8200000E-05       257.5330    
   0.7800000E-05       259.2375    
   0.7400000E-05       260.9705    
   0.7050000E-05       262.5330    
   0.6750000E-05       263.9020    
   0.6450000E-05       265.3145    
   0.6150000E-05       266.7660    
   0.5875000E-05       268.1580    
   0.5625000E-05       269.4655    
   0.5375000E-05       270.8125    
   0.5125000E-05       272.1965    
   0.4875000E-05       274.5130    
   0.4625000E-05       277.7365    
   0.4375000E-05       281.0355    
   0.4125000E-05       284.4145    
   0.3900000E-05       287.5510    
   0.3700000E-05       290.4095    
   0.3500000E-05       293.3410    
   0.3300000E-05       296.3370    
   0.3100000E-05       299.4295    
   0.2900000E-05       302.6385    
   0.2750000E-05       305.0810    
   0.2625000E-05       307.2175    
   0.2475000E-05       309.8645    
   0.2350000E-05       312.1575    
   0.2250000E-05       314.0680    
   0.2150000E-05       316.0365    
   0.2050000E-05       318.0800    
   0.1950000E-05       320.1985    
   0.1850000E-05       322.4015    
   0.1750000E-05       324.7085    
   0.1650000E-05       327.1150    
   0.1550000E-05       329.6700    
   0.1462500E-05       332.0200    
   0.1387500E-05       334.1550    
   0.1312500E-05       336.4050    
   0.1237500E-05       338.8050    
   0.1175000E-05       340.9500    
   0.1125000E-05       342.7900    
   0.1075000E-05       344.7000    
   0.1025000E-05       346.7350    
   0.9800000E-06       349.1150    
   0.9400000E-06       351.8550    
   0.9000000E-06       354.7050    
   0.8600000E-06       357.6600    
   0.8200000E-06       360.8200    
   0.7800000E-06       364.0950    
   0.7400000E-06       367.5200    
   0.7050000E-06       370.6350    
   0.6750000E-06       373.4100    
   0.6450000E-06       376.3150    
   0.6150000E-06       379.2950    
   0.5875000E-06       382.1800    
   0.5625000E-06       384.9500    
   0.5375000E-06       388.0350    
   0.5125000E-06       391.2900    
   0.4875000E-06       395.4850    
   0.4625000E-06       400.6350    
   0.4375000E-06       406.3450    
   0.4125000E-06       412.3400    
   0.3900000E-06       417.9550    
   0.3700000E-06       423.1700    
   0.3500000E-06       428.6100    
   0.3300000E-06       434.3100    
   0.3100000E-06       440.3000    
   0.2900000E-06       446.6450    
   0.2750000E-06       451.6300    
   0.2625000E-06       456.0400    
   0.2475000E-06       461.5900    
   0.2350000E-06       466.4400    
   0.2250000E-06       470.5400    
   0.2150000E-06       474.8250    
   0.2050000E-06       479.3300    
   0.1950000E-06       484.0700    
   0.1850000E-06       489.1000    
   0.1750000E-06       494.4550    
   0.1650000E-06       500.1700    
   0.1550000E-06       506.3150    
   0.1462500E-06       512.0600    
   0.1387500E-06       517.3550    
   0.1312500E-06       523.0050    
   0.1237500E-06       529.1050    
   0.1175000E-06       534.5600    
   0.1125000E-06       539.2650    
   0.1075000E-06       544.4650    
   0.1025000E-06       550.3350    
   0.9800000E-07       556.4500    
   0.9400000E-07       562.5750    
   0.9000000E-07       569.3500    
   0.8600000E-07       576.6950    
   0.8200000E-07       584.5200    
   0.7800000E-07       592.7350    
   0.7400000E-07       601.4000    
   0.7050000E-07       609.3850    
   0.6750000E-07       616.5800    
   0.6450000E-07       624.1550    
   0.6150000E-07       632.1300    
   0.5875000E-07       639.8250    
   0.5625000E-07       647.2000    
   0.5375000E-07       654.9600    
   0.5125000E-07       663.1550    
   0.4875000E-07       671.8550    
   0.4625000E-07       681.1200    
   0.4375000E-07       691.0150    
   0.4125000E-07       701.6650    
   0.3900000E-07       711.9600    
   0.3700000E-07       721.7500    
   0.3500000E-07       732.3050    
   0.3300000E-07       743.6850    
   0.3100000E-07       756.1550    
   0.2900000E-07       769.9450    
   0.2750000E-07       781.2650    
   0.2625000E-07       791.6150    
   0.2475000E-07       805.2250    
   0.2350000E-07       817.6700    
   0.2250000E-07       828.4550    
   0.2150000E-07       840.0350    
   0.2050000E-07       852.4650    
   0.1950000E-07       865.8200    
   0.1850000E-07       880.1650    
   0.1750000E-07       895.5400    
   0.1650000E-07       912.2100    
   0.1550000E-07       930.2400    
   0.1462500E-07       947.3300    
   0.1387500E-07       963.1700    
   0.1312500E-07       980.2850    
   0.1237500E-07       998.8051    
   0.1175000E-07       1015.595    
   0.1125000E-07       1029.925    
   0.1075000E-07       1045.325    
   0.1025000E-07       1061.785    
   0.9800000E-08       1077.725    
   0.9400000E-08       1092.805    
   0.9000000E-08       1108.950    
   0.8600000E-08       1126.180    
   0.8200000E-08       1144.685    
   0.7800000E-08       1164.560    
   0.7400001E-08       1186.070    
   0.7050000E-08       1206.405    
   0.6750000E-08       1224.960    
   0.6450000E-08       1244.890    
   0.6150000E-08       1266.275    
   0.5875000E-08       1287.315    
   0.5625000E-08       1307.790    
   0.5375000E-08       1329.660    
   0.5125000E-08       1353.165    
   0.4875000E-08       1378.475    
   0.4625000E-08       1405.725    
   0.4375000E-08       1435.300    
   0.4125000E-08       1467.500    
   0.3900000E-08       1499.000    
   0.3700000E-08       1529.350    
   0.3500000E-08       1562.300    
   0.3300000E-08       1598.050    
   0.3100000E-08       1637.200    
   0.2900000E-08       1680.150    
   0.2750000E-08       1715.400    
   0.2625000E-08       1746.950    
   0.2475000E-08       1787.800    
   0.2350000E-08       1824.800    
   0.2250000E-08       1856.550    
   0.2150000E-08       1890.350    
   0.2050000E-08       1926.600    
   0.1950000E-08       1965.500    
   0.1850000E-08       2007.550    
   0.1750000E-08       2053.100    
   0.1650000E-08       2102.750    
   0.1550000E-08       2157.100    
   0.1462500E-08       2209.100    
   0.1387500E-08       2257.550    
   0.1312500E-08       2310.050    
   0.1237500E-08       2367.350    
   0.1175000E-08       2419.350    
   0.1125000E-08       2464.100    
   0.1075000E-08       2511.800    
   0.1025000E-08       2563.200    
   0.9800000E-09       2612.750    
   0.9400000E-09       2659.750    
   0.9000000E-09       2709.900    
   0.8600000E-09       2763.600    
   0.8200000E-09       2821.300    
   0.7800000E-09       2883.450    
   0.7400000E-09       2950.600    
   0.7050000E-09       3014.200    
   0.6750000E-09       3072.400    
   0.6450000E-09       3134.850    
   0.6150000E-09       3202.000    
   0.5875000E-09       3268.100    
   0.5625000E-09       3332.400    
   0.5375000E-09       3401.200    
   0.5125000E-09       3475.100    
   0.4875000E-09       3554.850    
   0.4625000E-09       3641.050    
   0.4375000E-09       3734.550    
   0.4125000E-09       3836.700    
   0.3900000E-09       3936.800    
   0.3700000E-09       4033.750    
   0.3500000E-09       4138.950    
   0.3300000E-09       4253.750    
   0.3100000E-09       4379.700    
   0.2900000E-09       4518.750    
   0.2750000E-09       4633.150    
   0.2625000E-09       4735.750    
   0.2475000E-09       4869.400    
   0.2350000E-09       4990.450    
   0.2250000E-09       5094.650    
   0.2150000E-09       5206.050    
   0.2050000E-09       5325.650    
   0.1950000E-09       5454.100    
   0.1850000E-09       5593.250    
   0.1750000E-09       5744.450    
   0.1650000E-09       5909.200    
   0.1550000E-09       6089.950    
   0.1462500E-09       6263.500    
   0.1387500E-09       6424.950    
   0.1312500E-09       6599.700    
   0.1237500E-09       6790.500    
   0.1175000E-09       6964.100    
   0.1125000E-09       7112.950    
   0.1075000E-09       7272.000    
   0.1025000E-09       6621.250    
