    19.95000           309.4800    
    19.85000           309.6400    
    19.75000           309.7950    
    19.65000           309.9550    
    19.55000           310.1150    
    19.45000           310.2450    
    19.35000           310.3500    
    19.25000           310.4600    
    19.15000           310.5750    
    19.05000           310.6800    
    18.95000           310.7850    
    18.85000           310.8850    
    18.75000           310.9900    
    18.65000           311.0950    
    18.55000           311.1900    
    18.45000           311.3150    
    18.35000           311.5050    
    18.25000           311.7050    
    18.15000           311.8950    
    18.05000           312.0950    
    17.95000           311.1050    
    17.85000           309.0200    
    17.75000           306.9300    
    17.65000           304.8400    
    17.55000           302.7500    
    17.45000           301.7850    
    17.35000           301.8750    
    17.25000           301.9650    
    17.15000           302.0500    
    17.05000           302.1400    
    16.95000           301.3300    
    16.85000           299.6750    
    16.75000           298.0250    
    16.65000           296.3700    
    16.55000           294.7200    
    16.45000           293.0200    
    16.35000           291.2800    
    16.25000           289.5400    
    16.15000           287.8000    
    16.05000           286.0600    
    15.95000           285.1150    
    15.85000           284.9050    
    15.75000           284.6900    
    15.65000           284.4800    
    15.55000           284.2700    
    15.45000           283.9850    
    15.35000           283.6300    
    15.25000           283.2650    
    15.15000           282.9050    
    15.05000           282.5450    
    14.95000           280.2400    
    14.85000           276.1150    
    14.75000           271.9900    
    14.65000           267.8650    
    14.55000           263.7350    
    14.45000           261.3550    
    14.35000           260.6100    
    14.25000           259.8450    
    14.15000           259.0250    
    14.05000           258.1950    
    13.95000           257.6000    
    13.85000           257.2300    
    13.75000           256.8300    
    13.65000           256.2950    
    13.55000           255.7400    
    13.45000           255.1450    
    13.35000           255.1100    
    13.25000           255.6200    
    13.15000           256.0700    
    13.05000           256.5100    
    12.95000           255.2900    
    12.85000           252.5100    
    12.75000           250.1550    
    12.65000           250.0650    
    12.55000           250.3550    
    12.45000           250.5750    
    12.35000           250.7200    
    12.25000           250.8600    
    12.15000           250.9100    
    12.05000           250.9500    
    11.95000           248.4000    
    11.85000           244.8650    
    11.75000           244.3650    
    11.65000           243.9200    
    11.55000           243.5800    
    11.45000           243.1750    
    11.35000           242.7300    
    11.25000           242.4500    
    11.15000           242.1750    
    11.05000           242.0450    
    10.95000           237.5200    
    10.85000           231.7900    
    10.75000           232.1550    
    10.65000           232.7650    
    10.55000           233.4700    
    10.45000           234.2200    
    10.35000           235.1050    
    10.25000           236.2200    
    10.15000           237.3050    
    10.05000           238.4350    
    9.950000           238.4500    
    9.850000           237.7000    
    9.750000           236.9400    
    9.650000           236.1900    
    9.550000           235.6250    
    9.450000           234.9650    
    9.350000           233.7650    
    9.250000           232.4450    
    9.150000           231.0850    
    9.050000           229.7150    
    8.950000           229.2200    
    8.850000           229.5600    
    8.750000           229.8950    
    8.650000           230.2300    
    8.550000           230.5650    
    8.450000           230.8600    
    8.350000           231.1350    
    8.250000           231.4000    
    8.150000           231.6550    
    8.050000           231.9050    
    7.950000           227.0800    
    7.850000           217.3900    
    7.750000           208.7800    
    7.650000           206.2950    
    7.550000           204.8100    
    7.450000           203.3150    
    7.350000           201.8200    
    7.250000           200.3200    
    7.150000           198.8200    
    7.050000           197.3150    
    6.950000           196.6300    
    6.850000           196.7250    
    6.750000           196.8200    
    6.650000           196.9150    
    6.550000           197.0100    
    6.450000           197.0650    
    6.350000           197.0900    
    6.250000           197.1150    
    6.150000           197.1000    
    6.050000           197.0800    
    5.950000           196.1950    
    5.850000           194.4700    
    5.750000           192.7350    
    5.650000           190.9500    
    5.550000           189.1550    
    5.450000           187.3350    
    5.350000           185.5000    
    5.250000           183.6500    
    5.150000           181.7500    
    5.050000           179.8450    
    4.950000           162.2650    
    4.850000           154.1750    
    4.750000           153.7050    
    4.650000           153.1950    
    4.550000           152.6650    
    4.450000           152.1100    
    4.350000           151.5050    
    4.250000           150.8550    
    4.150000           150.1650    
    4.050000           149.4500    
    3.950000           146.9950    
    3.850000           142.8550    
    3.750000           138.7100    
    3.650000           134.5600    
    3.550000           130.3750    
    3.450000           127.7600    
    3.350000           126.6900    
    3.250000           125.6100    
    3.150000           124.5150    
    3.050000           123.4300    
    2.950000           113.9300    
    2.850000           105.0765    
    2.750000           104.8495    
    2.650000           104.5260    
    2.550000           104.1270    
    2.450000           103.6535    
    2.350000           102.9895    
    2.250000           102.5740    
    2.150000           103.6230    
    2.050000           105.1785    
    1.950000           103.1900    
    1.850000           95.35600    
    1.750000           88.08549    
    1.650000           84.55650    
    1.550000           84.31450    
    1.450000           78.37200    
    1.350000           72.56950    
    1.250000           72.42800    
    1.150000           69.38050    
    1.050000           63.39750    
   0.9800000           60.06200    
   0.9400000           59.48200    
   0.9000000           58.84100    
   0.8600000           58.08850    
   0.8200000           57.26650    
   0.7800000           55.39050    
   0.7400000           53.05300    
   0.7050000           52.19050    
   0.6750000           51.09700    
   0.6450000           49.86100    
   0.6150000           48.56500    
   0.5875000           47.50550    
   0.5625000           46.68850    
   0.5375000           45.82950    
   0.5125000           44.92950    
   0.4875000           43.86000    
   0.4625000           42.62050    
   0.4375000           41.35500    
   0.4125000           40.06150    
   0.3900000           38.85500    
   0.3700000           37.73550    
   0.3500000           36.59650    
   0.3300000           35.31400    
   0.3100000           33.99400    
   0.2900000           32.56750    
   0.2750000           31.41550    
   0.2625000           30.45750    
   0.2475000           29.26650    
   0.2350000           28.16200    
   0.2250000           27.27200    
   0.2150000           26.38150    
   0.2050000           25.49150    
   0.1950000           24.65400    
   0.1850000           23.84650    
   0.1750000           23.03850    
   0.1650000           22.21950    
   0.1550000           21.39800    
   0.1462500           20.53250    
   0.1387500           19.62200    
   0.1312500           18.71250    
   0.1237500           17.80150    
   0.1175000           17.03400    
   0.1125000           16.41900    
   0.1075000           15.80450    
   0.1025000           15.18950    
   0.9800000E-01       14.58400    
   0.9400000E-01       13.99650    
   0.9000000E-01       13.40850    
   0.8600000E-01       12.82050    
   0.8200000E-01       12.23250    
   0.7800000E-01       11.64600    
   0.7400000E-01       11.06250    
   0.7050000E-01       10.55265    
   0.6750000E-01       10.11260    
   0.6450000E-01       9.671949    
   0.6150001E-01       9.231150    
   0.5875000E-01       8.828400    
   0.5625000E-01       8.462549    
   0.5375000E-01       8.096601    
   0.5125000E-01       7.730650    
   0.4875000E-01       7.368450    
   0.4625000E-01       7.009850    
   0.4375000E-01       6.650850    
   0.4125000E-01       6.291150    
   0.3900000E-01       5.992400    
   0.3700000E-01       5.752850    
   0.3500000E-01       5.513100    
   0.3300000E-01       5.272400    
   0.3100000E-01       5.031450    
   0.2900000E-01       4.789850    
   0.2750000E-01       4.609250    
   0.2625000E-01       4.457100    
   0.2475000E-01       4.266550    
   0.2350000E-01       4.086200    
   0.2250000E-01       3.939800    
   0.2150000E-01       3.793300    
   0.2050000E-01       3.646450    
   0.1950000E-01       3.499650    
   0.1850000E-01       3.352700    
   0.1750000E-01       3.205750    
   0.1650000E-01       3.058550    
   0.1550000E-01       2.911150    
   0.1462500E-01       2.776600    
   0.1387500E-01       2.654300    
   0.1312500E-01       2.531950    
   0.1237500E-01       2.409350    
   0.1175000E-01       2.306000    
   0.1125000E-01       2.221350    
   0.1075000E-01       2.136600    
   0.1025000E-01       2.051750    
   0.9800000E-02       2.064950    
   0.9400000E-02       2.138100    
   0.9000000E-02       2.268350    
   0.8600000E-02       1.837400    
   0.8200000E-02       2.067500    
   0.7800000E-02       1.749350    
   0.7400000E-02       1.688600    
   0.7050000E-02       1.936000    
   0.6750000E-02       1.420800    
   0.6450000E-02       2.397150    
   0.6150000E-02       2.643250    
   0.5875000E-02       2.109100    
   0.5625000E-02       2.990750    
   0.5375000E-02       1.226450    
   0.5125000E-02       1.629900    
   0.4875000E-02       1.713250    
   0.4625000E-02       1.486500    
   0.4375000E-02      0.9887050    
   0.4125000E-02       1.004725    
   0.3900000E-02       2.117655    
   0.3700000E-02       1.352115    
   0.3500000E-02       2.014440    
   0.3300000E-02      0.6800300    
   0.3100000E-02      0.9297249    
   0.2900000E-02       1.035945    
   0.2750000E-02       1.942380    
   0.2625000E-02       1.433705    
   0.2475000E-02      0.7026800    
   0.2350000E-02      0.5716350    
   0.2250000E-02      0.5317800    
   0.2150000E-02      0.5187400    
   0.2050000E-02      0.6753850    
   0.1950000E-02      0.9018050    
   0.1850000E-02       1.363715    
   0.1750000E-02      0.6178500    
   0.1650000E-02       1.683545    
   0.1550000E-02      0.4479300    
   0.1462500E-02       1.375725    
   0.1387500E-02      0.5060600    
   0.1312500E-02       1.850510    
   0.1237500E-02      0.3115850    
   0.1175000E-02      0.3135150    
   0.1125000E-02      0.6407500    
   0.1075000E-02      0.3143200    
   0.1025000E-02      0.3127900    
   0.9800000E-03      0.3268750    
   0.9400000E-03       1.907735    
   0.9000000E-03      0.3292150    
   0.8600000E-03      0.3448000    
   0.8200000E-03      0.8880200    
   0.7800000E-03      0.4505850    
   0.7400000E-03       5.033050    
   0.7050000E-03      0.4047500    
   0.6750000E-03       1.825400    
   0.6450000E-03      0.3730450    
   0.6150000E-03      0.3523200    
   0.5875000E-03      0.3710150    
   0.5625000E-03      0.4745050    
   0.5375000E-03       6.515480    
   0.5125000E-03      0.4913250    
   0.4875000E-03      0.4499800    
   0.4625000E-03      0.8553400    
   0.4375000E-03      0.3552400    
   0.4125000E-03      0.3378100    
   0.3900000E-03      0.3624700    
   0.3700000E-03      0.3886950    
   0.3500000E-03      0.4580950    
   0.3300000E-03       5.153040    
   0.3100000E-03       5.543210    
   0.2900000E-03      0.3776000    
   0.2750000E-03      0.3132350    
   0.2625000E-03      0.3406000    
   0.2475000E-03       2.413100    
   0.2350000E-03      0.2482600    
   0.2250000E-03      0.2017300    
   0.2150000E-03      0.1874950    
   0.2050000E-03      0.1809720    
   0.1950000E-03      0.1827750    
   0.1850000E-03      0.1883250    
   0.1750000E-03      0.2060250    
   0.1650000E-03      0.2467350    
   0.1550000E-03      0.3146450    
   0.1462500E-03      0.3863150    
   0.1387500E-03      0.4440600    
   0.1312500E-03      0.5193500    
   0.1237500E-03      0.6184750    
   0.1175000E-03      0.6890350    
   0.1125000E-03      0.7170250    
   0.1075000E-03      0.7825550    
   0.1025000E-03      0.8635900    
   0.9800000E-04      0.9204050    
   0.9400000E-04       6.256200    
   0.9000000E-04       2.005595    
   0.8600000E-04      0.5009550    
   0.8200000E-04      0.3545950    
   0.7800000E-04      0.2789350    
   0.7400000E-04      0.2338550    
   0.7050000E-04      0.2096820    
   0.6750000E-04      0.1989025    
   0.6450000E-04      0.1954840    
   0.6150000E-04      0.2001595    
   0.5875000E-04      0.2161525    
   0.5625000E-04      0.2573160    
   0.5375000E-04      0.4024955    
   0.5125000E-04      0.7498600    
   0.4875000E-04       7.584527    
   0.4625000E-04       46.25588    
   0.4375000E-04      0.9981905    
   0.4125000E-04      0.4057725    
   0.3900000E-04      0.1833865    
   0.3700000E-04      0.1845645    
   0.3500000E-04      0.1864030    
   0.3300000E-04      0.1882615    
   0.3100000E-04      0.1901410    
   0.2900000E-04      0.1920285    
   0.2750000E-04      0.1934540    
   0.2625000E-04      0.1946655    
   0.2475000E-04      0.1961125    
   0.2350000E-04      0.1973315    
   0.2250000E-04      0.1983305    
   0.2150000E-04      0.1993290    
   0.2050000E-04      0.2003275    
   0.1950000E-04      0.2014065    
   0.1850000E-04      0.2025640    
   0.1750000E-04      0.2037470    
   0.1650000E-04      0.2049655    
   0.1550000E-04      0.2062240    
   0.1462500E-04      0.2073440    
   0.1387500E-04      0.2083435    
   0.1312500E-04      0.2093730    
   0.1237500E-04      0.2104340    
   0.1175000E-04      0.2113540    
   0.1125000E-04      0.2120995    
   0.1075000E-04      0.2128915    
   0.1025000E-04      0.2136910    
   0.9800000E-05      0.2148065    
   0.9400000E-05      0.2162505    
   0.9000000E-05      0.2176945    
   0.8600000E-05      0.2191750    
   0.8200000E-05      0.2206950    
   0.7800000E-05      0.2222200    
   0.7400000E-05      0.2238110    
   0.7050000E-05      0.2252210    
   0.6750000E-05      0.2264480    
   0.6450000E-05      0.2277325    
   0.6150000E-05      0.2290280    
   0.5875000E-05      0.2302445    
   0.5625000E-05      0.2314110    
   0.5375000E-05      0.2325795    
   0.5125000E-05      0.2337810    
   0.4875000E-05      0.2358580    
   0.4625000E-05      0.2387230    
   0.4375000E-05      0.2416675    
   0.4125000E-05      0.2446730    
   0.3900000E-05      0.2473980    
   0.3700000E-05      0.2499325    
   0.3500000E-05      0.2524730    
   0.3300000E-05      0.2550770    
   0.3100000E-05      0.2577795    
   0.2900000E-05      0.2605765    
   0.2750000E-05      0.2627220    
   0.2625000E-05      0.2645905    
   0.2475000E-05      0.2668975    
   0.2350000E-05      0.2689090    
   0.2250000E-05      0.2705590    
   0.2150000E-05      0.2722830    
   0.2050000E-05      0.2740510    
   0.1950000E-05      0.2758955    
   0.1850000E-05      0.2778175    
   0.1750000E-05      0.2798120    
   0.1650000E-05      0.2819175    
   0.1550000E-05      0.2841200    
   0.1462500E-05      0.2861675    
   0.1387500E-05      0.2880085    
   0.1312500E-05      0.2899505    
   0.1237500E-05      0.2920180    
   0.1175000E-05      0.2938105    
   0.1125000E-05      0.2953745    
   0.1075000E-05      0.2970200    
   0.1025000E-05      0.2986550    
   0.9800000E-06      0.3006400    
   0.9400000E-06      0.3029900    
   0.9000000E-06      0.3055000    
   0.8600000E-06      0.3081800    
   0.8200000E-06      0.3110150    
   0.7800000E-06      0.3138550    
   0.7400000E-06      0.3168150    
   0.7050000E-06      0.3195550    
   0.6750000E-06      0.3219300    
   0.6450000E-06      0.3244450    
   0.6150000E-06      0.3270750    
   0.5875000E-06      0.3296450    
   0.5625000E-06      0.3320400    
   0.5375000E-06      0.3344800    
   0.5125000E-06      0.3370900    
   0.4875000E-06      0.3408250    
   0.4625000E-06      0.3455100    
   0.4375000E-06      0.3503550    
   0.4125000E-06      0.3555350    
   0.3900000E-06      0.3602900    
   0.3700000E-06      0.3647300    
   0.3500000E-06      0.3694050    
   0.3300000E-06      0.3741400    
   0.3100000E-06      0.3792700    
   0.2900000E-06      0.3847400    
   0.2750000E-06      0.3890650    
   0.2625000E-06      0.3927950    
   0.2475000E-06      0.3976600    
   0.2350000E-06      0.4017400    
   0.2250000E-06      0.4052700    
   0.2150000E-06      0.4089800    
   0.2050000E-06      0.4128700    
   0.1950000E-06      0.4171300    
   0.1850000E-06      0.4214000    
   0.1750000E-06      0.4258900    
   0.1650000E-06      0.4308650    
   0.1550000E-06      0.4359600    
   0.1462500E-06      0.4408550    
   0.1387500E-06      0.4454300    
   0.1312500E-06      0.4506550    
   0.1237500E-06      0.4563500    
   0.1175000E-06      0.4611250    
   0.1125000E-06      0.4654900    
   0.1075000E-06      0.4700050    
   0.1025000E-06      0.4745200    
   0.9800000E-07      0.4791200    
   0.9400000E-07      0.4846900    
   0.9000000E-07      0.4908250    
   0.8600000E-07      0.4971150    
   0.8200000E-07      0.5037600    
   0.7800000E-07      0.5107600    
   0.7400000E-07      0.5180550    
   0.7050000E-07      0.5247900    
   0.6750000E-07      0.5309200    
   0.6450000E-07      0.5373000    
   0.6150000E-07      0.5440500    
   0.5875000E-07      0.5505250    
   0.5625000E-07      0.5569500    
   0.5375000E-07      0.5636400    
   0.5125000E-07      0.5709000    
   0.4875000E-07      0.5782550    
   0.4625000E-07      0.5865650    
   0.4375000E-07      0.5952350    
   0.4125000E-07      0.6039450    
   0.3900000E-07      0.6127550    
   0.3700000E-07      0.6210400    
   0.3500000E-07      0.6299950    
   0.3300000E-07      0.6397700    
   0.3100000E-07      0.6507050    
   0.2900000E-07      0.6622350    
   0.2750000E-07      0.6720400    
   0.2625000E-07      0.6809200    
   0.2475000E-07      0.6926450    
   0.2350000E-07      0.7035550    
   0.2250000E-07      0.7128550    
   0.2150000E-07      0.7229050    
   0.2050000E-07      0.7332750    
   0.1950000E-07      0.7443350    
   0.1850000E-07      0.7568000    
   0.1750000E-07      0.7699350    
   0.1650000E-07      0.7843550    
   0.1550000E-07      0.7999150    
   0.1462500E-07      0.8147400    
   0.1387500E-07      0.8290350    
   0.1312500E-07      0.8435600    
   0.1237500E-07      0.8587750    
   0.1175000E-07      0.8739800    
   0.1125000E-07      0.8864250    
   0.1075000E-07      0.8988950    
   0.1025000E-07      0.9129800    
   0.9800000E-08      0.9264400    
   0.9400000E-08      0.9394900    
   0.9000000E-08      0.9543200    
   0.8600000E-08      0.9692800    
   0.8200000E-08      0.9845850    
   0.7800000E-08       1.001120    
   0.7400002E-08       1.020115    
   0.7050000E-08       1.037290    
   0.6750000E-08       1.052810    
   0.6450000E-08       1.069830    
   0.6150000E-08       1.088630    
   0.5875000E-08       1.107210    
   0.5625000E-08       1.124225    
   0.5375000E-08       1.142740    
   0.5125000E-08       1.162705    
   0.4875000E-08       1.184405    
   0.4625000E-08       1.208790    
   0.4375000E-08       1.235410    
   0.4125000E-08       1.262530    
   0.3900000E-08       1.288300    
   0.3700000E-08       1.316405    
   0.3500000E-08       1.345515    
   0.3300000E-08       1.374585    
   0.3100000E-08       1.407105    
   0.2900000E-08       1.445110    
   0.2750000E-08       1.473955    
   0.2625000E-08       1.501495    
   0.2475000E-08       1.536405    
   0.2350000E-08       1.567245    
   0.2250000E-08       1.594335    
   0.2150000E-08       1.624255    
   0.2050000E-08       1.655295    
   0.1950000E-08       1.688230    
   0.1850000E-08       1.724490    
   0.1750000E-08       1.764550    
   0.1650000E-08       1.806800    
   0.1550000E-08       1.853650    
   0.1462500E-08       1.899050    
   0.1387500E-08       1.938850    
   0.1312500E-08       1.983850    
   0.1237500E-08       2.033850    
   0.1175000E-08       2.077400    
   0.1125000E-08       2.116900    
   0.1075000E-08       2.156950    
   0.1025000E-08       2.201400    
   0.9800000E-09       2.244000    
   0.9400000E-09       2.283700    
   0.9000000E-09       2.327650    
   0.8600000E-09       2.372250    
   0.8200000E-09       2.422900    
   0.7800000E-09       2.475950    
   0.7400000E-09       2.533250    
   0.7050000E-09       2.587850    
   0.6750000E-09       2.636350    
   0.6450000E-09       2.690550    
   0.6150000E-09       2.747250    
   0.5875000E-09       2.806350    
   0.5625000E-09       2.863600    
   0.5375000E-09       2.922100    
   0.5125000E-09       2.981650    
   0.4875000E-09       3.053350    
   0.4625000E-09       3.131550    
   0.4375000E-09       3.210500    
   0.4125000E-09       3.290450    
   0.3900000E-09       3.376600    
   0.3700000E-09       3.458350    
   0.3500000E-09       3.548400    
   0.3300000E-09       3.648650    
   0.3100000E-09       3.752750    
   0.2900000E-09       3.871400    
   0.2750000E-09       3.968750    
   0.2625000E-09       4.059050    
   0.2475000E-09       4.170150    
   0.2350000E-09       4.277150    
   0.2250000E-09       4.367300    
   0.2150000E-09       4.457750    
   0.2050000E-09       4.559150    
   0.1950000E-09       4.670450    
   0.1850000E-09       4.786650    
   0.1750000E-09       4.919750    
   0.1650000E-09       5.057950    
   0.1550000E-09       5.208950    
   0.1462500E-09       5.356950    
   0.1387500E-09       5.493750    
   0.1312500E-09       5.644200    
   0.1237500E-09       5.807300    
   0.1175000E-09       5.953200    
   0.1125000E-09       6.082200    
   0.1075000E-09       6.217450    
   0.1025000E-09       6.600800    
