    19.95000           112.0550    
    19.85000           112.1450    
    19.75000           112.2350    
    19.65000           112.3300    
    19.55000           112.4200    
    19.45000           112.5050    
    19.35000           112.5850    
    19.25000           112.6600    
    19.15000           112.7350    
    19.05000           112.8100    
    18.95000           112.8900    
    18.85000           112.9650    
    18.75000           113.0350    
    18.65000           113.1100    
    18.55000           113.1850    
    18.45000           113.2700    
    18.35000           113.3800    
    18.25000           113.4950    
    18.15000           113.6050    
    18.05000           113.7150    
    17.95000           113.5700    
    17.85000           113.1750    
    17.75000           112.7850    
    17.65000           112.3900    
    17.55000           111.9950    
    17.45000           111.8500    
    17.35000           111.9400    
    17.25000           112.0300    
    17.15000           112.1200    
    17.05000           112.2150    
    16.95000           112.0800    
    16.85000           111.7350    
    16.75000           111.3950    
    16.65000           111.0550    
    16.55000           110.7100    
    16.45000           110.3550    
    16.35000           109.9850    
    16.25000           109.6200    
    16.15000           109.2550    
    16.05000           108.8900    
    15.95000           108.7400    
    15.85000           108.8000    
    15.75000           108.8600    
    15.65000           108.9200    
    15.55000           108.9800    
    15.45000           109.0200    
    15.35000           109.0350    
    15.25000           109.0600    
    15.15000           109.0800    
    15.05000           109.1000    
    14.95000           108.6700    
    14.85000           107.8250    
    14.75000           106.9800    
    14.65000           106.1300    
    14.55000           105.2850    
    14.45000           104.8300    
    14.35000           104.7450    
    14.25000           104.6600    
    14.15000           104.5550    
    14.05000           104.4450    
    13.95000           104.4100    
    13.85000           104.4350    
    13.75000           104.4600    
    13.65000           104.4350    
    13.55000           104.4100    
    13.45000           104.3650    
    13.35000           104.4550    
    13.25000           104.6800    
    13.15000           104.8850    
    13.05000           105.0850    
    12.95000           104.9050    
    12.85000           104.3750    
    12.75000           103.9350    
    12.65000           104.0250    
    12.55000           104.2000    
    12.45000           104.3500    
    12.35000           104.4850    
    12.25000           104.6100    
    12.15000           104.7150    
    12.05000           104.8150    
    11.95000           104.2400    
    11.85000           103.4150    
    11.75000           103.3750    
    11.65000           103.3350    
    11.55000           103.3450    
    11.45000           103.3200    
    11.35000           103.2800    
    11.25000           103.3050    
    11.15000           103.3150    
    11.05000           103.3850    
    10.95000           102.3350    
    10.85000           100.9660    
    10.75000           101.1675    
    10.65000           101.4250    
    10.55000           101.7100    
    10.45000           102.0150    
    10.35000           102.3650    
    10.25000           102.8050    
    10.15000           103.2250    
    10.05000           103.6700    
    9.950000           103.7950    
    9.850000           103.7000    
    9.750000           103.6000    
    9.650000           103.5000    
    9.550000           103.4700    
    9.450000           103.4110    
    9.350000           103.1695    
    9.250000           102.8880    
    9.150000           102.5970    
    9.050000           102.3005    
    8.950000           102.2290    
    8.850000           102.3660    
    8.750000           102.5080    
    8.650000           102.6450    
    8.550000           102.7820    
    8.450000           102.9090    
    8.350000           103.0260    
    8.250000           103.1430    
    8.150000           103.2500    
    8.050000           103.3620    
    7.950000           102.0670    
    7.850000           99.43000    
    7.750000           97.08549    
    7.650000           96.41750    
    7.550000           96.02100    
    7.450000           95.62150    
    7.350000           95.22050    
    7.250000           94.81950    
    7.150000           94.41600    
    7.050000           94.01200    
    6.950000           93.81600    
    6.850000           93.82000    
    6.750000           93.82401    
    6.650000           93.82550    
    6.550000           93.82650    
    6.450000           93.81250    
    6.350000           93.78450    
    6.250000           93.75350    
    6.150000           93.70450    
    6.050000           93.65250    
    5.950000           93.35950    
    5.850000           92.83400    
    5.750000           92.30500    
    5.650000           91.75350    
    5.550000           91.19850    
    5.450000           90.63200    
    5.350000           90.05500    
    5.250000           89.47400    
    5.150000           88.87000    
    5.050000           88.26250    
    4.950000           83.37100    
    4.850000           81.07300    
    4.750000           80.85000    
    4.650000           80.60950    
    4.550000           80.35500    
    4.450000           80.08501    
    4.350000           79.78550    
    4.250000           79.45850    
    4.150000           79.11150    
    4.050000           78.74500    
    3.950000           77.85900    
    3.850000           76.47250    
    3.750000           75.08250    
    3.650000           73.68550    
    3.550000           72.27400    
    3.450000           71.31350    
    3.350000           70.80000    
    3.250000           70.28300    
    3.150000           69.76250    
    3.050000           69.24249    
    2.950000           66.35500    
    2.850000           63.75500    
    2.750000           63.67700    
    2.650000           63.55100    
    2.550000           63.41450    
    2.450000           63.27900    
    2.350000           63.05350    
    2.250000           63.01150    
    2.150000           63.91650    
    2.050000           65.17950    
    1.950000           65.17650    
    1.850000           62.41900    
    1.750000           60.04450    
    1.650000           59.21300    
    1.550000           59.65350    
    1.450000           58.03350    
    1.350000           56.50050    
    1.250000           57.09750    
    1.150000           57.32300    
    1.050000           57.16750    
   0.9800000           56.12900    
   0.9400000           54.24300    
   0.9000000           52.56250    
   0.8600000           52.21550    
   0.8200000           52.06500    
   0.7800000           51.82500    
   0.7400000           51.20250    
   0.7050000           50.03950    
   0.6750000           49.35900    
   0.6450000           48.76650    
   0.6150000           48.12050    
   0.5875000           47.58100    
   0.5625000           47.15350    
   0.5375000           46.67700    
   0.5125000           46.15200    
   0.4875000           45.48350    
   0.4625000           44.67100    
   0.4375000           43.82750    
   0.4125000           42.95150    
   0.3900000           42.11250    
   0.3700000           41.31050    
   0.3500000           40.48750    
   0.3300000           39.49800    
   0.3100000           38.46100    
   0.2900000           37.29000    
   0.2750000           36.30900    
   0.2625000           35.49350    
   0.2475000           34.45450    
   0.2350000           33.42750    
   0.2250000           32.59450    
   0.2150000           31.76150    
   0.2050000           30.92850    
   0.1950000           30.14800    
   0.1850000           29.42250    
   0.1750000           28.68150    
   0.1650000           27.83300    
   0.1550000           26.96350    
   0.1462500           26.04700    
   0.1387500           25.08350    
   0.1312500           24.11900    
   0.1237500           23.14100    
   0.1175000           22.27500    
   0.1125000           21.57700    
   0.1075000           20.88000    
   0.1025000           20.18200    
   0.9800000E-01       19.49000    
   0.9400000E-01       18.81050    
   0.9000000E-01       18.13100    
   0.8600000E-01       17.44450    
   0.8200000E-01       16.75550    
   0.7800000E-01       16.06100    
   0.7400000E-01       15.35950    
   0.7050000E-01       14.74150    
   0.6750000E-01       14.20350    
   0.6450000E-01       13.66250    
   0.6150001E-01       13.12100    
   0.5875000E-01       12.61800    
   0.5625000E-01       12.15250    
   0.5375000E-01       11.68650    
   0.5125000E-01       11.22100    
   0.4875000E-01       10.75550    
   0.4625000E-01       10.29015    
   0.4375000E-01       9.823299    
   0.4125000E-01       9.353600    
   0.3900000E-01       8.977100    
   0.3700000E-01       8.691100    
   0.3500000E-01       8.404449    
   0.3300000E-01       8.113150    
   0.3100000E-01       7.797250    
   0.2900000E-01       7.466850    
   0.2750000E-01       7.206950    
   0.2625000E-01       6.982250    
   0.2475000E-01       6.709300    
   0.2350000E-01       6.470450    
   0.2250000E-01       6.277400    
   0.2150000E-01       6.083750    
   0.2050000E-01       5.880200    
   0.1950000E-01       5.669900    
   0.1850000E-01       5.458450    
   0.1750000E-01       5.246000    
   0.1650000E-01       5.023700    
   0.1550000E-01       4.796900    
   0.1462500E-01       4.591800    
   0.1387500E-01       4.411250    
   0.1312500E-01       4.226900    
   0.1237500E-01       4.038700    
   0.1175000E-01       3.880750    
   0.1125000E-01       3.749900    
   0.1075000E-01       3.616500    
   0.1025000E-01       3.483000    
   0.9800000E-02       3.515700    
   0.9400000E-02       3.649450    
   0.9000000E-02       3.878400    
   0.8600000E-02       3.148500    
   0.8200000E-02       3.551850    
   0.7800000E-02       3.008100    
   0.7400000E-02       2.917200    
   0.7050000E-02       3.349300    
   0.6750000E-02       2.457750    
   0.6450000E-02       4.159600    
   0.6150000E-02       4.586300    
   0.5875000E-02       3.693150    
   0.5625000E-02       5.203200    
   0.5375000E-02       2.140400    
   0.5125000E-02       2.858250    
   0.4875000E-02       2.991200    
   0.4625000E-02       2.604300    
   0.4375000E-02       1.735000    
   0.4125000E-02       1.751650    
   0.3900000E-02       3.741500    
   0.3700000E-02       2.382950    
   0.3500000E-02       3.555400    
   0.3300000E-02       1.202150    
   0.3100000E-02       1.639650    
   0.2900000E-02       1.834250    
   0.2750000E-02       3.441850    
   0.2625000E-02       2.538550    
   0.2475000E-02       1.243200    
   0.2350000E-02       1.010895    
   0.2250000E-02      0.9414450    
   0.2150000E-02      0.9189900    
   0.2050000E-02       1.195250    
   0.1950000E-02       1.560050    
   0.1850000E-02       2.480250    
   0.1750000E-02       1.073350    
   0.1650000E-02       2.984300    
   0.1550000E-02      0.7937600    
   0.1462500E-02       2.432145    
   0.1387500E-02      0.8648250    
   0.1312500E-02       3.299840    
   0.1237500E-02      0.5498200    
   0.1175000E-02      0.5536300    
   0.1125000E-02       1.127165    
   0.1075000E-02      0.5545450    
   0.1025000E-02      0.5516250    
   0.9800000E-03      0.5762050    
   0.9400000E-03       3.363890    
   0.9000000E-03      0.5788950    
   0.8600000E-03      0.6072750    
   0.8200000E-03       1.559170    
   0.7800000E-03      0.7943850    
   0.7400000E-03       8.871256    
   0.7050000E-03      0.7131450    
   0.6750000E-03       3.202325    
   0.6450000E-03      0.6523000    
   0.6150000E-03      0.6191850    
   0.5875000E-03      0.6528750    
   0.5625000E-03      0.8343250    
   0.5375000E-03       11.48367    
   0.5125000E-03      0.8578950    
   0.4875000E-03      0.8020350    
   0.4625000E-03       1.482530    
   0.4375000E-03      0.6201050    
   0.4125000E-03      0.5878650    
   0.3900000E-03      0.6303800    
   0.3700000E-03      0.6756950    
   0.3500000E-03      0.7967800    
   0.3300000E-03       8.951510    
   0.3100000E-03       9.748560    
   0.2900000E-03      0.6568500    
   0.2750000E-03      0.5450150    
   0.2625000E-03      0.5883950    
   0.2475000E-03       4.224615    
   0.2350000E-03      0.4326000    
   0.2250000E-03      0.3517400    
   0.2150000E-03      0.3270350    
   0.2050000E-03      0.3156650    
   0.1950000E-03      0.3188200    
   0.1850000E-03      0.3285100    
   0.1750000E-03      0.3591700    
   0.1650000E-03      0.4297250    
   0.1550000E-03      0.5475050    
   0.1462500E-03      0.6718100    
   0.1387500E-03      0.7717900    
   0.1312500E-03      0.9021500    
   0.1237500E-03       1.074100    
   0.1175000E-03       1.196700    
   0.1125000E-03       1.244730    
   0.1075000E-03       1.358625    
   0.1025000E-03       1.500600    
   0.9800000E-04       1.600150    
   0.9400000E-04       11.54575    
   0.9000000E-04       2.918750    
   0.8600000E-04      0.8696100    
   0.8200000E-04      0.6164500    
   0.7800000E-04      0.4855000    
   0.7400000E-04      0.4075200    
   0.7050000E-04      0.3656800    
   0.6750000E-04      0.3470550    
   0.6450000E-04      0.3411225    
   0.6150000E-04      0.3494725    
   0.5875000E-04      0.3774825    
   0.5625000E-04      0.4498040    
   0.5375000E-04      0.7022205    
   0.5125000E-04       1.306988    
   0.4875000E-04       10.81571    
   0.4625000E-04       83.26297    
   0.4375000E-04       1.727824    
   0.4125000E-04      0.7082330    
   0.3900000E-04      0.3194295    
   0.3700000E-04      0.3226435    
   0.3500000E-04      0.3258525    
   0.3300000E-04      0.3290945    
   0.3100000E-04      0.3323750    
   0.2900000E-04      0.3356560    
   0.2750000E-04      0.3381450    
   0.2625000E-04      0.3402560    
   0.2475000E-04      0.3427800    
   0.2350000E-04      0.3449055    
   0.2250000E-04      0.3466425    
   0.2150000E-04      0.3483800    
   0.2050000E-04      0.3501220    
   0.1950000E-04      0.3520020    
   0.1850000E-04      0.3540225    
   0.1750000E-04      0.3560845    
   0.1650000E-04      0.3582050    
   0.1550000E-04      0.3603865    
   0.1462500E-04      0.3623425    
   0.1387500E-04      0.3640825    
   0.1312500E-04      0.3658740    
   0.1237500E-04      0.3677210    
   0.1175000E-04      0.3693200    
   0.1125000E-04      0.3706145    
   0.1075000E-04      0.3719940    
   0.1025000E-04      0.3733810    
   0.9800000E-05      0.3753240    
   0.9400000E-05      0.3778295    
   0.9000000E-05      0.3803355    
   0.8600000E-05      0.3829090    
   0.8200000E-05      0.3855465    
   0.7800000E-05      0.3881915    
   0.7400000E-05      0.3909520    
   0.7050000E-05      0.3933975    
   0.6750000E-05      0.3955245    
   0.6450000E-05      0.3977655    
   0.6150000E-05      0.4000115    
   0.5875000E-05      0.4021175    
   0.5625000E-05      0.4041385    
   0.5375000E-05      0.4061685    
   0.5125000E-05      0.4082555    
   0.4875000E-05      0.4118625    
   0.4625000E-05      0.4168505    
   0.4375000E-05      0.4219750    
   0.4125000E-05      0.4272065    
   0.3900000E-05      0.4319500    
   0.3700000E-05      0.4363570    
   0.3500000E-05      0.4407840    
   0.3300000E-05      0.4453200    
   0.3100000E-05      0.4500200    
   0.2900000E-05      0.4548850    
   0.2750000E-05      0.4586200    
   0.2625000E-05      0.4618650    
   0.2475000E-05      0.4658750    
   0.2350000E-05      0.4693600    
   0.2250000E-05      0.4722400    
   0.2150000E-05      0.4752300    
   0.2050000E-05      0.4783050    
   0.1950000E-05      0.4815100    
   0.1850000E-05      0.4848450    
   0.1750000E-05      0.4883050    
   0.1650000E-05      0.4919600    
   0.1550000E-05      0.4957950    
   0.1462500E-05      0.4993450    
   0.1387500E-05      0.5025350    
   0.1312500E-05      0.5059100    
   0.1237500E-05      0.5095000    
   0.1175000E-05      0.5126050    
   0.1125000E-05      0.5152750    
   0.1075000E-05      0.5180450    
   0.1025000E-05      0.5209600    
   0.9800000E-06      0.5246200    
   0.9400000E-06      0.5288450    
   0.9000000E-06      0.5332600    
   0.8600000E-06      0.5378100    
   0.8200000E-06      0.5426100    
   0.7800000E-06      0.5475150    
   0.7400000E-06      0.5526100    
   0.7050000E-06      0.5573050    
   0.6750000E-06      0.5613800    
   0.6450000E-06      0.5657000    
   0.6150000E-06      0.5701950    
   0.5875000E-06      0.5745850    
   0.5625000E-06      0.5786950    
   0.5375000E-06      0.5828800    
   0.5125000E-06      0.5873500    
   0.4875000E-06      0.5937750    
   0.4625000E-06      0.6021250    
   0.4375000E-06      0.6107700    
   0.4125000E-06      0.6198350    
   0.3900000E-06      0.6281700    
   0.3700000E-06      0.6360700    
   0.3500000E-06      0.6442450    
   0.3300000E-06      0.6526250    
   0.3100000E-06      0.6616650    
   0.2900000E-06      0.6711000    
   0.2750000E-06      0.6785300    
   0.2625000E-06      0.6850600    
   0.2475000E-06      0.6933850    
   0.2350000E-06      0.7004650    
   0.2250000E-06      0.7066950    
   0.2150000E-06      0.7131000    
   0.2050000E-06      0.7196800    
   0.1950000E-06      0.7269850    
   0.1850000E-06      0.7344750    
   0.1750000E-06      0.7422600    
   0.1650000E-06      0.7509350    
   0.1550000E-06      0.7598000    
   0.1462500E-06      0.7683200    
   0.1387500E-06      0.7762150    
   0.1312500E-06      0.7845700    
   0.1237500E-06      0.7937900    
   0.1175000E-06      0.8016100    
   0.1125000E-06      0.8084350    
   0.1075000E-06      0.8156400    
   0.1025000E-06      0.8233550    
   0.9800000E-07      0.8325250    
   0.9400000E-07      0.8427950    
   0.9000000E-07      0.8536050    
   0.8600000E-07      0.8646750    
   0.8200000E-07      0.8764200    
   0.7800000E-07      0.8887450    
   0.7400000E-07      0.9015400    
   0.7050000E-07      0.9133000    
   0.6750000E-07      0.9241700    
   0.6450000E-07      0.9353200    
   0.6150000E-07      0.9472200    
   0.5875000E-07      0.9584900    
   0.5625000E-07      0.9693700    
   0.5375000E-07      0.9809600    
   0.5125000E-07      0.9934050    
   0.4875000E-07       1.005945    
   0.4625000E-07       1.019785    
   0.4375000E-07       1.034570    
   0.4125000E-07       1.049730    
   0.3900000E-07       1.065255    
   0.3700000E-07       1.079570    
   0.3500000E-07       1.094990    
   0.3300000E-07       1.111550    
   0.3100000E-07       1.129600    
   0.2900000E-07       1.149350    
   0.2750000E-07       1.165250    
   0.2625000E-07       1.179650    
   0.2475000E-07       1.199650    
   0.2350000E-07       1.219400    
   0.2250000E-07       1.236200    
   0.2150000E-07       1.254100    
   0.2050000E-07       1.272950    
   0.1950000E-07       1.292700    
   0.1850000E-07       1.314000    
   0.1750000E-07       1.336750    
   0.1650000E-07       1.361200    
   0.1550000E-07       1.387500    
   0.1462500E-07       1.412350    
   0.1387500E-07       1.435450    
   0.1312500E-07       1.460100    
   0.1237500E-07       1.486750    
   0.1175000E-07       1.510750    
   0.1125000E-07       1.530900    
   0.1075000E-07       1.552650    
   0.1025000E-07       1.576100    
   0.9800000E-08       1.599150    
   0.9400000E-08       1.622450    
   0.9000000E-08       1.646950    
   0.8600000E-08       1.673200    
   0.8200000E-08       1.700400    
   0.7800000E-08       1.729750    
   0.7400002E-08       1.761350    
   0.7050000E-08       1.790900    
   0.6750000E-08       1.817450    
   0.6450000E-08       1.845850    
   0.6150000E-08       1.876250    
   0.5875000E-08       1.906050    
   0.5625000E-08       1.934000    
   0.5375000E-08       1.964700    
   0.5125000E-08       1.997250    
   0.4875000E-08       2.034750    
   0.4625000E-08       2.077550    
   0.4375000E-08       2.122850    
   0.4125000E-08       2.171700    
   0.3900000E-08       2.218850    
   0.3700000E-08       2.264500    
   0.3500000E-08       2.312800    
   0.3300000E-08       2.364850    
   0.3100000E-08       2.421350    
   0.2900000E-08       2.483300    
   0.2750000E-08       2.533200    
   0.2625000E-08       2.579350    
   0.2475000E-08       2.636400    
   0.2350000E-08       2.688450    
   0.2250000E-08       2.732900    
   0.2150000E-08       2.781300    
   0.2050000E-08       2.831450    
   0.1950000E-08       2.885600    
   0.1850000E-08       2.944000    
   0.1750000E-08       3.007750    
   0.1650000E-08       3.075000    
   0.1550000E-08       3.149650    
   0.1462500E-08       3.220550    
   0.1387500E-08       3.286600    
   0.1312500E-08       3.358700    
   0.1237500E-08       3.437100    
   0.1175000E-08       3.506550    
   0.1125000E-08       3.568800    
   0.1075000E-08       3.631400    
   0.1025000E-08       3.699550    
   0.9800000E-09       3.767450    
   0.9400000E-09       3.834300    
   0.9000000E-09       3.906750    
   0.8600000E-09       3.979700    
   0.8200000E-09       4.058750    
   0.7800000E-09       4.144350    
   0.7400000E-09       4.237000    
   0.7050000E-09       4.322900    
   0.6750000E-09       4.402300    
   0.6450000E-09       4.489350    
   0.6150000E-09       4.578050    
   0.5875000E-09       4.667000    
   0.5625000E-09       4.756000    
   0.5375000E-09       4.845150    
   0.5125000E-09       4.941100    
   0.4875000E-09       5.051450    
   0.4625000E-09       5.171500    
   0.4375000E-09       5.304300    
   0.4125000E-09       5.440500    
   0.3900000E-09       5.581000    
   0.3700000E-09       5.710000    
   0.3500000E-09       5.852250    
   0.3300000E-09       6.007600    
   0.3100000E-09       6.170750    
   0.2900000E-09       6.357850    
   0.2750000E-09       6.505600    
   0.2625000E-09       6.639850    
   0.2475000E-09       6.814550    
   0.2350000E-09       6.978850    
   0.2250000E-09       7.116150    
   0.2150000E-09       7.253950    
   0.2050000E-09       7.409250    
   0.1950000E-09       7.578100    
   0.1850000E-09       7.750400    
   0.1750000E-09       7.951700    
   0.1650000E-09       8.158500    
   0.1550000E-09       8.383800    
   0.1462500E-09       8.604150    
   0.1387500E-09       8.808500    
   0.1312500E-09       9.029850    
   0.1237500E-09       9.273250    
   0.1175000E-09       8.703425    
   0.1125000E-09       8.629500    
   0.1075000E-09       8.828500    
   0.1025000E-09       9.043000    
