    149.5000          0.1000000E-34
    148.5000          0.1000000E-34
    147.5000          0.1000000E-34
    146.5000          0.1000000E-34
    145.5000          0.1000000E-34
    144.5000          0.1000000E-34
    143.5000          0.1000000E-34
    142.5000          0.1000000E-34
    141.5000          0.1000000E-34
    140.5000          0.1000000E-34
    139.5000          0.1000000E-34
    138.5000          0.1000000E-34
    137.5000          0.1000000E-34
    136.5000          0.1000000E-34
    135.5000          0.1000000E-34
    134.5000          0.1000000E-34
    133.5000          0.1000000E-34
    132.5000          0.1000000E-34
    131.5000          0.1000000E-34
    130.5000          0.1000000E-34
    129.5000          0.1000000E-34
    128.5000          0.1000000E-34
    127.5000          0.1000000E-34
    126.5000          0.1000000E-34
    125.5000          0.1000000E-34
    124.5000          0.1000000E-34
    123.5000          0.1000000E-34
    122.5000          0.1000000E-34
    121.5000          0.1000000E-34
    120.5000          0.1000000E-34
    119.5000          0.1000000E-34
    118.5000          0.1000000E-34
    117.5000          0.1000000E-34
    116.5000          0.1000000E-34
    115.5000          0.1000000E-34
    114.5000          0.1000000E-34
    113.5000          0.1000000E-34
    112.5000          0.1000000E-34
    111.5000          0.1000000E-34
    110.5000          0.1000000E-34
    109.5000          0.1000000E-34
    108.5000          0.1000000E-34
    107.5000          0.1000000E-34
    106.5000          0.1000000E-34
    105.5000          0.1000000E-34
    104.5000          0.1000000E-34
    103.5000          0.1000000E-34
    102.5000          0.1000000E-34
    101.5000          0.1000000E-34
    100.5000          0.1000000E-34
    99.50000          0.1000000E-34
    98.50000          0.1000000E-34
    97.50000          0.1000000E-34
    96.50000          0.1000000E-34
    95.50000          0.1000000E-34
    94.50000          0.1000000E-34
    93.50000          0.1000000E-34
    92.50000          0.1000000E-34
    91.50000          0.1000000E-34
    90.50000          0.1000000E-34
    89.50000          0.1000000E-34
    88.50000          0.1000000E-34
    87.50000          0.1000000E-34
    86.50000          0.1000000E-34
    85.50000          0.1000000E-34
    84.50000          0.1000000E-34
    83.50000          0.1000000E-34
    82.50000          0.1000000E-34
    81.50000          0.1000000E-34
    80.50000          0.1000000E-34
    79.50000          0.1000000E-34
    78.50000          0.1000000E-34
    77.50000          0.1000000E-34
    76.50000          0.1000000E-34
    75.50000          0.1000000E-34
    74.50000          0.1000000E-34
    73.50000          0.1000000E-34
    72.50000          0.1000000E-34
    71.50000          0.1000000E-34
    70.50000          0.1000000E-34
    69.50000          0.1000000E-34
    68.50000          0.1000000E-34
    67.50000          0.1000000E-34
    66.50000          0.1000000E-34
    65.50000          0.1000000E-34
    64.50000          0.1000000E-34
    63.50000          0.1000000E-34
    62.50000          0.1000000E-34
    61.50000          0.1000000E-34
    60.50000          0.1000000E-34
    59.50000          0.1000000E-34
    58.50000          0.1000000E-34
    57.50000          0.1000000E-34
    56.50000          0.1000000E-34
    55.50000          0.1000000E-34
    54.50000          0.1000000E-34
    53.50000          0.1000000E-34
    52.50000          0.1000000E-34
    51.50000          0.1000000E-34
    50.50000          0.1000000E-34
    49.50000          0.1000000E-34
    48.50000          0.1000000E-34
    47.50000          0.1000000E-34
    46.50000          0.1000000E-34
    45.50000          0.1000000E-34
    44.50000          0.1000000E-34
    43.50000          0.1000000E-34
    42.50000          0.1000000E-34
    41.50000          0.1000000E-34
    40.50000          0.1000000E-34
    39.50000          0.1000000E-34
    38.50000          0.1000000E-34
    37.50000          0.1000000E-34
    36.50000          0.1000000E-34
    35.50000          0.1000000E-34
    34.50000          0.1000000E-34
    33.50000          0.1000000E-34
    32.50000          0.1000000E-34
    31.50000          0.1000000E-34
    30.50000          0.1000000E-34
    29.50000          0.1000000E-34
    28.50000          0.1000000E-34
    27.50000          0.1000000E-34
    26.50000          0.1000000E-34
    25.50000          0.1000000E-34
    24.50000          0.1000000E-34
    23.50000          0.1000000E-34
    22.50000          0.1000000E-34
    21.50000          0.1000000E-34
    20.50000          0.1000000E-34
    19.95000           309545.0    
    19.85000           308655.0    
    19.75000           307770.0    
    19.65000           306880.0    
    19.55000           305990.0    
    19.45000           305070.0    
    19.35000           304105.0    
    19.25000           303140.0    
    19.15000           302180.0    
    19.05000           301220.0    
    18.95000           300245.0    
    18.85000           299265.0    
    18.75000           298290.0    
    18.65000           297310.0    
    18.55000           296335.0    
    18.45000           295370.0    
    18.35000           294450.0    
    18.25000           293540.0    
    18.15000           292630.0    
    18.05000           291720.0    
    17.95000           290775.0    
    17.85000           289800.0    
    17.75000           288830.0    
    17.65000           287860.0    
    17.55000           286885.0    
    17.45000           285890.0    
    17.35000           284875.0    
    17.25000           283860.0    
    17.15000           282840.0    
    17.05000           281825.0    
    16.95000           280705.0    
    16.85000           279495.0    
    16.75000           278280.0    
    16.65000           277070.0    
    16.55000           275855.0    
    16.45000           274600.0    
    16.35000           273310.0    
    16.25000           272020.0    
    16.15000           270730.0    
    16.05000           269435.0    
    15.95000           268100.0    
    15.85000           266735.0    
    15.75000           265365.0    
    15.65000           263995.0    
    15.55000           262635.0    
    15.45000           261205.0    
    15.35000           259725.0    
    15.25000           258240.0    
    15.15000           256760.0    
    15.05000           255280.0    
    14.95000           254095.0    
    14.85000           253185.0    
    14.75000           252280.0    
    14.65000           251375.0    
    14.55000           250470.0    
    14.45000           249575.0    
    14.35000           248690.0    
    14.25000           247800.0    
    14.15000           246830.0    
    14.05000           245855.0    
    13.95000           245025.0    
    13.85000           244315.0    
    13.75000           243590.0    
    13.65000           242720.0    
    13.55000           241830.0    
    13.45000           240905.0    
    13.35000           239950.0    
    13.25000           239005.0    
    13.15000           237985.0    
    13.05000           236960.0    
    12.95000           236225.0    
    12.85000           235770.0    
    12.75000           235280.0    
    12.65000           234605.0    
    12.55000           233960.0    
    12.45000           233235.0    
    12.35000           232445.0    
    12.25000           231705.0    
    12.15000           230815.0    
    12.05000           230010.0    
    11.95000           229220.0    
    11.85000           228460.0    
    11.75000           227795.0    
    11.65000           227065.0    
    11.55000           226445.0    
    11.45000           225750.0    
    11.35000           225035.0    
    11.25000           224465.0    
    11.15000           223895.0    
    11.05000           223465.0    
    10.95000           222800.0    
    10.85000           221915.0    
    10.75000           221135.0    
    10.65000           220390.0    
    10.55000           219715.0    
    10.45000           219070.0    
    10.35000           218525.0    
    10.25000           218150.0    
    10.15000           217735.0    
    10.05000           217340.0    
    9.950000           216825.0    
    9.850000           216225.0    
    9.750000           215595.0    
    9.650000           214955.0    
    9.550000           214475.0    
    9.450000           213905.0    
    9.350000           212860.0    
    9.250000           211715.0    
    9.150000           210520.0    
    9.050000           209320.0    
    8.950000           208145.0    
    8.850000           207000.0    
    8.750000           205860.0    
    8.650000           204700.0    
    8.550000           203545.0    
    8.450000           202350.0    
    8.350000           201130.0    
    8.250000           199910.0    
    8.150000           198660.0    
    8.050000           197420.0    
    7.950000           196055.0    
    7.850000           194580.0    
    7.750000           193100.0    
    7.650000           191580.0    
    7.550000           190050.0    
    7.450000           188510.0    
    7.350000           186965.0    
    7.250000           185420.0    
    7.150000           183865.0    
    7.050000           182315.0    
    6.950000           180800.0    
    6.850000           179335.0    
    6.750000           177870.0    
    6.650000           176395.0    
    6.550000           174925.0    
    6.450000           173410.0    
    6.350000           171865.0    
    6.250000           170315.0    
    6.150000           168730.0    
    6.050000           167140.0    
    5.950000           165450.0    
    5.850000           163660.0    
    5.750000           161825.0    
    5.650000           159955.0    
    5.550000           158075.0    
    5.450000           156185.0    
    5.350000           154265.0    
    5.250000           152320.0    
    5.150000           150330.0    
    5.050000           148330.0    
    4.950000           146260.0    
    4.850000           144100.0    
    4.750000           141900.0    
    4.650000           139660.0    
    4.550000           137395.0    
    4.450000           135100.0    
    4.350000           132760.0    
    4.250000           130365.0    
    4.150000           127935.0    
    4.050000           125470.0    
    3.950000           122855.0    
    3.850000           120095.0    
    3.750000           117345.0    
    3.650000           114585.0    
    3.550000           111805.0    
    3.450000           109015.0    
    3.350000           106235.0    
    3.250000           103450.0    
    3.150000           100660.0    
    3.050000           97886.00    
    2.950000           95552.50    
    2.850000           93598.00    
    2.750000           91528.00    
    2.650000           89368.50    
    2.550000           87152.00    
    2.450000           84875.00    
    2.350000           82417.00    
    2.250000           80220.50    
    2.150000           79505.00    
    2.050000           79314.50    
    1.950000           78564.50    
    1.850000           74912.00    
    1.750000           71875.50    
    1.650000           69672.50    
    1.550000           67893.00    
    1.450000           66225.50    
    1.350000           64535.50    
    1.250000           62765.00    
    1.150000           60806.50    
    1.050000           58620.00    
   0.9800000           57056.00    
   0.9400000           56096.00    
   0.9000000           55108.50    
   0.8600000           54151.50    
   0.8200000           53157.50    
   0.7800000           52126.00    
   0.7400000           51063.00    
   0.7050000           50115.50    
   0.6750000           49364.00    
   0.6450000           48596.00    
   0.6150000           47753.00    
   0.5875000           46934.00    
   0.5625000           46132.00    
   0.5375000           45278.00    
   0.5125000           44357.50    
   0.4875000           43363.00    
   0.4625000           42292.50    
   0.4375000           41136.00    
   0.4125000           39903.00    
   0.3900000           38742.50    
   0.3700000           37664.50    
   0.3500000           36531.50    
   0.3300000           35276.50    
   0.3100000           33935.00    
   0.2900000           32513.50    
   0.2750000           31391.00    
   0.2625000           30423.00    
   0.2475000           29215.00    
   0.2350000           28159.00    
   0.2250000           27292.50    
   0.2150000           26401.50    
   0.2050000           25493.00    
   0.1950000           24659.50    
   0.1850000           23904.00    
   0.1750000           23131.50    
   0.1650000           22282.50    
   0.1550000           21415.50    
   0.1462500           20537.50    
   0.1387500           19650.50    
   0.1312500           18759.50    
   0.1237500           17857.00    
   0.1175000           17077.00    
   0.1125000           16451.50    
   0.1075000           15822.00    
   0.1025000           15192.00    
   0.9800000E-01       14580.00    
   0.9400000E-01       13992.00    
   0.9000000E-01       13403.50    
   0.8600000E-01       12815.00    
   0.8200000E-01       12228.00    
   0.7800000E-01       11641.50    
   0.7400000E-01       11055.50    
   0.7050000E-01       10544.65    
   0.6750000E-01       10105.75    
   0.6450000E-01       9666.750    
   0.6150001E-01       9227.550    
   0.5875000E-01       8826.250    
   0.5625000E-01       8461.100    
   0.5375000E-01       8095.400    
   0.5125000E-01       7729.150    
   0.4875000E-01       7367.150    
   0.4625000E-01       7009.150    
   0.4375000E-01       6650.100    
   0.4125000E-01       6290.150    
   0.3900000E-01       6004.050    
   0.3700000E-01       5787.100    
   0.3500000E-01       5561.650    
   0.3300000E-01       5327.200    
   0.3100000E-01       5084.200    
   0.2900000E-01       4832.400    
   0.2750000E-01       4639.800    
   0.2625000E-01       4472.400    
   0.2475000E-01       4269.800    
   0.2350000E-01       4097.850    
   0.2250000E-01       3958.750    
   0.2150000E-01       3815.600    
   0.2050000E-01       3671.600    
   0.1950000E-01       3524.800    
   0.1850000E-01       3375.350    
   0.1750000E-01       3225.100    
   0.1650000E-01       3070.500    
   0.1550000E-01       2915.150    
   0.1462500E-01       2777.400    
   0.1387500E-01       2656.500    
   0.1312500E-01       2533.950    
   0.1237500E-01       2410.450    
   0.1175000E-01       2306.650    
   0.1125000E-01       2223.000    
   0.1075000E-01       2138.800    
   0.1025000E-01       2053.850    
   0.9800000E-02       2066.850    
   0.9400000E-02       2140.400    
   0.9000000E-02       2270.400    
   0.8600000E-02       1839.400    
   0.8200000E-02       2069.600    
   0.7800000E-02       1751.250    
   0.7400000E-02       1690.650    
   0.7050000E-02       1938.350    
   0.6750000E-02       1422.650    
   0.6450000E-02       2400.100    
   0.6150000E-02       2646.100    
   0.5875000E-02       2111.800    
   0.5625000E-02       2993.700    
   0.5375000E-02       1229.050    
   0.5125000E-02       1632.600    
   0.4875000E-02       1715.650    
   0.4625000E-02       1488.650    
   0.4375000E-02       992.0550    
   0.4125000E-02       1008.330    
   0.3900000E-02       2126.530    
   0.3700000E-02       1357.890    
   0.3500000E-02       2022.620    
   0.3300000E-02       683.3051    
   0.3100000E-02       934.2750    
   0.2900000E-02       1041.025    
   0.2750000E-02       1951.560    
   0.2625000E-02       1440.975    
   0.2475000E-02       706.8300    
   0.2350000E-02       575.8500    
   0.2250000E-02       536.3100    
   0.2150000E-02       523.4950    
   0.2050000E-02       681.6750    
   0.1950000E-02       910.0900    
   0.1850000E-02       1377.865    
   0.1750000E-02       623.4850    
   0.1650000E-02       1699.815    
   0.1550000E-02       450.8400    
   0.1462500E-02       1394.790    
   0.1387500E-02       513.6000    
   0.1312500E-02       1880.675    
   0.1237500E-02       316.4450    
   0.1175000E-02       318.6200    
   0.1125000E-02       649.1950    
   0.1075000E-02       319.8800    
   0.1025000E-02       319.6800    
   0.9800000E-03       335.2800    
   0.9400000E-03       1953.325    
   0.9000000E-03       336.9850    
   0.8600000E-03       353.3800    
   0.8200000E-03       903.5000    
   0.7800000E-03       465.2300    
   0.7400000E-03       5209.640    
   0.7050000E-03       415.3100    
   0.6750000E-03       1858.085    
   0.6450000E-03       381.9200    
   0.6150000E-03       363.6800    
   0.5875000E-03       385.9650    
   0.5625000E-03       499.2650    
   0.5375000E-03       6880.750    
   0.5125000E-03       507.7000    
   0.4875000E-03       464.7750    
   0.4625000E-03       886.0500    
   0.4375000E-03       404.3550    
   0.4125000E-03       443.8100    
   0.3900000E-03       557.5300    
   0.3700000E-03       553.4150    
   0.3500000E-03       595.0600    
   0.3300000E-03       5714.935    
   0.3100000E-03       6184.885    
   0.2900000E-03       540.9200    
   0.2750000E-03       463.6400    
   0.2625000E-03       444.0450    
   0.2475000E-03       2500.340    
   0.2350000E-03       280.2200    
   0.2250000E-03       226.6500    
   0.2150000E-03       210.2000    
   0.2050000E-03       201.3850    
   0.1950000E-03       201.0350    
   0.1850000E-03       204.5950    
   0.1750000E-03       221.3450    
   0.1650000E-03       262.0750    
   0.1550000E-03       330.1150    
   0.1462500E-03       401.9100    
   0.1387500E-03       459.9000    
   0.1312500E-03       536.5400    
   0.1237500E-03       637.2350    
   0.1175000E-03       710.6150    
   0.1125000E-03       741.7000    
   0.1075000E-03       802.4100    
   0.1025000E-03       884.2150    
   0.9800000E-04       946.0600    
   0.9400000E-04       6342.900    
   0.9000000E-04       2026.310    
   0.8600000E-04       512.6350    
   0.8200000E-04       365.0550    
   0.7800000E-04       288.6150    
   0.7400000E-04       242.7150    
   0.7050000E-04       217.8900    
   0.6750000E-04       206.8980    
   0.6450000E-04       203.3140    
   0.6150000E-04       207.9820    
   0.5875000E-04       224.2190    
   0.5625000E-04       265.8540    
   0.5375000E-04       412.7080    
   0.5125000E-04       764.1160    
   0.4875000E-04       7638.271    
   0.4625000E-04       46758.52    
   0.4375000E-04       1010.350    
   0.4125000E-04       415.0050    
   0.3900000E-04       191.5810    
   0.3700000E-04       192.4820    
   0.3500000E-04       194.0255    
   0.3300000E-04       195.5820    
   0.3100000E-04       197.1490    
   0.2900000E-04       198.7325    
   0.2750000E-04       199.9205    
   0.2625000E-04       200.9260    
   0.2475000E-04       202.1490    
   0.2350000E-04       203.1670    
   0.2250000E-04       203.9930    
   0.2150000E-04       204.8285    
   0.2050000E-04       205.6760    
   0.1950000E-04       206.5980    
   0.1850000E-04       207.5910    
   0.1750000E-04       208.6135    
   0.1650000E-04       209.6660    
   0.1550000E-04       210.7615    
   0.1462500E-04       211.7360    
   0.1387500E-04       212.6060    
   0.1312500E-04       213.5180    
   0.1237500E-04       214.4585    
   0.1175000E-04       215.2840    
   0.1125000E-04       215.9585    
   0.1075000E-04       216.6645    
   0.1025000E-04       217.3970    
   0.9800000E-05       218.4400    
   0.9400000E-05       219.7865    
   0.9000000E-05       221.1545    
   0.8600000E-05       222.5540    
   0.8200000E-05       223.9990    
   0.7800000E-05       225.4745    
   0.7400000E-05       226.9795    
   0.7050000E-05       228.3320    
   0.6750000E-05       229.5230    
   0.6450000E-05       230.7460    
   0.6150000E-05       232.0005    
   0.5875000E-05       233.2055    
   0.5625000E-05       234.3375    
   0.5375000E-05       235.5085    
   0.5125000E-05       236.7060    
   0.4875000E-05       238.7140    
   0.4625000E-05       241.5125    
   0.4375000E-05       244.3765    
   0.4125000E-05       247.3075    
   0.3900000E-05       250.0280    
   0.3700000E-05       252.5090    
   0.3500000E-05       255.0530    
   0.3300000E-05       257.6510    
   0.3100000E-05       260.3335    
   0.2900000E-05       263.1160    
   0.2750000E-05       265.2310    
   0.2625000E-05       267.0835    
   0.2475000E-05       269.3760    
   0.2350000E-05       271.3620    
   0.2250000E-05       273.0140    
   0.2150000E-05       274.7205    
   0.2050000E-05       276.4870    
   0.1950000E-05       278.3225    
   0.1850000E-05       280.2260    
   0.1750000E-05       282.2190    
   0.1650000E-05       284.3020    
   0.1550000E-05       286.5085    
   0.1462500E-05       288.5380    
   0.1387500E-05       290.3795    
   0.1312500E-05       292.3220    
   0.1237500E-05       294.3965    
   0.1175000E-05       296.2525    
   0.1125000E-05       297.8350    
   0.1075000E-05       299.4850    
   0.1025000E-05       301.2400    
   0.9800000E-06       303.3000    
   0.9400000E-06       305.6750    
   0.9000000E-06       308.1350    
   0.8600000E-06       310.6950    
   0.8200000E-06       313.4300    
   0.7800000E-06       316.2650    
   0.7400000E-06       319.2250    
   0.7050000E-06       321.9150    
   0.6750000E-06       324.3150    
   0.6450000E-06       326.8300    
   0.6150000E-06       329.4000    
   0.5875000E-06       331.8900    
   0.5625000E-06       334.2900    
   0.5375000E-06       336.9550    
   0.5125000E-06       339.7700    
   0.4875000E-06       343.3950    
   0.4625000E-06       347.8600    
   0.4375000E-06       352.7950    
   0.4125000E-06       357.9900    
   0.3900000E-06       362.8500    
   0.3700000E-06       367.3600    
   0.3500000E-06       372.0650    
   0.3300000E-06       376.9900    
   0.3100000E-06       382.1750    
   0.2900000E-06       387.6650    
   0.2750000E-06       391.9650    
   0.2625000E-06       395.7750    
   0.2475000E-06       400.5650    
   0.2350000E-06       404.7600    
   0.2250000E-06       408.2950    
   0.2150000E-06       411.9950    
   0.2050000E-06       415.8850    
   0.1950000E-06       419.9800    
   0.1850000E-06       424.3200    
   0.1750000E-06       428.9350    
   0.1650000E-06       433.8650    
   0.1550000E-06       439.1600    
   0.1462500E-06       444.1100    
   0.1387500E-06       448.6800    
   0.1312500E-06       453.5450    
   0.1237500E-06       458.8000    
   0.1175000E-06       463.5050    
   0.1125000E-06       467.5650    
   0.1075000E-06       472.0400    
   0.1025000E-06       477.1050    
   0.9800000E-07       482.3800    
   0.9400000E-07       487.6700    
   0.9000000E-07       493.5200    
   0.8600000E-07       499.8600    
   0.8200000E-07       506.6250    
   0.7800000E-07       513.7150    
   0.7400000E-07       521.1950    
   0.7050000E-07       528.0900    
   0.6750000E-07       534.3000    
   0.6450000E-07       540.8400    
   0.6150000E-07       547.7200    
   0.5875000E-07       554.3550    
   0.5625000E-07       560.7200    
   0.5375000E-07       567.4100    
   0.5125000E-07       574.4800    
   0.4875000E-07       581.9800    
   0.4625000E-07       589.9650    
   0.4375000E-07       598.4950    
   0.4125000E-07       607.6700    
   0.3900000E-07       616.5400    
   0.3700000E-07       624.9800    
   0.3500000E-07       634.0750    
   0.3300000E-07       643.8700    
   0.3100000E-07       654.6150    
   0.2900000E-07       666.4900    
   0.2750000E-07       676.2400    
   0.2625000E-07       685.1650    
   0.2475000E-07       696.8950    
   0.2350000E-07       707.6150    
   0.2250000E-07       716.9150    
   0.2150000E-07       726.8950    
   0.2050000E-07       737.6050    
   0.1950000E-07       749.1200    
   0.1850000E-07       761.4800    
   0.1750000E-07       774.7300    
   0.1650000E-07       789.0950    
   0.1550000E-07       804.6350    
   0.1462500E-07       819.3650    
   0.1387500E-07       833.0100    
   0.1312500E-07       847.7250    
   0.1237500E-07       863.7000    
   0.1175000E-07       878.1550    
   0.1125000E-07       890.5350    
   0.1075000E-07       903.7250    
   0.1025000E-07       917.9550    
   0.9800000E-08       931.6750    
   0.9400000E-08       944.7000    
   0.9000000E-08       958.5699    
   0.8600000E-08       973.4050    
   0.8200000E-08       989.3400    
   0.7800000E-08       1006.470    
   0.7400001E-08       1025.010    
   0.7050000E-08       1042.540    
   0.6750000E-08       1058.480    
   0.6450000E-08       1075.665    
   0.6150000E-08       1094.125    
   0.5875000E-08       1112.200    
   0.5625000E-08       1129.860    
   0.5375000E-08       1148.700    
   0.5125000E-08       1168.940    
   0.4875000E-08       1190.705    
   0.4625000E-08       1214.225    
   0.4375000E-08       1239.700    
   0.4125000E-08       1267.395    
   0.3900000E-08       1294.495    
   0.3700000E-08       1320.680    
   0.3500000E-08       1349.065    
   0.3300000E-08       1379.880    
   0.3100000E-08       1413.610    
   0.2900000E-08       1450.640    
   0.2750000E-08       1480.945    
   0.2625000E-08       1508.125    
   0.2475000E-08       1543.340    
   0.2350000E-08       1575.165    
   0.2250000E-08       1602.495    
   0.2150000E-08       1631.635    
   0.2050000E-08       1662.840    
   0.1950000E-08       1696.355    
   0.1850000E-08       1732.575    
   0.1750000E-08       1771.800    
   0.1650000E-08       1814.550    
   0.1550000E-08       1861.350    
   0.1462500E-08       1906.150    
   0.1387500E-08       1947.900    
   0.1312500E-08       1993.050    
   0.1237500E-08       2042.450    
   0.1175000E-08       2087.200    
   0.1125000E-08       2125.650    
   0.1075000E-08       2166.800    
   0.1025000E-08       2211.050    
   0.9800000E-09       2253.750    
   0.9400000E-09       2294.200    
   0.9000000E-09       2337.400    
   0.8600000E-09       2383.650    
   0.8200000E-09       2433.350    
   0.7800000E-09       2486.850    
   0.7400000E-09       2544.700    
   0.7050000E-09       2599.500    
   0.6750000E-09       2649.600    
   0.6450000E-09       2703.450    
   0.6150000E-09       2761.200    
   0.5875000E-09       2818.150    
   0.5625000E-09       2873.550    
   0.5375000E-09       2932.850    
   0.5125000E-09       2996.450    
   0.4875000E-09       3065.150    
   0.4625000E-09       3139.400    
   0.4375000E-09       3219.950    
   0.4125000E-09       3307.950    
   0.3900000E-09       3394.200    
   0.3700000E-09       3477.700    
   0.3500000E-09       3568.300    
   0.3300000E-09       3667.200    
   0.3100000E-09       3775.750    
   0.2900000E-09       3895.500    
   0.2750000E-09       3994.100    
   0.2625000E-09       4082.500    
   0.2475000E-09       4197.600    
   0.2350000E-09       4301.950    
   0.2250000E-09       4391.700    
   0.2150000E-09       4487.700    
   0.2050000E-09       4590.700    
   0.1950000E-09       4701.350    
   0.1850000E-09       4821.300    
   0.1750000E-09       4951.550    
   0.1650000E-09       5093.500    
   0.1550000E-09       5249.250    
   0.1462500E-09       5398.600    
   0.1387500E-09       5537.700    
   0.1312500E-09       5688.400    
   0.1237500E-09       5853.000    
   0.1175000E-09       6002.300    
   0.1125000E-09       6130.550    
   0.1075000E-09       6267.800    
   0.1025000E-09       5716.710    
