    149.5000          0.1000000E-34
    148.5000          0.1000000E-34
    147.5000          0.1000000E-34
    146.5000          0.1000000E-34
    145.5000          0.1000000E-34
    144.5000          0.1000000E-34
    143.5000          0.1000000E-34
    142.5000          0.1000000E-34
    141.5000          0.1000000E-34
    140.5000          0.1000000E-34
    139.5000          0.1000000E-34
    138.5000          0.1000000E-34
    137.5000          0.1000000E-34
    136.5000          0.1000000E-34
    135.5000          0.1000000E-34
    134.5000          0.1000000E-34
    133.5000          0.1000000E-34
    132.5000          0.1000000E-34
    131.5000          0.1000000E-34
    130.5000          0.1000000E-34
    129.5000          0.1000000E-34
    128.5000          0.1000000E-34
    127.5000          0.1000000E-34
    126.5000          0.1000000E-34
    125.5000          0.1000000E-34
    124.5000          0.1000000E-34
    123.5000          0.1000000E-34
    122.5000          0.1000000E-34
    121.5000          0.1000000E-34
    120.5000          0.1000000E-34
    119.5000          0.1000000E-34
    118.5000          0.1000000E-34
    117.5000          0.1000000E-34
    116.5000          0.1000000E-34
    115.5000          0.1000000E-34
    114.5000          0.1000000E-34
    113.5000          0.1000000E-34
    112.5000          0.1000000E-34
    111.5000          0.1000000E-34
    110.5000          0.1000000E-34
    109.5000          0.1000000E-34
    108.5000          0.1000000E-34
    107.5000          0.1000000E-34
    106.5000          0.1000000E-34
    105.5000          0.1000000E-34
    104.5000          0.1000000E-34
    103.5000          0.1000000E-34
    102.5000          0.1000000E-34
    101.5000          0.1000000E-34
    100.5000          0.1000000E-34
    99.50000          0.1000000E-34
    98.50000          0.1000000E-34
    97.50000          0.1000000E-34
    96.50000          0.1000000E-34
    95.50000          0.1000000E-34
    94.50000          0.1000000E-34
    93.50000          0.1000000E-34
    92.50000          0.1000000E-34
    91.50000          0.1000000E-34
    90.50000          0.1000000E-34
    89.50000          0.1000000E-34
    88.50000          0.1000000E-34
    87.50000          0.1000000E-34
    86.50000          0.1000000E-34
    85.50000          0.1000000E-34
    84.50000          0.1000000E-34
    83.50000          0.1000000E-34
    82.50000          0.1000000E-34
    81.50000          0.1000000E-34
    80.50000          0.1000000E-34
    79.50000          0.1000000E-34
    78.50000          0.1000000E-34
    77.50000          0.1000000E-34
    76.50000          0.1000000E-34
    75.50000          0.1000000E-34
    74.50000          0.1000000E-34
    73.50000          0.1000000E-34
    72.50000          0.1000000E-34
    71.50000          0.1000000E-34
    70.50000          0.1000000E-34
    69.50000          0.1000000E-34
    68.50000          0.1000000E-34
    67.50000          0.1000000E-34
    66.50000          0.1000000E-34
    65.50000          0.1000000E-34
    64.50000          0.1000000E-34
    63.50000          0.1000000E-34
    62.50000          0.1000000E-34
    61.50000          0.1000000E-34
    60.50000          0.1000000E-34
    59.50000          0.1000000E-34
    58.50000          0.1000000E-34
    57.50000          0.1000000E-34
    56.50000          0.1000000E-34
    55.50000          0.1000000E-34
    54.50000          0.1000000E-34
    53.50000          0.1000000E-34
    52.50000          0.1000000E-34
    51.50000          0.1000000E-34
    50.50000          0.1000000E-34
    49.50000          0.1000000E-34
    48.50000          0.1000000E-34
    47.50000          0.1000000E-34
    46.50000          0.1000000E-34
    45.50000          0.1000000E-34
    44.50000          0.1000000E-34
    43.50000          0.1000000E-34
    42.50000          0.1000000E-34
    41.50000          0.1000000E-34
    40.50000          0.1000000E-34
    39.50000          0.1000000E-34
    38.50000          0.1000000E-34
    37.50000          0.1000000E-34
    36.50000          0.1000000E-34
    35.50000          0.1000000E-34
    34.50000          0.1000000E-34
    33.50000          0.1000000E-34
    32.50000          0.1000000E-34
    31.50000          0.1000000E-34
    30.50000          0.1000000E-34
    29.50000          0.1000000E-34
    28.50000          0.1000000E-34
    27.50000          0.1000000E-34
    26.50000          0.1000000E-34
    25.50000          0.1000000E-34
    24.50000          0.1000000E-34
    23.50000          0.1000000E-34
    22.50000          0.1000000E-34
    21.50000          0.1000000E-34
    20.50000          0.1000000E-34
    19.95000           785680.0    
    19.85000           790450.0    
    19.75000           795230.0    
    19.65000           800005.0    
    19.55000           804785.0    
    19.45000           809020.0    
    19.35000           812750.0    
    19.25000           816500.0    
    19.15000           820210.0    
    19.05000           823970.0    
    18.95000           826335.0    
    18.85000           827405.0    
    18.75000           828525.0    
    18.65000           829645.0    
    18.55000           830760.0    
    18.45000           831110.0    
    18.35000           830280.0    
    18.25000           829500.0    
    18.15000           828665.0    
    18.05000           827885.0    
    17.95000           823245.0    
    17.85000           814950.0    
    17.75000           806700.0    
    17.65000           798405.0    
    17.55000           790160.0    
    17.45000           784915.0    
    17.35000           782525.0    
    17.25000           780140.0    
    17.15000           777750.0    
    17.05000           775360.0    
    16.95000           772225.0    
    16.85000           768390.0    
    16.75000           764555.0    
    16.65000           760725.0    
    16.55000           756890.0    
    16.45000           752480.0    
    16.35000           747515.0    
    16.25000           742560.0    
    16.15000           737595.0    
    16.05000           732640.0    
    15.95000           726710.0    
    15.85000           719880.0    
    15.75000           713050.0    
    15.65000           706220.0    
    15.55000           699390.0    
    15.45000           692100.0    
    15.35000           684380.0    
    15.25000           676660.0    
    15.15000           668945.0    
    15.05000           661230.0    
    14.95000           658125.0    
    14.85000           659345.0    
    14.75000           660560.0    
    14.65000           661780.0    
    14.55000           663000.0    
    14.45000           662735.0    
    14.35000           661095.0    
    14.25000           659215.0    
    14.15000           656010.0    
    14.05000           652595.0    
    13.95000           644720.0    
    13.85000           632690.0    
    13.75000           620240.0    
    13.65000           605655.0    
    13.55000           590705.0    
    13.45000           575115.0    
    13.35000           578395.0    
    13.25000           599695.0    
    13.15000           620060.0    
    13.05000           640280.0    
    12.95000           649840.0    
    12.85000           649455.0    
    12.75000           648025.0    
    12.65000           640585.0    
    12.55000           630640.0    
    12.45000           617305.0    
    12.35000           600875.0    
    12.25000           582500.0    
    12.15000           559925.0    
    12.05000           535705.0    
    11.95000           536525.0    
    11.85000           562370.0    
    11.75000           588230.0    
    11.65000           612715.0    
    11.55000           637270.0    
    11.45000           660250.0    
    11.35000           682075.0    
    11.25000           704215.0    
    11.15000           725655.0    
    11.05000           747095.0    
    10.95000           742005.0    
    10.85000           711265.0    
    10.75000           680275.0    
    10.65000           648800.0    
    10.55000           616700.0    
    10.45000           583745.0    
    10.35000           553050.0    
    10.25000           526990.0    
    10.15000           499800.0    
    10.05000           471445.0    
    9.950000           478875.0    
    9.850000           521285.0    
    9.750000           562195.0    
    9.650000           601755.0    
    9.550000           640205.0    
    9.450000           671820.0    
    9.350000           660805.0    
    9.250000           640705.0    
    9.150000           619415.0    
    9.050000           598085.0    
    8.950000           576360.0    
    8.850000           554265.0    
    8.750000           532175.0    
    8.650000           509380.0    
    8.550000           486595.0    
    8.450000           463525.0    
    8.350000           440170.0    
    8.250000           416790.0    
    8.150000           392650.0    
    8.050000           368480.0    
    7.950000           358015.0    
    7.850000           360660.0    
    7.750000           363090.0    
    7.650000           364270.0    
    7.550000           365240.0    
    7.450000           365590.0    
    7.350000           365340.0    
    7.250000           364890.0    
    7.150000           363275.0    
    7.050000           361475.0    
    6.950000           358495.0    
    6.850000           354380.0    
    6.750000           350105.0    
    6.650000           344930.0    
    6.550000           339615.0    
    6.450000           333480.0    
    6.350000           326565.0    
    6.250000           319525.0    
    6.150000           311715.0    
    6.050000           303300.0    
    5.950000           297500.0    
    5.850000           294255.0    
    5.750000           290580.0    
    5.650000           286390.0    
    5.550000           281770.0    
    5.450000           276730.0    
    5.350000           271280.0    
    5.250000           265405.0    
    5.150000           259155.0    
    5.050000           252480.0    
    4.950000           247550.0    
    4.850000           244160.0    
    4.750000           240350.0    
    4.650000           236020.0    
    4.550000           231240.0    
    4.450000           226015.0    
    4.350000           220335.0    
    4.250000           214275.0    
    4.150000           207690.0    
    4.050000           200650.0    
    3.950000           190290.0    
    3.850000           177315.0    
    3.750000           165310.0    
    3.650000           154260.0    
    3.550000           144170.0    
    3.450000           135045.0    
    3.350000           126900.0    
    3.250000           119730.0    
    3.150000           113536.5    
    3.050000           108320.0    
    2.950000           103887.5    
    2.850000           100318.0    
    2.750000           97849.00    
    2.650000           96455.00    
    2.550000           96270.50    
    2.450000           97286.50    
    2.350000           99277.50    
    2.250000           102875.5    
    2.150000           110005.0    
    2.050000           119215.0    
    1.950000           130188.5    
    1.850000           137561.5    
    1.750000           144095.0    
    1.650000           150323.5    
    1.550000           155463.5    
    1.450000           166350.0    
    1.350000           176195.0    
    1.250000           172535.0    
    1.150000           143885.0    
    1.050000           98146.00    
   0.9800000           80053.50    
   0.9400000           87247.00    
   0.9000000           92277.50    
   0.8600000           88081.50    
   0.8200000           82370.00    
   0.7800000           76712.50    
   0.7400000           73490.50    
   0.7050000           75179.50    
   0.6750000           69591.00    
   0.6450000           62430.00    
   0.6150000           56043.50    
   0.5875000           52209.00    
   0.5625000           50640.50    
   0.5375000           49388.50    
   0.5125000           48447.50    
   0.4875000           49047.50    
   0.4625000           50715.00    
   0.4375000           50191.50    
   0.4125000           46748.00    
   0.3900000           44686.50    
   0.3700000           44975.00    
   0.3500000           45039.00    
   0.3300000           44810.00    
   0.3100000           44324.50    
   0.2900000           43799.00    
   0.2750000           43200.50    
   0.2625000           42281.50    
   0.2475000           40748.00    
   0.2350000           39087.50    
   0.2250000           37506.50    
   0.2150000           35699.00    
   0.2050000           33679.00    
   0.1950000           32187.50    
   0.1850000           31146.50    
   0.1750000           30084.00    
   0.1650000           28921.00    
   0.1550000           27736.00    
   0.1462500           26547.50    
   0.1387500           25358.00    
   0.1312500           24164.50    
   0.1237500           22958.50    
   0.1175000           21919.50    
   0.1125000           21086.50    
   0.1075000           20250.50    
   0.1025000           19414.50    
   0.9800000E-01       18604.50    
   0.9400000E-01       17831.00    
   0.9000000E-01       17056.50    
   0.8600000E-01       16284.00    
   0.8200000E-01       15514.50    
   0.7800000E-01       14748.50    
   0.7400000E-01       13986.00    
   0.7050000E-01       13322.00    
   0.6750000E-01       12752.00    
   0.6450000E-01       12182.50    
   0.6150001E-01       11613.50    
   0.5875000E-01       11096.50    
   0.5625000E-01       10628.00    
   0.5375000E-01       10160.15    
   0.5125000E-01       9691.350    
   0.4875000E-01       9228.300    
   0.4625000E-01       8770.400    
   0.4375000E-01       8311.700    
   0.4125000E-01       7852.250    
   0.3900000E-01       7486.400    
   0.3700000E-01       7208.250    
   0.3500000E-01       6919.450    
   0.3300000E-01       6619.700    
   0.3100000E-01       6309.250    
   0.2900000E-01       5988.200    
   0.2750000E-01       5743.050    
   0.2625000E-01       5530.250    
   0.2475000E-01       5273.900    
   0.2350000E-01       5059.050    
   0.2250000E-01       4885.500    
   0.2150000E-01       4706.550    
   0.2050000E-01       4526.600    
   0.1950000E-01       4343.000    
   0.1850000E-01       4155.750    
   0.1750000E-01       3967.400    
   0.1650000E-01       3773.650    
   0.1550000E-01       3578.900    
   0.1462500E-01       3405.800    
   0.1387500E-01       3253.500    
   0.1312500E-01       3099.250    
   0.1237500E-01       2944.000    
   0.1175000E-01       2813.950    
   0.1125000E-01       2709.500    
   0.1075000E-01       2604.550    
   0.1025000E-01       2498.700    
   0.9800000E-02       2523.250    
   0.9400000E-02       2624.600    
   0.9000000E-02       2758.250    
   0.8600000E-02       2253.750    
   0.8200000E-02       2520.850    
   0.7800000E-02       2150.300    
   0.7400000E-02       2062.700    
   0.7050000E-02       2350.650    
   0.6750000E-02       1721.250    
   0.6450000E-02       2893.900    
   0.6150000E-02       3158.900    
   0.5875000E-02       2542.150    
   0.5625000E-02       3567.050    
   0.5375000E-02       1504.900    
   0.5125000E-02       1966.350    
   0.4875000E-02       2062.450    
   0.4625000E-02       1802.350    
   0.4375000E-02       1216.850    
   0.4125000E-02       1213.950    
   0.3900000E-02       2544.325    
   0.3700000E-02       1620.700    
   0.3500000E-02       2405.130    
   0.3300000E-02       831.5800    
   0.3100000E-02       1127.675    
   0.2900000E-02       1240.435    
   0.2750000E-02       2320.755    
   0.2625000E-02       1730.745    
   0.2475000E-02       852.5800    
   0.2350000E-02       697.5050    
   0.2250000E-02       642.6200    
   0.2150000E-02       623.4200    
   0.2050000E-02       818.3400    
   0.1950000E-02       1063.575    
   0.1850000E-02       1626.305    
   0.1750000E-02       739.5850    
   0.1650000E-02       2010.235    
   0.1550000E-02       533.3850    
   0.1462500E-02       1667.980    
   0.1387500E-02       610.2700    
   0.1312500E-02       2235.255    
   0.1237500E-02       375.5350    
   0.1175000E-02       375.6600    
   0.1125000E-02       779.5850    
   0.1075000E-02       376.3750    
   0.1025000E-02       374.7650    
   0.9800000E-03       392.3550    
   0.9400000E-03       2304.270    
   0.9000000E-03       396.9500    
   0.8600000E-03       413.9900    
   0.8200000E-03       1076.630    
   0.7800000E-03       542.3550    
   0.7400000E-03       6106.265    
   0.7050000E-03       490.6050    
   0.6750000E-03       2210.085    
   0.6450000E-03       451.0550    
   0.6150000E-03       427.0000    
   0.5875000E-03       451.3150    
   0.5625000E-03       580.2600    
   0.5375000E-03       7967.465    
   0.5125000E-03       595.7500    
   0.4875000E-03       546.2300    
   0.4625000E-03       1043.565    
   0.4375000E-03       472.5400    
   0.4125000E-03       517.2950    
   0.3900000E-03       644.8550    
   0.3700000E-03       641.7750    
   0.3500000E-03       692.3000    
   0.3300000E-03       6673.865    
   0.3100000E-03       7215.555    
   0.2900000E-03       624.1400    
   0.2750000E-03       533.5650    
   0.2625000E-03       513.2650    
   0.2475000E-03       2917.460    
   0.2350000E-03       325.7250    
   0.2250000E-03       263.3500    
   0.2150000E-03       244.0250    
   0.2050000E-03       233.7000    
   0.1950000E-03       233.3150    
   0.1850000E-03       237.5000    
   0.1750000E-03       257.0850    
   0.1650000E-03       304.7050    
   0.1550000E-03       384.3100    
   0.1462500E-03       468.2700    
   0.1387500E-03       535.9900    
   0.1312500E-03       625.3950    
   0.1237500E-03       742.8900    
   0.1175000E-03       828.2750    
   0.1125000E-03       864.1200    
   0.1075000E-03       934.7500    
   0.1025000E-03       1029.465    
   0.9800000E-04       1100.460    
   0.9400000E-04       7336.650    
   0.9000000E-04       2346.650    
   0.8600000E-04       595.4100    
   0.8200000E-04       423.5000    
   0.7800000E-04       334.2550    
   0.7400000E-04       280.6150    
   0.7050000E-04       251.5750    
   0.6750000E-04       238.6790    
   0.6450000E-04       234.3765    
   0.6150000E-04       239.6160    
   0.5875000E-04       258.2490    
   0.5625000E-04       306.1870    
   0.5375000E-04       475.3605    
   0.5125000E-04       880.2045    
   0.4875000E-04       8799.759    
   0.4625000E-04       53870.47    
   0.4375000E-04       1163.718    
   0.4125000E-04       477.6660    
   0.3900000E-04       220.2165    
   0.3700000E-04       221.2460    
   0.3500000E-04       223.0215    
   0.3300000E-04       224.8065    
   0.3100000E-04       226.6095    
   0.2900000E-04       228.4215    
   0.2750000E-04       229.7895    
   0.2625000E-04       230.9475    
   0.2475000E-04       232.3495    
   0.2350000E-04       233.5180    
   0.2250000E-04       234.4675    
   0.2150000E-04       235.4325    
   0.2050000E-04       236.4075    
   0.1950000E-04       237.4630    
   0.1850000E-04       238.6070    
   0.1750000E-04       239.7855    
   0.1650000E-04       240.9995    
   0.1550000E-04       242.2635    
   0.1462500E-04       243.3855    
   0.1387500E-04       244.3905    
   0.1312500E-04       245.4400    
   0.1237500E-04       246.5265    
   0.1175000E-04       247.4830    
   0.1125000E-04       248.2630    
   0.1075000E-04       249.0750    
   0.1025000E-04       249.9220    
   0.9800000E-05       251.1285    
   0.9400000E-05       252.6750    
   0.9000000E-05       254.2520    
   0.8600000E-05       255.8695    
   0.8200000E-05       257.5330    
   0.7800000E-05       259.2375    
   0.7400000E-05       260.9705    
   0.7050000E-05       262.5330    
   0.6750000E-05       263.9020    
   0.6450000E-05       265.3145    
   0.6150000E-05       266.7660    
   0.5875000E-05       268.1580    
   0.5625000E-05       269.4655    
   0.5375000E-05       270.8125    
   0.5125000E-05       272.1965    
   0.4875000E-05       274.5130    
   0.4625000E-05       277.7365    
   0.4375000E-05       281.0355    
   0.4125000E-05       284.4145    
   0.3900000E-05       287.5510    
   0.3700000E-05       290.4095    
   0.3500000E-05       293.3410    
   0.3300000E-05       296.3370    
   0.3100000E-05       299.4295    
   0.2900000E-05       302.6385    
   0.2750000E-05       305.0810    
   0.2625000E-05       307.2175    
   0.2475000E-05       309.8645    
   0.2350000E-05       312.1575    
   0.2250000E-05       314.0680    
   0.2150000E-05       316.0365    
   0.2050000E-05       318.0800    
   0.1950000E-05       320.1985    
   0.1850000E-05       322.4015    
   0.1750000E-05       324.7085    
   0.1650000E-05       327.1150    
   0.1550000E-05       329.6700    
   0.1462500E-05       332.0200    
   0.1387500E-05       334.1550    
   0.1312500E-05       336.4050    
   0.1237500E-05       338.8050    
   0.1175000E-05       340.9500    
   0.1125000E-05       342.7900    
   0.1075000E-05       344.7000    
   0.1025000E-05       346.7350    
   0.9800000E-06       349.1150    
   0.9400000E-06       351.8550    
   0.9000000E-06       354.7050    
   0.8600000E-06       357.6600    
   0.8200000E-06       360.8200    
   0.7800000E-06       364.0950    
   0.7400000E-06       367.5200    
   0.7050000E-06       370.6350    
   0.6750000E-06       373.4100    
   0.6450000E-06       376.3150    
   0.6150000E-06       379.2950    
   0.5875000E-06       382.1800    
   0.5625000E-06       384.9500    
   0.5375000E-06       388.0350    
   0.5125000E-06       391.2900    
   0.4875000E-06       395.4850    
   0.4625000E-06       400.6350    
   0.4375000E-06       406.3450    
   0.4125000E-06       412.3400    
   0.3900000E-06       417.9550    
   0.3700000E-06       423.1700    
   0.3500000E-06       428.6100    
   0.3300000E-06       434.3100    
   0.3100000E-06       440.3000    
   0.2900000E-06       446.6450    
   0.2750000E-06       451.6300    
   0.2625000E-06       456.0400    
   0.2475000E-06       461.5900    
   0.2350000E-06       466.4400    
   0.2250000E-06       470.5400    
   0.2150000E-06       474.8250    
   0.2050000E-06       479.3300    
   0.1950000E-06       484.0700    
   0.1850000E-06       489.1000    
   0.1750000E-06       494.4550    
   0.1650000E-06       500.1700    
   0.1550000E-06       506.3150    
   0.1462500E-06       512.0600    
   0.1387500E-06       517.3550    
   0.1312500E-06       523.0050    
   0.1237500E-06       529.1050    
   0.1175000E-06       534.5600    
   0.1125000E-06       539.2650    
   0.1075000E-06       544.4650    
   0.1025000E-06       550.3350    
   0.9800000E-07       556.4500    
   0.9400000E-07       562.5750    
   0.9000000E-07       569.3500    
   0.8600000E-07       576.6950    
   0.8200000E-07       584.5200    
   0.7800000E-07       592.7350    
   0.7400000E-07       601.4000    
   0.7050000E-07       609.3850    
   0.6750000E-07       616.5800    
   0.6450000E-07       624.1550    
   0.6150000E-07       632.1300    
   0.5875000E-07       639.8250    
   0.5625000E-07       647.2000    
   0.5375000E-07       654.9600    
   0.5125000E-07       663.1550    
   0.4875000E-07       671.8550    
   0.4625000E-07       681.1200    
   0.4375000E-07       691.0150    
   0.4125000E-07       701.6650    
   0.3900000E-07       711.9600    
   0.3700000E-07       721.7500    
   0.3500000E-07       732.3050    
   0.3300000E-07       743.6850    
   0.3100000E-07       756.1550    
   0.2900000E-07       769.9450    
   0.2750000E-07       781.2650    
   0.2625000E-07       791.6150    
   0.2475000E-07       805.2250    
   0.2350000E-07       817.6700    
   0.2250000E-07       828.4550    
   0.2150000E-07       840.0350    
   0.2050000E-07       852.4650    
   0.1950000E-07       865.8200    
   0.1850000E-07       880.1650    
   0.1750000E-07       895.5400    
   0.1650000E-07       912.2100    
   0.1550000E-07       930.2400    
   0.1462500E-07       947.3300    
   0.1387500E-07       963.1700    
   0.1312500E-07       980.2850    
   0.1237500E-07       998.8051    
   0.1175000E-07       1015.595    
   0.1125000E-07       1029.925    
   0.1075000E-07       1045.325    
   0.1025000E-07       1061.785    
   0.9800000E-08       1077.725    
   0.9400000E-08       1092.805    
   0.9000000E-08       1108.950    
   0.8600000E-08       1126.180    
   0.8200000E-08       1144.685    
   0.7800000E-08       1164.560    
   0.7400001E-08       1186.070    
   0.7050000E-08       1206.405    
   0.6750000E-08       1224.960    
   0.6450000E-08       1244.890    
   0.6150000E-08       1266.275    
   0.5875000E-08       1287.315    
   0.5625000E-08       1307.790    
   0.5375000E-08       1329.660    
   0.5125000E-08       1353.165    
   0.4875000E-08       1378.475    
   0.4625000E-08       1405.725    
   0.4375000E-08       1435.300    
   0.4125000E-08       1467.500    
   0.3900000E-08       1499.000    
   0.3700000E-08       1529.350    
   0.3500000E-08       1562.300    
   0.3300000E-08       1598.050    
   0.3100000E-08       1637.200    
   0.2900000E-08       1680.150    
   0.2750000E-08       1715.400    
   0.2625000E-08       1746.950    
   0.2475000E-08       1787.800    
   0.2350000E-08       1824.800    
   0.2250000E-08       1856.550    
   0.2150000E-08       1890.350    
   0.2050000E-08       1926.600    
   0.1950000E-08       1965.500    
   0.1850000E-08       2007.550    
   0.1750000E-08       2053.100    
   0.1650000E-08       2102.750    
   0.1550000E-08       2157.100    
   0.1462500E-08       2209.100    
   0.1387500E-08       2257.550    
   0.1312500E-08       2310.050    
   0.1237500E-08       2367.350    
   0.1175000E-08       2419.350    
   0.1125000E-08       2464.100    
   0.1075000E-08       2511.800    
   0.1025000E-08       2563.200    
   0.9800000E-09       2612.750    
   0.9400000E-09       2659.750    
   0.9000000E-09       2709.900    
   0.8600000E-09       2763.600    
   0.8200000E-09       2821.300    
   0.7800000E-09       2883.450    
   0.7400000E-09       2950.600    
   0.7050000E-09       3014.200    
   0.6750000E-09       3072.400    
   0.6450000E-09       3134.850    
   0.6150000E-09       3202.000    
   0.5875000E-09       3268.100    
   0.5625000E-09       3332.400    
   0.5375000E-09       3401.200    
   0.5125000E-09       3475.100    
   0.4875000E-09       3554.850    
   0.4625000E-09       3641.050    
   0.4375000E-09       3734.550    
   0.4125000E-09       3836.700    
   0.3900000E-09       3936.800    
   0.3700000E-09       4033.750    
   0.3500000E-09       4138.950    
   0.3300000E-09       4253.750    
   0.3100000E-09       4379.700    
   0.2900000E-09       4518.750    
   0.2750000E-09       4633.150    
   0.2625000E-09       4735.750    
   0.2475000E-09       4869.400    
   0.2350000E-09       4990.450    
   0.2250000E-09       5094.650    
   0.2150000E-09       5206.050    
   0.2050000E-09       5325.650    
   0.1950000E-09       5454.100    
   0.1850000E-09       5593.250    
   0.1750000E-09       5744.450    
   0.1650000E-09       5909.200    
   0.1550000E-09       6089.950    
   0.1462500E-09       6263.500    
   0.1387500E-09       6424.950    
   0.1312500E-09       6599.700    
   0.1237500E-09       6790.500    
   0.1175000E-09       6964.100    
   0.1125000E-09       7112.950    
   0.1075000E-09       7272.000    
   0.1025000E-09       6091.500    
