	1.495000E+02	1.000000E+00
	1.485000E+02	1.000000E+00
	1.475000E+02	1.000000E+00
	1.465000E+02	1.000000E+00
	1.455000E+02	1.000000E+00
	1.445000E+02	1.000000E+00
	1.435000E+02	1.000000E+00
	1.425000E+02	1.000000E+00
	1.415000E+02	1.000000E+00
	1.405000E+02	1.000000E+00
	1.395000E+02	1.000000E+00
	1.385000E+02	1.000000E+00
	1.375000E+02	1.000000E+00
	1.365000E+02	1.000000E+00
	1.355000E+02	1.000000E+00
	1.345000E+02	1.000000E+00
	1.335000E+02	1.000000E+00
	1.325000E+02	1.000000E+00
	1.315000E+02	1.000000E+00
	1.305000E+02	1.000000E+00
	1.295000E+02	1.000000E+00
	1.285000E+02	1.000000E+00
	1.275000E+02	1.000000E+00
	1.265000E+02	1.000000E+00
	1.255000E+02	1.000000E+00
	1.245000E+02	1.000000E+00
	1.235000E+02	1.000000E+00
	1.225000E+02	1.000000E+00
	1.215000E+02	1.000000E+00
	1.205000E+02	1.000000E+00
	1.195000E+02	1.000000E+00
	1.185000E+02	1.000000E+00
	1.175000E+02	1.000000E+00
	1.165000E+02	1.000000E+00
	1.155000E+02	1.000000E+00
	1.145000E+02	1.000000E+00
	1.135000E+02	1.000000E+00
	1.125000E+02	1.000000E+00
	1.115000E+02	1.000000E+00
	1.105000E+02	1.000000E+00
	1.095000E+02	1.000000E+00
	1.085000E+02	1.000000E+00
	1.075000E+02	1.000000E+00
	1.065000E+02	1.000000E+00
	1.055000E+02	1.000000E+00
	1.045000E+02	1.000000E+00
	1.035000E+02	1.000000E+00
	1.025000E+02	1.000000E+00
	1.015000E+02	1.000000E+00
	1.005000E+02	1.000000E+00
	9.950000E+01	1.000000E+00
	9.850000E+01	1.000000E+00
	9.750000E+01	1.000000E+00
	9.650000E+01	1.000000E+00
	9.550000E+01	1.000000E+00
	9.450000E+01	1.000000E+00
	9.350000E+01	1.000000E+00
	9.250000E+01	1.000000E+00
	9.150000E+01	1.000000E+00
	9.050000E+01	1.000000E+00
	8.950000E+01	1.000000E+00
	8.850000E+01	1.000000E+00
	8.750000E+01	1.000000E+00
	8.650000E+01	1.000000E+00
	8.550000E+01	1.000000E+00
	8.450000E+01	1.000000E+00
	8.350000E+01	1.000000E+00
	8.250000E+01	1.000000E+00
	8.150000E+01	1.000000E+00
	8.050000E+01	1.000000E+00
	7.950000E+01	1.000000E+00
	7.850000E+01	1.000000E+00
	7.750000E+01	1.000000E+00
	7.650000E+01	1.000000E+00
	7.550000E+01	1.000000E+00
	7.450000E+01	1.000000E+00
	7.350000E+01	1.000000E+00
	7.250000E+01	1.000000E+00
	7.150000E+01	1.000000E+00
	7.050000E+01	1.000000E+00
	6.950000E+01	1.000000E+00
	6.850000E+01	1.000000E+00
	6.750000E+01	1.000000E+00
	6.650000E+01	1.000000E+00
	6.550000E+01	1.000000E+00
	6.450000E+01	1.000000E+00
	6.350000E+01	1.000000E+00
	6.250000E+01	1.000000E+00
	6.150000E+01	1.000000E+00
	6.050000E+01	1.000000E+00
	5.950000E+01	1.000000E+00
	5.850000E+01	1.000000E+00
	5.750000E+01	1.000000E+00
	5.650000E+01	1.000000E+00
	5.550000E+01	1.000000E+00
	5.450000E+01	1.000000E+00
	5.350000E+01	1.000000E+00
	5.250000E+01	1.000000E+00
	5.150000E+01	1.000000E+00
	5.050000E+01	1.000000E+00
	4.950000E+01	1.000000E+00
	4.850000E+01	1.000000E+00
	4.750000E+01	1.000000E+00
	4.650000E+01	1.000000E+00
	4.550000E+01	1.000000E+00
	4.450000E+01	1.000000E+00
	4.350000E+01	1.000000E+00
	4.250000E+01	1.000000E+00
	4.150000E+01	1.000000E+00
	4.050000E+01	1.000000E+00
	3.950000E+01	1.000000E+00
	3.850000E+01	1.000000E+00
	3.750000E+01	1.000000E+00
	3.650000E+01	1.000000E+00
	3.550000E+01	1.000000E+00
	3.450000E+01	1.000000E+00
	3.350000E+01	1.000000E+00
	3.250000E+01	1.000000E+00
	3.150000E+01	1.000000E+00
	3.050000E+01	1.000000E+00
	2.950000E+01	1.000000E+00
	2.850000E+01	1.000000E+00
	2.750000E+01	1.000000E+00
	2.650000E+01	1.000000E+00
	2.550000E+01	1.000000E+00
	2.450000E+01	1.000000E+00
	2.350000E+01	1.000000E+00
	2.250000E+01	1.000000E+00
	2.150000E+01	1.000000E+00
	2.050000E+01	1.000000E+00
	1.995000E+01	1.000000E+00
	1.985000E+01	1.000000E+00
	1.975000E+01	1.000000E+00
	1.965000E+01	1.000000E+00
	1.955000E+01	1.000000E+00
	1.945000E+01	1.000000E+00
	1.935000E+01	1.000000E+00
	1.925000E+01	1.000000E+00
	1.915000E+01	1.000000E+00
	1.905000E+01	1.000000E+00
	1.895000E+01	1.000000E+00
	1.885000E+01	1.000000E+00
	1.875000E+01	1.000000E+00
	1.865000E+01	1.000000E+00
	1.855000E+01	1.000000E+00
	1.845000E+01	1.000000E+00
	1.835000E+01	1.000000E+00
	1.825000E+01	1.000000E+00
	1.815000E+01	1.000000E+00
	1.805000E+01	1.000000E+00
	1.795000E+01	1.000000E+00
	1.785000E+01	1.000000E+00
	1.775000E+01	1.000000E+00
	1.765000E+01	1.000000E+00
	1.755000E+01	1.000000E+00
	1.745000E+01	1.000000E+00
	1.735000E+01	1.000000E+00
	1.725000E+01	1.000000E+00
	1.715000E+01	1.000000E+00
	1.705000E+01	1.000000E+00
	1.695000E+01	1.000000E+00
	1.685000E+01	1.000000E+00
	1.675000E+01	1.000000E+00
	1.665000E+01	1.000000E+00
	1.655000E+01	1.000000E+00
	1.645000E+01	1.000000E+00
	1.635000E+01	1.000000E+00
	1.625000E+01	1.000000E+00
	1.615000E+01	1.000000E+00
	1.605000E+01	1.000000E+00
	1.595000E+01	1.000000E+00
	1.585000E+01	1.000000E+00
	1.575000E+01	1.000000E+00
	1.565000E+01	1.000000E+00
	1.555000E+01	1.000000E+00
	1.545000E+01	1.000000E+00
	1.535000E+01	1.000000E+00
	1.525000E+01	1.000000E+00
	1.515000E+01	1.000000E+00
	1.505000E+01	1.000000E+00
	1.495000E+01	1.000000E+00
	1.485000E+01	1.000000E+00
	1.475000E+01	1.000000E+00
	1.465000E+01	1.000000E+00
	1.455000E+01	1.000000E+00
	1.445000E+01	1.000000E+00
	1.435000E+01	1.000000E+00
	1.425000E+01	1.000000E+00
	1.415000E+01	1.000000E+00
	1.405000E+01	1.000000E+00
	1.395000E+01	1.000000E+00
	1.385000E+01	1.000000E+00
	1.375000E+01	1.000000E+00
	1.365000E+01	1.000000E+00
	1.355000E+01	1.000000E+00
	1.345000E+01	1.000000E+00
	1.335000E+01	1.000000E+00
	1.325000E+01	1.000000E+00
	1.315000E+01	1.000000E+00
	1.305000E+01	1.000000E+00
	1.295000E+01	1.000000E+00
	1.285000E+01	1.000000E+00
	1.275000E+01	1.000000E+00
	1.265000E+01	1.000000E+00
	1.255000E+01	1.000000E+00
	1.245000E+01	1.000000E+00
	1.235000E+01	1.000000E+00
	1.225000E+01	1.000000E+00
	1.215000E+01	1.000000E+00
	1.205000E+01	1.000000E+00
	1.195000E+01	1.000000E+00
	1.185000E+01	1.000000E+00
	1.175000E+01	1.000000E+00
	1.165000E+01	1.000000E+00
	1.155000E+01	1.000000E+00
	1.145000E+01	1.000000E+00
	1.135000E+01	1.000000E+00
	1.125000E+01	1.000000E+00
	1.115000E+01	1.000000E+00
	1.105000E+01	1.000000E+00
	1.095000E+01	1.000000E+00
	1.085000E+01	1.000000E+00
	1.075000E+01	1.000000E+00
	1.065000E+01	1.000000E+00
	1.055000E+01	1.000000E+00
	1.045000E+01	1.000000E+00
	1.035000E+01	1.000000E+00
	1.025000E+01	1.000000E+00
	1.015000E+01	1.000000E+00
	1.005000E+01	1.000000E+00
	9.950000E+00	1.000000E+00
	9.850000E+00	1.000000E+00
	9.750000E+00	1.000000E+00
	9.650000E+00	1.000000E+00
	9.550000E+00	1.000000E+00
	9.450000E+00	1.000000E+00
	9.350000E+00	1.000000E+00
	9.250000E+00	1.000000E+00
	9.150000E+00	1.000000E+00
	9.050000E+00	1.000000E+00
	8.950000E+00	1.000000E+00
	8.850000E+00	1.000000E+00
	8.750000E+00	1.000000E+00
	8.650000E+00	1.000000E+00
	8.550000E+00	1.000000E+00
	8.450000E+00	1.000000E+00
	8.350000E+00	1.000000E+00
	8.250000E+00	1.000000E+00
	8.150000E+00	1.000000E+00
	8.050000E+00	1.000000E+00
	7.950000E+00	1.000000E+00
	7.850000E+00	1.000000E+00
	7.750000E+00	1.000000E+00
	7.650000E+00	1.000000E+00
	7.550000E+00	1.000000E+00
	7.450000E+00	1.000000E+00
	7.350000E+00	1.000000E+00
	7.250000E+00	1.000000E+00
	7.150000E+00	1.000000E+00
	7.050000E+00	1.000000E+00
	6.950000E+00	1.000000E+00
	6.850000E+00	1.000000E+00
	6.750000E+00	1.000000E+00
	6.650000E+00	1.000000E+00
	6.550000E+00	1.000000E+00
	6.450000E+00	1.000000E+00
	6.350000E+00	1.000000E+00
	6.250000E+00	1.000000E+00
	6.150000E+00	1.000000E+00
	6.050000E+00	1.000000E+00
	5.950000E+00	1.000000E+00
	5.850000E+00	1.000000E+00
	5.750000E+00	1.000000E+00
	5.650000E+00	1.000000E+00
	5.550000E+00	1.000000E+00
	5.450000E+00	1.000000E+00
	5.350000E+00	1.000000E+00
	5.250000E+00	1.000000E+00
	5.150000E+00	1.000000E+00
	5.050000E+00	1.000000E+00
	4.950000E+00	1.000000E+00
	4.850000E+00	1.000000E+00
	4.750000E+00	1.000000E+00
	4.650000E+00	1.000000E+00
	4.550000E+00	1.000000E+00
	4.450000E+00	1.000000E+00
	4.350000E+00	1.000000E+00
	4.250000E+00	1.000000E+00
	4.150000E+00	1.000000E+00
	4.050000E+00	1.000000E+00
	3.950000E+00	1.000000E+00
	3.850000E+00	1.000000E+00
	3.750000E+00	1.000000E+00
	3.650000E+00	1.000000E+00
	3.550000E+00	1.000000E+00
	3.450000E+00	1.000000E+00
	3.350000E+00	1.000000E+00
	3.250000E+00	1.000000E+00
	3.150000E+00	1.000000E+00
	3.050000E+00	1.000000E+00
	2.950000E+00	1.000000E+00
	2.850000E+00	1.000000E+00
	2.750000E+00	1.000000E+00
	2.650000E+00	1.000000E+00
	2.550000E+00	1.000000E+00
	2.450000E+00	1.000000E+00
	2.350000E+00	1.000000E+00
	2.250000E+00	1.000000E+00
	2.150000E+00	1.000000E+00
	2.050000E+00	1.000000E+00
	1.950000E+00	1.000000E+00
	1.850000E+00	1.000000E+00
	1.750000E+00	1.000000E+00
	1.650000E+00	1.000000E+00
	1.550000E+00	1.000000E+00
	1.450000E+00	1.000000E+00
	1.350000E+00	1.000000E+00
	1.250000E+00	1.000000E+00
	1.150000E+00	1.000000E+00
	1.050000E+00	1.000000E+00
	9.800000E-01	1.000000E+00
	9.400000E-01	1.000000E+00
	9.000000E-01	1.000000E+00
	8.600000E-01	1.000000E+00
	8.200000E-01	1.000000E+00
	7.800000E-01	1.000000E+00
	7.400000E-01	1.000000E+00
	7.050000E-01	1.000000E+00
	6.750000E-01	1.000000E+00
	6.450000E-01	1.000000E+00
	6.150000E-01	1.000000E+00
	5.875000E-01	1.000000E+00
	5.625000E-01	1.000000E+00
	5.375000E-01	1.000000E+00
	5.125000E-01	1.000000E+00
	4.875000E-01	1.000000E+00
	4.625000E-01	1.000000E+00
	4.375000E-01	1.000000E+00
	4.125000E-01	1.000000E+00
	3.900000E-01	1.000000E+00
	3.700000E-01	1.000000E+00
	3.500000E-01	1.000000E+00
	3.300000E-01	1.000000E+00
	3.100000E-01	1.000000E+00
	2.900000E-01	1.000000E+00
	2.750000E-01	1.000000E+00
	2.625000E-01	1.000000E+00
	2.475000E-01	1.000000E+00
	2.350000E-01	1.000000E+00
	2.250000E-01	1.000000E+00
	2.150000E-01	1.000000E+00
	2.050000E-01	1.000000E+00
	1.950000E-01	1.000000E+00
	1.850000E-01	1.000000E+00
	1.750000E-01	1.000000E+00
	1.650000E-01	1.000000E+00
	1.550000E-01	1.000000E+00
	1.462500E-01	1.000000E+00
	1.387500E-01	1.000000E+00
	1.312500E-01	1.000000E+00
	1.237500E-01	1.000000E+00
	1.175000E-01	1.000000E+00
	1.125000E-01	1.000000E+00
	1.075000E-01	1.000000E+00
	1.025000E-01	1.000000E+00
	9.800000E-02	1.000000E+00
	9.400000E-02	1.000000E+00
	9.000000E-02	1.000000E+00
	8.600000E-02	1.000000E+00
	8.200000E-02	1.000000E+00
	7.800000E-02	1.000000E+00
	7.400000E-02	1.000000E+00
	7.050000E-02	1.000000E+00
	6.750000E-02	1.000000E+00
	6.450000E-02	1.000000E+00
	6.150000E-02	1.000000E+00
	5.875000E-02	1.000000E+00
	5.625000E-02	1.000000E+00
	5.375000E-02	1.000000E+00
	5.125000E-02	1.000000E+00
	4.875000E-02	1.000000E+00
	4.625000E-02	1.000000E+00
	4.375000E-02	1.000000E+00
	4.125000E-02	1.000000E+00
	3.900000E-02	1.000000E+00
	3.700000E-02	1.000000E+00
	3.500000E-02	1.000000E+00
	3.300000E-02	1.000000E+00
	3.100000E-02	1.000000E+00
	2.900000E-02	1.000000E+00
	2.750000E-02	1.000000E+00
	2.625000E-02	1.000000E+00
	2.475000E-02	1.000000E+00
	2.350000E-02	1.000000E+00
	2.250000E-02	1.000000E+00
	2.150000E-02	1.000000E+00
	2.050000E-02	1.000000E+00
	1.950000E-02	1.000000E+00
	1.850000E-02	1.000000E+00
	1.750000E-02	1.000000E+00
	1.650000E-02	1.000000E+00
	1.550000E-02	1.000000E+00
	1.462500E-02	1.000000E+00
	1.387500E-02	1.000000E+00
	1.312500E-02	1.000000E+00
	1.237500E-02	1.000000E+00
	1.175000E-02	1.000000E+00
	1.125000E-02	1.000000E+00
	1.075000E-02	1.000000E+00
	1.025000E-02	1.000000E+00
	9.800000E-03	1.000000E+00
	9.400000E-03	1.000000E+00
	9.000000E-03	1.000000E+00
	8.600000E-03	1.000000E+00
	8.200000E-03	1.000000E+00
	7.800000E-03	1.000000E+00
	7.400000E-03	1.000000E+00
	7.050000E-03	1.000000E+00
	6.750000E-03	1.000000E+00
	6.450000E-03	1.000000E+00
	6.150000E-03	1.000000E+00
	5.875000E-03	1.000000E+00
	5.625000E-03	1.000000E+00
	5.375000E-03	1.000000E+00
	5.125000E-03	1.000000E+00
	4.875000E-03	1.000000E+00
	4.625000E-03	1.000000E+00
	4.375000E-03	1.000000E+00
	4.125000E-03	1.000000E+00
	3.900000E-03	1.000000E+00
	3.700000E-03	1.000000E+00
	3.500000E-03	1.000000E+00
	3.300000E-03	1.000000E+00
	3.100000E-03	1.000000E+00
	2.900000E-03	1.000000E+00
	2.750000E-03	1.000000E+00
	2.625000E-03	1.000000E+00
	2.475000E-03	1.000000E+00
	2.350000E-03	1.000000E+00
	2.250000E-03	1.000000E+00
	2.150000E-03	1.000000E+00
	2.050000E-03	1.000000E+00
	1.950000E-03	1.000000E+00
	1.850000E-03	1.000000E+00
	1.750000E-03	1.000000E+00
	1.650000E-03	1.000000E+00
	1.550000E-03	1.000000E+00
	1.462500E-03	1.000000E+00
	1.387500E-03	1.000000E+00
	1.312500E-03	1.000000E+00
	1.237500E-03	1.000000E+00
	1.175000E-03	1.000000E+00
	1.125000E-03	1.000000E+00
	1.075000E-03	1.000000E+00
	1.025000E-03	1.000000E+00
	9.800000E-04	1.000000E+00
	9.400000E-04	1.000000E+00
	9.000000E-04	1.000000E+00
	8.600000E-04	1.000000E+00
	8.200000E-04	1.000000E+00
	7.800000E-04	1.000000E+00
	7.400000E-04	1.000000E+00
	7.050000E-04	1.000000E+00
	6.750000E-04	1.000000E+00
	6.450000E-04	1.000000E+00
	6.150000E-04	1.000000E+00
	5.875000E-04	1.000000E+00
	5.625000E-04	1.000000E+00
	5.375000E-04	1.000000E+00
	5.125000E-04	1.000000E+00
	4.875000E-04	1.000000E+00
	4.625000E-04	1.000000E+00
	4.375000E-04	1.000000E+00
	4.125000E-04	1.000000E+00
	3.900000E-04	1.000000E+00
	3.700000E-04	1.000000E+00
	3.500000E-04	1.000000E+00
	3.300000E-04	1.000000E+00
	3.100000E-04	1.000000E+00
	2.900000E-04	1.000000E+00
	2.750000E-04	1.000000E+00
	2.625000E-04	1.000000E+00
	2.475000E-04	1.000000E+00
	2.350000E-04	1.000000E+00
	2.250000E-04	1.000000E+00
	2.150000E-04	1.000000E+00
	2.050000E-04	1.000000E+00
	1.950000E-04	1.000000E+00
	1.850000E-04	1.000000E+00
	1.750000E-04	1.000000E+00
	1.650000E-04	1.000000E+00
	1.550000E-04	1.000000E+00
	1.462500E-04	1.000000E+00
	1.387500E-04	1.000000E+00
	1.312500E-04	1.000000E+00
	1.237500E-04	1.000000E+00
	1.175000E-04	1.000000E+00
	1.125000E-04	1.000000E+00
	1.075000E-04	1.000000E+00
	1.025000E-04	1.000000E+00
	9.800000E-05	1.000000E+00
	9.400000E-05	1.000000E+00
	9.000000E-05	1.000000E+00
	8.600000E-05	1.000000E+00
	8.200000E-05	1.000000E+00
	7.800000E-05	1.000000E+00
	7.400000E-05	1.000000E+00
	7.050000E-05	1.000000E+00
	6.750000E-05	1.000000E+00
	6.450000E-05	1.000000E+00
	6.150000E-05	1.000000E+00
	5.875000E-05	1.000000E+00
	5.625000E-05	1.000000E+00
	5.375000E-05	1.000000E+00
	5.125000E-05	1.000000E+00
	4.875000E-05	1.000000E+00
	4.625000E-05	1.000000E+00
	4.375000E-05	1.000000E+00
	4.125000E-05	1.000000E+00
	3.900000E-05	1.000000E+00
	3.700000E-05	1.000000E+00
	3.500000E-05	1.000000E+00
	3.300000E-05	1.000000E+00
	3.100000E-05	1.000000E+00
	2.900000E-05	1.000000E+00
	2.750000E-05	1.000000E+00
	2.625000E-05	1.000000E+00
	2.475000E-05	1.000000E+00
	2.350000E-05	1.000000E+00
	2.250000E-05	1.000000E+00
	2.150000E-05	1.000000E+00
	2.050000E-05	1.000000E+00
	1.950000E-05	1.000000E+00
	1.850000E-05	1.000000E+00
	1.750000E-05	1.000000E+00
	1.650000E-05	1.000000E+00
	1.550000E-05	1.000000E+00
	1.462500E-05	1.000000E+00
	1.387500E-05	1.000000E+00
	1.312500E-05	1.000000E+00
	1.237500E-05	1.000000E+00
	1.175000E-05	1.000000E+00
	1.125000E-05	1.000000E+00
	1.075000E-05	1.000000E+00
	1.025000E-05	1.000000E+00
	9.800000E-06	1.000000E+00
	9.400000E-06	1.000000E+00
	9.000000E-06	1.000000E+00
	8.600000E-06	1.000000E+00
	8.200000E-06	1.000000E+00
	7.800000E-06	1.000000E+00
	7.400000E-06	1.000000E+00
	7.050000E-06	1.000000E+00
	6.750000E-06	1.000000E+00
	6.450000E-06	1.000000E+00
	6.150000E-06	1.000000E+00
	5.875000E-06	1.000000E+00
	5.625000E-06	1.000000E+00
	5.375000E-06	1.000000E+00
	5.125000E-06	1.000000E+00
	4.875000E-06	1.000000E+00
	4.625000E-06	1.000000E+00
	4.375000E-06	1.000000E+00
	4.125000E-06	1.000000E+00
	3.900000E-06	1.000000E+00
	3.700000E-06	1.000000E+00
	3.500000E-06	1.000000E+00
	3.300000E-06	1.000000E+00
	3.100000E-06	1.000000E+00
	2.900000E-06	1.000000E+00
	2.750000E-06	1.000000E+00
	2.625000E-06	1.000000E+00
	2.475000E-06	1.000000E+00
	2.350000E-06	1.000000E+00
	2.250000E-06	1.000000E+00
	2.150000E-06	1.000000E+00
	2.050000E-06	1.000000E+00
	1.950000E-06	1.000000E+00
	1.850000E-06	1.000000E+00
	1.750000E-06	1.000000E+00
	1.650000E-06	1.000000E+00
	1.550000E-06	1.000000E+00
	1.462500E-06	1.000000E+00
	1.387500E-06	1.000000E+00
	1.312500E-06	1.000000E+00
	1.237500E-06	1.000000E+00
	1.175000E-06	1.000000E+00
	1.125000E-06	1.000000E+00
	1.075000E-06	1.000000E+00
	1.025000E-06	1.000000E+00
	9.800000E-07	1.000000E+00
	9.400000E-07	1.000000E+00
	9.000000E-07	1.000000E+00
	8.600000E-07	1.000000E+00
	8.200000E-07	1.000000E+00
	7.800000E-07	1.000000E+00
	7.400000E-07	1.000000E+00
	7.050000E-07	1.000000E+00
	6.750000E-07	1.000000E+00
	6.450000E-07	1.000000E+00
	6.150000E-07	1.000000E+00
	5.875000E-07	1.000000E+00
	5.625000E-07	1.000000E+00
	5.375000E-07	1.000000E+00
	5.125000E-07	1.000000E+00
	4.875000E-07	1.000000E+00
	4.625000E-07	1.000000E+00
	4.375000E-07	1.000000E+00
	4.125000E-07	1.000000E+00
	3.900000E-07	1.000000E+00
	3.700000E-07	1.000000E+00
	3.500000E-07	1.000000E+00
	3.300000E-07	1.000000E+00
	3.100000E-07	1.000000E+00
	2.900000E-07	1.000000E+00
	2.750000E-07	1.000000E+00
	2.625000E-07	1.000000E+00
	2.475000E-07	1.000000E+00
	2.350000E-07	1.000000E+00
	2.250000E-07	1.000000E+00
	2.150000E-07	1.000000E+00
	2.050000E-07	1.000000E+00
	1.950000E-07	1.000000E+00
	1.850000E-07	1.000000E+00
	1.750000E-07	1.000000E+00
	1.650000E-07	1.000000E+00
	1.550000E-07	1.000000E+00
	1.462500E-07	1.000000E+00
	1.387500E-07	1.000000E+00
	1.312500E-07	1.000000E+00
	1.237500E-07	1.000000E+00
	1.175000E-07	1.000000E+00
	1.125000E-07	1.000000E+00
	1.075000E-07	1.000000E+00
	1.025000E-07	1.000000E+00
	9.800000E-08	1.000000E+00
	9.400000E-08	1.000000E+00
	9.000000E-08	1.000000E+00
	8.600000E-08	1.000000E+00
	8.200000E-08	1.000000E+00
	7.800000E-08	1.000000E+00
	7.400000E-08	1.000000E+00
	7.050000E-08	1.000000E+00
	6.750000E-08	1.000000E+00
	6.450000E-08	1.000000E+00
	6.150000E-08	1.000000E+00
	5.875000E-08	1.000000E+00
	5.625000E-08	1.000000E+00
	5.375000E-08	1.000000E+00
	5.125000E-08	1.000000E+00
	4.875000E-08	1.000000E+00
	4.625000E-08	1.000000E+00
	4.375000E-08	1.000000E+00
	4.125000E-08	1.000000E+00
	3.900000E-08	1.000000E+00
	3.700000E-08	1.000000E+00
	3.500000E-08	1.000000E+00
	3.300000E-08	1.000000E+00
	3.100000E-08	1.000000E+00
	2.900000E-08	1.000000E+00
	2.750000E-08	1.000000E+00
	2.625000E-08	1.000000E+00
	2.475000E-08	1.000000E+00
	2.350000E-08	1.000000E+00
	2.250000E-08	1.000000E+00
	2.150000E-08	1.000000E+00
	2.050000E-08	1.000000E+00
	1.950000E-08	1.000000E+00
	1.850000E-08	1.000000E+00
	1.750000E-08	1.000000E+00
	1.650000E-08	1.000000E+00
	1.550000E-08	1.000000E+00
	1.462500E-08	1.000000E+00
	1.387500E-08	1.000000E+00
	1.312500E-08	1.000000E+00
	1.237500E-08	1.000000E+00
	1.175000E-08	1.000000E+00
	1.125000E-08	1.000000E+00
	1.075000E-08	1.000000E+00
	1.025000E-08	1.000000E+00
	9.800000E-09	1.000000E+00
	9.400000E-09	1.000000E+00
	9.000000E-09	1.000000E+00
	8.600000E-09	1.000000E+00
	8.200000E-09	1.000000E+00
	7.800000E-09	1.000000E+00
	7.400000E-09	1.000000E+00
	7.050000E-09	1.000000E+00
	6.750000E-09	1.000000E+00
	6.450000E-09	1.000000E+00
	6.150000E-09	1.000000E+00
	5.875000E-09	1.000000E+00
	5.625000E-09	1.000000E+00
	5.375000E-09	1.000000E+00
	5.125000E-09	1.000000E+00
	4.875000E-09	1.000000E+00
	4.625000E-09	1.000000E+00
	4.375000E-09	1.000000E+00
	4.125000E-09	1.000000E+00
	3.900000E-09	1.000000E+00
	3.700000E-09	1.000000E+00
	3.500000E-09	1.000000E+00
	3.300000E-09	1.000000E+00
	3.100000E-09	1.000000E+00
	2.900000E-09	1.000000E+00
	2.750000E-09	1.000000E+00
	2.625000E-09	1.000000E+00
	2.475000E-09	1.000000E+00
	2.350000E-09	1.000000E+00
	2.250000E-09	1.000000E+00
	2.150000E-09	1.000000E+00
	2.050000E-09	1.000000E+00
	1.950000E-09	1.000000E+00
	1.850000E-09	1.000000E+00
	1.750000E-09	1.000000E+00
	1.650000E-09	1.000000E+00
	1.550000E-09	1.000000E+00
	1.462500E-09	1.000000E+00
	1.387500E-09	1.000000E+00
	1.312500E-09	1.000000E+00
	1.237500E-09	1.000000E+00
	1.175000E-09	1.000000E+00
	1.125000E-09	1.000000E+00
	1.075000E-09	1.000000E+00
	1.025000E-09	1.000000E+00
	9.800000E-10	1.000000E+00
	9.400000E-10	1.000000E+00
	9.000000E-10	1.000000E+00
	8.600000E-10	1.000000E+00
	8.200000E-10	1.000000E+00
	7.800000E-10	1.000000E+00
	7.400000E-10	1.000000E+00
	7.050000E-10	1.000000E+00
	6.750000E-10	1.000000E+00
	6.450000E-10	1.000000E+00
	6.150000E-10	1.000000E+00
	5.875000E-10	1.000000E+00
	5.625000E-10	1.000000E+00
	5.375000E-10	1.000000E+00
	5.125000E-10	1.000000E+00
	4.875000E-10	1.000000E+00
	4.625000E-10	1.000000E+00
	4.375000E-10	1.000000E+00
	4.125000E-10	1.000000E+00
	3.900000E-10	1.000000E+00
	3.700000E-10	1.000000E+00
	3.500000E-10	1.000000E+00
	3.300000E-10	1.000000E+00
	3.100000E-10	1.000000E+00
	2.900000E-10	1.000000E+00
	2.750000E-10	1.000000E+00
	2.625000E-10	1.000000E+00
	2.475000E-10	1.000000E+00
	2.350000E-10	1.000000E+00
	2.250000E-10	1.000000E+00
	2.150000E-10	1.000000E+00
	2.050000E-10	1.000000E+00
	1.950000E-10	1.000000E+00
	1.850000E-10	1.000000E+00
	1.750000E-10	1.000000E+00
	1.650000E-10	1.000000E+00
	1.550000E-10	1.000000E+00
	1.462500E-10	1.000000E+00
	1.387500E-10	1.000000E+00
	1.312500E-10	1.000000E+00
	1.237500E-10	1.000000E+00
	1.175000E-10	1.000000E+00
	1.125000E-10	1.000000E+00
	1.075000E-10	1.000000E+00
	1.025000E-10	1.000000E+00
