    19.95000          0.6935129E-07
    19.85000          0.7471409E-07
    19.75000          0.8020418E-07
    19.65000          0.8650942E-07
    19.55000          0.9294005E-07
    19.45000          0.1001690E-06
    19.35000          0.1082030E-06
    19.25000          0.1162288E-06
    19.15000          0.1245535E-06
    19.05000          0.1346286E-06
    18.95000          0.1449985E-06
    18.85000          0.1553743E-06
    18.75000          0.1672583E-06
    18.65000          0.1806751E-06
    18.55000          0.1940780E-06
    18.45000          0.2079779E-06
    18.35000          0.2248163E-06
    18.25000          0.2421176E-06
    18.15000          0.2594472E-06
    18.05000          0.2792871E-06
    17.95000          0.3016769E-06
    17.85000          0.3240791E-06
    17.75000          0.3472765E-06
    17.65000          0.3753905E-06
    17.55000          0.4042859E-06
    17.45000          0.4331956E-06
    17.35000          0.4663630E-06
    17.25000          0.5037349E-06
    17.15000          0.5411451E-06
    17.05000          0.5798641E-06
    16.95000          0.6267836E-06
    16.85000          0.6750889E-06
    16.75000          0.7233326E-06
    16.65000          0.7787218E-06
    16.55000          0.8411114E-06
    16.45000          0.9035508E-06
    16.35000          0.9682770E-06
    16.25000          0.1046589E-05
    16.15000          0.1127231E-05
    16.05000          0.1207788E-05
    15.95000          0.1300211E-05
    15.85000          0.1404486E-05
    15.75000          0.1508742E-05
    15.65000          0.1616683E-05
    15.55000          0.1747516E-05
    15.45000          0.1882117E-05
    15.35000          0.2016679E-05
    15.25000          0.2171061E-05
    15.15000          0.2345076E-05
    15.05000          0.2519222E-05
    14.95000          0.2699624E-05
    14.85000          0.2917970E-05
    14.75000          0.3142788E-05
    14.65000          0.3367466E-05
    14.55000          0.3617132E-05
    14.45000          0.3891535E-05
    14.35000          0.4187557E-05
    14.25000          0.4505526E-05
    14.15000          0.4841451E-05
    14.05000          0.5216746E-05
    13.95000          0.5612550E-05
    13.85000          0.6039539E-05
    13.75000          0.6498082E-05
    13.65000          0.6992329E-05
    13.55000          0.7523067E-05
    13.45000          0.8084273E-05
    13.35000          0.8710512E-05
    13.25000          0.9371863E-05
    13.15000          0.1006990E-04
    13.05000          0.1085010E-04
    12.95000          0.1167410E-04
    12.85000          0.1256187E-04
    12.75000          0.1351638E-04
    12.65000          0.1454485E-04
    12.55000          0.1564814E-04
    12.45000          0.1683915E-04
    12.35000          0.1811682E-04
    12.25000          0.1949554E-04
    12.15000          0.2097479E-04
    12.05000          0.2257120E-04
    11.95000          0.2428322E-04
    11.85000          0.2613073E-04
    11.75000          0.2811479E-04
    11.65000          0.3025269E-04
    11.55000          0.3254929E-04
    11.45000          0.3502631E-04
    11.35000          0.3768362E-04
    11.25000          0.4055314E-04
    11.15000          0.4362856E-04
    11.05000          0.4694942E-04
    10.95000          0.5051145E-04
    10.85000          0.5435444E-04
    10.75000          0.5848064E-04
    10.65000          0.6292836E-04
    10.55000          0.6770560E-04
    10.45000          0.7285765E-04
    10.35000          0.7838519E-04
    10.25000          0.8428235E-04
    10.15000          0.9053908E-04
    10.05000          0.9728287E-04
    9.950000          0.1045009E-03
    9.850000          0.1121289E-03
    9.750000          0.1207734E-03
    9.650000          0.1296587E-03
    9.550000          0.1393212E-03
    9.450000          0.1498113E-03
    9.350000          0.1608284E-03
    9.250000          0.1731348E-03
    9.150000          0.1859081E-03
    9.050000          0.2005118E-03
    8.950000          0.2155919E-03
    8.850000          0.2325576E-03
    8.750000          0.2501170E-03
    8.650000          0.2697573E-03
    8.550000          0.2901826E-03
    8.450000          0.3129428E-03
    8.350000          0.3366566E-03
    8.250000          0.3630602E-03
    8.150000          0.3905660E-03
    8.050000          0.4211537E-03
    7.950000          0.4530740E-03
    7.850000          0.4884497E-03
    7.750000          0.5255247E-03
    7.650000          0.5662996E-03
    7.550000          0.6094954E-03
    7.450000          0.6562358E-03
    7.350000          0.7067496E-03
    7.250000          0.7603168E-03
    7.150000          0.8189694E-03
    7.050000          0.8808279E-03
    6.950000          0.9480984E-03
    6.850000          0.1020299E-02
    6.750000          0.1097110E-02
    6.650000          0.1180699E-02
    6.550000          0.1269411E-02
    6.450000          0.1364812E-02
    6.350000          0.1467899E-02
    6.250000          0.1577414E-02
    6.150000          0.1694999E-02
    6.050000          0.1821716E-02
    5.950000          0.1956818E-02
    5.850000          0.2101199E-02
    5.750000          0.2256320E-02
    5.650000          0.2422598E-02
    5.550000          0.2599623E-02
    5.450000          0.2789025E-02
    5.350000          0.2991698E-02
    5.250000          0.3208428E-02
    5.150000          0.3439598E-02
    5.050000          0.3685933E-02
    4.950000          0.3948835E-02
    4.850000          0.4229097E-02
    4.750000          0.4527940E-02
    4.650000          0.4845996E-02
    4.550000          0.5184546E-02
    4.450000          0.5544649E-02
    4.350000          0.5927197E-02
    4.250000          0.6333556E-02
    4.150000          0.6764796E-02
    4.050000          0.7222365E-02
    3.950000          0.7707031E-02
    3.850000          0.8220274E-02
    3.750000          0.8763195E-02
    3.650000          0.9336983E-02
    3.550000          0.9942441E-02
    3.450000          0.1058104E-01
    3.350000          0.1125410E-01
    3.250000          0.1196199E-01
    3.150000          0.1270611E-01
    3.050000          0.1348706E-01
    2.950000          0.1430406E-01
    2.850000          0.1515913E-01
    2.750000          0.1605199E-01
    2.650000          0.1698215E-01
    2.550000          0.1794907E-01
    2.450000          0.1895208E-01
    2.350000          0.1998918E-01
    2.250000          0.2105899E-01
    2.150000          0.2215820E-01
    2.050000          0.2328210E-01
    1.950000          0.2442813E-01
    1.850000          0.2558911E-01
    1.750000          0.2675817E-01
    1.650000          0.2792612E-01
    1.550000          0.2908219E-01
    1.450000          0.3021405E-01
    1.350000          0.3130428E-01
    1.250000          0.3233406E-01
    1.150000          0.3327830E-01
    1.050000          0.3410706E-01
   0.9800000          0.1384294E-01
   0.9400000          0.1394002E-01
   0.9000000          0.1402454E-01
   0.8600000          0.1409477E-01
   0.8200000          0.1414899E-01
   0.7800000          0.1418557E-01
   0.7400000          0.1420294E-01
   0.7050000          0.1065030E-01
   0.6750000          0.1063749E-01
   0.6450000          0.1061404E-01
   0.6150000          0.1057864E-01
   0.5875000          0.8779328E-02
   0.5625000          0.8737994E-02
   0.5375000          0.8687827E-02
   0.5125000          0.8628285E-02
   0.4875000          0.8558796E-02
   0.4625000          0.8478535E-02
   0.4375000          0.8386555E-02
   0.4125000          0.8281535E-02
   0.3900000          0.6540446E-02
   0.3700000          0.6456607E-02
   0.3500000          0.6364464E-02
   0.3300000          0.6263189E-02
   0.3100000          0.6152080E-02
   0.2900000          0.6030189E-02
   0.2750000          0.2965847E-02
   0.2625000          0.4382701E-02
   0.2475000          0.4298285E-02
   0.2350000          0.2815603E-02
   0.2250000          0.2773428E-02
   0.2150000          0.2729095E-02
   0.2050000          0.2682635E-02
   0.1950000          0.2633695E-02
   0.1850000          0.2582426E-02
   0.1750000          0.2528303E-02
   0.1650000          0.2471217E-02
   0.1550000          0.2411010E-02
   0.1462500          0.1766714E-02
   0.1387500          0.1729350E-02
   0.1312500          0.1690295E-02
   0.1237500          0.1649394E-02
   0.1175000          0.1075970E-02
   0.1125000          0.1056242E-02
   0.1075000          0.1035917E-02
   0.1025000          0.1014845E-02
   0.9800000E-01      0.7962545E-03
   0.9400000E-01      0.7818739E-03
   0.9000000E-01      0.7670912E-03
   0.8600000E-01      0.7517969E-03
   0.8200000E-01      0.7360508E-03
   0.7800000E-01      0.7197571E-03
   0.7400000E-01      0.7028903E-03
   0.7050000E-01      0.5157260E-03
   0.6750000E-01      0.5056587E-03
   0.6450000E-01      0.4952386E-03
   0.6150001E-01      0.4845340E-03
   0.5875000E-01      0.3953766E-03
   0.5625000E-01      0.3875027E-03
   0.5375000E-01      0.3794004E-03
   0.5125000E-01      0.3710788E-03
   0.4875000E-01      0.3625254E-03
   0.4625000E-01      0.3536775E-03
   0.4375000E-01      0.3445514E-03
   0.4125000E-01      0.3351014E-03
   0.3900000E-01      0.2610619E-03
   0.3700000E-01      0.2546009E-03
   0.3500000E-01      0.2479618E-03
   0.3300000E-01      0.2410808E-03
   0.3100000E-01      0.2339616E-03
   0.2900000E-01      0.2265808E-03
   0.2750000E-01      0.1104408E-03
   0.2625000E-01      0.1619707E-03
   0.2475000E-01      0.1573657E-03
   0.2350000E-01      0.1021407E-03
   0.2250000E-01      0.9990796E-04
   0.2150000E-01      0.9767905E-04
   0.2050000E-01      0.9544697E-04
   0.1950000E-01      0.9321800E-04
   0.1850000E-01      0.9098697E-04
   0.1750000E-01      0.8870796E-04
   0.1650000E-01      0.8612797E-04
   0.1550000E-01      0.8349991E-04
   0.1462500E-01      0.6089833E-04
   0.1387500E-01      0.5940747E-04
   0.1312500E-01      0.5774548E-04
   0.1237500E-01      0.5603304E-04
   0.1175000E-01      0.3640299E-04
   0.1125000E-01      0.3564175E-04
   0.1075000E-01      0.3488011E-04
   0.1025000E-01      0.3411874E-04
   0.9800000E-02      0.2670489E-04
   0.9400000E-02      0.2613341E-04
   0.9000000E-02      0.2556168E-04
   0.8600000E-02      0.2499048E-04
   0.8200000E-02      0.2441900E-04
   0.7800000E-02      0.2384728E-04
   0.7400000E-02      0.2324493E-04
   0.7050000E-02      0.1698876E-04
   0.6750000E-02      0.1660541E-04
   0.6450000E-02      0.1622166E-04
   0.6150000E-02      0.1583835E-04
   0.5875000E-02      0.1290550E-04
   0.5625000E-02      0.1263934E-04
   0.5375000E-02      0.1237304E-04
   0.5125000E-02      0.1210659E-04
   0.4875000E-02      0.1181154E-04
   0.4625000E-02      0.1148733E-04
   0.4375000E-02      0.1116329E-04
   0.4125000E-02      0.1083933E-04
   0.3900000E-02      0.8438038E-05
   0.3700000E-02      0.8230629E-05
   0.3500000E-02      0.8016646E-05
   0.3300000E-02      0.7763045E-05
   0.3100000E-02      0.7503026E-05
   0.2900000E-02      0.7242858E-05
   0.2750000E-02      0.3523796E-05
   0.2625000E-02      0.5163799E-05
   0.2475000E-02      0.5017351E-05
   0.2350000E-02      0.3263641E-05
   0.2250000E-02      0.3198596E-05
   0.2150000E-02      0.3133525E-05
   0.2050000E-02      0.3068511E-05
   0.1950000E-02      0.2995424E-05
   0.1850000E-02      0.2914203E-05
   0.1750000E-02      0.2833123E-05
   0.1650000E-02      0.2751909E-05
   0.1550000E-02      0.2670815E-05
   0.1462500E-02      0.1945588E-05
   0.1387500E-02      0.1891357E-05
   0.1312500E-02      0.1837137E-05
   0.1237500E-02      0.1782981E-05
   0.1175000E-02      0.1158509E-05
   0.1125000E-02      0.1134404E-05
   0.1075000E-02      0.1110354E-05
   0.1025000E-02      0.1086259E-05
   0.9800000E-03      0.8501621E-06
   0.9400000E-03      0.8317656E-06
   0.9000000E-03      0.8133632E-06
   0.8600000E-03      0.7949654E-06
   0.8200000E-03      0.7765607E-06
   0.7800000E-03      0.7581674E-06
   0.7400000E-03      0.7388008E-06
   0.7050000E-03      0.5398547E-06
   0.6750000E-03      0.5275506E-06
   0.6450000E-03      0.5152845E-06
   0.6150000E-03      0.5030105E-06
   0.5875000E-03      0.4097802E-06
   0.5625000E-03      0.4012495E-06
   0.5375000E-03      0.3927281E-06
   0.5125000E-03      0.3842013E-06
   0.4875000E-03      0.3747530E-06
   0.4625000E-03      0.3644254E-06
   0.4375000E-03      0.3540778E-06
   0.4125000E-03      0.3437512E-06
   0.3900000E-03      0.2675618E-06
   0.3700000E-03      0.2609411E-06
   0.3500000E-03      0.2541217E-06
   0.3300000E-03      0.2460603E-06
   0.3100000E-03      0.2377823E-06
   0.2900000E-03      0.2295002E-06
   0.2750000E-03      0.1116514E-06
   0.2625000E-03      0.1635902E-06
   0.2475000E-03      0.1589414E-06
   0.2350000E-03      0.1033798E-06
   0.2250000E-03      0.1013113E-06
   0.2150000E-03      0.9923882E-07
   0.2050000E-03      0.9717195E-07
   0.1950000E-03      0.9484910E-07
   0.1850000E-03      0.9227490E-07
   0.1750000E-03      0.8969810E-07
   0.1650000E-03      0.8712360E-07
   0.1550000E-03      0.8454834E-07
   0.1462500E-03      0.6158604E-07
   0.1387500E-03      0.5986732E-07
   0.1312500E-03      0.5814877E-07
   0.1237500E-03      0.5643006E-07
   0.1175000E-03      0.3666586E-07
   0.1125000E-03      0.3590154E-07
   0.1075000E-03      0.3513784E-07
   0.1025000E-03      0.3437393E-07
   0.9800000E-04      0.2690244E-07
   0.9400000E-04      0.2631896E-07
   0.9000000E-04      0.2573691E-07
   0.8600000E-04      0.2515337E-07
   0.8200000E-04      0.2457129E-07
   0.7800000E-04      0.2398778E-07
   0.7400000E-04      0.2337478E-07
   0.7050000E-04      0.1707949E-07
   0.6750000E-04      0.1669109E-07
   0.6450000E-04      0.1630189E-07
   0.6150000E-04      0.1591312E-07
   0.5875000E-04      0.1296369E-07
   0.5625000E-04      0.1269395E-07
   0.5375000E-04      0.1242344E-07
   0.5125000E-04      0.1215365E-07
   0.4875000E-04      0.1185473E-07
   0.4625000E-04      0.1152790E-07
   0.4375000E-04      0.1120048E-07
   0.4125000E-04      0.1087336E-07
   0.3900000E-04      0.8463215E-08
   0.3700000E-04      0.8253846E-08
   0.3500000E-04      0.8037843E-08
   0.3300000E-04      0.7782643E-08
   0.3100000E-04      0.7520841E-08
   0.2900000E-04      0.7259026E-08
   0.2750000E-04      0.3531332E-08
   0.2625000E-04      0.5174265E-08
   0.2475000E-04      0.5027139E-08
   0.2350000E-04      0.3269594E-08
   0.2250000E-04      0.3204141E-08
   0.2150000E-04      0.3138694E-08
   0.2050000E-04      0.3073239E-08
   0.1950000E-04      0.2999794E-08
   0.1850000E-04      0.2918326E-08
   0.1750000E-04      0.2836805E-08
   0.1650000E-04      0.2755425E-08
   0.1550000E-04      0.2673905E-08
   0.1462500E-04      0.1947690E-08
   0.1387500E-04      0.1893381E-08
   0.1312500E-04      0.1839014E-08
   0.1237500E-04      0.1784630E-08
   0.1175000E-04      0.1159556E-08
   0.1125000E-04      0.1135406E-08
   0.1075000E-04      0.1111256E-08
   0.1025000E-04      0.1087056E-08
   0.9800000E-05      0.8507631E-09
   0.9400000E-05      0.8323667E-09
   0.9000000E-05      0.8139192E-09
   0.8600000E-05      0.7954901E-09
   0.8200000E-05      0.7770393E-09
   0.7800000E-05      0.7586062E-09
   0.7400000E-05      0.7392026E-09
   0.7050000E-05      0.5401236E-09
   0.6750000E-05      0.5278219E-09
   0.6450000E-05      0.5155234E-09
   0.6150000E-05      0.5032219E-09
   0.5875000E-05      0.4099772E-09
   0.5625000E-05      0.4014272E-09
   0.5375000E-05      0.3928771E-09
   0.5125000E-05      0.3843521E-09
   0.4875000E-05      0.3749020E-09
   0.4625000E-05      0.3645506E-09
   0.4375000E-05      0.3542032E-09
   0.4125000E-05      0.3438506E-09
   0.3900000E-05      0.2676422E-09
   0.3700000E-05      0.2610209E-09
   0.3500000E-05      0.2541815E-09
   0.3300000E-05      0.2461215E-09
   0.3100000E-05      0.2378409E-09
   0.2900000E-05      0.2295613E-09
   0.2750000E-05      0.1116704E-09
   0.2625000E-05      0.1636361E-09
   0.2475000E-05      0.1589706E-09
   0.2350000E-05      0.1033908E-09
   0.2250000E-05      0.1013199E-09
   0.2150000E-05      0.9925626E-10
   0.2050000E-05      0.9718591E-10
   0.1950000E-05      0.9486387E-10
   0.1850000E-05      0.9228612E-10
   0.1750000E-05      0.8971073E-10
   0.1650000E-05      0.8713431E-10
   0.1550000E-05      0.8455750E-10
   0.1462500E-05      0.6159247E-10
   0.1387500E-05      0.5987365E-10
   0.1312500E-05      0.5815445E-10
   0.1237500E-05      0.5643562E-10
   0.1175000E-05      0.3666863E-10
   0.1125000E-05      0.3590463E-10
   0.1075000E-05      0.3514079E-10
   0.1025000E-05      0.3437662E-10
   0.9800000E-06      0.2690416E-10
   0.9400000E-06      0.2632128E-10
   0.9000000E-06      0.2573822E-10
   0.8600000E-06      0.2515520E-10
   0.8200000E-06      0.2457221E-10
   0.7800000E-06      0.2398927E-10
   0.7400000E-06      0.2337574E-10
   0.7050000E-06      0.1708060E-10
   0.6750000E-06      0.1669173E-10
   0.6450000E-06      0.1630276E-10
   0.6150000E-06      0.1591383E-10
   0.5875000E-06      0.1296436E-10
   0.5625000E-06      0.1269424E-10
   0.5375000E-06      0.1242416E-10
   0.5125000E-06      0.1215399E-10
   0.4875000E-06      0.1185533E-10
   0.4625000E-06      0.1152807E-10
   0.4375000E-06      0.1120079E-10
   0.4125000E-06      0.1087359E-10
   0.3900000E-06      0.8463402E-11
   0.3700000E-06      0.8253872E-11
   0.3500000E-06      0.8038025E-11
   0.3300000E-06      0.7782646E-11
   0.3100000E-06      0.7520845E-11
   0.2900000E-06      0.7259022E-11
   0.2750000E-06      0.3531441E-11
   0.2625000E-06      0.5174391E-11
   0.2475000E-06      0.5027167E-11
   0.2350000E-06      0.3269573E-11
   0.2250000E-06      0.3204164E-11
   0.2150000E-06      0.3138665E-11
   0.2050000E-06      0.3073262E-11
   0.1950000E-06      0.2999775E-11
   0.1850000E-06      0.2918350E-11
   0.1750000E-06      0.2836784E-11
   0.1650000E-06      0.2755340E-11
   0.1550000E-06      0.2673893E-11
   0.1462500E-06      0.1947701E-11
   0.1387500E-06      0.1893297E-11
   0.1312500E-06      0.1838943E-11
   0.1237500E-06      0.1784554E-11
   0.1175000E-06      0.1159510E-11
   0.1125000E-06      0.1135353E-11
   0.1075000E-06      0.1111207E-11
   0.1025000E-06      0.1087053E-11
   0.9800000E-07      0.8507674E-12
   0.9400000E-07      0.8323214E-12
   0.9000000E-07      0.8138870E-12
   0.8600000E-07      0.7954412E-12
   0.8200000E-07      0.7770467E-12
   0.7800000E-07      0.7586012E-12
   0.7400000E-07      0.7392064E-12
   0.7050000E-07      0.5401196E-12
   0.6750000E-07      0.5278271E-12
   0.6450000E-07      0.5155172E-12
   0.6150000E-07      0.5032268E-12
   0.5875000E-07      0.4099495E-12
   0.5625000E-07      0.4014296E-12
   0.5375000E-07      0.3928739E-12
   0.5125000E-07      0.3843294E-12
   0.4875000E-07      0.3749001E-12
   0.4625000E-07      0.3645532E-12
   0.4375000E-07      0.3542011E-12
   0.4125000E-07      0.3438520E-12
   0.3900000E-07      0.2676414E-12
   0.3700000E-07      0.2610213E-12
   0.3500000E-07      0.2541813E-12
   0.3300000E-07      0.2461213E-12
   0.3100000E-07      0.2378412E-12
   0.2900000E-07      0.2295608E-12
   0.2750000E-07      0.1116710E-12
   0.2625000E-07      0.1636357E-12
   0.2475000E-07      0.1589710E-12
   0.2350000E-07      0.1034002E-12
   0.2250000E-07      0.1013209E-12
   0.2150000E-07      0.9925516E-13
   0.2050000E-07      0.9718685E-13
   0.1950000E-07      0.9486315E-13
   0.1850000E-07      0.9228680E-13
   0.1750000E-07      0.8971015E-13
   0.1650000E-07      0.8713476E-13
   0.1550000E-07      0.8455714E-13
   0.1462500E-07      0.6159279E-13
   0.1387500E-07      0.5987335E-13
   0.1312500E-07      0.5815476E-13
   0.1237500E-07      0.5643534E-13
   0.1175000E-07      0.3666882E-13
   0.1125000E-07      0.3590456E-13
   0.1075000E-07      0.3514081E-13
   0.1025000E-07      0.3437656E-13
   0.9800000E-08      0.2690426E-13
   0.9400000E-08      0.2632122E-13
   0.9000000E-08      0.2573825E-13
   0.8600000E-08      0.2515522E-13
   0.8200000E-08      0.2457223E-13
   0.7800000E-08      0.2398922E-13
   0.7400001E-08      0.2337574E-13
   0.7050000E-08      0.1708059E-13
   0.6750000E-08      0.1669179E-13
   0.6450000E-08      0.1630268E-13
   0.6150000E-08      0.1591358E-13
   0.5875000E-08      0.1296432E-13
   0.5625000E-08      0.1269432E-13
   0.5375000E-08      0.1242406E-13
   0.5125000E-08      0.1215406E-13
   0.4875000E-08      0.1185531E-13
   0.4625000E-08      0.1152806E-13
   0.4375000E-08      0.1120081E-13
   0.4125000E-08      0.1087356E-13
   0.3900000E-08      0.8463444E-14
   0.3700000E-08      0.8253824E-14
   0.3500000E-08      0.8038060E-14
   0.3300000E-08      0.7782623E-14
   0.3100000E-08      0.7520856E-14
   0.2900000E-08      0.7259022E-14
   0.2750000E-08      0.3531434E-14
   0.2625000E-08      0.5174412E-14
   0.2475000E-08      0.5027141E-14
   0.2350000E-08      0.3269602E-14
   0.2250000E-08      0.3204131E-14
   0.2150000E-08      0.3138702E-14
   0.2050000E-08      0.3073230E-14
   0.1950000E-08      0.2999802E-14
   0.1850000E-08      0.2918322E-14
   0.1750000E-08      0.2836808E-14
   0.1650000E-08      0.2755320E-14
   0.1550000E-08      0.2673908E-14
   0.1462500E-08      0.1947691E-14
   0.1387500E-08      0.1893304E-14
   0.1312500E-08      0.1838940E-14
   0.1237500E-08      0.1784554E-14
   0.1175000E-08      0.1159511E-14
   0.1125000E-08      0.1135351E-14
   0.1075000E-08      0.1111211E-14
   0.1025000E-08      0.1087051E-14
   0.9800000E-09      0.8507692E-15
   0.9400000E-09      0.8323197E-15
   0.9000000E-09      0.8138865E-15
   0.8600000E-09      0.7954419E-15
   0.8200000E-09      0.7770462E-15
   0.7800000E-09      0.7586018E-15
   0.7400000E-09      0.7392059E-15
   0.7050000E-09      0.5401208E-15
   0.6750000E-09      0.5278247E-15
   0.6450000E-09      0.5155208E-15
   0.6150000E-09      0.5032245E-15
   0.5875000E-09      0.4099503E-15
   0.5625000E-09      0.4014288E-15
   0.5375000E-09      0.3928753E-15
   0.5125000E-09      0.3843287E-15
   0.4875000E-09      0.3749002E-15
   0.4625000E-09      0.3645523E-15
   0.4375000E-09      0.3542018E-15
   0.4125000E-09      0.3438518E-15
   0.3900000E-09      0.2676414E-15
   0.3700000E-09      0.2610214E-15
   0.3500000E-09      0.2541813E-15
   0.3300000E-09      0.2461213E-15
   0.3100000E-09      0.2378412E-15
   0.2900000E-09      0.2295612E-15
   0.2750000E-09      0.1116706E-15
   0.2625000E-09      0.1636359E-15
   0.2475000E-09      0.1589708E-15
   0.2350000E-09      0.1034005E-15
   0.2250000E-09      0.1013202E-15
   0.2150000E-09      0.9925578E-16
   0.2050000E-09      0.9718623E-16
   0.1950000E-09      0.9486375E-16
   0.1850000E-09      0.9228621E-16
   0.1750000E-09      0.8971072E-16
   0.1650000E-09      0.8713421E-16
   0.1550000E-09      0.8455766E-16
   0.1462500E-09      0.6159234E-16
   0.1387500E-09      0.5987378E-16
   0.1312500E-09      0.5815434E-16
   0.1237500E-09      0.5643575E-16
   0.1175000E-09      0.3666853E-16
   0.1125000E-09      0.3590468E-16
   0.1075000E-09      0.3514068E-16
   0.1025000E-09      0.3437668E-16
