    19.95000          0.1000000E-32
    19.85000          0.1000000E-32
    19.75000          0.1000000E-32
    19.65000          0.1000000E-32
    19.55000          0.1000000E-32
    19.45000          0.1000000E-32
    19.35000          0.1000000E-32
    19.25000          0.1000000E-32
    19.15000          0.1000000E-32
    19.05000          0.1000000E-32
    18.95000          0.1000000E-32
    18.85000          0.1000000E-32
    18.75000          0.1000000E-32
    18.65000          0.1000000E-32
    18.55000          0.1000000E-32
    18.45000          0.1000000E-32
    18.35000          0.1000000E-32
    18.25000          0.1000000E-32
    18.15000          0.1000000E-32
    18.05000          0.1000000E-32
    17.95000          0.2936260E-33
    17.85000          0.2936260E-33
    17.75000          0.2936260E-33
    17.65000          0.2936260E-33
    17.55000          0.2936260E-33
    17.45000          0.2936260E-33
    17.35000          0.2936260E-33
    17.25000          0.2936260E-33
    17.15000          0.2936260E-33
    17.05000          0.2936260E-33
    16.95000          0.6683689E-09
    16.85000          0.1902584E-08
    16.75000          0.3213691E-08
    16.65000          0.4465651E-08
    16.55000          0.5668320E-08
    16.45000          0.6825925E-08
    16.35000          0.7941281E-08
    16.25000          0.9018613E-08
    16.15000          0.1004525E-07
    16.05000          0.1101837E-07
    15.95000          0.1442077E-07
    15.85000          0.2239163E-07
    15.75000          0.3491122E-07
    15.65000          0.5465528E-07
    15.55000          0.8589088E-07
    15.45000          0.1249424E-06
    15.35000          0.1696975E-06
    15.25000          0.2309576E-06
    15.15000          0.3151727E-06
    15.05000          0.4314965E-06
    14.95000          0.5364132E-06
    14.85000          0.6093620E-06
    14.75000          0.6928729E-06
    14.65000          0.7899033E-06
    14.55000          0.9031288E-06
    14.45000          0.9005940E-06
    14.35000          0.7820168E-06
    14.25000          0.6789310E-06
    14.15000          0.5896462E-06
    14.05000          0.5123316E-06
    13.95000          0.4092457E-06
    13.85000          0.2985550E-06
    13.75000          0.2180014E-06
    13.65000          0.1591354E-06
    13.55000          0.1160562E-06
    13.45000          0.7976487E-07
    13.35000          0.5124724E-07
    13.25000          0.3289738E-07
    13.15000          0.2111009E-07
    13.05000          0.1358003E-07
    12.95000          0.1043393E-07
    12.85000          0.9679096E-08
    12.75000          0.8842578E-08
    12.65000          0.7908889E-08
    12.55000          0.6899155E-08
    12.45000          0.5810556E-08
    12.35000          0.4637460E-08
    12.25000          0.3365785E-08
    12.15000          0.2013838E-08
    12.05000          0.1544881E-09
    11.95000          0.1557556E-09
    11.85000          0.2936260E-33
    11.75000          0.2936260E-33
    11.65000          0.2936260E-33
    11.55000          0.1000000E-32
    11.45000          0.1000000E-32
    11.35000          0.1000000E-32
    11.25000          0.1000000E-32
    11.15000          0.1000000E-32
    11.05000          0.1000000E-32
    10.95000          0.1000000E-32
    10.85000          0.1000000E-32
    10.75000          0.1000000E-32
    10.65000          0.1000000E-32
    10.55000          0.1000000E-32
    10.45000          0.1000000E-32
    10.35000          0.1000000E-32
    10.25000          0.1000000E-32
    10.15000          0.1000000E-32
    10.05000          0.1000000E-32
    9.950000          0.1000000E-32
    9.850000          0.1000000E-32
    9.750000          0.1000000E-32
    9.650000          0.1000000E-32
    9.550000          0.1000000E-32
    9.450000          0.1000000E-32
    9.350000          0.1000000E-32
    9.250000          0.1000000E-32
    9.150000          0.1000000E-32
    9.050000          0.1000000E-32
    8.950000          0.1000000E-32
    8.850000          0.1000000E-32
    8.750000          0.1000000E-32
    8.650000          0.1000000E-32
    8.550000          0.1000000E-32
    8.450000          0.1000000E-32
    8.350000          0.1000000E-32
    8.250000          0.1000000E-32
    8.150000          0.1000000E-32
    8.050000          0.1000000E-32
    7.950000          0.1000000E-32
    7.850000          0.1000000E-32
    7.750000          0.1000000E-32
    7.650000          0.1000000E-32
    7.550000          0.1000000E-32
    7.450000          0.1000000E-32
    7.350000          0.1000000E-32
    7.250000          0.1000000E-32
    7.150000          0.1000000E-32
    7.050000          0.1000000E-32
    6.950000          0.1000000E-32
    6.850000          0.1000000E-32
    6.750000          0.1000000E-32
    6.650000          0.1000000E-32
    6.550000          0.1000000E-32
    6.450000          0.1000000E-32
    6.350000          0.1000000E-32
    6.250000          0.1000000E-32
    6.150000          0.1000000E-32
    6.050000          0.1000000E-32
    5.950000          0.1000000E-32
    5.850000          0.1000000E-32
    5.750000          0.1000000E-32
    5.650000          0.1000000E-32
    5.550000          0.1000000E-32
    5.450000          0.1000000E-32
    5.350000          0.1000000E-32
    5.250000          0.1000000E-32
    5.150000          0.1000000E-32
    5.050000          0.1000000E-32
    4.950000          0.1000000E-32
    4.850000          0.1000000E-32
    4.750000          0.1000000E-32
    4.650000          0.1000000E-32
    4.550000          0.1000000E-32
    4.450000          0.1000000E-32
    4.350000          0.1000000E-32
    4.250000          0.1000000E-32
    4.150000          0.1000000E-32
    4.050000          0.1000000E-32
    3.950000          0.1000000E-32
    3.850000          0.1000000E-32
    3.750000          0.1000000E-32
    3.650000          0.1000000E-32
    3.550000          0.1000000E-32
    3.450000          0.1000000E-32
    3.350000          0.1000000E-32
    3.250000          0.1000000E-32
    3.150000          0.1000000E-32
    3.050000          0.1000000E-32
    2.950000          0.1000000E-32
    2.850000          0.1000000E-32
    2.750000          0.1000000E-32
    2.650000          0.1000000E-32
    2.550000          0.1000000E-32
    2.450000          0.1000000E-32
    2.350000          0.1000000E-32
    2.250000          0.1000000E-32
    2.150000          0.1000000E-32
    2.050000          0.1000000E-32
    1.950000          0.1000000E-32
    1.850000          0.1000000E-32
    1.750000          0.1000000E-32
    1.650000          0.1000000E-32
    1.550000          0.1000000E-32
    1.450000          0.1000000E-32
    1.350000          0.1000000E-32
    1.250000          0.1000000E-32
    1.150000          0.1000000E-32
    1.050000          0.1000000E-32
   0.9800000          0.1000000E-32
   0.9400000          0.1000000E-32
   0.9000000          0.1000000E-32
   0.8600000          0.1000000E-32
   0.8200000          0.1000000E-32
   0.7800000          0.1000000E-32
   0.7400000          0.1000000E-32
   0.7050000          0.1000000E-32
   0.6750000          0.1000000E-32
   0.6450000          0.1000000E-32
   0.6150000          0.1000000E-32
   0.5875000          0.1000000E-32
   0.5625000          0.1000000E-32
   0.5375000          0.1000000E-32
   0.5125000          0.1000000E-32
   0.4875000          0.1000000E-32
   0.4625000          0.1000000E-32
   0.4375000          0.1000000E-32
   0.4125000          0.1000000E-32
   0.3900000          0.1000000E-32
   0.3700000          0.1000000E-32
   0.3500000          0.1000000E-32
   0.3300000          0.1000000E-32
   0.3100000          0.1000000E-32
   0.2900000          0.1000000E-32
   0.2750000          0.1000000E-32
   0.2625000          0.1000000E-32
   0.2475000          0.1000000E-32
   0.2350000          0.1000000E-32
   0.2250000          0.1000000E-32
   0.2150000          0.1000000E-32
   0.2050000          0.1000000E-32
   0.1950000          0.1000000E-32
   0.1850000          0.1000000E-32
   0.1750000          0.1000000E-32
   0.1650000          0.1000000E-32
   0.1550000          0.1000000E-32
   0.1462500          0.1000000E-32
   0.1387500          0.1000000E-32
   0.1312500          0.1000000E-32
   0.1237500          0.1000000E-32
   0.1175000          0.1000000E-32
   0.1125000          0.1000000E-32
   0.1075000          0.1000000E-32
   0.1025000          0.1000000E-32
   0.9800000E-01      0.1000000E-32
   0.9400000E-01      0.1000000E-32
   0.9000000E-01      0.1000000E-32
   0.8600000E-01      0.1000000E-32
   0.8200000E-01      0.1000000E-32
   0.7799999E-01      0.1000000E-32
   0.7400000E-01      0.1000000E-32
   0.7050000E-01      0.1000000E-32
   0.6750000E-01      0.1000000E-32
   0.6450000E-01      0.1000000E-32
   0.6150000E-01      0.1000000E-32
   0.5875000E-01      0.1000000E-32
   0.5625000E-01      0.1000000E-32
   0.5375000E-01      0.1000000E-32
   0.5125000E-01      0.1000000E-32
   0.4875000E-01      0.1000000E-32
   0.4625000E-01      0.1000000E-32
   0.4375000E-01      0.1000000E-32
   0.4125000E-01      0.1000000E-32
   0.3900000E-01      0.1000000E-32
   0.3700000E-01      0.1000000E-32
   0.3500000E-01      0.1000000E-32
   0.3300000E-01      0.1000000E-32
   0.3100000E-01      0.1000000E-32
   0.2900000E-01      0.1000000E-32
   0.2750000E-01      0.1000000E-32
   0.2625000E-01      0.1000000E-32
   0.2475000E-01      0.1000000E-32
   0.2350000E-01      0.1000000E-32
   0.2250000E-01      0.1000000E-32
   0.2150000E-01      0.1000000E-32
   0.2050000E-01      0.1000000E-32
   0.1950000E-01      0.1000000E-32
   0.1850000E-01      0.1000000E-32
   0.1750000E-01      0.1000000E-32
   0.1650000E-01      0.1000000E-32
   0.1550000E-01      0.1000000E-32
   0.1462500E-01      0.1000000E-32
   0.1387500E-01      0.1000000E-32
   0.1312500E-01      0.1000000E-32
   0.1237500E-01      0.1000000E-32
   0.1175000E-01      0.1000000E-32
   0.1125000E-01      0.1000000E-32
   0.1075000E-01      0.1000000E-32
   0.1025000E-01      0.1000000E-32
   0.9800000E-02      0.1000000E-32
   0.9400001E-02      0.1000000E-32
   0.9000000E-02      0.1000000E-32
   0.8600000E-02      0.1000000E-32
   0.8200000E-02      0.1000000E-32
   0.7800000E-02      0.1000000E-32
   0.7400000E-02      0.1000000E-32
   0.7050000E-02      0.1000000E-32
   0.6750000E-02      0.1000000E-32
   0.6450000E-02      0.1000000E-32
   0.6150000E-02      0.1000000E-32
   0.5875000E-02      0.1000000E-32
   0.5625000E-02      0.1000000E-32
   0.5375000E-02      0.1000000E-32
   0.5125000E-02      0.1000000E-32
   0.4875000E-02      0.1000000E-32
   0.4625000E-02      0.1000000E-32
   0.4375000E-02      0.1000000E-32
   0.4125000E-02      0.1000000E-32
   0.3900000E-02      0.1000000E-32
   0.3700000E-02      0.1000000E-32
   0.3500000E-02      0.1000000E-32
   0.3300000E-02      0.1000000E-32
   0.3100000E-02      0.1000000E-32
   0.2900000E-02      0.1000000E-32
   0.2750000E-02      0.1000000E-32
   0.2625000E-02      0.1000000E-32
   0.2475000E-02      0.1000000E-32
   0.2350000E-02      0.1000000E-32
   0.2250000E-02      0.1000000E-32
   0.2150000E-02      0.1000000E-32
   0.2050000E-02      0.1000000E-32
   0.1950000E-02      0.1000000E-32
   0.1850000E-02      0.1000000E-32
   0.1750000E-02      0.1000000E-32
   0.1650000E-02      0.1000000E-32
   0.1550000E-02      0.1000000E-32
   0.1462500E-02      0.1000000E-32
   0.1387500E-02      0.1000000E-32
   0.1312500E-02      0.1000000E-32
   0.1237500E-02      0.1000000E-32
   0.1175000E-02      0.1000000E-32
   0.1125000E-02      0.1000000E-32
   0.1075000E-02      0.1000000E-32
   0.1025000E-02      0.1000000E-32
   0.9800000E-03      0.1000000E-32
   0.9400000E-03      0.1000000E-32
   0.9000000E-03      0.1000000E-32
   0.8600000E-03      0.1000000E-32
   0.8200000E-03      0.1000000E-32
   0.7800000E-03      0.1000000E-32
   0.7400000E-03      0.1000000E-32
   0.7050000E-03      0.1000000E-32
   0.6750000E-03      0.1000000E-32
   0.6450000E-03      0.1000000E-32
   0.6150000E-03      0.1000000E-32
   0.5875000E-03      0.1000000E-32
   0.5625000E-03      0.1000000E-32
   0.5375000E-03      0.1000000E-32
   0.5125000E-03      0.1000000E-32
   0.4875000E-03      0.1000000E-32
   0.4625000E-03      0.1000000E-32
   0.4375000E-03      0.1000000E-32
   0.4125000E-03      0.1000000E-32
   0.3900000E-03      0.1000000E-32
   0.3700000E-03      0.1000000E-32
   0.3500000E-03      0.1000000E-32
   0.3300000E-03      0.1000000E-32
   0.3100000E-03      0.1000000E-32
   0.2900000E-03      0.1000000E-32
   0.2750000E-03      0.1000000E-32
   0.2625000E-03      0.1000000E-32
   0.2475000E-03      0.1000000E-32
   0.2350000E-03      0.1000000E-32
   0.2250000E-03      0.1000000E-32
   0.2150000E-03      0.1000000E-32
   0.2050000E-03      0.1000000E-32
   0.1950000E-03      0.1000000E-32
   0.1850000E-03      0.1000000E-32
   0.1750000E-03      0.1000000E-32
   0.1650000E-03      0.1000000E-32
   0.1550000E-03      0.1000000E-32
   0.1462500E-03      0.1000000E-32
   0.1387500E-03      0.1000000E-32
   0.1312500E-03      0.1000000E-32
   0.1237500E-03      0.1000000E-32
   0.1175000E-03      0.1000000E-32
   0.1125000E-03      0.1000000E-32
   0.1075000E-03      0.1000000E-32
   0.1025000E-03      0.1000000E-32
   0.9800000E-04      0.1000000E-32
   0.9400000E-04      0.1000000E-32
   0.9000000E-04      0.1000000E-32
   0.8600000E-04      0.1000000E-32
   0.8200000E-04      0.1000000E-32
   0.7800000E-04      0.1000000E-32
   0.7400000E-04      0.1000000E-32
   0.7050000E-04      0.1000000E-32
   0.6750000E-04      0.1000000E-32
   0.6450000E-04      0.1000000E-32
   0.6150000E-04      0.1000000E-32
   0.5875000E-04      0.1000000E-32
   0.5625000E-04      0.1000000E-32
   0.5375000E-04      0.1000000E-32
   0.5125000E-04      0.1000000E-32
   0.4875000E-04      0.1000000E-32
   0.4625000E-04      0.1000000E-32
   0.4375000E-04      0.1000000E-32
   0.4125000E-04      0.1000000E-32
   0.3900000E-04      0.1000000E-32
   0.3700000E-04      0.1000000E-32
   0.3500000E-04      0.1000000E-32
   0.3300000E-04      0.1000000E-32
   0.3100000E-04      0.1000000E-32
   0.2900000E-04      0.1000000E-32
   0.2750000E-04      0.1000000E-32
   0.2625000E-04      0.1000000E-32
   0.2475000E-04      0.1000000E-32
   0.2350000E-04      0.1000000E-32
   0.2250000E-04      0.1000000E-32
   0.2150000E-04      0.1000000E-32
   0.2050000E-04      0.1000000E-32
   0.1950000E-04      0.1000000E-32
   0.1850000E-04      0.1000000E-32
   0.1750000E-04      0.1000000E-32
   0.1650000E-04      0.1000000E-32
   0.1550000E-04      0.1000000E-32
   0.1462500E-04      0.1000000E-32
   0.1387500E-04      0.1000000E-32
   0.1312500E-04      0.1000000E-32
   0.1237500E-04      0.1000000E-32
   0.1175000E-04      0.1000000E-32
   0.1125000E-04      0.1000000E-32
   0.1075000E-04      0.1000000E-32
   0.1025000E-04      0.1000000E-32
   0.9800000E-05      0.1000000E-32
   0.9400001E-05      0.1000000E-32
   0.8999999E-05      0.1000000E-32
   0.8600000E-05      0.1000000E-32
   0.8200001E-05      0.1000000E-32
   0.7800000E-05      0.1000000E-32
   0.7400000E-05      0.1000000E-32
   0.7050000E-05      0.1000000E-32
   0.6750000E-05      0.1000000E-32
   0.6450000E-05      0.1000000E-32
   0.6150000E-05      0.1000000E-32
   0.5875000E-05      0.1000000E-32
   0.5625000E-05      0.1000000E-32
   0.5375000E-05      0.1000000E-32
   0.5125000E-05      0.1000000E-32
   0.4875000E-05      0.1000000E-32
   0.4625000E-05      0.1000000E-32
   0.4375000E-05      0.1000000E-32
   0.4125000E-05      0.1000000E-32
   0.3900000E-05      0.1000000E-32
   0.3700000E-05      0.1000000E-32
   0.3500000E-05      0.1000000E-32
   0.3300000E-05      0.1000000E-32
   0.3100000E-05      0.1000000E-32
   0.2900000E-05      0.1000000E-32
   0.2750000E-05      0.1000000E-32
   0.2625000E-05      0.1000000E-32
   0.2475000E-05      0.1000000E-32
   0.2350000E-05      0.1000000E-32
   0.2250000E-05      0.1000000E-32
   0.2150000E-05      0.1000000E-32
   0.2050000E-05      0.1000000E-32
   0.1950000E-05      0.1000000E-32
   0.1850000E-05      0.1000000E-32
   0.1750000E-05      0.1000000E-32
   0.1650000E-05      0.1000000E-32
   0.1550000E-05      0.1000000E-32
   0.1462500E-05      0.1000000E-32
   0.1387500E-05      0.1000000E-32
   0.1312500E-05      0.1000000E-32
   0.1237500E-05      0.1000000E-32
   0.1175000E-05      0.1000000E-32
   0.1125000E-05      0.1000000E-32
   0.1075000E-05      0.1000000E-32
   0.1025000E-05      0.1000000E-32
   0.9800000E-06      0.1000000E-32
   0.9399999E-06      0.1000000E-32
   0.9000000E-06      0.1000000E-32
   0.8600000E-06      0.1000000E-32
   0.8200000E-06      0.1000000E-32
   0.7800000E-06      0.1000000E-32
   0.7400000E-06      0.1000000E-32
   0.7050000E-06      0.1000000E-32
   0.6750000E-06      0.1000000E-32
   0.6450000E-06      0.1000000E-32
   0.6150000E-06      0.1000000E-32
   0.5875000E-06      0.1000000E-32
   0.5625000E-06      0.1000000E-32
   0.5375000E-06      0.1000000E-32
   0.5125000E-06      0.1000000E-32
   0.4875000E-06      0.1000000E-32
   0.4625000E-06      0.1000000E-32
   0.4375000E-06      0.1000000E-32
   0.4125000E-06      0.1000000E-32
   0.3900000E-06      0.1000000E-32
   0.3700000E-06      0.1000000E-32
   0.3500000E-06      0.1000000E-32
   0.3300000E-06      0.1000000E-32
   0.3100000E-06      0.1000000E-32
   0.2900000E-06      0.1000000E-32
   0.2750000E-06      0.1000000E-32
   0.2625000E-06      0.1000000E-32
   0.2475000E-06      0.1000000E-32
   0.2350000E-06      0.1000000E-32
   0.2250000E-06      0.1000000E-32
   0.2150000E-06      0.1000000E-32
   0.2050000E-06      0.1000000E-32
   0.1950000E-06      0.1000000E-32
   0.1850000E-06      0.1000000E-32
   0.1750000E-06      0.1000000E-32
   0.1650000E-06      0.1000000E-32
   0.1550000E-06      0.1000000E-32
   0.1462500E-06      0.1000000E-32
   0.1387500E-06      0.1000000E-32
   0.1312500E-06      0.1000000E-32
   0.1237500E-06      0.1000000E-32
   0.1175000E-06      0.1000000E-32
   0.1125000E-06      0.1000000E-32
   0.1075000E-06      0.1000000E-32
   0.1025000E-06      0.1000000E-32
   0.9800000E-07      0.1000000E-32
   0.9400000E-07      0.1000000E-32
   0.9000000E-07      0.1000000E-32
   0.8600000E-07      0.1000000E-32
   0.8200000E-07      0.1000000E-32
   0.7800000E-07      0.1000000E-32
   0.7400000E-07      0.1000000E-32
   0.7050000E-07      0.1000000E-32
   0.6750000E-07      0.1000000E-32
   0.6450000E-07      0.1000000E-32
   0.6150000E-07      0.1000000E-32
   0.5875000E-07      0.1000000E-32
   0.5625000E-07      0.1000000E-32
   0.5375000E-07      0.1000000E-32
   0.5125000E-07      0.1000000E-32
   0.4875000E-07      0.1000000E-32
   0.4625000E-07      0.1000000E-32
   0.4375000E-07      0.1000000E-32
   0.4125000E-07      0.1000000E-32
   0.3900000E-07      0.1000000E-32
   0.3700000E-07      0.1000000E-32
   0.3500000E-07      0.1000000E-32
   0.3300000E-07      0.1000000E-32
   0.3100000E-07      0.1000000E-32
   0.2900000E-07      0.1000000E-32
   0.2750000E-07      0.1000000E-32
   0.2625000E-07      0.1000000E-32
   0.2475000E-07      0.1000000E-32
   0.2350000E-07      0.1000000E-32
   0.2250000E-07      0.1000000E-32
   0.2150000E-07      0.1000000E-32
   0.2050000E-07      0.1000000E-32
   0.1950000E-07      0.1000000E-32
   0.1850000E-07      0.1000000E-32
   0.1750000E-07      0.1000000E-32
   0.1650000E-07      0.1000000E-32
   0.1550000E-07      0.1000000E-32
   0.1462500E-07      0.1000000E-32
   0.1387500E-07      0.1000000E-32
   0.1312500E-07      0.1000000E-32
   0.1237500E-07      0.1000000E-32
   0.1175000E-07      0.1000000E-32
   0.1125000E-07      0.1000000E-32
   0.1075000E-07      0.1000000E-32
   0.1025000E-07      0.1000000E-32
   0.9800000E-08      0.1000000E-32
   0.9400000E-08      0.1000000E-32
   0.9000000E-08      0.1000000E-32
   0.8600000E-08      0.1000000E-32
   0.8200000E-08      0.1000000E-32
   0.7800000E-08      0.1000000E-32
   0.7400000E-08      0.1000000E-32
   0.7050000E-08      0.1000000E-32
   0.6750000E-08      0.1000000E-32
   0.6450000E-08      0.1000000E-32
   0.6150000E-08      0.1000000E-32
   0.5875000E-08      0.1000000E-32
   0.5625000E-08      0.1000000E-32
   0.5375000E-08      0.1000000E-32
   0.5125000E-08      0.1000000E-32
   0.4875000E-08      0.1000000E-32
   0.4625000E-08      0.1000000E-32
   0.4375000E-08      0.1000000E-32
   0.4125000E-08      0.1000000E-32
   0.3900000E-08      0.1000000E-32
   0.3700000E-08      0.1000000E-32
   0.3500000E-08      0.1000000E-32
   0.3300000E-08      0.1000000E-32
   0.3100000E-08      0.1000000E-32
   0.2900000E-08      0.1000000E-32
   0.2750000E-08      0.1000000E-32
   0.2625000E-08      0.1000000E-32
   0.2475000E-08      0.1000000E-32
   0.2350000E-08      0.1000000E-32
   0.2250000E-08      0.1000000E-32
   0.2150000E-08      0.1000000E-32
   0.2050000E-08      0.1000000E-32
   0.1950000E-08      0.1000000E-32
   0.1850000E-08      0.1000000E-32
   0.1750000E-08      0.1000000E-32
   0.1650000E-08      0.1000000E-32
   0.1550000E-08      0.1000000E-32
   0.1462500E-08      0.1000000E-32
   0.1387500E-08      0.1000000E-32
   0.1312500E-08      0.1000000E-32
   0.1237500E-08      0.1000000E-32
   0.1175000E-08      0.1000000E-32
   0.1125000E-08      0.1000000E-32
   0.1075000E-08      0.1000000E-32
   0.1025000E-08      0.1000000E-32
   0.9800000E-09      0.1000000E-32
   0.9400000E-09      0.1000000E-32
   0.9000000E-09      0.1000000E-32
   0.8600000E-09      0.1000000E-32
   0.8200000E-09      0.1000000E-32
   0.7800000E-09      0.1000000E-32
   0.7400000E-09      0.1000000E-32
   0.7050000E-09      0.1000000E-32
   0.6750000E-09      0.1000000E-32
   0.6450000E-09      0.1000000E-32
   0.6150000E-09      0.1000000E-32
   0.5875000E-09      0.1000000E-32
   0.5625000E-09      0.1000000E-32
   0.5375000E-09      0.1000000E-32
   0.5125000E-09      0.1000000E-32
   0.4875000E-09      0.1000000E-32
   0.4625000E-09      0.1000000E-32
   0.4375000E-09      0.1000000E-32
   0.4125000E-09      0.1000000E-32
   0.3900000E-09      0.1000000E-32
   0.3700000E-09      0.1000000E-32
   0.3500000E-09      0.1000000E-32
   0.3300000E-09      0.1000000E-32
   0.3100000E-09      0.1000000E-32
   0.2900000E-09      0.1000000E-32
   0.2750000E-09      0.1000000E-32
   0.2625000E-09      0.1000000E-32
   0.2475000E-09      0.1000000E-32
   0.2350000E-09      0.1000000E-32
   0.2250000E-09      0.1000000E-32
   0.2150000E-09      0.1000000E-32
   0.2050000E-09      0.1000000E-32
   0.1950000E-09      0.1000000E-32
   0.1850000E-09      0.1000000E-32
   0.1750000E-09      0.1000000E-32
   0.1650000E-09      0.1000000E-32
   0.1550000E-09      0.1000000E-32
   0.1462500E-09      0.1000000E-32
   0.1387500E-09      0.1000000E-32
   0.1312500E-09      0.1000000E-32
   0.1237500E-09      0.1000000E-32
   0.1175000E-09      0.1000000E-32
   0.1125000E-09      0.1000000E-32
   0.1075000E-09      0.1000000E-32
   0.1025000E-09      0.1000000E-32
