1.995000E+01	1.302328E-31
1.985000E+01	1.302379E-31
1.975000E+01	1.302328E-31
1.965000E+01	1.302379E-31
1.955000E+01	1.302328E-31
1.945000E+01	1.302328E-31
1.935000E+01	1.302379E-31
1.925000E+01	1.302328E-31
1.915000E+01	1.302379E-31
1.905000E+01	1.302328E-31
1.895000E+01	1.302328E-31
1.885000E+01	1.302379E-31
1.875000E+01	1.302328E-31
1.865000E+01	1.302379E-31
1.855000E+01	1.302328E-31
1.845000E+01	1.302328E-31
1.835000E+01	1.302379E-31
1.825000E+01	1.302328E-31
1.815000E+01	1.302379E-31
1.805000E+01	1.302328E-31
1.795000E+01	1.302328E-31
1.785000E+01	1.302379E-31
1.775000E+01	1.302328E-31
1.765000E+01	1.302379E-31
1.755000E+01	1.302328E-31
1.745000E+01	1.302328E-31
1.735000E+01	1.302379E-31
1.725000E+01	1.302328E-31
1.715000E+01	1.302379E-31
1.705000E+01	1.302328E-31
1.695000E+01	1.302328E-31
1.685000E+01	1.302379E-31
1.675000E+01	1.302328E-31
1.665000E+01	1.302379E-31
1.655000E+01	1.302328E-31
1.645000E+01	1.302328E-31
1.635000E+01	1.302379E-31
1.625000E+01	1.302328E-31
1.615000E+01	1.302379E-31
1.605000E+01	1.302328E-31
1.595000E+01	1.282372E-05
1.585000E+01	3.698293E-05
1.575000E+01	6.324780E-05
1.565000E+01	8.913602E-05
1.555000E+01	1.149263E-04
1.545000E+01	2.088984E-04
1.535000E+01	5.203769E-04
1.525000E+01	1.304198E-03
1.515000E+01	3.285375E-03
1.505000E+01	8.332856E-03
1.495000E+01	1.427280E-02
1.485000E+01	1.760664E-02
1.475000E+01	2.177510E-02
1.465000E+01	2.695495E-02
1.455000E+01	3.341863E-02
1.445000E+01	4.148475E-02
1.435000E+01	5.158885E-02
1.425000E+01	6.517141E-02
1.415000E+01	8.475038E-02
1.405000E+01	1.118999E-01
1.395000E+01	1.120922E-01
1.385000E+01	8.499402E-02
1.375000E+01	6.542789E-02
1.365000E+01	5.208897E-02
1.355000E+01	4.219005E-02
1.345000E+01	3.411111E-02
1.335000E+01	2.753201E-02
1.325000E+01	2.219829E-02
1.315000E+01	1.786310E-02
1.305000E+01	1.434975E-02
1.295000E+01	8.436729E-03
1.285000E+01	3.396940E-03
1.275000E+01	1.358058E-03
1.265000E+01	5.390990E-04
1.255000E+01	2.123609E-04
1.245000E+01	1.149519E-04
1.235000E+01	8.916166E-05
1.225000E+01	6.327346E-05
1.215000E+01	3.702138E-05
1.205000E+01	1.282372E-05
1.195000E+01	1.302353E-31
1.185000E+01	1.302328E-31
1.175000E+01	1.302379E-31
1.165000E+01	1.302328E-31
1.155000E+01	1.302353E-31
1.145000E+01	1.302353E-31
1.135000E+01	1.302328E-31
1.125000E+01	1.302379E-31
1.115000E+01	1.302328E-31
1.105000E+01	1.302353E-31
1.095000E+01	1.302353E-31
1.085000E+01	1.302328E-31
1.075000E+01	1.302379E-31
1.065000E+01	1.302328E-31
1.055000E+01	1.302353E-31
1.045000E+01	1.302353E-31
1.035000E+01	1.302328E-31
1.025000E+01	1.302379E-31
1.015000E+01	1.302328E-31
1.005000E+01	1.302353E-31
9.950000E+00	1.302353E-31
9.850000E+00	1.302328E-31
9.750000E+00	1.302379E-31
9.650000E+00	1.302328E-31
9.550000E+00	1.302353E-31
9.450000E+00	1.302353E-31
9.350000E+00	1.302328E-31
9.250000E+00	1.302379E-31
9.150000E+00	1.302328E-31
9.050000E+00	1.302353E-31
8.950000E+00	1.302353E-31
8.850000E+00	1.302328E-31
8.750000E+00	1.302379E-31
8.650000E+00	1.302328E-31
8.550000E+00	1.302353E-31
8.450000E+00	1.302353E-31
8.350000E+00	1.302328E-31
8.250000E+00	1.302379E-31
8.150000E+00	1.302328E-31
8.050000E+00	1.302353E-31
7.950000E+00	1.302353E-31
7.850000E+00	1.302341E-31
7.750000E+00	1.302353E-31
7.650000E+00	1.302341E-31
7.550000E+00	1.302353E-31
7.450000E+00	1.302353E-31
7.350000E+00	1.302341E-31
7.250000E+00	1.302353E-31
7.150000E+00	1.302341E-31
7.050000E+00	1.302353E-31
6.950000E+00	1.302353E-31
6.850000E+00	1.302341E-31
6.750000E+00	1.302353E-31
6.650000E+00	1.302341E-31
6.550000E+00	1.302353E-31
6.450000E+00	1.302353E-31
6.350000E+00	1.302341E-31
6.250000E+00	1.302353E-31
6.150000E+00	1.302341E-31
6.050000E+00	1.302353E-31
5.950000E+00	1.302353E-31
5.850000E+00	1.302341E-31
5.750000E+00	1.302353E-31
5.650000E+00	1.302341E-31
5.550000E+00	1.302353E-31
5.450000E+00	1.302353E-31
5.350000E+00	1.302341E-31
5.250000E+00	1.302353E-31
5.150000E+00	1.302341E-31
5.050000E+00	1.302353E-31
4.950000E+00	1.302353E-31
4.850000E+00	1.302341E-31
4.750000E+00	1.302353E-31
4.650000E+00	1.302341E-31
4.550000E+00	1.302353E-31
4.450000E+00	1.302353E-31
4.350000E+00	1.302341E-31
4.250000E+00	1.302353E-31
4.150000E+00	1.302341E-31
4.050000E+00	1.302353E-31
3.950000E+00	1.302347E-31
3.850000E+00	1.302353E-31
3.750000E+00	1.302341E-31
3.650000E+00	1.302353E-31
3.550000E+00	1.302347E-31
3.450000E+00	1.302347E-31
3.350000E+00	1.302353E-31
3.250000E+00	1.302341E-31
3.150000E+00	1.302353E-31
3.050000E+00	1.302347E-31
2.950000E+00	1.302347E-31
2.850000E+00	1.302353E-31
2.750000E+00	1.302341E-31
2.650000E+00	1.302353E-31
2.550000E+00	1.302347E-31
2.450000E+00	1.302347E-31
2.350000E+00	1.302353E-31
2.250000E+00	1.302341E-31
2.150000E+00	1.302353E-31
2.050000E+00	1.302347E-31
1.950000E+00	1.302347E-31
1.850000E+00	1.302350E-31
1.750000E+00	1.302347E-31
1.650000E+00	1.302350E-31
1.550000E+00	1.302347E-31
1.450000E+00	1.302347E-31
1.350000E+00	1.302350E-31
1.250000E+00	1.302347E-31
1.150000E+00	1.302350E-31
1.050000E+00	1.302347E-31
9.800000E-01	5.209395E-32
9.400000E-01	5.209388E-32
9.000000E-01	5.209403E-32
8.600000E-01	5.209372E-32
8.200000E-01	5.209419E-32
7.800000E-01	5.209372E-32
7.400000E-01	5.209403E-32
7.050000E-01	3.907041E-32
6.750000E-01	3.907041E-32
6.450000E-01	3.907056E-32
6.150000E-01	3.907025E-32
5.875000E-01	3.255899E-32
5.625000E-01	3.255836E-32
5.375000E-01	3.255899E-32
5.125000E-01	3.255852E-32
4.875000E-01	3.255883E-32
4.625000E-01	3.255860E-32
4.375000E-01	3.255883E-32
4.125000E-01	3.255860E-32
3.900000E-01	2.604709E-32
3.700000E-01	2.604678E-32
3.500000E-01	2.604718E-32
3.300000E-01	2.604670E-32
3.100000E-01	2.604726E-32
2.900000E-01	2.604670E-32
2.750000E-01	1.302371E-32
2.625000E-01	1.953505E-32
2.475000E-01	1.953536E-32
2.350000E-01	1.302335E-32
2.250000E-01	1.302363E-32
2.150000E-01	1.302331E-32
2.050000E-01	1.302367E-32
1.950000E-01	1.302331E-32
1.850000E-01	1.302363E-32
1.750000E-01	1.302335E-32
1.650000E-01	1.302359E-32
1.550000E-01	1.302339E-32
1.462500E-01	9.767718E-33
1.387500E-01	9.767485E-33
1.312500E-01	9.767757E-33
1.237500E-01	9.767446E-33
1.175000E-01	6.511909E-33
1.125000E-01	6.511579E-33
1.075000E-01	6.511891E-33
1.025000E-01	6.511599E-33
9.800000E-02	3.344573E-05
9.400000E-02	3.487062E-05
9.000000E-02	3.641817E-05
8.600000E-02	3.811494E-05
8.200000E-02	3.997676E-05
7.799999E-02	4.202186E-05
7.400000E-02	4.429906E-05
7.050000E-02	3.486690E-05
6.750000E-02	3.641559E-05
6.450000E-02	3.810918E-05
6.150000E-02	3.996959E-05
5.875000E-02	3.486827E-05
5.625000E-02	3.641853E-05
5.375000E-02	3.811134E-05
5.125000E-02	3.996974E-05
4.875000E-02	4.202333E-05
4.625000E-02	4.429568E-05
4.375000E-02	4.682719E-05
4.125000E-02	4.966727E-05
3.900000E-02	4.202249E-05
3.700000E-02	4.429021E-05
3.500000E-02	4.683790E-05
3.300000E-02	4.968321E-05
3.100000E-02	5.286788E-05
2.900000E-02	5.651983E-05
2.750000E-02	2.978859E-05
2.625000E-02	4.681685E-05
2.475000E-02	4.968297E-05
2.350000E-02	3.486329E-05
2.250000E-02	3.641270E-05
2.150000E-02	3.811197E-05
2.050000E-02	3.997968E-05
1.950000E-02	4.201872E-05
1.850000E-02	4.428974E-05
1.750000E-02	4.683844E-05
1.650000E-02	4.966142E-05
1.550000E-02	5.286842E-05
1.462500E-02	4.202308E-05
1.387500E-02	4.430130E-05
1.312500E-02	4.683220E-05
1.237500E-02	4.966764E-05
1.175000E-02	3.486265E-05
1.125000E-02	3.641339E-05
1.075000E-02	3.811126E-05
1.025000E-02	3.996979E-05
9.800000E-03	3.344443E-05
9.400001E-03	3.487185E-05
9.000000E-03	3.641722E-05
8.600000E-03	3.811579E-05
8.200000E-03	3.997590E-05
7.800000E-03	4.202248E-05
7.400000E-03	4.429867E-05
7.050000E-03	3.486728E-05
6.750000E-03	3.641521E-05
6.450000E-03	3.810942E-05
6.150000E-03	3.996959E-05
5.875000E-03	3.486822E-05
5.625000E-03	3.641842E-05
5.375000E-03	3.811155E-05
5.125000E-03	3.996950E-05
4.875000E-03	4.202355E-05
4.625000E-03	4.429555E-05
4.375000E-03	4.682729E-05
4.125000E-03	4.966727E-05
3.900000E-03	4.202253E-05
3.700000E-03	4.429010E-05
3.500000E-03	4.683801E-05
3.300000E-03	4.968314E-05
3.100000E-03	5.286782E-05
2.900000E-03	5.652003E-05
2.750000E-03	2.978845E-05
2.625000E-03	4.681697E-05
2.475000E-03	4.968288E-05
2.350000E-03	3.486336E-05
2.250000E-03	3.641280E-05
2.150000E-03	3.811172E-05
2.050000E-03	3.997998E-05
1.950000E-03	4.201845E-05
1.850000E-03	4.428997E-05
1.750000E-03	4.683814E-05
1.650000E-03	4.966179E-05
1.550000E-03	5.286795E-05
1.462500E-03	4.202368E-05
1.387500E-03	4.430068E-05
1.312500E-03	4.683275E-05
1.237500E-03	4.966709E-05
1.175000E-03	3.486320E-05
1.125000E-03	3.641298E-05
1.075000E-03	3.811155E-05
1.025000E-03	3.996953E-05
9.800000E-04	3.344471E-05
9.400000E-04	3.487165E-05
9.000000E-04	3.641725E-05
8.600000E-04	3.811593E-05
8.200000E-04	3.997562E-05
7.800000E-04	4.202276E-05
7.400000E-04	4.429846E-05
7.050000E-04	3.486747E-05
6.750000E-04	3.641502E-05
6.450000E-04	3.810962E-05
6.150000E-04	3.996925E-05
5.875000E-04	3.486868E-05
5.625000E-04	3.641812E-05
5.375000E-04	3.811172E-05
5.125000E-04	3.996935E-05
4.875000E-04	4.202374E-05
4.625000E-04	4.429528E-05
4.375000E-04	4.682752E-05
4.125000E-04	4.966709E-05
3.900000E-04	4.202264E-05
3.700000E-04	4.429008E-05
3.500000E-04	4.683807E-05
3.300000E-04	4.968291E-05
3.100000E-04	5.286816E-05
2.900000E-04	5.651962E-05
2.750000E-04	2.978886E-05
2.625000E-04	4.681658E-05
2.475000E-04	4.968327E-05
2.350000E-04	3.486285E-05
2.250000E-04	3.641331E-05
2.150000E-04	3.811134E-05
2.050000E-04	3.998023E-05
1.950000E-04	4.201815E-05
1.850000E-04	4.429036E-05
1.750000E-04	4.683781E-05
1.650000E-04	4.966196E-05
1.550000E-04	5.286785E-05
1.462500E-04	4.202378E-05
1.387500E-04	4.430059E-05
1.312500E-04	4.683286E-05
1.237500E-04	4.966693E-05
1.175000E-04	3.486337E-05
1.125000E-04	3.641279E-05
1.075000E-04	3.811190E-05
1.025000E-04	3.996902E-05
9.800000E-05	3.344529E-05
9.400000E-05	3.487096E-05
9.000000E-05	3.641796E-05
8.600000E-05	3.811517E-05
8.200000E-05	3.997653E-05
7.800000E-05	4.202181E-05
7.400000E-05	4.429930E-05
7.050000E-05	3.486676E-05
6.750000E-05	3.641580E-05
6.450000E-05	3.810886E-05
6.150000E-05	3.996991E-05
5.875000E-05	3.486796E-05
5.625000E-05	3.641884E-05
5.375000E-05	3.811112E-05
5.125000E-05	3.996984E-05
4.875000E-05	4.202321E-05
4.625000E-05	4.429592E-05
4.375000E-05	4.682692E-05
4.125000E-05	4.966755E-05
3.900000E-05	4.202227E-05
3.700000E-05	4.429035E-05
3.500000E-05	4.683783E-05
3.300000E-05	4.968330E-05
3.100000E-05	5.286779E-05
2.900000E-05	5.651983E-05
2.750000E-05	2.978864E-05
2.625000E-05	4.681678E-05
2.475000E-05	4.968314E-05
2.350000E-05	3.486298E-05
2.250000E-05	3.641318E-05
2.150000E-05	3.811148E-05
2.050000E-05	3.998018E-05
1.950000E-05	4.201818E-05
1.850000E-05	4.429016E-05
1.750000E-05	4.683802E-05
1.650000E-05	4.966189E-05
1.550000E-05	5.286793E-05
1.462500E-05	4.202353E-05
1.387500E-05	4.430089E-05
1.312500E-05	4.683258E-05
1.237500E-05	4.966731E-05
1.175000E-05	3.486285E-05
1.125000E-05	3.641332E-05
1.075000E-05	3.811134E-05
1.025000E-05	3.996972E-05
9.800000E-06	3.344444E-05
9.400001E-06	3.487186E-05
8.999999E-06	3.641723E-05
8.600000E-06	3.811579E-05
8.200001E-06	3.997573E-05
7.800000E-06	4.202269E-05
7.400000E-06	4.429857E-05
7.050000E-06	3.486740E-05
6.750000E-06	3.641511E-05
6.450000E-06	3.810955E-05
6.150000E-06	3.996936E-05
5.875000E-06	3.486842E-05
5.625000E-06	3.641836E-05
5.375000E-06	3.811162E-05
5.125000E-06	3.996943E-05
4.875000E-06	4.202364E-05
4.625000E-06	4.429531E-05
4.375000E-06	4.682756E-05
4.125000E-06	4.966701E-05
3.900000E-06	4.202269E-05
3.700000E-06	4.429011E-05
3.500000E-06	4.683802E-05
3.300000E-06	4.968314E-05
3.100000E-06	5.286783E-05
2.900000E-06	5.651986E-05
2.750000E-06	2.978859E-05
2.625000E-06	4.681684E-05
2.475000E-06	4.968304E-05
2.350000E-06	3.486320E-05
2.250000E-06	3.641282E-05
2.150000E-06	3.811189E-05
2.050000E-06	3.997980E-05
1.950000E-06	4.201841E-05
1.850000E-06	4.429019E-05
1.750000E-06	4.683793E-05
1.650000E-06	4.966203E-05
1.550000E-06	5.286771E-05
1.462500E-06	4.202381E-05
1.387500E-06	4.430057E-05
1.312500E-06	4.683292E-05
1.237500E-06	4.966695E-05
1.175000E-06	3.486336E-05
1.125000E-06	3.641266E-05
1.075000E-06	3.811207E-05
1.025000E-06	3.996899E-05
9.800000E-07	3.344520E-05
9.399999E-07	3.487133E-05
9.000000E-07	3.641742E-05
8.600000E-07	3.811567E-05
8.200000E-07	3.997593E-05
7.800000E-07	4.202247E-05
7.400000E-07	4.429868E-05
7.050000E-07	3.486737E-05
6.750000E-07	3.641506E-05
6.450000E-07	3.810966E-05
6.150000E-07	3.996931E-05
5.875000E-07	3.486854E-05
5.625000E-07	3.641821E-05
5.375000E-07	3.811212E-05
5.125000E-07	3.996974E-05
4.875000E-07	1.450111E-09
4.625000E-07	3.725426E-09
4.375000E-07	9.545822E-09
4.125000E-07	2.436668E-08
3.900000E-07	4.467690E-08
3.700000E-07	9.407002E-08
3.500000E-07	1.974101E-07
3.300000E-07	4.132036E-07
3.100000E-07	8.607744E-07
2.900000E-07	1.786281E-06
2.750000E-07	1.520350E-06
2.625000E-07	3.602516E-06
2.475000E-07	6.171128E-06
2.350000E-07	6.399770E-06
2.250000E-07	9.127374E-06
2.150000E-07	1.299132E-05
2.050000E-07	1.845456E-05
1.950000E-07	2.615452E-05
1.850000E-07	3.694498E-05
1.750000E-07	5.206944E-05
1.650000E-07	7.313048E-05
1.550000E-07	1.023210E-04
1.462500E-07	1.025174E-04
1.387500E-07	1.311382E-04
1.312500E-07	1.672403E-04
1.237500E-07	2.126452E-04
1.175000E-07	1.726350E-04
1.125000E-07	2.017058E-04
1.075000E-07	2.352744E-04
1.025000E-07	2.737366E-04
9.800000E-08	2.505604E-04
9.400000E-08	2.818884E-04
9.000000E-08	3.164974E-04
8.600000E-08	3.546982E-04
8.200000E-08	3.966606E-04
7.800000E-08	4.425336E-04
7.400000E-08	4.924090E-04
7.050000E-08	4.045492E-04
6.750000E-08	4.365644E-04
6.450000E-08	4.701236E-04
6.150000E-08	5.051992E-04
5.875000E-08	4.487664E-04
5.625000E-08	4.747472E-04
5.375000E-08	5.010152E-04
5.125000E-08	5.279964E-04
4.875000E-08	5.549644E-04
4.625000E-08	5.814436E-04
4.375000E-08	6.074158E-04
4.125000E-08	6.328930E-04
3.900000E-08	5.238972E-04
3.700000E-08	5.382832E-04
3.500000E-08	5.510708E-04
3.300000E-08	5.630598E-04
3.100000E-08	5.726500E-04
2.900000E-08	5.802418E-04
2.750000E-08	2.921206E-04
2.625000E-08	4.396774E-04
2.475000E-08	4.399782E-04
2.350000E-08	2.927180E-04
2.250000E-08	2.917210E-04
2.150000E-08	2.901204E-04
2.050000E-08	2.879246E-04
1.950000E-08	2.849254E-04
1.850000E-08	2.813308E-04
1.750000E-08	2.769332E-04
1.650000E-08	2.717402E-04
1.550000E-08	2.655440E-04
1.462500E-08	1.946638E-04
1.387500E-08	1.903167E-04
1.312500E-08	1.855225E-04
1.237500E-08	1.801264E-04
1.175000E-08	1.169881E-04
1.125000E-08	1.141900E-04
1.075000E-08	1.113935E-04
1.025000E-08	1.082956E-04
9.800000E-09	8.431944E-05
9.400000E-09	8.224070E-05
9.000000E-09	8.000358E-05
8.600000E-09	7.764512E-05
8.200000E-09	7.522412E-05
7.800000E-09	7.269788E-05
7.400001E-09	7.008480E-05
7.050000E-09	5.078326E-05
6.750000E-09	4.920676E-05
6.450000E-09	4.758232E-05
6.150000E-09	4.591592E-05
5.875000E-09	3.695452E-05
5.625000E-09	3.574070E-05
5.375000E-09	3.449188E-05
5.125000E-09	3.321812E-05
4.875000E-09	3.191436E-05
4.625000E-09	3.058064E-05
4.375000E-09	2.921696E-05
4.125000E-09	2.782330E-05
3.900000E-09	2.123560E-05
3.700000E-09	2.030846E-05
3.500000E-09	1.936146E-05
3.300000E-09	1.840229E-05
3.100000E-09	1.742731E-05
2.900000E-09	1.643219E-05
2.750000E-09	7.838510E-06
2.625000E-09	1.127814E-05
2.475000E-09	1.069676E-05
2.350000E-09	6.805438E-06
2.250000E-09	6.541748E-06
2.150000E-09	6.275946E-06
2.050000E-09	6.008260E-06
1.950000E-09	5.738468E-06
1.850000E-09	5.464766E-06
1.750000E-09	5.191006E-06
1.650000E-09	4.913294E-06
1.550000E-09	4.633542E-06
1.462500E-09	3.290850E-06
1.387500E-09	3.131984E-06
1.312500E-09	2.971656E-06
1.237500E-09	2.809794E-06
1.175000E-09	1.783296E-06
1.125000E-09	1.710351E-06
1.075000E-09	1.637435E-06
1.025000E-09	1.564491E-06
9.800000E-10	1.198856E-06
9.400000E-10	1.151688E-06
9.000000E-10	1.104542E-06
8.600000E-10	1.057382E-06
8.200000E-10	1.009433E-06
7.800000E-10	9.622734E-07
7.400000E-10	9.143250E-07
7.050000E-10	6.539702E-07
6.750000E-10	6.270006E-07
6.450000E-10	6.000218E-07
6.150000E-10	5.725724E-07
5.875000E-10	4.563100E-07
5.625000E-10	4.373322E-07
5.375000E-10	4.182966E-07
5.125000E-10	3.992686E-07
4.875000E-10	3.801834E-07
4.625000E-10	3.610538E-07
4.375000E-10	3.418718E-07
4.125000E-10	3.226404E-07
3.900000E-10	2.442456E-07
3.700000E-10	2.318974E-07
3.500000E-10	2.195492E-07
3.300000E-10	2.071612E-07
3.100000E-10	1.947730E-07
2.900000E-10	1.823450E-07
2.750000E-10	8.651694E-08
2.625000E-10	1.239310E-07
2.475000E-10	1.169178E-07
2.350000E-10	7.404892E-08
2.250000E-10	7.093172E-08
2.150000E-10	6.779512E-08
2.050000E-10	6.467772E-08
1.950000E-10	6.154110E-08
1.850000E-10	5.840378E-08
1.750000E-10	5.526710E-08
1.650000E-10	5.212980E-08
1.550000E-10	4.899310E-08
1.462500E-10	3.467658E-08
1.387500E-10	3.290854E-08
1.312500E-10	3.114000E-08
1.237500E-10	2.937192E-08
1.175000E-10	1.860207E-08
1.125000E-10	1.781290E-08
1.075000E-10	1.702365E-08
1.025000E-10	1.623441E-08
	
	
	1.000000E+00
	
	
	
	
	
	
	
	
	
	
	
	
	
	
	
	
	
	
	
	
	
	
	
	

