   0.1025000E-09      0.3473538E-35
   0.1075000E-09      0.3473538E-35
   0.1125000E-09      0.3473538E-35
   0.1175000E-09      0.3473543E-35
   0.1237500E-09      0.3473538E-35
   0.1312500E-09      0.3473538E-35
   0.1387500E-09      0.3473538E-35
   0.1462500E-09      0.3473538E-35
   0.1550000E-09      0.3473538E-35
   0.1650000E-09      0.3473538E-35
   0.1750000E-09      0.3473538E-35
   0.1850000E-09      0.3473538E-35
   0.1950000E-09      0.3473538E-35
   0.2050000E-09      0.3473538E-35
   0.2150000E-09      0.3473538E-35
   0.2250000E-09      0.3473538E-35
   0.2350000E-09      0.3473543E-35
   0.2475000E-09      0.3473538E-35
   0.2625000E-09      0.3473538E-35
   0.2750000E-09      0.3473538E-35
   0.2900000E-09      0.3473538E-35
   0.3100000E-09      0.3473538E-35
   0.3300000E-09      0.3473538E-35
   0.3500000E-09      0.3473538E-35
   0.3700000E-09      0.3473538E-35
   0.3900000E-09      0.3473538E-35
   0.4125000E-09      0.3473707E-35
   0.4375000E-09      0.3473707E-35
   0.4625000E-09      0.3473710E-35
   0.4875000E-09      0.3473707E-35
   0.5125000E-09      0.3473707E-35
   0.5375000E-09      0.3473707E-35
   0.5625000E-09      0.3473707E-35
   0.5875000E-09      0.3473707E-35
   0.6150000E-09      0.3473678E-35
   0.6450000E-09      0.3473678E-35
   0.6750000E-09      0.3473678E-35
   0.7050000E-09      0.3473678E-35
   0.7400000E-09      0.3473643E-35
   0.7800000E-09      0.3473643E-35
   0.8200000E-09      0.3473643E-35
   0.8600000E-09      0.3473643E-35
   0.9000000E-09      0.3473643E-35
   0.9400000E-09      0.3473648E-35
   0.9800000E-09      0.3473643E-35
   0.1025000E-08      0.3473622E-35
   0.1075000E-08      0.3473622E-35
   0.1125000E-08      0.3473622E-35
   0.1175000E-08      0.3473622E-35
   0.1237500E-08      0.3473669E-35
   0.1312500E-08      0.3473669E-35
   0.1387500E-08      0.3473669E-35
   0.1462500E-08      0.3473669E-35
   0.1550000E-08      0.3473637E-35
   0.1650000E-08      0.3473637E-35
   0.1750000E-08      0.3473637E-35
   0.1850000E-08      0.3473640E-35
   0.1950000E-08      0.3473637E-35
   0.2050000E-08      0.3473637E-35
   0.2150000E-08      0.3473637E-35
   0.2250000E-08      0.3473637E-35
   0.2350000E-08      0.3473637E-35
   0.2475000E-08      0.3473669E-35
   0.2625000E-08      0.3473669E-35
   0.2750000E-08      0.3473637E-35
   0.2900000E-08      0.3473657E-35
   0.3100000E-08      0.3473657E-35
   0.3300000E-08      0.3473657E-35
   0.3500000E-08      0.3473657E-35
   0.3700000E-08      0.3473661E-35
   0.3900000E-08      0.3473657E-35
   0.4125000E-08      0.3473656E-35
   0.4375000E-08      0.3473656E-35
   0.4625000E-08      0.3473656E-35
   0.4875000E-08      0.3473656E-35
   0.5125000E-08      0.3473656E-35
   0.5375000E-08      0.3473656E-35
   0.5625000E-08      0.3473656E-35
   0.5875000E-08      0.3473656E-35
   0.6150000E-08      0.3473650E-35
   0.6450000E-08      0.3473650E-35
   0.6750000E-08      0.3473650E-35
   0.7050000E-08      0.3473650E-35
   0.7400000E-08      0.3473651E-35
   0.7800000E-08      0.3473661E-35
   0.8200000E-08      0.3473661E-35
   0.8600000E-08      0.3473661E-35
   0.9000000E-08      0.3473661E-35
   0.9400000E-08      0.3473661E-35
   0.9800000E-08      0.3473661E-35
   0.1025000E-07      0.3473653E-35
   0.1075000E-07      0.3473653E-35
   0.1125000E-07      0.3473653E-35
   0.1175000E-07      0.3473653E-35
   0.1237500E-07      0.3473654E-35
   0.1312500E-07      0.3473654E-35
   0.1387500E-07      0.3473654E-35
   0.1462500E-07      0.3473653E-35
   0.1550000E-07      0.3473655E-35
   0.1650000E-07      0.3473655E-35
   0.1750000E-07      0.3473655E-35
   0.1850000E-07      0.3473655E-35
   0.1950000E-07      0.3473655E-35
   0.2050000E-07      0.3473655E-35
   0.2150000E-07      0.3473655E-35
   0.2250000E-07      0.3473655E-35
   0.2350000E-07      0.3473655E-35
   0.2475000E-07      0.3473654E-35
   0.2625000E-07      0.3473654E-35
   0.2750000E-07      0.3473655E-35
   0.2900000E-07      0.3473655E-35
   0.3100000E-07      0.3473655E-35
   0.3300000E-07      0.3473655E-35
   0.3500000E-07      0.3473655E-35
   0.3700000E-07      0.3473655E-35
   0.3900000E-07      0.3473655E-35
   0.4125000E-07      0.3473654E-35
   0.4375000E-07      0.3473655E-35
   0.4625000E-07      0.3473655E-35
   0.4875000E-07      0.3473654E-35
   0.5125000E-07      0.3473655E-35
   0.5375000E-07      0.3473654E-35
   0.5625000E-07      0.3473655E-35
   0.5875000E-07      0.3473655E-35
   0.6150000E-07      0.3473654E-35
   0.6450000E-07      0.3473654E-35
   0.6750000E-07      0.3473654E-35
   0.7050000E-07      0.3473654E-35
   0.7400000E-07      0.3473655E-35
   0.7800000E-07      0.3473655E-35
   0.8200000E-07      0.3473655E-35
   0.8600000E-07      0.3473655E-35
   0.9000000E-07      0.3473655E-35
   0.9400000E-07      0.3473655E-35
   0.9800000E-07      0.3473655E-35
   0.1025000E-06      0.3473654E-35
   0.1075000E-06      0.3473654E-35
   0.1125000E-06      0.3473654E-35
   0.1175000E-06      0.3473654E-35
   0.1237500E-06      0.3473654E-35
   0.1312500E-06      0.3473654E-35
   0.1387500E-06      0.3473654E-35
   0.1462500E-06      0.3473654E-35
   0.1550000E-06      0.3473654E-35
   0.1650000E-06      0.3473654E-35
   0.1750000E-06      0.3473654E-35
   0.1850000E-06      0.3473654E-35
   0.1950000E-06      0.3473654E-35
   0.2050000E-06      0.3473654E-35
   0.2150000E-06      0.3473654E-35
   0.2250000E-06      0.3473654E-35
   0.2350000E-06      0.3473654E-35
   0.2475000E-06      0.3473654E-35
   0.2625000E-06      0.3473654E-35
   0.2750000E-06      0.3473654E-35
   0.2900000E-06      0.3473654E-35
   0.3100000E-06      0.3473654E-35
   0.3300000E-06      0.3473654E-35
   0.3500000E-06      0.3473654E-35
   0.3700000E-06      0.3473654E-35
   0.3900000E-06      0.3473654E-35
   0.4125000E-06      0.3473654E-35
   0.4375000E-06      0.3473654E-35
   0.4625000E-06      0.3473654E-35
   0.4875000E-06      0.3473654E-35
   0.5125000E-06      0.3473654E-35
   0.5375000E-06      0.3473654E-35
   0.5625000E-06      0.3473654E-35
   0.5875000E-06      0.3473654E-35
   0.6150000E-06      0.3473654E-35
   0.6450000E-06      0.3473654E-35
   0.6750000E-06      0.3473654E-35
   0.7050000E-06      0.3473654E-35
   0.7400000E-06      0.3473654E-35
   0.7800000E-06      0.3473654E-35
   0.8200000E-06      0.3473654E-35
   0.8600000E-06      0.3473654E-35
   0.9000000E-06      0.3473654E-35
   0.9399999E-06      0.3473654E-35
   0.9800000E-06      0.3473654E-35
   0.1025000E-05      0.3473654E-35
   0.1075000E-05      0.3473654E-35
   0.1125000E-05      0.3473654E-35
   0.1175000E-05      0.3473654E-35
   0.1237500E-05      0.3473654E-35
   0.1312500E-05      0.3473654E-35
   0.1387500E-05      0.3473654E-35
   0.1462500E-05      0.3473654E-35
   0.1550000E-05      0.3473654E-35
   0.1650000E-05      0.3473654E-35
   0.1750000E-05      0.3473654E-35
   0.1850000E-05      0.3473654E-35
   0.1950000E-05      0.3473654E-35
   0.2050000E-05      0.3473654E-35
   0.2150000E-05      0.3473654E-35
   0.2250000E-05      0.3473654E-35
   0.2350000E-05      0.3473654E-35
   0.2475000E-05      0.3473654E-35
   0.2625000E-05      0.3473654E-35
   0.2750000E-05      0.3473654E-35
   0.2900000E-05      0.3473654E-35
   0.3100000E-05      0.3473654E-35
   0.3300000E-05      0.3473654E-35
   0.3500000E-05      0.3473654E-35
   0.3700000E-05      0.3473654E-35
   0.3900000E-05      0.3473654E-35
   0.4125000E-05      0.3473654E-35
   0.4375000E-05      0.3473654E-35
   0.4625000E-05      0.3473654E-35
   0.4875000E-05      0.3473654E-35
   0.5125000E-05      0.3473654E-35
   0.5375000E-05      0.3473654E-35
   0.5625000E-05      0.3473654E-35
   0.5875000E-05      0.3473654E-35
   0.6150000E-05      0.3473654E-35
   0.6450000E-05      0.3473654E-35
   0.6750000E-05      0.3473654E-35
   0.7050000E-05      0.3473654E-35
   0.7400000E-05      0.3473654E-35
   0.7800000E-05      0.3473654E-35
   0.8200001E-05      0.3473654E-35
   0.8600000E-05      0.3473654E-35
   0.8999999E-05      0.3473654E-35
   0.9400001E-05      0.3473654E-35
   0.9800000E-05      0.3473654E-35
   0.1025000E-04      0.3473654E-35
   0.1075000E-04      0.3473654E-35
   0.1125000E-04      0.3473654E-35
   0.1175000E-04      0.3473654E-35
   0.1237500E-04      0.3473654E-35
   0.1312500E-04      0.3473654E-35
   0.1387500E-04      0.3473654E-35
   0.1462500E-04      0.3473654E-35
   0.1550000E-04      0.3473654E-35
   0.1650000E-04      0.3473654E-35
   0.1750000E-04      0.3473654E-35
   0.1850000E-04      0.3473654E-35
   0.1950000E-04      0.3473654E-35
   0.2050000E-04      0.3473654E-35
   0.2150000E-04      0.3473654E-35
   0.2250000E-04      0.3473654E-35
   0.2350000E-04      0.3473654E-35
   0.2475000E-04      0.3473654E-35
   0.2625000E-04      0.3473654E-35
   0.2750000E-04      0.3473654E-35
   0.2900000E-04      0.3473654E-35
   0.3100000E-04      0.3473654E-35
   0.3300000E-04      0.3473654E-35
   0.3500000E-04      0.3473654E-35
   0.3700000E-04      0.3473654E-35
   0.3900000E-04      0.3473654E-35
   0.4125000E-04      0.3473654E-35
   0.4375000E-04      0.3473654E-35
   0.4625000E-04      0.3473654E-35
   0.4875000E-04      0.3473654E-35
   0.5125000E-04      0.3473654E-35
   0.5375000E-04      0.3473654E-35
   0.5625000E-04      0.3473654E-35
   0.5875000E-04      0.3473654E-35
   0.6150000E-04      0.3473654E-35
   0.6450000E-04      0.3473654E-35
   0.6750000E-04      0.3473654E-35
   0.7050000E-04      0.3473654E-35
   0.7400000E-04      0.3473654E-35
   0.7800000E-04      0.3473654E-35
   0.8200000E-04      0.3473654E-35
   0.8600000E-04      0.3473654E-35
   0.9000000E-04      0.3473654E-35
   0.9400000E-04      0.3473654E-35
   0.9800000E-04      0.3473654E-35
   0.1025000E-03      0.3473654E-35
   0.1075000E-03      0.3473654E-35
   0.1125000E-03      0.3473654E-35
   0.1175000E-03      0.3473654E-35
   0.1237500E-03      0.3473654E-35
   0.1312500E-03      0.3473654E-35
   0.1387500E-03      0.3473654E-35
   0.1462500E-03      0.3473654E-35
   0.1550000E-03      0.3473654E-35
   0.1650000E-03      0.3473654E-35
   0.1750000E-03      0.3473654E-35
   0.1850000E-03      0.3473654E-35
   0.1950000E-03      0.3473654E-35
   0.2050000E-03      0.3473654E-35
   0.2150000E-03      0.3473654E-35
   0.2250000E-03      0.3473654E-35
   0.2350000E-03      0.3473654E-35
   0.2475000E-03      0.3473654E-35
   0.2625000E-03      0.3473654E-35
   0.2750000E-03      0.3473654E-35
   0.2900000E-03      0.3473654E-35
   0.3100000E-03      0.3473654E-35
   0.3300000E-03      0.3473654E-35
   0.3500000E-03      0.3473654E-35
   0.3700000E-03      0.3473654E-35
   0.3900000E-03      0.3473654E-35
   0.4125000E-03      0.3473654E-35
   0.4375000E-03      0.3473654E-35
   0.4625000E-03      0.3473654E-35
   0.4875000E-03      0.3473654E-35
   0.5125000E-03      0.3473654E-35
   0.5375000E-03      0.3473654E-35
   0.5625000E-03      0.3473654E-35
   0.5875000E-03      0.3473654E-35
   0.6150000E-03      0.3473654E-35
   0.6450000E-03      0.3473654E-35
   0.6750000E-03      0.3473654E-35
   0.7050000E-03      0.3473654E-35
   0.7400000E-03      0.3473654E-35
   0.7800000E-03      0.3473654E-35
   0.8200000E-03      0.3473654E-35
   0.8600000E-03      0.3473654E-35
   0.9000000E-03      0.3473654E-35
   0.9400000E-03      0.3473654E-35
   0.9800000E-03      0.3473654E-35
   0.1025000E-02      0.3473654E-35
   0.1075000E-02      0.3473654E-35
   0.1125000E-02      0.3473654E-35
   0.1175000E-02      0.3473654E-35
   0.1237500E-02      0.3473654E-35
   0.1312500E-02      0.3473654E-35
   0.1387500E-02      0.3473654E-35
   0.1462500E-02      0.3473654E-35
   0.1550000E-02      0.3473654E-35
   0.1650000E-02      0.3473654E-35
   0.1750000E-02      0.3473654E-35
   0.1850000E-02      0.3473654E-35
   0.1950000E-02      0.3473654E-35
   0.2050000E-02      0.3473654E-35
   0.2150000E-02      0.3473654E-35
   0.2250000E-02      0.3473654E-35
   0.2350000E-02      0.3473654E-35
   0.2475000E-02      0.3473654E-35
   0.2625000E-02      0.3473654E-35
   0.2750000E-02      0.3473654E-35
   0.2900000E-02      0.3473654E-35
   0.3100000E-02      0.3473654E-35
   0.3300000E-02      0.3473654E-35
   0.3500000E-02      0.3473654E-35
   0.3700000E-02      0.3473654E-35
   0.3900000E-02      0.3473654E-35
   0.4125000E-02      0.3473654E-35
   0.4375000E-02      0.3473654E-35
   0.4625000E-02      0.3473654E-35
   0.4875000E-02      0.3473654E-35
   0.5125000E-02      0.3473654E-35
   0.5375000E-02      0.3473654E-35
   0.5625000E-02      0.3473654E-35
   0.5875000E-02      0.3473654E-35
   0.6150000E-02      0.3473654E-35
   0.6450000E-02      0.3473654E-35
   0.6750000E-02      0.3473654E-35
   0.7050000E-02      0.3473654E-35
   0.7400000E-02      0.3473654E-35
   0.7800000E-02      0.3473654E-35
   0.8200000E-02      0.3473654E-35
   0.8600000E-02      0.3473654E-35
   0.9000000E-02      0.3473654E-35
   0.9400001E-02      0.3473654E-35
   0.9800000E-02      0.3473654E-35
   0.1025000E-01      0.3473654E-35
   0.1075000E-01      0.3473654E-35
   0.1125000E-01      0.3473654E-35
   0.1175000E-01      0.3473654E-35
   0.1237500E-01      0.3473654E-35
   0.1312500E-01      0.3473654E-35
   0.1387500E-01      0.3473654E-35
   0.1462500E-01      0.3473654E-35
   0.1550000E-01      0.3473654E-35
   0.1650000E-01      0.3473654E-35
   0.1750000E-01      0.3473654E-35
   0.1850000E-01      0.3473654E-35
   0.1950000E-01      0.3473654E-35
   0.2050000E-01      0.3473654E-35
   0.2150000E-01      0.3473654E-35
   0.2250000E-01      0.3473654E-35
   0.2350000E-01      0.3473654E-35
   0.2475000E-01      0.3473654E-35
   0.2625000E-01      0.3473654E-35
   0.2750000E-01      0.3473654E-35
   0.2900000E-01      0.3473654E-35
   0.3100000E-01      0.3473654E-35
   0.3300000E-01      0.3473654E-35
   0.3500000E-01      0.3473654E-35
   0.3700000E-01      0.3473654E-35
   0.3900000E-01      0.3473654E-35
   0.4125000E-01      0.3473654E-35
   0.4375000E-01      0.3473654E-35
   0.4625000E-01      0.3473654E-35
   0.4875000E-01      0.3473654E-35
   0.5125000E-01      0.3473654E-35
   0.5375000E-01      0.3473654E-35
   0.5625000E-01      0.3473654E-35
   0.5875000E-01      0.3473654E-35
   0.6150000E-01      0.3473654E-35
   0.6450000E-01      0.3473654E-35
   0.6750000E-01      0.3473654E-35
   0.7050000E-01      0.3473654E-35
   0.7400000E-01      0.3473654E-35
   0.7799999E-01      0.3473654E-35
   0.8200000E-01      0.3473654E-35
   0.8600000E-01      0.3473654E-35
   0.9000000E-01      0.3473654E-35
   0.9400000E-01      0.3473654E-35
   0.9800000E-01      0.3473654E-35
   0.1025000          0.3473654E-35
   0.1075000          0.3473654E-35
   0.1125000          0.3473654E-35
   0.1175000          0.3473654E-35
   0.1237500          0.3473654E-35
   0.1312500          0.3473654E-35
   0.1387500          0.3473654E-35
   0.1462500          0.3473654E-35
   0.1550000          0.3473654E-35
   0.1650000          0.3473654E-35
   0.1750000          0.3473654E-35
   0.1850000          0.3473654E-35
   0.1950000          0.3473654E-35
   0.2050000          0.3473654E-35
   0.2150000          0.3473654E-35
   0.2250000          0.3473654E-35
   0.2350000          0.3473654E-35
   0.2475000          0.3473654E-35
   0.2625000          0.3473654E-35
   0.2750000          0.3473654E-35
   0.2900000          0.3473654E-35
   0.3100000          0.3473654E-35
   0.3300000          0.3473654E-35
   0.3500000          0.3473654E-35
   0.3700000          0.3473654E-35
   0.3900000          0.3473654E-35
   0.4125000          0.3473654E-35
   0.4375000          0.3473654E-35
   0.4625000          0.3473654E-35
   0.4875000          0.3473654E-35
   0.5125000          0.3473654E-35
   0.5375000          0.3473654E-35
   0.5625000          0.3473654E-35
   0.5875000          0.3473654E-35
   0.6150000          0.3473654E-35
   0.6450000          0.3473654E-35
   0.6750000          0.3473654E-35
   0.7050000          0.3473654E-35
   0.7400000          0.3473654E-35
   0.7800000          0.3473654E-35
   0.8200000          0.3473654E-35
   0.8600000          0.3473654E-35
   0.9000000          0.3473654E-35
   0.9400000          0.3473654E-35
   0.9800000          0.3473654E-35
    1.050000          0.3473654E-35
    1.150000          0.3473654E-35
    1.250000          0.3473654E-35
    1.350000          0.3473654E-35
    1.450000          0.4140596E-14
    1.550000          0.5234796E-09
    1.650000          0.1005623E-07
    1.750000          0.1716680E-07
    1.850000          0.2418011E-07
    1.950000          0.3116215E-07
    2.050000          0.4526171E-07
    2.150000          0.7388462E-07
    2.250000          0.1180348E-06
    2.350000          0.1847637E-06
    2.450000          0.2839018E-06
    2.550000          0.5398059E-06
    2.650000          0.1203968E-05
    2.750000          0.2510757E-05
    2.850000          0.2500684E-05
    2.950000          0.1183474E-05
    3.050000          0.5283428E-06
    3.150000          0.2743839E-06
    3.250000          0.1694796E-06
    3.350000          0.1062243E-06
    3.450000          0.6749310E-07
    3.550000          0.4345542E-07
    3.650000          0.3111699E-07
    3.750000          0.2413495E-07
    3.850000          0.1711817E-07
    3.950000          0.1000760E-07
    4.050000          0.6169210E-09
    4.150000          0.5015957E-13
    4.250000          0.3473654E-35
    4.350000          0.3473654E-35
    4.450000          0.3473654E-35
    4.550000          0.3473654E-35
    4.650000          0.3473654E-35
    4.750000          0.3473654E-35
    4.850000          0.3473654E-35
    4.950000          0.3473654E-35
    5.050000          0.3473654E-35
    5.150000          0.3473654E-35
    5.250000          0.3473654E-35
    5.350000          0.3473654E-35
    5.450000          0.3473654E-35
    5.550000          0.3473654E-35
    5.650000          0.3473654E-35
    5.750000          0.3473654E-35
    5.850000          0.3473654E-35
    5.950000          0.3473654E-35
    6.050000          0.3473654E-35
    6.150000          0.3473654E-35
    6.250000          0.3473654E-35
    6.350000          0.3473654E-35
    6.450000          0.3473654E-35
    6.550000          0.3473654E-35
    6.650000          0.3473654E-35
    6.750000          0.3473654E-35
    6.850000          0.3473654E-35
    6.950000          0.3473654E-35
    7.050000          0.3473654E-35
    7.150000          0.3473654E-35
    7.250000          0.3473654E-35
    7.350000          0.3473654E-35
    7.450000          0.3473654E-35
    7.550000          0.3473654E-35
    7.650000          0.3473654E-35
    7.750000          0.3473654E-35
    7.850000          0.3473654E-35
    7.950000          0.3473654E-35
    8.050000          0.3473654E-35
    8.150000          0.3473654E-35
    8.250000          0.3473654E-35
    8.350000          0.3473654E-35
    8.450000          0.3473654E-35
    8.550000          0.3473654E-35
    8.650000          0.3473654E-35
    8.750000          0.3473654E-35
    8.850000          0.3473654E-35
    8.950000          0.3473654E-35
    9.050000          0.3473654E-35
    9.150000          0.3473654E-35
    9.250000          0.3473654E-35
    9.350000          0.3473654E-35
    9.450000          0.3473654E-35
    9.550000          0.3473654E-35
    9.650000          0.3473654E-35
    9.750000          0.3473654E-35
    9.850000          0.3473654E-35
    9.950000          0.3473654E-35
    10.05000          0.3473654E-35
    10.15000          0.3473654E-35
    10.25000          0.3473654E-35
    10.35000          0.3473654E-35
    10.45000          0.3473654E-35
    10.55000          0.3473654E-35
    10.65000          0.3473654E-35
    10.75000          0.3473654E-35
    10.85000          0.3473654E-35
    10.95000          0.3473654E-35
    11.05000          0.3473654E-35
    11.15000          0.3473654E-35
    11.25000          0.3473654E-35
    11.35000          0.3473654E-35
    11.45000          0.3473654E-35
    11.55000          0.3473654E-35
    11.65000          0.3473654E-35
    11.75000          0.3473654E-35
    11.85000          0.3473654E-35
    11.95000          0.3473654E-35
    12.05000          0.3473654E-35
    12.15000          0.3473654E-35
    12.25000          0.3473654E-35
    12.35000          0.3473654E-35
    12.45000          0.3473654E-35
    12.55000          0.3473654E-35
    12.65000          0.3473654E-35
    12.75000          0.3473654E-35
    12.85000          0.3473654E-35
    12.95000          0.3473654E-35
    13.05000          0.3473654E-35
    13.15000          0.3473654E-35
    13.25000          0.3473654E-35
    13.35000          0.3473654E-35
    13.45000          0.3473654E-35
    13.55000          0.3473654E-35
    13.65000          0.3473654E-35
    13.75000          0.3473654E-35
    13.85000          0.3473654E-35
    13.95000          0.3473654E-35
    14.05000          0.3473654E-35
    14.15000          0.3473654E-35
    14.25000          0.3473654E-35
    14.35000          0.3473654E-35
    14.45000          0.3473654E-35
    14.55000          0.3473654E-35
    14.65000          0.3473654E-35
    14.75000          0.3473654E-35
    14.85000          0.3473654E-35
    14.95000          0.3473654E-35
    15.05000          0.3473654E-35
    15.15000          0.3473654E-35
    15.25000          0.3473654E-35
    15.35000          0.3473654E-35
    15.45000          0.3473654E-35
    15.55000          0.3473654E-35
    15.65000          0.3473654E-35
    15.75000          0.3473654E-35
    15.85000          0.3473654E-35
    15.95000          0.3473654E-35
    16.05000          0.3473654E-35
    16.15000          0.3473654E-35
    16.25000          0.3473654E-35
    16.35000          0.3473654E-35
    16.45000          0.3473654E-35
    16.55000          0.3473654E-35
    16.65000          0.3473654E-35
    16.75000          0.3473654E-35
    16.85000          0.3473654E-35
    16.95000          0.3473654E-35
    17.05000          0.3473654E-35
    17.15000          0.3473654E-35
    17.25000          0.3473654E-35
    17.35000          0.3473654E-35
    17.45000          0.3473654E-35
    17.55000          0.3473654E-35
    17.65000          0.3473654E-35
    17.75000          0.3473654E-35
    17.85000          0.3473654E-35
    17.95000          0.3473654E-35
    18.05000          0.1000000E-29
    18.15000          0.1000000E-29
    18.25000          0.1000000E-29
    18.35000          0.1000000E-29
    18.45000          0.1000000E-29
    18.55000          0.1000000E-29
    18.65000          0.1000000E-29
    18.75000          0.1000000E-29
    18.85000          0.1000000E-29
    18.95000          0.1000000E-29
    19.05000          0.1000000E-29
    19.15000          0.1000000E-29
    19.25000          0.1000000E-29
    19.35000          0.1000000E-29
    19.45000          0.1000000E-29
    19.55000          0.1000000E-29
    19.65000          0.1000000E-29
    19.75000          0.1000000E-29
    19.85000          0.1000000E-29
    19.95000          0.1000000E-29
