 0.10250E-09     0.64966E-11
 0.10750E-09     0.66297E-11
 0.11250E-09     0.67629E-11
 0.11750E-09     0.68960E-11
 0.12375E-09     0.70625E-11
 0.13125E-09     0.72622E-11
 0.13875E-09     0.74619E-11
 0.14625E-09     0.76616E-11
 0.15500E-09     0.78947E-11
 0.16500E-09     0.81610E-11
 0.17500E-09     0.84273E-11
 0.18500E-09     0.86936E-11
 0.19500E-09     0.89599E-11
 0.20500E-09     0.91811E-11
 0.21500E-09     0.93573E-11
 0.22500E-09     0.95336E-11
 0.23500E-09     0.97098E-11
 0.24750E-09     0.99301E-11
 0.26250E-09     0.10194E-10
 0.27500E-09     0.10415E-10
 0.29000E-09     0.10679E-10
 0.31000E-09     0.11032E-10
 0.33000E-09     0.11384E-10
 0.35000E-09     0.11736E-10
 0.37000E-09     0.12089E-10
 0.39000E-09     0.12442E-10
 0.41250E-09     0.12838E-10
 0.43750E-09     0.13279E-10
 0.46250E-09     0.13719E-10
 0.48750E-09     0.14160E-10
 0.51250E-09     0.14529E-10
 0.53750E-09     0.14826E-10
 0.56250E-09     0.15124E-10
 0.58750E-09     0.15421E-10
 0.61500E-09     0.15748E-10
 0.64500E-09     0.16106E-10
 0.67500E-09     0.16462E-10
 0.70500E-09     0.16820E-10
 0.74000E-09     0.17236E-10
 0.78000E-09     0.17712E-10
 0.82000E-09     0.18188E-10
 0.86000E-09     0.18664E-10
 0.90000E-09     0.19140E-10
 0.94000E-09     0.19616E-10
 0.98000E-09     0.20092E-10
 0.10250E-08     0.20540E-10
 0.10750E-08     0.20961E-10
 0.11250E-08     0.21382E-10
 0.11750E-08     0.21803E-10
 0.12375E-08     0.22330E-10
 0.13125E-08     0.22961E-10
 0.13875E-08     0.23593E-10
 0.14625E-08     0.24224E-10
 0.15500E-08     0.24961E-10
 0.16500E-08     0.25803E-10
 0.17500E-08     0.26645E-10
 0.18500E-08     0.27487E-10
 0.19500E-08     0.28329E-10
 0.20500E-08     0.29029E-10
 0.21500E-08     0.29586E-10
 0.22500E-08     0.30142E-10
 0.23500E-08     0.30700E-10
 0.24750E-08     0.31396E-10
 0.26250E-08     0.32231E-10
 0.27500E-08     0.32928E-10
 0.29000E-08     0.33763E-10
 0.31000E-08     0.34877E-10
 0.33000E-08     0.35991E-10
 0.35000E-08     0.37105E-10
 0.37000E-08     0.38219E-10
 0.39000E-08     0.39333E-10
 0.41250E-08     0.40586E-10
 0.43750E-08     0.41979E-10
 0.46250E-08     0.43371E-10
 0.48750E-08     0.44764E-10
 0.51250E-08     0.45931E-10
 0.53750E-08     0.46873E-10
 0.56250E-08     0.47815E-10
 0.58750E-08     0.48757E-10
 0.61500E-08     0.49793E-10
 0.64500E-08     0.50924E-10
 0.67500E-08     0.52054E-10
 0.70500E-08     0.53184E-10
 0.74000E-08     0.54503E-10
 0.78000E-08     0.56010E-10
 0.82000E-08     0.57518E-10
 0.86000E-08     0.59025E-10
 0.90000E-08     0.60532E-10
 0.94000E-08     0.62039E-10
 0.98000E-08     0.63546E-10
 0.10250E-07     0.64966E-10
 0.10750E-07     0.66297E-10
 0.11250E-07     0.67629E-10
 0.11750E-07     0.68960E-10
 0.12375E-07     0.70625E-10
 0.13125E-07     0.72622E-10
 0.13875E-07     0.74619E-10
 0.14625E-07     0.76616E-10
 0.15500E-07     0.78947E-10
 0.16500E-07     0.81609E-10
 0.17500E-07     0.84272E-10
 0.18500E-07     0.86936E-10
 0.19500E-07     0.89599E-10
 0.20500E-07     0.91811E-10
 0.21500E-07     0.93574E-10
 0.22500E-07     0.95336E-10
 0.23500E-07     0.97098E-10
 0.24750E-07     0.99301E-10
 0.26250E-07     0.10195E-09
 0.27500E-07     0.10415E-09
 0.29000E-07     0.10679E-09
 0.31000E-07     0.11032E-09
 0.33000E-07     0.11384E-09
 0.35000E-07     0.11737E-09
 0.37000E-07     0.12089E-09
 0.39000E-07     0.12441E-09
 0.41250E-07     0.12838E-09
 0.43750E-07     0.13279E-09
 0.46250E-07     0.13719E-09
 0.48750E-07     0.14160E-09
 0.51250E-07     0.14529E-09
 0.53750E-07     0.14826E-09
 0.56250E-07     0.15124E-09
 0.58750E-07     0.15421E-09
 0.61500E-07     0.15748E-09
 0.64500E-07     0.16106E-09
 0.67500E-07     0.16462E-09
 0.70500E-07     0.16819E-09
 0.74000E-07     0.17236E-09
 0.78000E-07     0.17712E-09
 0.82000E-07     0.18188E-09
 0.86000E-07     0.18664E-09
 0.90000E-07     0.19140E-09
 0.94000E-07     0.19616E-09
 0.98000E-07     0.20092E-09
 0.10250E-06     0.20540E-09
 0.10750E-06     0.20962E-09
 0.11250E-06     0.21382E-09
 0.11750E-06     0.21804E-09
 0.12375E-06     0.22330E-09
 0.13125E-06     0.22961E-09
 0.13875E-06     0.23593E-09
 0.14625E-06     0.24224E-09
 0.15500E-06     0.24961E-09
 0.16500E-06     0.25803E-09
 0.17500E-06     0.26645E-09
 0.18500E-06     0.27487E-09
 0.19500E-06     0.28329E-09
 0.20500E-06     0.29028E-09
 0.21500E-06     0.29586E-09
 0.22500E-06     0.30142E-09
 0.23500E-06     0.30700E-09
 0.24750E-06     0.31396E-09
 0.26250E-06     0.32231E-09
 0.27500E-06     0.32927E-09
 0.29000E-06     0.33763E-09
 0.31000E-06     0.34877E-09
 0.33000E-06     0.35991E-09
 0.35000E-06     0.37105E-09
 0.37000E-06     0.38219E-09
 0.39000E-06     0.39333E-09
 0.41250E-06     0.40586E-09
 0.43750E-06     0.41979E-09
 0.46250E-06     0.43371E-09
 0.48750E-06     0.44764E-09
 0.51250E-06     0.45931E-09
 0.53750E-06     0.46873E-09
 0.56250E-06     0.47815E-09
 0.58750E-06     0.48757E-09
 0.61500E-06     0.49793E-09
 0.64500E-06     0.50924E-09
 0.67500E-06     0.52054E-09
 0.70500E-06     0.53184E-09
 0.74000E-06     0.54503E-09
 0.78000E-06     0.56010E-09
 0.82000E-06     0.57518E-09
 0.86000E-06     0.59025E-09
 0.90000E-06     0.60532E-09
 0.94000E-06     0.62039E-09
 0.98000E-06     0.63546E-09
 0.10250E-05     0.64966E-09
 0.10750E-05     0.66297E-09
 0.11250E-05     0.67629E-09
 0.11750E-05     0.68960E-09
 0.12375E-05     0.70625E-09
 0.13125E-05     0.72622E-09
 0.13875E-05     0.74619E-09
 0.14625E-05     0.76616E-09
 0.15500E-05     0.78946E-09
 0.16500E-05     0.81610E-09
 0.17500E-05     0.84273E-09
 0.18500E-05     0.86935E-09
 0.19500E-05     0.89599E-09
 0.20500E-05     0.91811E-09
 0.21500E-05     0.93574E-09
 0.22500E-05     0.95336E-09
 0.23500E-05     0.97098E-09
 0.24750E-05     0.99301E-09
 0.26250E-05     0.10194E-08
 0.27500E-05     0.10415E-08
 0.29000E-05     0.10679E-08
 0.31000E-05     0.11032E-08
 0.33000E-05     0.11384E-08
 0.35000E-05     0.11736E-08
 0.37000E-05     0.12089E-08
 0.39000E-05     0.12441E-08
 0.41250E-05     0.12838E-08
 0.43750E-05     0.13279E-08
 0.46250E-05     0.13719E-08
 0.48750E-05     0.14160E-08
 0.51250E-05     0.14529E-08
 0.53750E-05     0.14826E-08
 0.56250E-05     0.15124E-08
 0.58750E-05     0.15421E-08
 0.61500E-05     0.15749E-08
 0.64500E-05     0.16106E-08
 0.67500E-05     0.16463E-08
 0.70500E-05     0.16820E-08
 0.74000E-05     0.17236E-08
 0.78000E-05     0.17712E-08
 0.82000E-05     0.18188E-08
 0.86000E-05     0.18664E-08
 0.90000E-05     0.19140E-08
 0.94000E-05     0.19616E-08
 0.98000E-05     0.20092E-08
 0.10250E-04     0.20541E-08
 0.10750E-04     0.20961E-08
 0.11250E-04     0.21383E-08
 0.11750E-04     0.21803E-08
 0.12375E-04     0.22330E-08
 0.13125E-04     0.22961E-08
 0.13875E-04     0.23593E-08
 0.14625E-04     0.24224E-08
 0.15500E-04     0.24961E-08
 0.16500E-04     0.25803E-08
 0.17500E-04     0.26645E-08
 0.18500E-04     0.27487E-08
 0.19500E-04     0.28329E-08
 0.20500E-04     0.29028E-08
 0.21500E-04     0.29586E-08
 0.22500E-04     0.30142E-08
 0.23500E-04     0.30700E-08
 0.24750E-04     0.31396E-08
 0.26250E-04     0.32231E-08
 0.27500E-04     0.32928E-08
 0.29000E-04     0.33763E-08
 0.31000E-04     0.34877E-08
 0.33000E-04     0.35991E-08
 0.35000E-04     0.37105E-08
 0.37000E-04     0.38219E-08
 0.39000E-04     0.39333E-08
 0.41250E-04     0.40586E-08
 0.43750E-04     0.41979E-08
 0.46250E-04     0.43371E-08
 0.48750E-04     0.44764E-08
 0.51250E-04     0.45931E-08
 0.53750E-04     0.46872E-08
 0.56250E-04     0.47814E-08
 0.58750E-04     0.48755E-08
 0.61500E-04     0.49791E-08
 0.64500E-04     0.50921E-08
 0.67500E-04     0.52051E-08
 0.70500E-04     0.53180E-08
 0.74000E-04     0.54498E-08
 0.78000E-04     0.56005E-08
 0.82000E-04     0.57511E-08
 0.86000E-04     0.59018E-08
 0.90000E-04     0.60524E-08
 0.94000E-04     0.62030E-08
 0.98000E-04     0.63537E-08
 0.10250E-03     0.64956E-08
 0.10750E-03     0.66287E-08
 0.11250E-03     0.67619E-08
 0.11750E-03     0.68950E-08
 0.12375E-03     0.70615E-08
 0.13125E-03     0.72612E-08
 0.13875E-03     0.74609E-08
 0.14625E-03     0.76606E-08
 0.15500E-03     0.78937E-08
 0.16500E-03     0.81600E-08
 0.17500E-03     0.84262E-08
 0.18500E-03     0.86925E-08
 0.19500E-03     0.89589E-08
 0.20500E-03     0.91800E-08
 0.21500E-03     0.93559E-08
 0.22500E-03     0.95318E-08
 0.23500E-03     0.97078E-08
 0.24750E-03     0.99277E-08
 0.26250E-03     0.10192E-07
 0.27500E-03     0.10412E-07
 0.29000E-03     0.10675E-07
 0.31000E-03     0.11027E-07
 0.33000E-03     0.11379E-07
 0.35000E-03     0.11731E-07
 0.37000E-03     0.12083E-07
 0.39000E-03     0.12435E-07
 0.41250E-03     0.12831E-07
 0.43750E-03     0.13270E-07
 0.46250E-03     0.13710E-07
 0.48750E-03     0.14150E-07
 0.51250E-03     0.14519E-07
 0.53750E-03     0.14816E-07
 0.56250E-03     0.15114E-07
 0.58750E-03     0.15411E-07
 0.61500E-03     0.15739E-07
 0.64500E-03     0.16096E-07
 0.67500E-03     0.16452E-07
 0.70500E-03     0.16809E-07
 0.74000E-03     0.17226E-07
 0.78000E-03     0.17702E-07
 0.82000E-03     0.18178E-07
 0.86000E-03     0.18654E-07
 0.90000E-03     0.19130E-07
 0.94000E-03     0.19606E-07
 0.98000E-03     0.20082E-07
 0.10250E-02     0.20530E-07
 0.10750E-02     0.20949E-07
 0.11250E-02     0.21369E-07
 0.11750E-02     0.21788E-07
 0.12375E-02     0.22313E-07
 0.13125E-02     0.22942E-07
 0.13875E-02     0.23571E-07
 0.14625E-02     0.24200E-07
 0.15500E-02     0.24935E-07
 0.16500E-02     0.25774E-07
 0.17500E-02     0.26613E-07
 0.18500E-02     0.27452E-07
 0.19500E-02     0.28291E-07
 0.20500E-02     0.28987E-07
 0.21500E-02     0.29539E-07
 0.22500E-02     0.30093E-07
 0.23500E-02     0.30645E-07
 0.24750E-02     0.31337E-07
 0.26250E-02     0.32166E-07
 0.27500E-02     0.32857E-07
 0.29000E-02     0.33687E-07
 0.31000E-02     0.34793E-07
 0.33000E-02     0.35899E-07
 0.35000E-02     0.37005E-07
 0.37000E-02     0.38111E-07
 0.39000E-02     0.39217E-07
 0.41250E-02     0.40461E-07
 0.43750E-02     0.41844E-07
 0.46250E-02     0.43226E-07
 0.48750E-02     0.44609E-07
 0.51250E-02     0.45764E-07
 0.53750E-02     0.46691E-07
 0.56250E-02     0.47619E-07
 0.58750E-02     0.48546E-07
 0.61500E-02     0.49566E-07
 0.64500E-02     0.50679E-07
 0.67500E-02     0.51793E-07
 0.70500E-02     0.52906E-07
 0.74000E-02     0.54204E-07
 0.78000E-02     0.55688E-07
 0.82000E-02     0.57172E-07
 0.86000E-02     0.58656E-07
 0.90000E-02     0.60140E-07
 0.94000E-02     0.61624E-07
 0.98000E-02     0.63108E-07
 0.10250E-01     0.64451E-07
 0.10750E-01     0.65652E-07
 0.11250E-01     0.66853E-07
 0.11750E-01     0.68055E-07
 0.12375E-01     0.69556E-07
 0.13125E-01     0.71358E-07
 0.13875E-01     0.73160E-07
 0.14625E-01     0.74962E-07
 0.15500E-01     0.77065E-07
 0.16500E-01     0.79467E-07
 0.17500E-01     0.81870E-07
 0.18500E-01     0.84273E-07
 0.19500E-01     0.86675E-07
 0.20500E-01     0.89078E-07
 0.21500E-01     0.91481E-07
 0.22500E-01     0.93883E-07
 0.23500E-01     0.96286E-07
 0.24750E-01     0.99241E-07
 0.26250E-01     0.10217E-06
 0.27500E-01     0.10445E-06
 0.29000E-01     0.10718E-06
 0.31000E-01     0.11068E-06
 0.33000E-01     0.11404E-06
 0.35000E-01     0.11735E-06
 0.37000E-01     0.12036E-06
 0.39000E-01     0.12332E-06
 0.41250E-01     0.12665E-06
 0.43750E-01     0.13035E-06
 0.46250E-01     0.13382E-06
 0.48750E-01     0.13708E-06
 0.51250E-01     0.14032E-06
 0.53750E-01     0.14357E-06
 0.56250E-01     0.14662E-06
 0.58750E-01     0.14945E-06
 0.61500E-01     0.15257E-06
 0.64500E-01     0.15597E-06
 0.67500E-01     0.15937E-06
 0.70500E-01     0.16266E-06
 0.74000E-01     0.16612E-06
 0.78000E-01     0.17004E-06
 0.82000E-01     0.17396E-06
 0.86000E-01     0.17776E-06
 0.90000E-01     0.18127E-06
 0.94000E-01     0.18476E-06
 0.98000E-01     0.18825E-06
 0.10250E+00     0.19186E-06
 0.10750E+00     0.19557E-06
 0.11250E+00     0.19929E-06
 0.11750E+00     0.20301E-06
 0.12375E+00     0.20765E-06
 0.13125E+00     0.21302E-06
 0.13875E+00     0.21770E-06
 0.14625E+00     0.22232E-06
 0.15500E+00     0.22772E-06
 0.16500E+00     0.23335E-06
 0.17500E+00     0.23845E-06
 0.18500E+00     0.24355E-06
 0.19500E+00     0.24865E-06
 0.20500E+00     0.25324E-06
 0.21500E+00     0.25732E-06
 0.22500E+00     0.26140E-06
 0.23500E+00     0.26548E-06
 0.24750E+00     0.27051E-06
 0.26250E+00     0.27563E-06
 0.27500E+00     0.27965E-06
 0.29000E+00     0.28448E-06
 0.31000E+00     0.29016E-06
 0.33000E+00     0.29507E-06
 0.35000E+00     0.29999E-06
 0.37000E+00     0.30471E-06
 0.39000E+00     0.30828E-06
 0.41250E+00     0.31208E-06
 0.43750E+00     0.31630E-06
 0.46250E+00     0.32029E-06
 0.48750E+00     0.32333E-06
 0.51250E+00     0.32581E-06
 0.53750E+00     0.32784E-06
 0.56250E+00     0.32986E-06
 0.58750E+00     0.33189E-06
 0.61500E+00     0.33341E-06
 0.64500E+00     0.33443E-06
 0.67500E+00     0.33545E-06
 0.70500E+00     0.33619E-06
 0.74000E+00     0.33601E-06
 0.78000E+00     0.33571E-06
 0.82000E+00     0.33542E-06
 0.86000E+00     0.33474E-06
 0.90000E+00     0.33310E-06
 0.94000E+00     0.33142E-06
 0.98000E+00     0.32974E-06
 0.10500E+01     0.32548E-06
 0.11500E+01     0.31863E-06
 0.12500E+01     0.31058E-06
 0.13500E+01     0.30135E-06
 0.14500E+01     0.29212E-06
 0.15500E+01     0.28227E-06
 0.16500E+01     0.27181E-06
 0.17500E+01     0.26135E-06
 0.18500E+01     0.25089E-06
 0.19500E+01     0.24043E-06
 0.20500E+01     0.23018E-06
 0.21500E+01     0.22013E-06
 0.22500E+01     0.21008E-06
 0.23500E+01     0.20002E-06
 0.24500E+01     0.19045E-06
 0.25500E+01     0.18135E-06
 0.26500E+01     0.17225E-06
 0.27500E+01     0.16360E-06
 0.28500E+01     0.15540E-06
 0.29500E+01     0.14720E-06
 0.30500E+01     0.13947E-06
 0.31500E+01     0.13220E-06
 0.32500E+01     0.12493E-06
 0.33500E+01     0.11803E-06
 0.34500E+01     0.11148E-06
 0.35500E+01     0.10524E-06
 0.36500E+01     0.99320E-07
 0.37500E+01     0.93668E-07
 0.38500E+01     0.88283E-07
 0.39500E+01     0.83163E-07
 0.40500E+01     0.78308E-07
 0.41500E+01     0.73700E-07
 0.42500E+01     0.69340E-07
 0.43500E+01     0.65212E-07
 0.44500E+01     0.61317E-07
 0.45500E+01     0.57632E-07
 0.46500E+01     0.54157E-07
 0.47500E+01     0.50877E-07
 0.48500E+01     0.47792E-07
 0.49500E+01     0.44882E-07
 0.50500E+01     0.42148E-07
 0.51500E+01     0.39565E-07
 0.52500E+01     0.37135E-07
 0.53500E+01     0.34848E-07
 0.54500E+01     0.32703E-07
 0.55500E+01     0.30678E-07
 0.56500E+01     0.28773E-07
 0.57500E+01     0.26980E-07
 0.58500E+01     0.25300E-07
 0.59500E+01     0.23718E-07
 0.60500E+01     0.22233E-07
 0.61500E+01     0.20835E-07
 0.62500E+01     0.19525E-07
 0.63500E+01     0.18290E-07
 0.64500E+01     0.17130E-07
 0.65500E+01     0.16040E-07
 0.66500E+01     0.15020E-07
 0.67500E+01     0.14063E-07
 0.68500E+01     0.13168E-07
 0.69500E+01     0.12325E-07
 0.70500E+01     0.11535E-07
 0.71500E+01     0.10794E-07
 0.72500E+01     0.10101E-07
 0.73500E+01     0.94512E-08
 0.74500E+01     0.88437E-08
 0.75500E+01     0.82737E-08
 0.76500E+01     0.77412E-08
 0.77500E+01     0.72415E-08
 0.78500E+01     0.67745E-08
 0.79500E+01     0.63370E-08
 0.80500E+01     0.59290E-08
 0.81500E+01     0.55465E-08
 0.82500E+01     0.51895E-08
 0.83500E+01     0.48545E-08
 0.84500E+01     0.45415E-08
 0.85500E+01     0.42482E-08
 0.86500E+01     0.39747E-08
 0.87500E+01     0.37185E-08
 0.88500E+01     0.34795E-08
 0.89500E+01     0.32550E-08
 0.90500E+01     0.30450E-08
 0.91500E+01     0.28482E-08
 0.92500E+01     0.26647E-08
 0.93500E+01     0.24927E-08
 0.94500E+01     0.23322E-08
 0.95500E+01     0.21815E-08
 0.96500E+01     0.20405E-08
 0.97500E+01     0.19082E-08
 0.98500E+01     0.17847E-08
 0.99500E+01     0.16687E-08
 0.10050E+02     0.15603E-08
 0.10150E+02     0.14588E-08
 0.10250E+02     0.13643E-08
 0.10350E+02     0.12755E-08
 0.10450E+02     0.11925E-08
 0.10550E+02     0.11150E-08
 0.10650E+02     0.10430E-08
 0.10750E+02     0.97531E-09
 0.10850E+02     0.91191E-09
 0.10950E+02     0.85258E-09
 0.11050E+02     0.79733E-09
 0.11150E+02     0.74551E-09
 0.11250E+02     0.69711E-09
 0.11350E+02     0.65176E-09
 0.11450E+02     0.60946E-09
 0.11550E+02     0.56978E-09
 0.11650E+02     0.53273E-09
 0.11750E+02     0.49801E-09
 0.11850E+02     0.46561E-09
 0.11950E+02     0.43523E-09
 0.12050E+02     0.40688E-09
 0.12150E+02     0.38028E-09
 0.12250E+02     0.35543E-09
 0.12350E+02     0.33215E-09
 0.12450E+02     0.31045E-09
 0.12550E+02     0.29013E-09
 0.12650E+02     0.27118E-09
 0.12750E+02     0.25338E-09
 0.12850E+02     0.23673E-09
 0.12950E+02     0.22115E-09
 0.13050E+02     0.20665E-09
 0.13150E+02     0.19280E-09
 0.13250E+02     0.18028E-09
 0.13350E+02     0.16843E-09
 0.13450E+02     0.15710E-09
 0.13550E+02     0.14685E-09
 0.13650E+02     0.13715E-09
 0.13750E+02     0.12808E-09
 0.13850E+02     0.11963E-09
 0.13950E+02     0.11173E-09
 0.14050E+02     0.10438E-09
 0.14150E+02     0.97346E-10
 0.14250E+02     0.90981E-10
 0.14350E+02     0.84961E-10
 0.14450E+02     0.79326E-10
 0.14550E+02     0.74076E-10
 0.14650E+02     0.69504E-10
 0.14750E+02     0.65612E-10
 0.14850E+02     0.61719E-10
 0.14950E+02     0.57826E-10
 0.15050E+02     0.53933E-10
 0.15150E+02     0.50040E-10
 0.15250E+02     0.46147E-10
 0.15350E+02     0.42996E-10
 0.15450E+02     0.40586E-10
 0.15550E+02     0.38176E-10
 0.15650E+02     0.35766E-10
 0.15750E+02     0.33356E-10
 0.15850E+02     0.30946E-10
 0.15950E+02     0.28536E-10
 0.16050E+02     0.26584E-10
 0.16150E+02     0.25091E-10
 0.16250E+02     0.23598E-10
 0.16350E+02     0.22105E-10
 0.16450E+02     0.20612E-10
 0.16550E+02     0.19120E-10
 0.16650E+02     0.17627E-10
 0.16750E+02     0.16419E-10
 0.16850E+02     0.15496E-10
 0.16950E+02     0.14573E-10
 0.17050E+02     0.13650E-10
 0.17150E+02     0.12727E-10
 0.17250E+02     0.11805E-10
 0.17350E+02     0.10882E-10
 0.17450E+02     0.10135E-10
 0.17550E+02     0.95634E-11
 0.17650E+02     0.89923E-11
 0.17750E+02     0.84212E-11
 0.17850E+02     0.78500E-11
 0.17950E+02     0.72789E-11
 0.18050E+02     0.67077E-11
 0.18150E+02     0.62455E-11
 0.18250E+02     0.58924E-11
 0.18350E+02     0.55392E-11
 0.18450E+02     0.51861E-11
 0.18550E+02     0.48330E-11
 0.18650E+02     0.44798E-11
 0.18750E+02     0.41267E-11
 0.18850E+02     0.38413E-11
 0.18950E+02     0.36237E-11
 0.19050E+02     0.34061E-11
 0.19150E+02     0.31886E-11
 0.19250E+02     0.29710E-11
 0.19350E+02     0.27534E-11
 0.19450E+02     0.25359E-11
 0.19550E+02     0.23378E-11
 0.19650E+02     0.21593E-11
 0.19750E+02     0.19808E-11
 0.19850E+02     0.18023E-11
 0.19950E+02     0.13567E-11
