    19.95000          0.1000000E-32
    19.85000          0.1000000E-32
    19.75000          0.1000000E-32
    19.65000          0.1000000E-32
    19.55000          0.1000000E-32
    19.45000          0.1000000E-32
    19.35000          0.1000000E-32
    19.25000          0.1000000E-32
    19.15000          0.1000000E-32
    19.05000          0.1000000E-32
    18.95000          0.1000000E-32
    18.85000          0.1000000E-32
    18.75000          0.1000000E-32
    18.65000          0.1000000E-32
    18.55000          0.1000000E-32
    18.45000          0.1000000E-32
    18.35000          0.1000000E-32
    18.25000          0.1000000E-32
    18.15000          0.1000000E-32
    18.05000          0.1000000E-32
    17.95000          0.6158963E-12
    17.85000          0.6637204E-12
    17.75000          0.7152233E-12
    17.65000          0.7707472E-12
    17.55000          0.8304631E-12
    17.45000          0.8948846E-12
    17.35000          0.9641826E-12
    17.25000          0.1038614E-11
    17.15000          0.1119034E-11
    17.05000          0.1206298E-11
    16.95000          0.1299550E-11
    16.85000          0.1399647E-11
    16.75000          0.1508300E-11
    16.65000          0.1624652E-11
    16.55000          0.1750415E-11
    16.45000          0.1886444E-11
    16.35000          0.2031884E-11
    16.25000          0.2189302E-11
    16.15000          0.2357841E-11
    16.05000          0.2540070E-11
    15.95000          0.2735986E-11
    15.85000          0.2946446E-11
    15.75000          0.3174017E-11
    15.65000          0.3417843E-11
    15.55000          0.3681346E-11
    15.45000          0.3964527E-11
    15.35000          0.4269096E-11
    15.25000          0.4597620E-11
    15.15000          0.4951809E-11
    15.05000          0.5332520E-11
    14.95000          0.5742319E-11
    14.85000          0.6182917E-11
    14.75000          0.6656880E-11
    14.65000          0.7166777E-11
    14.55000          0.7715171E-11
    14.45000          0.8305488E-11
    14.35000          0.8940292E-11
    14.25000          0.9624716E-11
    14.15000          0.1036047E-10
    14.05000          0.1114756E-10
    13.95000          0.1199453E-10
    13.85000          0.1290995E-10
    13.75000          0.1388526E-10
    13.65000          0.1492900E-10
    13.55000          0.1605830E-10
    13.45000          0.1726460E-10
    13.35000          0.1855645E-10
    13.25000          0.1995096E-10
    13.15000          0.2143959E-10
    13.05000          0.2302232E-10
    12.95000          0.2471627E-10
    12.85000          0.2651288E-10
    12.75000          0.2840361E-10
    12.65000          0.3039699E-10
    12.55000          0.3247593E-10
    12.45000          0.3459764E-10
    12.35000          0.3668514E-10
    12.25000          0.3866141E-10
    12.15000          0.4053503E-10
    12.05000          0.4235731E-10
    11.95000          0.4445335E-10
    11.85000          0.4734504E-10
    11.75000          0.5093827E-10
    11.65000          0.5482238E-10
    11.55000          0.5899736E-10
    11.45000          0.6348890E-10
    11.35000          0.6831409E-10
    11.25000          0.7349860E-10
    11.15000          0.7904244E-10
    11.05000          0.8500549E-10
    10.95000          0.9137063E-10
    10.85000          0.9830044E-10
    10.75000          0.1056580E-09
    10.65000          0.1136144E-09
    10.55000          0.1222553E-09
    10.45000          0.1314095E-09
    10.35000          0.1413336E-09
    10.25000          0.1519422E-09
    10.15000          0.1634063E-09
    10.05000          0.1757259E-09
    9.950000          0.1889011E-09
    9.850000          0.2031029E-09
    9.750000          0.2183313E-09
    9.650000          0.2346719E-09
    9.550000          0.2521248E-09
    9.450000          0.2709464E-09
    9.350000          0.2911370E-09
    9.250000          0.3126963E-09
    9.150000          0.3358812E-09
    9.050000          0.3607771E-09
    8.950000          0.3874696E-09
    8.850000          0.4160444E-09
    8.750000          0.4467579E-09
    8.650000          0.4796102E-09
    8.550000          0.5148581E-09
    8.450000          0.5525870E-09
    8.350000          0.5930535E-09
    8.250000          0.6366001E-09
    8.150000          0.6832265E-09
    8.050000          0.7334461E-09
    7.950000          0.7938466E-09
    7.850000          0.8675077E-09
    7.750000          0.9479276E-09
    7.650000          0.1038614E-08
    7.550000          0.1138711E-08
    7.450000          0.1249074E-08
    7.350000          0.1371415E-08
    7.250000          0.1509155E-08
    7.150000          0.1659729E-08
    7.050000          0.1827413E-08
    6.950000          0.2014774E-08
    6.850000          0.2225234E-08
    6.750000          0.2457938E-08
    6.650000          0.2721442E-08
    6.550000          0.3016600E-08
    6.450000          0.3345979E-08
    6.350000          0.3712146E-08
    6.250000          0.4117667E-08
    6.150000          0.4571098E-08
    6.050000          0.5078427E-08
    5.950000          0.5473683E-08
    5.850000          0.5722641E-08
    5.750000          0.5984433E-08
    5.650000          0.6258203E-08
    5.550000          0.6546517E-08
    5.450000          0.6862208E-08
    5.350000          0.7202709E-08
    5.250000          0.7578286E-08
    5.150000          0.8000064E-08
    5.050000          0.8480871E-08
    4.950000          0.8991623E-08
    4.850000          0.9530607E-08
    4.750000          0.1013803E-07
    4.650000          0.1082246E-07
    4.550000          0.1160099E-07
    4.450000          0.1244797E-07
    4.350000          0.1335483E-07
    4.250000          0.1433013E-07
    4.150000          0.1533966E-07
    4.050000          0.1636629E-07
    3.950000          0.1758970E-07
    3.850000          0.1911255E-07
    3.750000          0.2086638E-07
    3.650000          0.2287688E-07
    3.550000          0.2517826E-07
    3.450000          0.2761652E-07
    3.350000          0.3032000E-07
    3.250000          0.3338279E-07
    3.150000          0.3683057E-07
    3.050000          0.4088579E-07
    2.950000          0.4487256E-07
    2.850000          0.4844868E-07
    2.750000          0.5261511E-07
    2.650000          0.5756008E-07
    2.550000          0.6314669E-07
    2.450000          0.6937495E-07
    2.350000          0.7627907E-07
    2.250000          0.8390185E-07
    2.150000          0.9265393E-07
    2.050000          0.1028347E-06
    1.950000          0.1118178E-06
    1.850000          0.1188331E-06
    1.750000          0.1265329E-06
    1.650000          0.1344038E-06
    1.550000          0.1421891E-06
    1.450000          0.1486911E-06
    1.350000          0.1539954E-06
    1.250000          0.1597275E-06
    1.150000          0.1669139E-06
    1.050000          0.1764959E-06
   0.9800000          0.1853934E-06
   0.9400000          0.1919810E-06
   0.9000000          0.1992530E-06
   0.8600000          0.2072950E-06
   0.8200000          0.2161070E-06
   0.7800000          0.2258600E-06
   0.7400000          0.2368108E-06
   0.7050000          0.2476760E-06
   0.6750000          0.2581990E-06
   0.6450000          0.2697487E-06
   0.6150000          0.2823250E-06
   0.5875000          0.2950724E-06
   0.5625000          0.3079053E-06
   0.5375000          0.3220216E-06
   0.5125000          0.3375922E-06
   0.4875000          0.3551306E-06
   0.4625000          0.3746367E-06
   0.4375000          0.3963672E-06
   0.4125000          0.4203220E-06
   0.3900000          0.4443624E-06
   0.3700000          0.4682317E-06
   0.3500000          0.4946676E-06
   0.3300000          0.5239268E-06
   0.3100000          0.5564368E-06
   0.2900000          0.5934814E-06
   0.2750000          0.6245371E-06
   0.2625000          0.6532829E-06
   0.2475000          0.6915251E-06
   0.2350000          0.7264308E-06
   0.2250000          0.7571443E-06
   0.2150000          0.7905099E-06
   0.2050000          0.8280677E-06
   0.1950000          0.8632300E-06
   0.1850000          0.8974512E-06
   0.1750000          0.9350946E-06
   0.1650000          0.9744490E-06
   0.1550000          0.1018936E-05
   0.1462500          0.1061713E-05
   0.1387500          0.1101923E-05
   0.1312500          0.1141277E-05
   0.1237500          0.1190898E-05
   0.1175000          0.1235386E-05
   0.1125000          0.1273885E-05
   0.1075000          0.1316661E-05
   0.1025000          0.1371415E-05
   0.9800000E-01      0.1412481E-05
   0.9400000E-01      0.1447557E-05
   0.9000000E-01      0.1484345E-05
   0.8600000E-01      0.1522844E-05
   0.8200000E-01      0.1564765E-05
   0.7799999E-01      0.1609252E-05
   0.7400000E-01      0.1657162E-05
   0.7050000E-01      0.1702505E-05
   0.6750000E-01      0.1744426E-05
   0.6450000E-01      0.1788914E-05
   0.6150000E-01      0.1835968E-05
   0.5875000E-01      0.1867623E-05
   0.5625000E-01      0.1910399E-05
   0.5375000E-01      0.1958309E-05
   0.5125000E-01      0.2011352E-05
   0.4875000E-01      0.2072950E-05
   0.4625000E-01      0.2159358E-05
   0.4375000E-01      0.2242345E-05
   0.4125000E-01      0.2325331E-05
   0.3900000E-01      0.2369819E-05
   0.3700000E-01      0.2447672E-05
   0.3500000E-01      0.2532370E-05
   0.3300000E-01      0.2627334E-05
   0.3100000E-01      0.2728286E-05
   0.2900000E-01      0.2883137E-05
   0.2750000E-01      0.2963557E-05
   0.2625000E-01      0.3036277E-05
   0.2475000E-01      0.3131241E-05
   0.2350000E-01      0.3217649E-05
   0.2250000E-01      0.3288658E-05
   0.2150000E-01      0.3368223E-05
   0.2050000E-01      0.3455487E-05
   0.1950000E-01      0.3546173E-05
   0.1850000E-01      0.3652258E-05
   0.1750000E-01      0.3772888E-05
   0.1650000E-01      0.3903785E-05
   0.1550000E-01      0.4045803E-05
   0.1462500E-01      0.4188676E-05
   0.1387500E-01      0.4315294E-05
   0.1312500E-01      0.4455602E-05
   0.1237500E-01      0.4603608E-05
   0.1175000E-01      0.4741348E-05
   0.1125000E-01      0.4854278E-05
   0.1075000E-01      0.4986030E-05
   0.1025000E-01      0.5134893E-05
   0.9800000E-02      0.5273488E-05
   0.9400001E-02      0.5408662E-05
   0.9000000E-02      0.5548114E-05
   0.8600000E-02      0.5676443E-05
   0.8200000E-02      0.5844127E-05
   0.7800000E-02      0.6038332E-05
   0.7400000E-02      0.6248792E-05
   0.7050000E-02      0.6452409E-05
   0.6750000E-02      0.6652603E-05
   0.6450000E-02      0.6840820E-05
   0.6150000E-02      0.7035026E-05
   0.5875000E-02      0.7232653E-05
   0.5625000E-02      0.7424292E-05
   0.5375000E-02      0.7640740E-05
   0.5125000E-02      0.7858046E-05
   0.4875000E-02      0.8109572E-05
   0.4625000E-02      0.8381629E-05
   0.4375000E-02      0.8666521E-05
   0.4125000E-02      0.8983067E-05
   0.3900000E-02      0.9282504E-05
   0.3700000E-02      0.9573382E-05
   0.3500000E-02      0.9898485E-05
   0.3300000E-02      0.1027492E-04
   0.3100000E-02      0.1071124E-04
   0.2900000E-02      0.1127589E-04
   0.2750000E-02      0.1179776E-04
   0.2625000E-02      0.1228541E-04
   0.2475000E-02      0.1292706E-04
   0.2350000E-02      0.1353449E-04
   0.2250000E-02      0.1406492E-04
   0.2150000E-02      0.1465523E-04
   0.2050000E-02      0.1526266E-04
   0.1950000E-02      0.1588720E-04
   0.1850000E-02      0.1656307E-04
   0.1750000E-02      0.1729882E-04
   0.1650000E-02      0.1805169E-04
   0.1550000E-02      0.1893288E-04
   0.1462500E-02      0.1976275E-04
   0.1387500E-02      0.2054128E-04
   0.1312500E-02      0.2144814E-04
   0.1237500E-02      0.2273144E-04
   0.1175000E-02      0.2381796E-04
   0.1125000E-02      0.2465638E-04
   0.1075000E-02      0.2546914E-04
   0.1025000E-02      0.2639311E-04
   0.9800000E-03      0.2730852E-04
   0.9400000E-03      0.2781329E-04
   0.9000000E-03      0.2875437E-04
   0.8600000E-03      0.2999489E-04
   0.8200000E-03      0.3138085E-04
   0.7800000E-03      0.3261281E-04
   0.7400000E-03      0.3422121E-04
   0.7050000E-03      0.3556439E-04
   0.6750000E-03      0.3653114E-04
   0.6450000E-03      0.3740378E-04
   0.6150000E-03      0.3869563E-04
   0.5875000E-03      0.3971372E-04
   0.5625000E-03      0.4093712E-04
   0.5375000E-03      0.4208353E-04
   0.5125000E-03      0.4358071E-04
   0.4875000E-03      0.4503511E-04
   0.4625000E-03      0.4699428E-04
   0.4375000E-03      0.4902188E-04
   0.4125000E-03      0.5166547E-04
   0.3900000E-03      0.5435183E-04
   0.3700000E-03      0.5657621E-04
   0.3500000E-03      0.5884337E-04
   0.3300000E-03      0.6117041E-04
   0.3100000E-03      0.6393377E-04
   0.2900000E-03      0.6627792E-04
   0.2750000E-03      0.6709067E-04
   0.2625000E-03      0.6779221E-04
   0.2475000E-03      0.6986261E-04
   0.2350000E-03      0.7153944E-04
   0.2250000E-03      0.7330183E-04
   0.2150000E-03      0.7507278E-04
   0.2050000E-03      0.7670685E-04
   0.1950000E-03      0.7843501E-04
   0.1850000E-03      0.7925632E-04
   0.1750000E-03      0.8077062E-04
   0.1650000E-03      0.8292654E-04
   0.1550000E-03      0.8517659E-04
   0.1462500E-03      0.8726408E-04
   0.1387500E-03      0.8983068E-04
   0.1312500E-03      0.9299613E-04
   0.1237500E-03      0.9607605E-04
   0.1175000E-03      0.9693158E-04
   0.1125000E-03      0.9872820E-04
   0.1075000E-03      0.1006959E-03
   0.1025000E-03      0.1028347E-03
   0.9800000E-04      0.1049736E-03
   0.9400000E-04      0.1089946E-03
   0.9000000E-04      0.1118178E-03
   0.8600000E-04      0.1125022E-03
   0.8200000E-04      0.1157532E-03
   0.7800000E-04      0.1195176E-03
   0.7400000E-04      0.1233675E-03
   0.7050000E-04      0.1267040E-03
   0.6750000E-04      0.1277307E-03
   0.6450000E-04      0.1312383E-03
   0.6150000E-04      0.1345749E-03
   0.5875000E-04      0.1379115E-03
   0.5625000E-04      0.1411625E-03
   0.5375000E-04      0.1487767E-03
   0.5125000E-04      0.1532255E-03
   0.4875000E-04      0.1572465E-03
   0.4625000E-04      0.1607541E-03
   0.4375000E-04      0.1646040E-03
   0.4125000E-04      0.1686250E-03
   0.3900000E-04      0.1727316E-03
   0.3700000E-04      0.1765814E-03
   0.3500000E-04      0.1806880E-03
   0.3300000E-04      0.1851367E-03
   0.3100000E-04      0.1897566E-03
   0.2900000E-04      0.1951464E-03
   0.2750000E-04      0.1995952E-03
   0.2625000E-04      0.2036162E-03
   0.2475000E-04      0.2088349E-03
   0.2350000E-04      0.2137970E-03
   0.2250000E-04      0.2178180E-03
   0.2150000E-04      0.2220957E-03
   0.2050000E-04      0.2266300E-03
   0.1950000E-04      0.2314209E-03
   0.1850000E-04      0.2362974E-03
   0.1750000E-04      0.2416017E-03
   0.1650000E-04      0.2473338E-03
   0.1550000E-04      0.2535792E-03
   0.1462500E-04      0.2594823E-03
   0.1387500E-04      0.2648722E-03
   0.1312500E-04      0.2707753E-03
   0.1237500E-04      0.2771918E-03
   0.1175000E-04      0.2828383E-03
   0.1125000E-04      0.2877148E-03
   0.1075000E-04      0.2927624E-03
   0.1025000E-04      0.2982379E-03
   0.9800000E-05      0.3031143E-03
   0.9400001E-05      0.3072209E-03
   0.8999999E-05      0.3115842E-03
   0.8600000E-05      0.3160329E-03
   0.8200001E-05      0.3207383E-03
   0.7800000E-05      0.3257004E-03
   0.7400000E-05      0.3308335E-03
   0.7050000E-05      0.3344268E-03
   0.6750000E-05      0.3360523E-03
   0.6450000E-05      0.3377633E-03
   0.6150000E-05      0.3395600E-03
   0.5875000E-05      0.3410999E-03
   0.5625000E-05      0.3424688E-03
   0.5375000E-05      0.3452920E-03
   0.5125000E-05      0.3487997E-03
   0.4875000E-05      0.3519651E-03
   0.4625000E-05      0.3545317E-03
   0.4375000E-05      0.3573550E-03
   0.4125000E-05      0.3613760E-03
   0.3900000E-05      0.3659958E-03
   0.3700000E-05      0.3704446E-03
   0.3500000E-05      0.3748933E-03
   0.3300000E-05      0.3792566E-03
   0.3100000E-05      0.3835342E-03
   0.2900000E-05      0.3861864E-03
   0.2750000E-05      0.3869563E-03
   0.2625000E-05      0.3875552E-03
   0.2475000E-05      0.3880685E-03
   0.2350000E-05      0.3884107E-03
   0.2250000E-05      0.3887529E-03
   0.2150000E-05      0.3890952E-03
   0.2050000E-05      0.3893518E-03
   0.1950000E-05      0.3884963E-03
   0.1850000E-05      0.3866141E-03
   0.1750000E-05      0.3845609E-03
   0.1650000E-05      0.3823365E-03
   0.1550000E-05      0.3799410E-03
   0.1462500E-05      0.3778021E-03
   0.1387500E-05      0.3758344E-03
   0.1312500E-05      0.3737812E-03
   0.1237500E-05      0.3715568E-03
   0.1175000E-05      0.3695891E-03
   0.1125000E-05      0.3679636E-03
   0.1075000E-05      0.3661670E-03
   0.1025000E-05      0.3643703E-03
   0.9800000E-06      0.3617182E-03
   0.9399999E-06      0.3581250E-03
   0.9000000E-06      0.3543606E-03
   0.8600000E-06      0.3505107E-03
   0.8200000E-06      0.3464898E-03
   0.7800000E-06      0.3423832E-03
   0.7400000E-06      0.3380200E-03
   0.7050000E-06      0.3334857E-03
   0.6750000E-06      0.3287803E-03
   0.6450000E-06      0.3239037E-03
   0.6150000E-06      0.3188562E-03
   0.5875000E-06      0.3140652E-03
   0.5625000E-06      0.3095308E-03
   0.5375000E-06      0.3047399E-03
   0.5125000E-06      0.2997778E-03
   0.4875000E-06      0.2940458E-03
   0.4625000E-06      0.2873726E-03
   0.4375000E-06      0.2805283E-03
   0.4125000E-06      0.2734275E-03
   0.3900000E-06      0.2668399E-03
   0.3700000E-06      0.2606801E-03
   0.3500000E-06      0.2544347E-03
   0.3300000E-06      0.2482749E-03
   0.3100000E-06      0.2420295E-03
   0.2900000E-06      0.2346720E-03
   0.2750000E-06      0.2284266E-03
   0.2625000E-06      0.2231223E-03
   0.2475000E-06      0.2165347E-03
   0.2350000E-06      0.2109738E-03
   0.2250000E-06      0.2063539E-03
   0.2150000E-06      0.2015629E-03
   0.2050000E-06      0.1967720E-03
   0.1950000E-06      0.1906121E-03
   0.1850000E-06      0.1830835E-03
   0.1750000E-06      0.1755548E-03
   0.1650000E-06      0.1678550E-03
   0.1550000E-06      0.1600697E-03
   0.1462500E-06      0.1531399E-03
   0.1387500E-06      0.1470657E-03
   0.1312500E-06      0.1409914E-03
   0.1237500E-06      0.1348316E-03
   0.1175000E-06      0.1296128E-03
   0.1125000E-06      0.1254207E-03
   0.1075000E-06      0.1211431E-03
   0.1025000E-06      0.1168654E-03
   0.9800000E-07      0.1128444E-03
   0.9400000E-07      0.1090801E-03
   0.9000000E-07      0.1054013E-03
   0.8600000E-07      0.1016370E-03
   0.8200000E-07      0.9778711E-04
   0.7800000E-07      0.9402278E-04
   0.7400000E-07      0.9008733E-04
   0.7050000E-07      0.8632301E-04
   0.6750000E-07      0.8275544E-04
   0.6450000E-07      0.7915366E-04
   0.6150000E-07      0.7554331E-04
   0.5875000E-07      0.7224097E-04
   0.5625000E-07      0.6922951E-04
   0.5375000E-07      0.6620948E-04
   0.5125000E-07      0.6319801E-04
   0.4875000E-07      0.6014378E-04
   0.4625000E-07      0.5705532E-04
   0.4375000E-07      0.5397540E-04
   0.4125000E-07      0.5088693E-04
   0.3900000E-07      0.4810646E-04
   0.3700000E-07      0.4564254E-04
   0.3500000E-07      0.4317005E-04
   0.3300000E-07      0.4070613E-04
   0.3100000E-07      0.3823364E-04
   0.2900000E-07      0.3576972E-04
   0.2750000E-07      0.3391322E-04
   0.2625000E-07      0.3237326E-04
   0.2475000E-07      0.3052532E-04
   0.2350000E-07      0.2898537E-04
   0.2250000E-07      0.2774485E-04
   0.2150000E-07      0.2651288E-04
   0.2050000E-07      0.2528092E-04
   0.1950000E-07      0.2404896E-04
   0.1850000E-07      0.2281699E-04
   0.1750000E-07      0.2158503E-04
   0.1650000E-07      0.2034451E-04
   0.1550000E-07      0.1911255E-04
   0.1462500E-07      0.1803458E-04
   0.1387500E-07      0.1711061E-04
   0.1312500E-07      0.1618663E-04
   0.1237500E-07      0.1526266E-04
   0.1175000E-07      0.1449268E-04
   0.1125000E-07      0.1386815E-04
   0.1075000E-07      0.1325216E-04
   0.1025000E-07      0.1263618E-04
   0.9800000E-08      0.1208009E-04
   0.9400000E-08      0.1159243E-04
   0.9000000E-08      0.1109623E-04
   0.8600000E-08      0.1060002E-04
   0.8200000E-08      0.1011237E-04
   0.7800000E-08      0.9616159E-05
   0.7400000E-08      0.9128507E-05
   0.7050000E-08      0.8692187E-05
   0.6750000E-08      0.8322598E-05
   0.6450000E-08      0.7953008E-05
   0.6150000E-08      0.7582564E-05
   0.5875000E-08      0.7243774E-05
   0.5625000E-08      0.6935784E-05
   0.5375000E-08      0.6626937E-05
   0.5125000E-08      0.6318947E-05
   0.4875000E-08      0.6010956E-05
   0.4625000E-08      0.5702109E-05
   0.4375000E-08      0.5394118E-05
   0.4125000E-08      0.5086127E-05
   0.3900000E-08      0.4808936E-05
   0.3700000E-08      0.4561687E-05
   0.3500000E-08      0.4315295E-05
   0.3300000E-08      0.4068902E-05
   0.3100000E-08      0.3822509E-05
   0.2900000E-08      0.3575261E-05
   0.2750000E-08      0.3390466E-05
   0.2625000E-08      0.3236471E-05
   0.2475000E-08      0.3051676E-05
   0.2350000E-08      0.2897681E-05
   0.2250000E-08      0.2774485E-05
   0.2150000E-08      0.2650433E-05
   0.2050000E-08      0.2527237E-05
   0.1950000E-08      0.2404040E-05
   0.1850000E-08      0.2280844E-05
   0.1750000E-08      0.2157647E-05
   0.1650000E-08      0.2034451E-05
   0.1550000E-08      0.1911255E-05
   0.1462500E-08      0.1803458E-05
   0.1387500E-08      0.1711060E-05
   0.1312500E-08      0.1617808E-05
   0.1237500E-08      0.1525411E-05
   0.1175000E-08      0.1448413E-05
   0.1125000E-08      0.1386815E-05
   0.1075000E-08      0.1325216E-05
   0.1025000E-08      0.1263618E-05
   0.9800000E-09      0.1208009E-05
   0.9400000E-09      0.1159243E-05
   0.9000000E-09      0.1109623E-05
   0.8600000E-09      0.1060002E-05
   0.8200000E-09      0.1011237E-05
   0.7800000E-09      0.9616160E-06
   0.7400000E-09      0.9119952E-06
   0.7050000E-09      0.8692188E-06
   0.6750000E-09      0.8321742E-06
   0.6450000E-09      0.7952153E-06
   0.6150000E-09      0.7582565E-06
   0.5875000E-09      0.7242919E-06
   0.5625000E-09      0.6934928E-06
   0.5375000E-09      0.6626938E-06
   0.5125000E-09      0.6318946E-06
   0.4875000E-09      0.6010100E-06
   0.4625000E-09      0.5702109E-06
   0.4375000E-09      0.5394118E-06
   0.4125000E-09      0.5086127E-06
   0.3900000E-09      0.4808080E-06
   0.3700000E-09      0.4561687E-06
   0.3500000E-09      0.4315294E-06
   0.3300000E-09      0.4068902E-06
   0.3100000E-09      0.3821654E-06
   0.2900000E-09      0.3575261E-06
   0.2750000E-09      0.3390466E-06
   0.2625000E-09      0.3236471E-06
   0.2475000E-09      0.3051676E-06
   0.2350000E-09      0.2897681E-06
   0.2250000E-09      0.2773629E-06
   0.2150000E-09      0.2650433E-06
   0.2050000E-09      0.2527236E-06
   0.1950000E-09      0.2404040E-06
   0.1850000E-09      0.2280844E-06
   0.1750000E-09      0.2157647E-06
   0.1650000E-09      0.2034451E-06
   0.1550000E-09      0.1911254E-06
   0.1462500E-09      0.1803458E-06
   0.1387500E-09      0.1711060E-06
   0.1312500E-09      0.1617808E-06
   0.1237500E-09      0.1525410E-06
   0.1175000E-09      0.1448413E-06
   0.1125000E-09      0.1386815E-06
   0.1075000E-09      0.1325216E-06
   0.1025000E-09      0.1263618E-06
