    19.95000          0.1000000E-32
    19.85000          0.1000000E-32
    19.75000          0.1000000E-32
    19.65000          0.1000000E-32
    19.55000          0.1000000E-32
    19.45000          0.1000000E-32
    19.35000          0.1000000E-32
    19.25000          0.1000000E-32
    19.15000          0.1000000E-32
    19.05000          0.1000000E-32
    18.95000          0.1000000E-32
    18.85000          0.1000000E-32
    18.75000          0.1000000E-32
    18.65000          0.1000000E-32
    18.55000          0.1000000E-32
    18.45000          0.1000000E-32
    18.35000          0.1000000E-32
    18.25000          0.1000000E-32
    18.15000          0.1000000E-32
    18.05000          0.1000000E-32
    17.95000          0.1000000E-32
    17.85000          0.1000000E-32
    17.75000          0.1000000E-32
    17.65000          0.1000000E-32
    17.55000          0.1000000E-32
    17.45000          0.1000000E-32
    17.35000          0.1000000E-32
    17.25000          0.1000000E-32
    17.15000          0.1000000E-32
    17.05000          0.1000000E-32
    16.95000          0.9939969E-05
    16.85000          0.9933511E-05
    16.75000          0.1012848E-04
    16.65000          0.3472140E-04
    16.55000          0.3475182E-04
    16.45000          0.1026782E-04
    16.35000          0.1049441E-04
    16.25000          0.1045343E-04
    16.15000          0.1067979E-04
    16.05000          0.5411108E-05
    15.95000          0.5621089E-05
    15.85000          0.2386219E-04
    15.75000          0.2404347E-04
    15.65000          0.3753802E-04
    15.55000          0.2418052E-04
    15.45000          0.1179731E-04
    15.35000          0.5240380E-04
    15.25000          0.3903087E-04
    15.15000          0.2550668E-04
    15.05000          0.2579473E-04
    14.95000          0.2601704E-04
    14.85000          0.5509731E-04
    14.75000          0.4191690E-04
    14.65000          0.2678771E-04
    14.55000          0.4191012E-04
    14.45000          0.5624871E-04
    14.35000          0.7097282E-04
    14.25000          0.5583414E-04
    14.15000          0.5751482E-04
    14.05000          0.7410355E-04
    13.95000          0.9144313E-04
    13.85000          0.7709399E-04
    13.75000          0.7749873E-04
    13.65000          0.6315482E-04
    13.55000          0.6274705E-04
    13.45000          0.6299134E-04
    13.35000          0.3131471E-04
    13.25000          0.4760198E-04
    13.15000          0.8277550E-04
    13.05000          0.8329668E-04
    12.95000          0.4925547E-04
    12.85000          0.6718360E-04
    12.75000          0.5056877E-04
    12.65000          0.3323194E-04
    12.55000          0.5209085E-04
    12.45000          0.7191552E-04
    12.35000          0.1953054E-04
    12.25000          0.3520291E-04
    12.15000          0.3592366E-04
    12.05000          0.1773459E-04
    11.95000          0.3686063E-04
    11.85000          0.1698386E-04
    11.75000          0.1736508E-04
    11.65000          0.3908683E-04
    11.55000          0.6182693E-04
    11.45000          0.6252390E-04
    11.35000          0.1975810E-04
    11.25000          0.2054059E-04
    11.15000          0.1924940E-04
    11.05000          0.4311750E-06
    10.95000          0.2122255E-04
    10.85000          0.4420807E-04
    10.75000          0.4452793E-06
    10.65000          0.2073837E-04
    10.55000          0.2341739E-04
    10.45000          0.4662760E-04
    10.35000          0.4649127E-04
    10.25000          0.2232374E-04
    10.15000          0.1179008E-04
    10.05000          0.3775202E-04
    9.950000          0.2400739E-04
    9.850000          0.2832543E-04
    9.750000          0.1738417E-04
    9.650000          0.2873126E-04
    9.550000          0.2398216E-04
    9.450000          0.1228045E-04
    9.350000          0.3252214E-04
    9.250000          0.3375801E-04
    9.150000          0.2221826E-04
    9.050000          0.2429526E-05
    8.950000          0.2532928E-05
    8.850000          0.8701405E-05
    8.750000          0.6888831E-04
    8.650000          0.6934419E-05
    8.550000          0.2404656E-04
    8.450000          0.7861054E-05
    8.350000          0.2302087E-04
    8.250000          0.1669026E-04
    8.149995          0.5192932E-04
    8.049990          0.2867157E-04
    7.949990          0.2867427E-04
    7.849990          0.3108046E-04
    7.749995          0.1631461E-04
    7.650000          0.2737270E-04
    7.550000          0.4690209E-04
    7.450000          0.2432804E-04
    7.350000          0.7055535E-04
    7.250000          0.1253512E-04
    7.150000          0.4923569E-04
    7.050000          0.4366319E-04
    6.950000          0.4023459E-04
    6.850000          0.5285563E-04
    6.750000          0.5165385E-04
    6.650000          0.3762955E-04
    6.550000          0.4228947E-04
    6.450000          0.9458234E-05
    6.350000          0.7649096E-04
    6.250000          0.5514583E-04
    6.150000          0.4590785E-04
    6.050000          0.9042052E-04
    5.950000          0.1210132E-03
    5.850000          0.5850817E-04
    5.750000          0.8248675E-04
    5.650000          0.1237955E-03
    5.550000          0.9919010E-04
    5.450000          0.1667628E-03
    5.350000          0.1501472E-03
    5.250000          0.7105133E-04
    5.150000          0.1474573E-03
    5.050000          0.9388920E-04
    4.950000          0.1677299E-03
    4.850000          0.1048405E-03
    4.750000          0.1303919E-04
    4.650000          0.9869615E-04
    4.550000          0.4059288E-03
    4.450000          0.4315786E-03
    4.350000          0.3856813E-03
    4.250000          0.4547457E-03
    4.150000          0.3073674E-03
    4.050000          0.5197151E-03
    3.950000          0.5029358E-03
    3.850000          0.6111734E-03
    3.750000          0.4340023E-03
    3.650000          0.4418886E-03
    3.550000          0.4659783E-03
    3.450000          0.8348097E-03
    3.350000          0.1014071E-02
    3.250000          0.1316030E-02
    3.150000          0.1427560E-02
    3.050000          0.2713436E-02
    2.950000          0.3621328E-02
    2.850000          0.8022224E-02
    2.750000          0.2108876E-01
    2.650000          0.5912797E-01
    2.550000          0.1693820    
    2.450000          0.2765840    
    2.350000          0.2021681    
    2.250000          0.8882996E-01
    2.150000          0.4706712E-01
    2.050000          0.2546014E-01
    1.950000          0.1641087E-01
    1.850000          0.1243995E-01
    1.750000          0.1112639E-01
    1.650000          0.1274618E-01
    1.550000          0.7466511E-02
    1.450000          0.3299557E-02
    1.350000          0.4843789E-02
    1.250000          0.3019433E-02
    1.150000          0.5237819E-02
    1.050000          0.4369739E-02
   0.9800000          0.1000000E-32
   0.9400000          0.1000000E-32
   0.9000000          0.1000000E-32
   0.8600000          0.1000000E-32
   0.8200000          0.1000000E-32
   0.7800000          0.1000000E-32
   0.7400000          0.1000000E-32
   0.7050000          0.1000000E-32
   0.6750000          0.1000000E-32
   0.6450000          0.1000000E-32
   0.6150000          0.1000000E-32
   0.5875000          0.1000000E-32
   0.5625000          0.1000000E-32
   0.5375000          0.1000000E-32
   0.5125000          0.1000000E-32
   0.4875000          0.1000000E-32
   0.4625000          0.1000000E-32
   0.4375000          0.1000000E-32
   0.4125000          0.1000000E-32
   0.3900000          0.1000000E-32
   0.3700000          0.1000000E-32
   0.3500000          0.1000000E-32
   0.3300000          0.1000000E-32
   0.3100000          0.1000000E-32
   0.2900000          0.1000000E-32
   0.2750000          0.1000000E-32
   0.2625000          0.1000000E-32
   0.2475000          0.1000000E-32
   0.2350000          0.1000000E-32
   0.2250000          0.1000000E-32
   0.2150000          0.1000000E-32
   0.2050000          0.1000000E-32
   0.1950000          0.1000000E-32
   0.1850000          0.1000000E-32
   0.1750000          0.1000000E-32
   0.1650000          0.1000000E-32
   0.1550000          0.1000000E-32
   0.1462500          0.1000000E-32
   0.1387500          0.1000000E-32
   0.1312500          0.1000000E-32
   0.1237500          0.1000000E-32
   0.1175000          0.1000000E-32
   0.1125000          0.1000000E-32
   0.1075000          0.1000000E-32
   0.1025000          0.1000000E-32
   0.9800000E-01      0.1000000E-32
   0.9400000E-01      0.1000000E-32
   0.9000000E-01      0.1000000E-32
   0.8600000E-01      0.1000000E-32
   0.8200000E-01      0.1000000E-32
   0.7800000E-01      0.1000000E-32
   0.7400000E-01      0.1000000E-32
   0.7050000E-01      0.1000000E-32
   0.6750000E-01      0.1000000E-32
   0.6450000E-01      0.1000000E-32
   0.6150001E-01      0.1000000E-32
   0.5875000E-01      0.1000000E-32
   0.5625000E-01      0.1000000E-32
   0.5375000E-01      0.1000000E-32
   0.5125000E-01      0.1000000E-32
   0.4875000E-01      0.1000000E-32
   0.4625000E-01      0.1000000E-32
   0.4375000E-01      0.1000000E-32
   0.4125000E-01      0.1000000E-32
   0.3900000E-01      0.1000000E-32
   0.3700000E-01      0.1000000E-32
   0.3500000E-01      0.1000000E-32
   0.3300000E-01      0.1000000E-32
   0.3100000E-01      0.1000000E-32
   0.2900000E-01      0.1000000E-32
   0.2750000E-01      0.1000000E-32
   0.2625000E-01      0.1000000E-32
   0.2475000E-01      0.1000000E-32
   0.2350000E-01      0.1000000E-32
   0.2250000E-01      0.1000000E-32
   0.2150000E-01      0.1000000E-32
   0.2050000E-01      0.1000000E-32
   0.1950000E-01      0.1000000E-32
   0.1850000E-01      0.1000000E-32
   0.1750000E-01      0.1000000E-32
   0.1650000E-01      0.1000000E-32
   0.1550000E-01      0.1000000E-32
   0.1462500E-01      0.1000000E-32
   0.1387500E-01      0.1000000E-32
   0.1312500E-01      0.1000000E-32
   0.1237500E-01      0.1000000E-32
   0.1175000E-01      0.1000000E-32
   0.1125000E-01      0.1000000E-32
   0.1075000E-01      0.1000000E-32
   0.1025000E-01      0.1000000E-32
   0.9800000E-02      0.1000000E-32
   0.9400000E-02      0.1000000E-32
   0.9000000E-02      0.1000000E-32
   0.8600000E-02      0.1000000E-32
   0.8200000E-02      0.1000000E-32
   0.7800000E-02      0.1000000E-32
   0.7400000E-02      0.1000000E-32
   0.7050000E-02      0.1000000E-32
   0.6750000E-02      0.1000000E-32
   0.6450000E-02      0.1000000E-32
   0.6150000E-02      0.1000000E-32
   0.5875000E-02      0.1000000E-32
   0.5625000E-02      0.1000000E-32
   0.5375000E-02      0.1000000E-32
   0.5125000E-02      0.1000000E-32
   0.4875000E-02      0.1000000E-32
   0.4625000E-02      0.1000000E-32
   0.4375000E-02      0.1000000E-32
   0.4125000E-02      0.1000000E-32
   0.3900000E-02      0.1000000E-32
   0.3700000E-02      0.1000000E-32
   0.3500000E-02      0.1000000E-32
   0.3300000E-02      0.1000000E-32
   0.3100000E-02      0.1000000E-32
   0.2900000E-02      0.1000000E-32
   0.2750000E-02      0.1000000E-32
   0.2625000E-02      0.1000000E-32
   0.2475000E-02      0.1000000E-32
   0.2350000E-02      0.1000000E-32
   0.2250000E-02      0.1000000E-32
   0.2150000E-02      0.1000000E-32
   0.2050000E-02      0.1000000E-32
   0.1950000E-02      0.1000000E-32
   0.1850000E-02      0.1000000E-32
   0.1750000E-02      0.1000000E-32
   0.1650000E-02      0.1000000E-32
   0.1550000E-02      0.1000000E-32
   0.1462500E-02      0.1000000E-32
   0.1387500E-02      0.1000000E-32
   0.1312500E-02      0.1000000E-32
   0.1237500E-02      0.1000000E-32
   0.1175000E-02      0.1000000E-32
   0.1125000E-02      0.1000000E-32
   0.1075000E-02      0.1000000E-32
   0.1025000E-02      0.1000000E-32
   0.9800000E-03      0.1000000E-32
   0.9400000E-03      0.1000000E-32
   0.9000000E-03      0.1000000E-32
   0.8600000E-03      0.1000000E-32
   0.8200000E-03      0.1000000E-32
   0.7800000E-03      0.1000000E-32
   0.7400000E-03      0.1000000E-32
   0.7050000E-03      0.1000000E-32
   0.6750000E-03      0.1000000E-32
   0.6450000E-03      0.1000000E-32
   0.6150000E-03      0.1000000E-32
   0.5875000E-03      0.1000000E-32
   0.5625000E-03      0.1000000E-32
   0.5375000E-03      0.1000000E-32
   0.5125000E-03      0.1000000E-32
   0.4875000E-03      0.1000000E-32
   0.4625000E-03      0.1000000E-32
   0.4375000E-03      0.1000000E-32
   0.4125000E-03      0.1000000E-32
   0.3900000E-03      0.1000000E-32
   0.3700000E-03      0.1000000E-32
   0.3500000E-03      0.1000000E-32
   0.3300000E-03      0.1000000E-32
   0.3100000E-03      0.1000000E-32
   0.2900000E-03      0.1000000E-32
   0.2750000E-03      0.1000000E-32
   0.2625000E-03      0.1000000E-32
   0.2475000E-03      0.1000000E-32
   0.2350000E-03      0.1000000E-32
   0.2250000E-03      0.1000000E-32
   0.2150000E-03      0.1000000E-32
   0.2050000E-03      0.1000000E-32
   0.1950000E-03      0.1000000E-32
   0.1850000E-03      0.1000000E-32
   0.1750000E-03      0.1000000E-32
   0.1650000E-03      0.1000000E-32
   0.1550000E-03      0.1000000E-32
   0.1462500E-03      0.1000000E-32
   0.1387500E-03      0.1000000E-32
   0.1312500E-03      0.1000000E-32
   0.1237500E-03      0.1000000E-32
   0.1175000E-03      0.1000000E-32
   0.1125000E-03      0.1000000E-32
   0.1075000E-03      0.1000000E-32
   0.1025000E-03      0.1000000E-32
   0.9800000E-04      0.1000000E-32
   0.9400000E-04      0.1000000E-32
   0.9000000E-04      0.1000000E-32
   0.8600000E-04      0.1000000E-32
   0.8200000E-04      0.1000000E-32
   0.7800000E-04      0.1000000E-32
   0.7400000E-04      0.1000000E-32
   0.7050000E-04      0.1000000E-32
   0.6750000E-04      0.1000000E-32
   0.6450000E-04      0.1000000E-32
   0.6150000E-04      0.1000000E-32
   0.5875000E-04      0.1000000E-32
   0.5625000E-04      0.1000000E-32
   0.5375000E-04      0.1000000E-32
   0.5125000E-04      0.1000000E-32
   0.4875000E-04      0.1000000E-32
   0.4625000E-04      0.1000000E-32
   0.4375000E-04      0.1000000E-32
   0.4125000E-04      0.1000000E-32
   0.3900000E-04      0.1000000E-32
   0.3700000E-04      0.1000000E-32
   0.3500000E-04      0.1000000E-32
   0.3300000E-04      0.1000000E-32
   0.3100000E-04      0.1000000E-32
   0.2900000E-04      0.1000000E-32
   0.2750000E-04      0.1000000E-32
   0.2625000E-04      0.1000000E-32
   0.2475000E-04      0.1000000E-32
   0.2350000E-04      0.1000000E-32
   0.2250000E-04      0.1000000E-32
   0.2150000E-04      0.1000000E-32
   0.2050000E-04      0.1000000E-32
   0.1950000E-04      0.1000000E-32
   0.1850000E-04      0.1000000E-32
   0.1750000E-04      0.1000000E-32
   0.1650000E-04      0.1000000E-32
   0.1550000E-04      0.1000000E-32
   0.1462500E-04      0.1000000E-32
   0.1387500E-04      0.1000000E-32
   0.1312500E-04      0.1000000E-32
   0.1237500E-04      0.1000000E-32
   0.1175000E-04      0.1000000E-32
   0.1125000E-04      0.1000000E-32
   0.1075000E-04      0.1000000E-32
   0.1025000E-04      0.1000000E-32
   0.9800000E-05      0.1000000E-32
   0.9400000E-05      0.1000000E-32
   0.9000000E-05      0.1000000E-32
   0.8600000E-05      0.1000000E-32
   0.8200001E-05      0.1000000E-32
   0.7800000E-05      0.1000000E-32
   0.7400000E-05      0.1000000E-32
   0.7050000E-05      0.1000000E-32
   0.6750000E-05      0.1000000E-32
   0.6450000E-05      0.1000000E-32
   0.6150000E-05      0.1000000E-32
   0.5875000E-05      0.1000000E-32
   0.5625000E-05      0.1000000E-32
   0.5375000E-05      0.1000000E-32
   0.5125000E-05      0.1000000E-32
   0.4875000E-05      0.1000000E-32
   0.4625000E-05      0.1000000E-32
   0.4375000E-05      0.1000000E-32
   0.4125000E-05      0.1000000E-32
   0.3900000E-05      0.1000000E-32
   0.3700000E-05      0.1000000E-32
   0.3500000E-05      0.1000000E-32
   0.3300000E-05      0.1000000E-32
   0.3100000E-05      0.1000000E-32
   0.2900000E-05      0.1000000E-32
   0.2750000E-05      0.1000000E-32
   0.2625000E-05      0.1000000E-32
   0.2475000E-05      0.1000000E-32
   0.2350000E-05      0.1000000E-32
   0.2250000E-05      0.1000000E-32
   0.2150000E-05      0.1000000E-32
   0.2050000E-05      0.1000000E-32
   0.1950000E-05      0.1000000E-32
   0.1850000E-05      0.1000000E-32
   0.1750000E-05      0.1000000E-32
   0.1650000E-05      0.1000000E-32
   0.1550000E-05      0.1000000E-32
   0.1462500E-05      0.1000000E-32
   0.1387500E-05      0.1000000E-32
   0.1312500E-05      0.1000000E-32
   0.1237500E-05      0.1000000E-32
   0.1175000E-05      0.1000000E-32
   0.1125000E-05      0.1000000E-32
   0.1075000E-05      0.1000000E-32
   0.1025000E-05      0.1000000E-32
   0.9800000E-06      0.1000000E-32
   0.9400000E-06      0.1000000E-32
   0.9000000E-06      0.1000000E-32
   0.8600000E-06      0.1000000E-32
   0.8200000E-06      0.1000000E-32
   0.7800000E-06      0.1000000E-32
   0.7400000E-06      0.1000000E-32
   0.7050000E-06      0.1000000E-32
   0.6750000E-06      0.1000000E-32
   0.6450000E-06      0.1000000E-32
   0.6150000E-06      0.1000000E-32
   0.5875000E-06      0.1000000E-32
   0.5625000E-06      0.1000000E-32
   0.5375000E-06      0.1000000E-32
   0.5125000E-06      0.1000000E-32
   0.4875000E-06      0.1000000E-32
   0.4625000E-06      0.1000000E-32
   0.4375000E-06      0.1000000E-32
   0.4125000E-06      0.1000000E-32
   0.3900000E-06      0.1000000E-32
   0.3700000E-06      0.1000000E-32
   0.3500000E-06      0.1000000E-32
   0.3300000E-06      0.1000000E-32
   0.3100000E-06      0.1000000E-32
   0.2900000E-06      0.1000000E-32
   0.2750000E-06      0.1000000E-32
   0.2625000E-06      0.1000000E-32
   0.2475000E-06      0.1000000E-32
   0.2350000E-06      0.1000000E-32
   0.2250000E-06      0.1000000E-32
   0.2150000E-06      0.1000000E-32
   0.2050000E-06      0.1000000E-32
   0.1950000E-06      0.1000000E-32
   0.1850000E-06      0.1000000E-32
   0.1750000E-06      0.1000000E-32
   0.1650000E-06      0.1000000E-32
   0.1550000E-06      0.1000000E-32
   0.1462500E-06      0.1000000E-32
   0.1387500E-06      0.1000000E-32
   0.1312500E-06      0.1000000E-32
   0.1237500E-06      0.1000000E-32
   0.1175000E-06      0.1000000E-32
   0.1125000E-06      0.1000000E-32
   0.1075000E-06      0.1000000E-32
   0.1025000E-06      0.1000000E-32
   0.9800001E-07      0.1000000E-32
   0.9399999E-07      0.1000000E-32
   0.9000000E-07      0.1000000E-32
   0.8599999E-07      0.1000000E-32
   0.8200000E-07      0.1000000E-32
   0.7799999E-07      0.1000000E-32
   0.7400000E-07      0.1000000E-32
   0.7050000E-07      0.1000000E-32
   0.6750000E-07      0.1000000E-32
   0.6450001E-07      0.1000000E-32
   0.6150000E-07      0.1000000E-32
   0.5875000E-07      0.1000000E-32
   0.5625000E-07      0.1000000E-32
   0.5375000E-07      0.1000000E-32
   0.5125000E-07      0.1000000E-32
   0.4875000E-07      0.1000000E-32
   0.4625000E-07      0.1000000E-32
   0.4375000E-07      0.1000000E-32
   0.4125000E-07      0.1000000E-32
   0.3900000E-07      0.1000000E-32
   0.3700000E-07      0.1000000E-32
   0.3500000E-07      0.1000000E-32
   0.3300000E-07      0.1000000E-32
   0.3100000E-07      0.1000000E-32
   0.2900000E-07      0.1000000E-32
   0.2750000E-07      0.1000000E-32
   0.2625000E-07      0.1000000E-32
   0.2475000E-07      0.1000000E-32
   0.2350000E-07      0.1000000E-32
   0.2250000E-07      0.1000000E-32
   0.2150000E-07      0.1000000E-32
   0.2050000E-07      0.1000000E-32
   0.1950000E-07      0.1000000E-32
   0.1850000E-07      0.1000000E-32
   0.1750000E-07      0.1000000E-32
   0.1650000E-07      0.1000000E-32
   0.1550000E-07      0.1000000E-32
   0.1462500E-07      0.1000000E-32
   0.1387500E-07      0.1000000E-32
   0.1312500E-07      0.1000000E-32
   0.1237500E-07      0.1000000E-32
   0.1175000E-07      0.1000000E-32
   0.1125000E-07      0.1000000E-32
   0.1075000E-07      0.1000000E-32
   0.1025000E-07      0.1000000E-32
   0.9800000E-08      0.1000000E-32
   0.9400000E-08      0.1000000E-32
   0.9000000E-08      0.1000000E-32
   0.8600001E-08      0.1000000E-32
   0.8199999E-08      0.1000000E-32
   0.7800000E-08      0.1000000E-32
   0.7400000E-08      0.1000000E-32
   0.7050000E-08      0.1000000E-32
   0.6750000E-08      0.1000000E-32
   0.6450000E-08      0.1000000E-32
   0.6150000E-08      0.1000000E-32
   0.5875000E-08      0.1000000E-32
   0.5625000E-08      0.1000000E-32
   0.5375000E-08      0.1000000E-32
   0.5125000E-08      0.1000000E-32
   0.4875000E-08      0.1000000E-32
   0.4625000E-08      0.1000000E-32
   0.4374999E-08      0.1000000E-32
   0.4125000E-08      0.1000000E-32
   0.3900000E-08      0.1000000E-32
   0.3700000E-08      0.1000000E-32
   0.3500000E-08      0.1000000E-32
   0.3300000E-08      0.1000000E-32
   0.3100000E-08      0.1000000E-32
   0.2900000E-08      0.1000000E-32
   0.2750000E-08      0.1000000E-32
   0.2625000E-08      0.1000000E-32
   0.2475000E-08      0.1000000E-32
   0.2350000E-08      0.1000000E-32
   0.2250000E-08      0.1000000E-32
   0.2150000E-08      0.1000000E-32
   0.2050000E-08      0.1000000E-32
   0.1950000E-08      0.1000000E-32
   0.1850000E-08      0.1000000E-32
   0.1750000E-08      0.1000000E-32
   0.1650000E-08      0.1000000E-32
   0.1550000E-08      0.1000000E-32
   0.1462500E-08      0.1000000E-32
   0.1387500E-08      0.1000000E-32
   0.1312500E-08      0.1000000E-32
   0.1237500E-08      0.1000000E-32
   0.1175000E-08      0.1000000E-32
   0.1125000E-08      0.1000000E-32
   0.1075000E-08      0.1000000E-32
   0.1025000E-08      0.1000000E-32
   0.9800000E-09      0.1000000E-32
   0.9400000E-09      0.1000000E-32
   0.9000000E-09      0.1000000E-32
   0.8600000E-09      0.1000000E-32
   0.8200000E-09      0.1000000E-32
   0.7800000E-09      0.1000000E-32
   0.7400001E-09      0.1000000E-32
   0.7050000E-09      0.1000000E-32
   0.6750000E-09      0.1000000E-32
   0.6450000E-09      0.1000000E-32
   0.6150001E-09      0.1000000E-32
   0.5875000E-09      0.1000000E-32
   0.5625000E-09      0.1000000E-32
   0.5375000E-09      0.1000000E-32
   0.5124999E-09      0.1000000E-32
   0.4875000E-09      0.1000000E-32
   0.4625000E-09      0.1000000E-32
   0.4375000E-09      0.1000000E-32
   0.4125000E-09      0.1000000E-32
   0.3900000E-09      0.1000000E-32
   0.3700000E-09      0.1000000E-32
   0.3500000E-09      0.1000000E-32
   0.3300000E-09      0.1000000E-32
   0.3100000E-09      0.1000000E-32
   0.2900000E-09      0.1000000E-32
   0.2750000E-09      0.1000000E-32
   0.2625000E-09      0.1000000E-32
   0.2475000E-09      0.1000000E-32
   0.2350000E-09      0.1000000E-32
   0.2250000E-09      0.1000000E-32
   0.2150000E-09      0.1000000E-32
   0.2050000E-09      0.1000000E-32
   0.1950000E-09      0.1000000E-32
   0.1850000E-09      0.1000000E-32
   0.1750000E-09      0.1000000E-32
   0.1650000E-09      0.1000000E-32
   0.1550000E-09      0.1000000E-32
   0.1462500E-09      0.1000000E-32
   0.1387500E-09      0.1000000E-32
   0.1312500E-09      0.1000000E-32
   0.1237500E-09      0.1000000E-32
   0.1175000E-09      0.1000000E-32
   0.1125000E-09      0.1000000E-32
   0.1075000E-09      0.1000000E-32
   0.1025000E-09      0.1000000E-32
