 0.10250E-09     0.49617E+06
 0.10750E-09     0.48414E+06
 0.11250E-09     0.47342E+06
 0.11750E-09     0.46323E+06
 0.12375E-09     0.45124E+06
 0.13125E-09     0.43815E+06
 0.13875E-09     0.42621E+06
 0.14625E-09     0.41502E+06
 0.15500E-09     0.40318E+06
 0.16500E-09     0.39119E+06
 0.17500E-09     0.37990E+06
 0.18500E-09     0.36914E+06
 0.19500E-09     0.35985E+06
 0.20500E-09     0.35068E+06
 0.21500E-09     0.34255E+06
 0.22500E-09     0.33485E+06
 0.23500E-09     0.32749E+06
 0.24750E-09     0.31923E+06
 0.26250E-09     0.30990E+06
 0.27500E-09     0.30281E+06
 0.29000E-09     0.29484E+06
 0.31000E-09     0.28515E+06
 0.33000E-09     0.27637E+06
 0.35000E-09     0.26837E+06
 0.37000E-09     0.26125E+06
 0.39000E-09     0.25447E+06
 0.41250E-09     0.24729E+06
 0.43750E-09     0.24021E+06
 0.46250E-09     0.23352E+06
 0.48750E-09     0.22752E+06
 0.51250E-09     0.22183E+06
 0.53750E-09     0.21665E+06
 0.56250E-09     0.21173E+06
 0.58750E-09     0.20721E+06
 0.61500E-09     0.20250E+06
 0.64500E-09     0.19772E+06
 0.67500E-09     0.19330E+06
 0.70500E-09     0.18914E+06
 0.74000E-09     0.18481E+06
 0.78000E-09     0.17992E+06
 0.82000E-09     0.17545E+06
 0.86000E-09     0.17139E+06
 0.90000E-09     0.16741E+06
 0.94000E-09     0.16390E+06
 0.98000E-09     0.16047E+06
 0.10250E-08     0.15691E+06
 0.10750E-08     0.15321E+06
 0.11250E-08     0.14977E+06
 0.11750E-08     0.14653E+06
 0.12375E-08     0.14280E+06
 0.13125E-08     0.13864E+06
 0.13875E-08     0.13485E+06
 0.14625E-08     0.13149E+06
 0.15500E-08     0.12766E+06
 0.16500E-08     0.12373E+06
 0.17500E-08     0.12012E+06
 0.18500E-08     0.11683E+06
 0.19500E-08     0.11377E+06
 0.20500E-08     0.11097E+06
 0.21500E-08     0.10834E+06
 0.22500E-08     0.10592E+06
 0.23500E-08     0.10362E+06
 0.24750E-08     0.10098E+06
 0.26250E-08     0.98036E+05
 0.27500E-08     0.95777E+05
 0.29000E-08     0.93361E+05
 0.31000E-08     0.90263E+05
 0.33000E-08     0.87498E+05
 0.35000E-08     0.84932E+05
 0.37000E-08     0.82619E+05
 0.39000E-08     0.80447E+05
 0.41250E-08     0.78238E+05
 0.43750E-08     0.75945E+05
 0.46250E-08     0.73875E+05
 0.48750E-08     0.71951E+05
 0.51250E-08     0.70164E+05
 0.53750E-08     0.68524E+05
 0.56250E-08     0.66998E+05
 0.58750E-08     0.65620E+05
 0.61500E-08     0.64106E+05
 0.64500E-08     0.62569E+05
 0.67500E-08     0.61199E+05
 0.70500E-08     0.59839E+05
 0.74000E-08     0.58428E+05
 0.78000E-08     0.56890E+05
 0.82000E-08     0.55496E+05
 0.86000E-08     0.54173E+05
 0.90000E-08     0.52965E+05
 0.94000E-08     0.51811E+05
 0.98000E-08     0.50753E+05
 0.10250E-07     0.49616E+05
 0.10750E-07     0.48456E+05
 0.11250E-07     0.47380E+05
 0.11750E-07     0.46406E+05
 0.12375E-07     0.45191E+05
 0.13125E-07     0.43888E+05
 0.13875E-07     0.42680E+05
 0.14625E-07     0.41567E+05
 0.15500E-07     0.40373E+05
 0.16500E-07     0.39133E+05
 0.17500E-07     0.37983E+05
 0.18500E-07     0.36943E+05
 0.19500E-07     0.35979E+05
 0.20500E-07     0.35083E+05
 0.21500E-07     0.34262E+05
 0.22500E-07     0.33500E+05
 0.23500E-07     0.32812E+05
 0.24750E-07     0.31955E+05
 0.26250E-07     0.31031E+05
 0.27500E-07     0.30314E+05
 0.29000E-07     0.29522E+05
 0.31000E-07     0.28548E+05
 0.33000E-07     0.27669E+05
 0.35000E-07     0.26863E+05
 0.37000E-07     0.26119E+05
 0.39000E-07     0.25439E+05
 0.41250E-07     0.24738E+05
 0.43750E-07     0.24040E+05
 0.46250E-07     0.23393E+05
 0.48750E-07     0.22775E+05
 0.51250E-07     0.22231E+05
 0.53750E-07     0.21697E+05
 0.56250E-07     0.21220E+05
 0.58750E-07     0.20754E+05
 0.61500E-07     0.20288E+05
 0.64500E-07     0.19803E+05
 0.67500E-07     0.19359E+05
 0.70500E-07     0.18936E+05
 0.74000E-07     0.18486E+05
 0.78000E-07     0.18002E+05
 0.82000E-07     0.17558E+05
 0.86000E-07     0.17165E+05
 0.90000E-07     0.16785E+05
 0.94000E-07     0.16414E+05
 0.98000E-07     0.16092E+05
 0.10250E-06     0.15736E+05
 0.10750E-06     0.15365E+05
 0.11250E-06     0.15022E+05
 0.11750E-06     0.14689E+05
 0.12375E-06     0.14318E+05
 0.13125E-06     0.13899E+05
 0.13875E-06     0.13516E+05
 0.14625E-06     0.13181E+05
 0.15500E-06     0.12805E+05
 0.16500E-06     0.12398E+05
 0.17500E-06     0.12048E+05
 0.18500E-06     0.11707E+05
 0.19500E-06     0.11414E+05
 0.20500E-06     0.11130E+05
 0.21500E-06     0.10885E+05
 0.22500E-06     0.10659E+05
 0.23500E-06     0.10433E+05
 0.24750E-06     0.10152E+05
 0.26250E-06     0.98579E+04
 0.27500E-06     0.96406E+04
 0.29000E-06     0.93822E+04
 0.31000E-06     0.90726E+04
 0.33000E-06     0.87980E+04
 0.35000E-06     0.85373E+04
 0.37000E-06     0.83130E+04
 0.39000E-06     0.80955E+04
 0.41250E-06     0.78933E+04
 0.43750E-06     0.76766E+04
 0.46250E-06     0.74599E+04
 0.48750E-06     0.72560E+04
 0.51250E-06     0.70901E+04
 0.53750E-06     0.69267E+04
 0.56250E-06     0.67632E+04
 0.58750E-06     0.66188E+04
 0.61500E-06     0.64781E+04
 0.64500E-06     0.63245E+04
 0.67500E-06     0.61808E+04
 0.70500E-06     0.60566E+04
 0.74000E-06     0.59127E+04
 0.78000E-06     0.57693E+04
 0.82000E-06     0.56420E+04
 0.86000E-06     0.55148E+04
 0.90000E-06     0.53876E+04
 0.94000E-06     0.52645E+04
 0.98000E-06     0.51656E+04
 0.10250E-05     0.50591E+04
 0.10750E-05     0.49406E+04
 0.11250E-05     0.48259E+04
 0.11750E-05     0.47310E+04
 0.12375E-05     0.46161E+04
 0.13125E-05     0.44826E+04
 0.13875E-05     0.43693E+04
 0.14625E-05     0.42587E+04
 0.15500E-05     0.41507E+04
 0.16500E-05     0.40376E+04
 0.17500E-05     0.39246E+04
 0.18500E-05     0.38146E+04
 0.19500E-05     0.37268E+04
 0.20500E-05     0.36434E+04
 0.21500E-05     0.35600E+04
 0.22500E-05     0.34827E+04
 0.23500E-05     0.34180E+04
 0.24750E-05     0.33379E+04
 0.26250E-05     0.32471E+04
 0.27500E-05     0.31823E+04
 0.29000E-05     0.31066E+04
 0.31000E-05     0.30220E+04
 0.33000E-05     0.29447E+04
 0.35000E-05     0.28674E+04
 0.37000E-05     0.27937E+04
 0.39000E-05     0.27359E+04
 0.41250E-05     0.26732E+04
 0.43750E-05     0.26043E+04
 0.46250E-05     0.25477E+04
 0.48750E-05     0.24950E+04
 0.51250E-05     0.24432E+04
 0.53750E-05     0.24001E+04
 0.56250E-05     0.23591E+04
 0.58750E-05     0.23194E+04
 0.61500E-05     0.22854E+04
 0.64500E-05     0.22499E+04
 0.67500E-05     0.22144E+04
 0.70500E-05     0.21789E+04
 0.74000E-05     0.21409E+04
 0.78000E-05     0.21085E+04
 0.82000E-05     0.20771E+04
 0.86000E-05     0.20457E+04
 0.90000E-05     0.20195E+04
 0.94000E-05     0.19986E+04
 0.98000E-05     0.19778E+04
 0.10250E-04     0.19554E+04
 0.10750E-04     0.19376E+04
 0.11250E-04     0.19212E+04
 0.11750E-04     0.19062E+04
 0.12375E-04     0.18970E+04
 0.13125E-04     0.18872E+04
 0.13875E-04     0.18774E+04
 0.14625E-04     0.18727E+04
 0.15500E-04     0.18822E+04
 0.16500E-04     0.18946E+04
 0.17500E-04     0.19088E+04
 0.18500E-04     0.19379E+04
 0.19500E-04     0.19709E+04
 0.20500E-04     0.20144E+04
 0.21500E-04     0.20731E+04
 0.22500E-04     0.21345E+04
 0.23500E-04     0.22117E+04
 0.24750E-04     0.23340E+04
 0.26250E-04     0.25047E+04
 0.27500E-04     0.26873E+04
 0.29000E-04     0.29652E+04
 0.31000E-04     0.34702E+04
 0.33000E-04     0.42129E+04
 0.35000E-04     0.53692E+04
 0.37000E-04     0.72903E+04
 0.39000E-04     0.10825E+05
 0.41250E-04     0.20445E+05
 0.43750E-04     0.68235E+05
 0.46250E-04     0.39917E+07
 0.48750E-04     0.45138E+06
 0.51250E-04     0.35161E+05
 0.53750E-04     0.13147E+05
 0.56250E-04     0.69991E+04
 0.58750E-04     0.44389E+04
 0.61500E-04     0.30628E+04
 0.64500E-04     0.22603E+04
 0.67500E-04     0.18124E+04
 0.70500E-04     0.15575E+04
 0.74000E-04     0.14254E+04
 0.78000E-04     0.14669E+04
 0.82000E-04     0.18679E+04
 0.86000E-04     0.37106E+04
 0.90000E-04     0.94742E+05
 0.94000E-04     0.53394E+06
 0.98000E-04     0.44404E+04
 0.10250E-03     0.15960E+04
 0.10750E-03     0.94444E+03
 0.11250E-03     0.71793E+03
 0.11750E-03     0.60991E+03
 0.12375E-03     0.53863E+03
 0.13125E-03     0.49215E+03
 0.13875E-03     0.46624E+03
 0.14625E-03     0.45214E+03
 0.15500E-03     0.44597E+03
 0.16500E-03     0.44735E+03
 0.17500E-03     0.45731E+03
 0.18500E-03     0.47643E+03
 0.19500E-03     0.50617E+03
 0.20500E-03     0.55350E+03
 0.21500E-03     0.63102E+03
 0.22500E-03     0.77699E+03
 0.23500E-03     0.11714E+04
 0.24750E-03     0.17448E+06
 0.26250E-03     0.50211E+04
 0.27500E-03     0.17803E+04
 0.29000E-03     0.32271E+04
 0.31000E-03     0.48926E+06
 0.33000E-03     0.41563E+06
 0.35000E-03     0.41442E+04
 0.37000E-03     0.14352E+04
 0.39000E-03     0.92652E+03
 0.41250E-03     0.81809E+03
 0.43750E-03     0.12268E+04
 0.46250E-03     0.40093E+05
 0.48750E-03     0.15680E+05
 0.51250E-03     0.15758E+05
 0.53750E-03     0.33768E+06
 0.56250E-03     0.64970E+04
 0.58750E-03     0.18799E+04
 0.61500E-03     0.11839E+04
 0.64500E-03     0.30162E+04
 0.67500E-03     0.13360E+06
 0.70500E-03     0.53371E+04
 0.74000E-03     0.26885E+06
 0.78000E-03     0.25085E+04
 0.82000E-03     0.74694E+03
 0.86000E-03     0.31362E+04
 0.90000E-03     0.40836E+05
 0.94000E-03     0.96178E+05
 0.98000E-03     0.51847E+03
 0.10250E-02     0.25748E+03
 0.10750E-02     0.35361E+03
 0.11250E-02     0.24492E+05
 0.11750E-02     0.25729E+03
 0.12375E-02     0.76530E+03
 0.13125E-02     0.55540E+05
 0.13875E-02     0.21383E+05
 0.14625E-02     0.47320E+05
 0.15500E-02     0.31992E+03
 0.16500E-02     0.29678E+05
 0.17500E-02     0.24045E+04
 0.18500E-02     0.15778E+05
 0.19500E-02     0.19936E+05
 0.20500E-02     0.89538E+04
 0.21500E-02     0.83664E+03
 0.22500E-02     0.29105E+04
 0.23500E-02     0.53380E+04
 0.24750E-02     0.13962E+05
 0.26250E-02     0.13787E+05
 0.27500E-02     0.13280E+05
 0.29000E-02     0.12737E+05
 0.31000E-02     0.12122E+05
 0.33000E-02     0.11623E+05
 0.35000E-02     0.11126E+05
 0.37000E-02     0.10709E+05
 0.39000E-02     0.10334E+05
 0.41250E-02     0.99154E+04
 0.43750E-02     0.95223E+04
 0.46250E-02     0.91664E+04
 0.48750E-02     0.88145E+04
 0.51250E-02     0.85214E+04
 0.53750E-02     0.82481E+04
 0.56250E-02     0.79750E+04
 0.58750E-02     0.77367E+04
 0.61500E-02     0.75040E+04
 0.64500E-02     0.72497E+04
 0.67500E-02     0.70165E+04
 0.70500E-02     0.68172E+04
 0.74000E-02     0.65856E+04
 0.78000E-02     0.63421E+04
 0.82000E-02     0.61323E+04
 0.86000E-02     0.59231E+04
 0.90000E-02     0.57387E+04
 0.94000E-02     0.55721E+04
 0.98000E-02     0.54055E+04
 0.10250E-01     0.52551E+04
 0.10750E-01     0.51208E+04
 0.11250E-01     0.49866E+04
 0.11750E-01     0.48523E+04
 0.12375E-01     0.47074E+04
 0.13125E-01     0.45563E+04
 0.13875E-01     0.44053E+04
 0.14625E-01     0.42670E+04
 0.15500E-01     0.41331E+04
 0.16500E-01     0.39802E+04
 0.17500E-01     0.38442E+04
 0.18500E-01     0.37267E+04
 0.19500E-01     0.36091E+04
 0.20500E-01     0.35077E+04
 0.21500E-01     0.34226E+04
 0.22500E-01     0.33382E+04
 0.23500E-01     0.32641E+04
 0.24750E-01     0.31768E+04
 0.26250E-01     0.30781E+04
 0.27500E-01     0.30051E+04
 0.29000E-01     0.29209E+04
 0.31000E-01     0.28216E+04
 0.33000E-01     0.27304E+04
 0.35000E-01     0.26549E+04
 0.37000E-01     0.25803E+04
 0.39000E-01     0.25056E+04
 0.41250E-01     0.24294E+04
 0.43750E-01     0.23616E+04
 0.46250E-01     0.22947E+04
 0.48750E-01     0.22277E+04
 0.51250E-01     0.21710E+04
 0.53750E-01     0.21248E+04
 0.56250E-01     0.20786E+04
 0.58750E-01     0.20324E+04
 0.61500E-01     0.19873E+04
 0.64500E-01     0.19452E+04
 0.67500E-01     0.19031E+04
 0.70500E-01     0.18611E+04
 0.74000E-01     0.18189E+04
 0.78000E-01     0.17758E+04
 0.82000E-01     0.17327E+04
 0.86000E-01     0.16921E+04
 0.90000E-01     0.16583E+04
 0.94000E-01     0.16249E+04
 0.98000E-01     0.15914E+04
 0.10250E+00     0.15607E+04
 0.10750E+00     0.15331E+04
 0.11250E+00     0.15056E+04
 0.11750E+00     0.14780E+04
 0.12375E+00     0.14478E+04
 0.13125E+00     0.14162E+04
 0.13875E+00     0.13847E+04
 0.14625E+00     0.13557E+04
 0.15500E+00     0.13272E+04
 0.16500E+00     0.12948E+04
 0.17500E+00     0.12658E+04
 0.18500E+00     0.12406E+04
 0.19500E+00     0.12154E+04
 0.20500E+00     0.11772E+04
 0.21500E+00     0.11284E+04
 0.22500E+00     0.10851E+04
 0.23500E+00     0.10448E+04
 0.24750E+00     0.99940E+03
 0.26250E+00     0.94720E+03
 0.27500E+00     0.91204E+03
 0.29000E+00     0.88198E+03
 0.31000E+00     0.85409E+03
 0.33000E+00     0.83386E+03
 0.35000E+00     0.81908E+03
 0.37000E+00     0.80480E+03
 0.39000E+00     0.77590E+03
 0.41250E+00     0.74563E+03
 0.43750E+00     0.72080E+03
 0.46250E+00     0.70050E+03
 0.48750E+00     0.68477E+03
 0.51250E+00     0.67455E+03
 0.53750E+00     0.66620E+03
 0.56250E+00     0.66016E+03
 0.58750E+00     0.65893E+03
 0.61500E+00     0.66640E+03
 0.64500E+00     0.68073E+03
 0.67500E+00     0.69869E+03
 0.70500E+00     0.71313E+03
 0.74000E+00     0.71648E+03
 0.78000E+00     0.71929E+03
 0.82000E+00     0.72227E+03
 0.86000E+00     0.73177E+03
 0.90000E+00     0.74471E+03
 0.94000E+00     0.75827E+03
 0.98000E+00     0.77216E+03
 0.10500E+01     0.79760E+03
 0.11500E+01     0.84215E+03
 0.12500E+01     0.88721E+03
 0.13500E+01     0.93561E+03
 0.14500E+01     0.99062E+03
 0.15500E+01     0.10463E+04
 0.16500E+01     0.10900E+04
 0.17500E+01     0.11277E+04
 0.18500E+01     0.11860E+04
 0.19500E+01     0.12806E+04
 0.20500E+01     0.13938E+04
 0.21500E+01     0.15250E+04
 0.22500E+01     0.16585E+04
 0.23500E+01     0.18021E+04
 0.24500E+01     0.19468E+04
 0.25500E+01     0.20993E+04
 0.26500E+01     0.22595E+04
 0.27500E+01     0.24226E+04
 0.28500E+01     0.25990E+04
 0.29500E+01     0.27771E+04
 0.30500E+01     0.29155E+04
 0.31500E+01     0.30136E+04
 0.32500E+01     0.31142E+04
 0.33500E+01     0.32253E+04
 0.34500E+01     0.33377E+04
 0.35500E+01     0.34575E+04
 0.36500E+01     0.35850E+04
 0.37500E+01     0.37150E+04
 0.38500E+01     0.38565E+04
 0.39500E+01     0.39993E+04
 0.40500E+01     0.41546E+04
 0.41500E+01     0.43227E+04
 0.42500E+01     0.44908E+04
 0.43500E+01     0.46589E+04
 0.44500E+01     0.48269E+04
 0.45500E+01     0.50077E+04
 0.46500E+01     0.52016E+04
 0.47500E+01     0.53990E+04
 0.48500E+01     0.56095E+04
 0.49500E+01     0.58214E+04
 0.50500E+01     0.59789E+04
 0.51500E+01     0.60829E+04
 0.52500E+01     0.61925E+04
 0.53500E+01     0.63074E+04
 0.54500E+01     0.64269E+04
 0.55500E+01     0.65509E+04
 0.56500E+01     0.66793E+04
 0.57500E+01     0.68112E+04
 0.58500E+01     0.69465E+04
 0.59500E+01     0.70849E+04
 0.60500E+01     0.72264E+04
 0.61500E+01     0.73712E+04
 0.62500E+01     0.75184E+04
 0.63500E+01     0.76680E+04
 0.64500E+01     0.78199E+04
 0.65500E+01     0.79736E+04
 0.66500E+01     0.81294E+04
 0.67500E+01     0.82870E+04
 0.68500E+01     0.84463E+04
 0.69500E+01     0.86073E+04
 0.70500E+01     0.87562E+04
 0.71500E+01     0.88919E+04
 0.72500E+01     0.90276E+04
 0.73500E+01     0.91634E+04
 0.74500E+01     0.92991E+04
 0.75500E+01     0.94346E+04
 0.76500E+01     0.95699E+04
 0.77500E+01     0.97052E+04
 0.78500E+01     0.98404E+04
 0.79500E+01     0.99757E+04
 0.80500E+01     0.10111E+05
 0.81500E+01     0.10245E+05
 0.82500E+01     0.10379E+05
 0.83500E+01     0.10513E+05
 0.84500E+01     0.10648E+05
 0.85500E+01     0.10781E+05
 0.86500E+01     0.10914E+05
 0.87500E+01     0.11048E+05
 0.88500E+01     0.11179E+05
 0.89500E+01     0.11311E+05
 0.90500E+01     0.11442E+05
 0.91500E+01     0.11571E+05
 0.92500E+01     0.11701E+05
 0.93500E+01     0.11831E+05
 0.94500E+01     0.11960E+05
 0.95500E+01     0.12088E+05
 0.96500E+01     0.12214E+05
 0.97500E+01     0.12340E+05
 0.98500E+01     0.12466E+05
 0.99500E+01     0.12592E+05
 0.10050E+02     0.12716E+05
 0.10150E+02     0.12838E+05
 0.10250E+02     0.12960E+05
 0.10350E+02     0.13081E+05
 0.10450E+02     0.13202E+05
 0.10550E+02     0.13320E+05
 0.10650E+02     0.13437E+05
 0.10750E+02     0.13553E+05
 0.10850E+02     0.13670E+05
 0.10950E+02     0.13786E+05
 0.11050E+02     0.13900E+05
 0.11150E+02     0.14010E+05
 0.11250E+02     0.14121E+05
 0.11350E+02     0.14232E+05
 0.11450E+02     0.14343E+05
 0.11550E+02     0.14451E+05
 0.11650E+02     0.14558E+05
 0.11750E+02     0.14663E+05
 0.11850E+02     0.14766E+05
 0.11950E+02     0.14870E+05
 0.12050E+02     0.14971E+05
 0.12150E+02     0.15068E+05
 0.12250E+02     0.15165E+05
 0.12350E+02     0.15261E+05
 0.12450E+02     0.15358E+05
 0.12550E+02     0.15452E+05
 0.12650E+02     0.15543E+05
 0.12750E+02     0.15634E+05
 0.12850E+02     0.15725E+05
 0.12950E+02     0.15815E+05
 0.13050E+02     0.15903E+05
 0.13150E+02     0.15988E+05
 0.13250E+02     0.16073E+05
 0.13350E+02     0.16158E+05
 0.13450E+02     0.16243E+05
 0.13550E+02     0.16326E+05
 0.13650E+02     0.16405E+05
 0.13750E+02     0.16484E+05
 0.13850E+02     0.16564E+05
 0.13950E+02     0.16643E+05
 0.14050E+02     0.16720E+05
 0.14150E+02     0.16794E+05
 0.14250E+02     0.16868E+05
 0.14350E+02     0.16943E+05
 0.14450E+02     0.17017E+05
 0.14550E+02     0.17089E+05
 0.14650E+02     0.17158E+05
 0.14750E+02     0.17228E+05
 0.14850E+02     0.17298E+05
 0.14950E+02     0.17367E+05
 0.15050E+02     0.17433E+05
 0.15150E+02     0.17495E+05
 0.15250E+02     0.17557E+05
 0.15350E+02     0.17620E+05
 0.15450E+02     0.17682E+05
 0.15550E+02     0.17742E+05
 0.15650E+02     0.17801E+05
 0.15750E+02     0.17859E+05
 0.15850E+02     0.17917E+05
 0.15950E+02     0.17976E+05
 0.16050E+02     0.18033E+05
 0.16150E+02     0.18087E+05
 0.16250E+02     0.18142E+05
 0.16350E+02     0.18197E+05
 0.16450E+02     0.18252E+05
 0.16550E+02     0.18305E+05
 0.16650E+02     0.18356E+05
 0.16750E+02     0.18408E+05
 0.16850E+02     0.18459E+05
 0.16950E+02     0.18510E+05
 0.17050E+02     0.18560E+05
 0.17150E+02     0.18608E+05
 0.17250E+02     0.18656E+05
 0.17350E+02     0.18704E+05
 0.17450E+02     0.18752E+05
 0.17550E+02     0.18798E+05
 0.17650E+02     0.18843E+05
 0.17750E+02     0.18888E+05
 0.17850E+02     0.18932E+05
 0.17950E+02     0.18977E+05
 0.18050E+02     0.19020E+05
 0.18150E+02     0.19061E+05
 0.18250E+02     0.19103E+05
 0.18350E+02     0.19144E+05
 0.18450E+02     0.19185E+05
 0.18550E+02     0.19225E+05
 0.18650E+02     0.19263E+05
 0.18750E+02     0.19301E+05
 0.18850E+02     0.19338E+05
 0.18950E+02     0.19376E+05
 0.19050E+02     0.19412E+05
 0.19150E+02     0.19447E+05
 0.19250E+02     0.19481E+05
 0.19350E+02     0.19516E+05
 0.19450E+02     0.19550E+05
 0.19550E+02     0.19582E+05
 0.19650E+02     0.19613E+05
 0.19750E+02     0.19644E+05
 0.19850E+02     0.19675E+05
 0.19950E+02     0.19706E+05
