 0.10250E-09     0.25706E+02
 0.10750E-09     0.25082E+02
 0.11250E-09     0.24527E+02
 0.11750E-09     0.23999E+02
 0.12375E-09     0.23378E+02
 0.13125E-09     0.22700E+02
 0.13875E-09     0.22081E+02
 0.14625E-09     0.21501E+02
 0.15500E-09     0.20888E+02
 0.16500E-09     0.20267E+02
 0.17500E-09     0.19682E+02
 0.18500E-09     0.19125E+02
 0.19500E-09     0.18643E+02
 0.20500E-09     0.18168E+02
 0.21500E-09     0.17747E+02
 0.22500E-09     0.17348E+02
 0.23500E-09     0.16967E+02
 0.24750E-09     0.16539E+02
 0.26250E-09     0.16055E+02
 0.27500E-09     0.15688E+02
 0.29000E-09     0.15275E+02
 0.31000E-09     0.14773E+02
 0.33000E-09     0.14318E+02
 0.35000E-09     0.13903E+02
 0.37000E-09     0.13535E+02
 0.39000E-09     0.13184E+02
 0.41250E-09     0.12812E+02
 0.43750E-09     0.12445E+02
 0.46250E-09     0.12098E+02
 0.48750E-09     0.11787E+02
 0.51250E-09     0.11492E+02
 0.53750E-09     0.11224E+02
 0.56250E-09     0.10969E+02
 0.58750E-09     0.10735E+02
 0.61500E-09     0.10491E+02
 0.64500E-09     0.10243E+02
 0.67500E-09     0.10015E+02
 0.70500E-09     0.97991E+01
 0.74000E-09     0.95747E+01
 0.78000E-09     0.93215E+01
 0.82000E-09     0.90895E+01
 0.86000E-09     0.88793E+01
 0.90000E-09     0.86734E+01
 0.94000E-09     0.84916E+01
 0.98000E-09     0.83134E+01
 0.10250E-08     0.81294E+01
 0.10750E-08     0.79374E+01
 0.11250E-08     0.77593E+01
 0.11750E-08     0.75917E+01
 0.12375E-08     0.73979E+01
 0.13125E-08     0.71825E+01
 0.13875E-08     0.69863E+01
 0.14625E-08     0.68120E+01
 0.15500E-08     0.66137E+01
 0.16500E-08     0.64104E+01
 0.17500E-08     0.62230E+01
 0.18500E-08     0.60530E+01
 0.19500E-08     0.58943E+01
 0.20500E-08     0.57494E+01
 0.21500E-08     0.56128E+01
 0.22500E-08     0.54874E+01
 0.23500E-08     0.53682E+01
 0.24750E-08     0.52314E+01
 0.26250E-08     0.50790E+01
 0.27500E-08     0.49620E+01
 0.29000E-08     0.48369E+01
 0.31000E-08     0.46764E+01
 0.33000E-08     0.45331E+01
 0.35000E-08     0.44001E+01
 0.37000E-08     0.42803E+01
 0.39000E-08     0.41678E+01
 0.41250E-08     0.40533E+01
 0.43750E-08     0.39346E+01
 0.46250E-08     0.38273E+01
 0.48750E-08     0.37276E+01
 0.51250E-08     0.36351E+01
 0.53750E-08     0.35501E+01
 0.56250E-08     0.34710E+01
 0.58750E-08     0.33996E+01
 0.61500E-08     0.33212E+01
 0.64500E-08     0.32416E+01
 0.67500E-08     0.31706E+01
 0.70500E-08     0.31001E+01
 0.74000E-08     0.30271E+01
 0.78000E-08     0.29474E+01
 0.82000E-08     0.28751E+01
 0.86000E-08     0.28066E+01
 0.90000E-08     0.27440E+01
 0.94000E-08     0.26843E+01
 0.98000E-08     0.26294E+01
 0.10250E-07     0.25705E+01
 0.10750E-07     0.25104E+01
 0.11250E-07     0.24546E+01
 0.11750E-07     0.24042E+01
 0.12375E-07     0.23413E+01
 0.13125E-07     0.22738E+01
 0.13875E-07     0.22111E+01
 0.14625E-07     0.21535E+01
 0.15500E-07     0.20917E+01
 0.16500E-07     0.20274E+01
 0.17500E-07     0.19678E+01
 0.18500E-07     0.19139E+01
 0.19500E-07     0.18640E+01
 0.20500E-07     0.18176E+01
 0.21500E-07     0.17750E+01
 0.22500E-07     0.17356E+01
 0.23500E-07     0.16999E+01
 0.24750E-07     0.16555E+01
 0.26250E-07     0.16077E+01
 0.27500E-07     0.15705E+01
 0.29000E-07     0.15295E+01
 0.31000E-07     0.14790E+01
 0.33000E-07     0.14335E+01
 0.35000E-07     0.13917E+01
 0.37000E-07     0.13532E+01
 0.39000E-07     0.13180E+01
 0.41250E-07     0.12816E+01
 0.43750E-07     0.12455E+01
 0.46250E-07     0.12120E+01
 0.48750E-07     0.11799E+01
 0.51250E-07     0.11517E+01
 0.53750E-07     0.11241E+01
 0.56250E-07     0.10994E+01
 0.58750E-07     0.10753E+01
 0.61500E-07     0.10511E+01
 0.64500E-07     0.10260E+01
 0.67500E-07     0.10030E+01
 0.70500E-07     0.98102E+00
 0.74000E-07     0.95775E+00
 0.78000E-07     0.93264E+00
 0.82000E-07     0.90964E+00
 0.86000E-07     0.88928E+00
 0.90000E-07     0.86961E+00
 0.94000E-07     0.85039E+00
 0.98000E-07     0.83370E+00
 0.10250E-06     0.81527E+00
 0.10750E-06     0.79603E+00
 0.11250E-06     0.77825E+00
 0.11750E-06     0.76101E+00
 0.12375E-06     0.74182E+00
 0.13125E-06     0.72007E+00
 0.13875E-06     0.70024E+00
 0.14625E-06     0.68288E+00
 0.15500E-06     0.66341E+00
 0.16500E-06     0.64232E+00
 0.17500E-06     0.62419E+00
 0.18500E-06     0.60655E+00
 0.19500E-06     0.59134E+00
 0.20500E-06     0.57665E+00
 0.21500E-06     0.56393E+00
 0.22500E-06     0.55223E+00
 0.23500E-06     0.54054E+00
 0.24750E-06     0.52598E+00
 0.26250E-06     0.51074E+00
 0.27500E-06     0.49948E+00
 0.29000E-06     0.48609E+00
 0.31000E-06     0.47005E+00
 0.33000E-06     0.45583E+00
 0.35000E-06     0.44232E+00
 0.37000E-06     0.43071E+00
 0.39000E-06     0.41944E+00
 0.41250E-06     0.40896E+00
 0.43750E-06     0.39774E+00
 0.46250E-06     0.38651E+00
 0.48750E-06     0.37595E+00
 0.51250E-06     0.36736E+00
 0.53750E-06     0.35889E+00
 0.56250E-06     0.35042E+00
 0.58750E-06     0.34294E+00
 0.61500E-06     0.33566E+00
 0.64500E-06     0.32770E+00
 0.67500E-06     0.32025E+00
 0.70500E-06     0.31382E+00
 0.74000E-06     0.30637E+00
 0.78000E-06     0.29894E+00
 0.82000E-06     0.29235E+00
 0.86000E-06     0.28576E+00
 0.90000E-06     0.27917E+00
 0.94000E-06     0.27280E+00
 0.98000E-06     0.26768E+00
 0.10250E-05     0.26216E+00
 0.10750E-05     0.25602E+00
 0.11250E-05     0.25009E+00
 0.11750E-05     0.24517E+00
 0.12375E-05     0.23922E+00
 0.13125E-05     0.23231E+00
 0.13875E-05     0.22645E+00
 0.14625E-05     0.22072E+00
 0.15500E-05     0.21513E+00
 0.16500E-05     0.20927E+00
 0.17500E-05     0.20342E+00
 0.18500E-05     0.19773E+00
 0.19500E-05     0.19319E+00
 0.20500E-05     0.18887E+00
 0.21500E-05     0.18456E+00
 0.22500E-05     0.18056E+00
 0.23500E-05     0.17721E+00
 0.24750E-05     0.17307E+00
 0.26250E-05     0.16837E+00
 0.27500E-05     0.16502E+00
 0.29000E-05     0.16111E+00
 0.31000E-05     0.15673E+00
 0.33000E-05     0.15274E+00
 0.35000E-05     0.14874E+00
 0.37000E-05     0.14494E+00
 0.39000E-05     0.14195E+00
 0.41250E-05     0.13871E+00
 0.43750E-05     0.13516E+00
 0.46250E-05     0.13224E+00
 0.48750E-05     0.12952E+00
 0.51250E-05     0.12685E+00
 0.53750E-05     0.12463E+00
 0.56250E-05     0.12252E+00
 0.58750E-05     0.12047E+00
 0.61500E-05     0.11873E+00
 0.64500E-05     0.11690E+00
 0.67500E-05     0.11508E+00
 0.70500E-05     0.11325E+00
 0.74000E-05     0.11130E+00
 0.78000E-05     0.10964E+00
 0.82000E-05     0.10803E+00
 0.86000E-05     0.10643E+00
 0.90000E-05     0.10509E+00
 0.94000E-05     0.10403E+00
 0.98000E-05     0.10297E+00
 0.10250E-04     0.10183E+00
 0.10750E-04     0.10093E+00
 0.11250E-04     0.10010E+00
 0.11750E-04     0.99350E-01
 0.12375E-04     0.98903E-01
 0.13125E-04     0.98430E-01
 0.13875E-04     0.97957E-01
 0.14625E-04     0.97753E-01
 0.15500E-04     0.98281E-01
 0.16500E-04     0.98972E-01
 0.17500E-04     0.99752E-01
 0.18500E-04     0.10131E+00
 0.19500E-04     0.10306E+00
 0.20500E-04     0.10536E+00
 0.21500E-04     0.10844E+00
 0.22500E-04     0.11167E+00
 0.23500E-04     0.11571E+00
 0.24750E-04     0.12209E+00
 0.26250E-04     0.13100E+00
 0.27500E-04     0.14051E+00
 0.29000E-04     0.15497E+00
 0.31000E-04     0.18122E+00
 0.33000E-04     0.21978E+00
 0.35000E-04     0.27979E+00
 0.37000E-04     0.37945E+00
 0.39000E-04     0.56281E+00
 0.41250E-04     0.10619E+01
 0.43750E-04     0.35420E+01
 0.46250E-04     0.20729E+03
 0.48750E-04     0.23452E+02
 0.51250E-04     0.18317E+01
 0.53750E-04     0.68746E+00
 0.56250E-04     0.36781E+00
 0.58750E-04     0.23468E+00
 0.61500E-04     0.16314E+00
 0.64500E-04     0.12145E+00
 0.67500E-04     0.98220E-01
 0.70500E-04     0.85022E-01
 0.74000E-04     0.78229E-01
 0.78000E-04     0.80453E-01
 0.82000E-04     0.10133E+00
 0.86000E-04     0.19701E+00
 0.90000E-04     0.49282E+01
 0.94000E-04     0.27769E+02
 0.98000E-04     0.23690E+00
 0.10250E-03     0.88807E-01
 0.10750E-03     0.54973E-01
 0.11250E-03     0.43307E-01
 0.11750E-03     0.37828E-01
 0.12375E-03     0.34306E-01
 0.13125E-03     0.32115E-01
 0.13875E-03     0.30989E-01
 0.14625E-03     0.30467E-01
 0.15500E-03     0.30373E-01
 0.16500E-03     0.30678E-01
 0.17500E-03     0.31389E-01
 0.18500E-03     0.32530E-01
 0.19500E-03     0.34166E-01
 0.20500E-03     0.36637E-01
 0.21500E-03     0.40570E-01
 0.22500E-03     0.47903E-01
 0.23500E-03     0.67854E-01
 0.24750E-03     0.91688E+01
 0.26250E-03     0.27416E+00
 0.27500E-03     0.10015E+00
 0.29000E-03     0.17307E+00
 0.31000E-03     0.26469E+02
 0.33000E-03     0.22593E+02
 0.35000E-03     0.26032E+00
 0.37000E-03     0.10351E+00
 0.39000E-03     0.71746E-01
 0.41250E-03     0.62574E-01
 0.43750E-03     0.80153E-01
 0.46250E-03     0.21351E+01
 0.48750E-03     0.84765E+00
 0.51250E-03     0.10151E+01
 0.53750E-03     0.24112E+02
 0.56250E-03     0.57325E+00
 0.58750E-03     0.19717E+00
 0.61500E-03     0.12312E+00
 0.64500E-03     0.19154E+00
 0.67500E-03     0.73897E+01
 0.70500E-03     0.29250E+00
 0.74000E-03     0.18142E+02
 0.78000E-03     0.33529E+00
 0.82000E-03     0.15870E+00
 0.86000E-03     0.25454E+00
 0.90000E-03     0.23386E+01
 0.94000E-03     0.65776E+01
 0.98000E-03     0.16532E+00
 0.10250E-02     0.12659E+00
 0.10750E-02     0.11683E+00
 0.11250E-02     0.14712E+01
 0.11750E-02     0.10246E+00
 0.12375E-02     0.10289E+00
 0.13125E-02     0.45900E+01
 0.13875E-02     0.15859E+01
 0.14625E-02     0.37972E+01
 0.15500E-02     0.16199E+00
 0.16500E-02     0.35694E+01
 0.17500E-02     0.45591E+00
 0.18500E-02     0.13561E+01
 0.19500E-02     0.32713E+01
 0.20500E-02     0.91542E+00
 0.21500E-02     0.33244E+00
 0.22500E-02     0.43912E+00
 0.23500E-02     0.58422E+00
 0.24750E-02     0.17653E+01
 0.26250E-02     0.18283E+01
 0.27500E-02     0.18405E+01
 0.29000E-02     0.18574E+01
 0.31000E-02     0.18852E+01
 0.33000E-02     0.19182E+01
 0.35000E-02     0.19512E+01
 0.37000E-02     0.19868E+01
 0.39000E-02     0.20237E+01
 0.41250E-02     0.20652E+01
 0.43750E-02     0.21135E+01
 0.46250E-02     0.21627E+01
 0.48750E-02     0.22120E+01
 0.51250E-02     0.22626E+01
 0.53750E-02     0.23135E+01
 0.56250E-02     0.23645E+01
 0.58750E-02     0.24159E+01
 0.61500E-02     0.24728E+01
 0.64500E-02     0.25349E+01
 0.67500E-02     0.25971E+01
 0.70500E-02     0.26594E+01
 0.74000E-02     0.27320E+01
 0.78000E-02     0.28149E+01
 0.82000E-02     0.28977E+01
 0.86000E-02     0.29804E+01
 0.90000E-02     0.30627E+01
 0.94000E-02     0.31446E+01
 0.98000E-02     0.32265E+01
 0.10250E-01     0.33212E+01
 0.10750E-01     0.34291E+01
 0.11250E-01     0.35369E+01
 0.11750E-01     0.36448E+01
 0.12375E-01     0.37775E+01
 0.13125E-01     0.39355E+01
 0.13875E-01     0.40934E+01
 0.14625E-01     0.42500E+01
 0.15500E-01     0.44292E+01
 0.16500E-01     0.46344E+01
 0.17500E-01     0.48371E+01
 0.18500E-01     0.50369E+01
 0.19500E-01     0.52367E+01
 0.20500E-01     0.54383E+01
 0.21500E-01     0.56415E+01
 0.22500E-01     0.58446E+01
 0.23500E-01     0.60450E+01
 0.24750E-01     0.62933E+01
 0.26250E-01     0.65903E+01
 0.27500E-01     0.68355E+01
 0.29000E-01     0.71262E+01
 0.31000E-01     0.75110E+01
 0.33000E-01     0.78921E+01
 0.35000E-01     0.82656E+01
 0.37000E-01     0.86388E+01
 0.39000E-01     0.90119E+01
 0.41250E-01     0.94262E+01
 0.43750E-01     0.98766E+01
 0.46250E-01     0.10327E+02
 0.48750E-01     0.10777E+02
 0.51250E-01     0.11223E+02
 0.53750E-01     0.11666E+02
 0.56250E-01     0.12109E+02
 0.58750E-01     0.12552E+02
 0.61500E-01     0.13032E+02
 0.64500E-01     0.13548E+02
 0.67500E-01     0.14065E+02
 0.70500E-01     0.14581E+02
 0.74000E-01     0.15172E+02
 0.78000E-01     0.15841E+02
 0.82000E-01     0.16511E+02
 0.86000E-01     0.17176E+02
 0.90000E-01     0.17828E+02
 0.94000E-01     0.18480E+02
 0.98000E-01     0.19132E+02
 0.10250E+00     0.19851E+02
 0.10750E+00     0.20628E+02
 0.11250E+00     0.21405E+02
 0.11750E+00     0.22183E+02
 0.12375E+00     0.23139E+02
 0.13125E+00     0.24268E+02
 0.13875E+00     0.25397E+02
 0.14625E+00     0.26514E+02
 0.15500E+00     0.27793E+02
 0.16500E+00     0.29252E+02
 0.17500E+00     0.30691E+02
 0.18500E+00     0.32108E+02
 0.19500E+00     0.33524E+02
 0.20500E+00     0.34867E+02
 0.21500E+00     0.36119E+02
 0.22500E+00     0.37371E+02
 0.23500E+00     0.38622E+02
 0.24750E+00     0.40178E+02
 0.26250E+00     0.42028E+02
 0.27500E+00     0.43527E+02
 0.29000E+00     0.45249E+02
 0.31000E+00     0.47414E+02
 0.33000E+00     0.49528E+02
 0.35000E+00     0.51608E+02
 0.37000E+00     0.53660E+02
 0.39000E+00     0.55651E+02
 0.41250E+00     0.57838E+02
 0.43750E+00     0.60135E+02
 0.46250E+00     0.62393E+02
 0.48750E+00     0.64662E+02
 0.51250E+00     0.66890E+02
 0.53750E+00     0.69053E+02
 0.56250E+00     0.71123E+02
 0.58750E+00     0.73135E+02
 0.61500E+00     0.75296E+02
 0.64500E+00     0.77487E+02
 0.67500E+00     0.79577E+02
 0.70500E+00     0.81647E+02
 0.74000E+00     0.83982E+02
 0.78000E+00     0.86645E+02
 0.82000E+00     0.89305E+02
 0.86000E+00     0.91846E+02
 0.90000E+00     0.94327E+02
 0.94000E+00     0.96844E+02
 0.98000E+00     0.99380E+02
 0.10500E+01     0.10407E+03
 0.11500E+01     0.11003E+03
 0.12500E+01     0.11569E+03
 0.13500E+01     0.12106E+03
 0.14500E+01     0.12599E+03
 0.15500E+01     0.13145E+03
 0.16500E+01     0.13761E+03
 0.17500E+01     0.14410E+03
 0.18500E+01     0.15051E+03
 0.19500E+01     0.15636E+03
 0.20500E+01     0.16339E+03
 0.21500E+01     0.17163E+03
 0.22500E+01     0.17985E+03
 0.23500E+01     0.18795E+03
 0.24500E+01     0.19604E+03
 0.25500E+01     0.20402E+03
 0.26500E+01     0.21188E+03
 0.27500E+01     0.21975E+03
 0.28500E+01     0.22763E+03
 0.29500E+01     0.23551E+03
 0.30500E+01     0.24453E+03
 0.31500E+01     0.25471E+03
 0.32500E+01     0.26495E+03
 0.33500E+01     0.27541E+03
 0.34500E+01     0.28590E+03
 0.35500E+01     0.29655E+03
 0.36500E+01     0.30739E+03
 0.37500E+01     0.31821E+03
 0.38500E+01     0.32898E+03
 0.39500E+01     0.33974E+03
 0.40500E+01     0.35072E+03
 0.41500E+01     0.36194E+03
 0.42500E+01     0.37315E+03
 0.43500E+01     0.38436E+03
 0.44500E+01     0.39557E+03
 0.45500E+01     0.40701E+03
 0.46500E+01     0.41869E+03
 0.47500E+01     0.43038E+03
 0.48500E+01     0.44214E+03
 0.49500E+01     0.45392E+03
 0.50500E+01     0.46615E+03
 0.51500E+01     0.47890E+03
 0.52500E+01     0.49172E+03
 0.53500E+01     0.50458E+03
 0.54500E+01     0.51744E+03
 0.55500E+01     0.53076E+03
 0.56500E+01     0.54456E+03
 0.57500E+01     0.55843E+03
 0.58500E+01     0.57238E+03
 0.59500E+01     0.58635E+03
 0.60500E+01     0.60088E+03
 0.61500E+01     0.61598E+03
 0.62500E+01     0.63115E+03
 0.63500E+01     0.64643E+03
 0.64500E+01     0.66179E+03
 0.65500E+01     0.67714E+03
 0.66500E+01     0.69251E+03
 0.67500E+01     0.70794E+03
 0.68500E+01     0.72345E+03
 0.69500E+01     0.73902E+03
 0.70500E+01     0.75575E+03
 0.71500E+01     0.77364E+03
 0.72500E+01     0.79153E+03
 0.73500E+01     0.80943E+03
 0.74500E+01     0.82732E+03
 0.75500E+01     0.84561E+03
 0.76500E+01     0.86433E+03
 0.77500E+01     0.88305E+03
 0.78500E+01     0.90177E+03
 0.79500E+01     0.92049E+03
 0.80500E+01     0.93974E+03
 0.81500E+01     0.95954E+03
 0.82500E+01     0.97934E+03
 0.83500E+01     0.99914E+03
 0.84500E+01     0.10189E+04
 0.85500E+01     0.10390E+04
 0.86500E+01     0.10594E+04
 0.87500E+01     0.10799E+04
 0.88500E+01     0.11005E+04
 0.89500E+01     0.11211E+04
 0.90500E+01     0.11418E+04
 0.91500E+01     0.11626E+04
 0.92500E+01     0.11834E+04
 0.93500E+01     0.12041E+04
 0.94500E+01     0.12249E+04
 0.95500E+01     0.12455E+04
 0.96500E+01     0.12659E+04
 0.97500E+01     0.12864E+04
 0.98500E+01     0.13069E+04
 0.99500E+01     0.13273E+04
 0.10050E+02     0.13470E+04
 0.10150E+02     0.13658E+04
 0.10250E+02     0.13847E+04
 0.10350E+02     0.14036E+04
 0.10450E+02     0.14226E+04
 0.10550E+02     0.14409E+04
 0.10650E+02     0.14584E+04
 0.10750E+02     0.14759E+04
 0.10850E+02     0.14934E+04
 0.10950E+02     0.15109E+04
 0.11050E+02     0.15274E+04
 0.11150E+02     0.15431E+04
 0.11250E+02     0.15587E+04
 0.11350E+02     0.15743E+04
 0.11450E+02     0.15899E+04
 0.11550E+02     0.16045E+04
 0.11650E+02     0.16180E+04
 0.11750E+02     0.16315E+04
 0.11850E+02     0.16448E+04
 0.11950E+02     0.16583E+04
 0.12050E+02     0.16697E+04
 0.12150E+02     0.16791E+04
 0.12250E+02     0.16884E+04
 0.12350E+02     0.16978E+04
 0.12450E+02     0.17071E+04
 0.12550E+02     0.17154E+04
 0.12650E+02     0.17225E+04
 0.12750E+02     0.17297E+04
 0.12850E+02     0.17368E+04
 0.12950E+02     0.17440E+04
 0.13050E+02     0.17502E+04
 0.13150E+02     0.17553E+04
 0.13250E+02     0.17605E+04
 0.13350E+02     0.17656E+04
 0.13450E+02     0.17708E+04
 0.13550E+02     0.17751E+04
 0.13650E+02     0.17786E+04
 0.13750E+02     0.17820E+04
 0.13850E+02     0.17855E+04
 0.13950E+02     0.17889E+04
 0.14050E+02     0.17918E+04
 0.14150E+02     0.17940E+04
 0.14250E+02     0.17962E+04
 0.14350E+02     0.17983E+04
 0.14450E+02     0.18005E+04
 0.14550E+02     0.18023E+04
 0.14650E+02     0.18037E+04
 0.14750E+02     0.18050E+04
 0.14850E+02     0.18063E+04
 0.14950E+02     0.18077E+04
 0.15050E+02     0.18073E+04
 0.15150E+02     0.18051E+04
 0.15250E+02     0.18029E+04
 0.15350E+02     0.18007E+04
 0.15450E+02     0.17985E+04
 0.15550E+02     0.17964E+04
 0.15650E+02     0.17944E+04
 0.15750E+02     0.17924E+04
 0.15850E+02     0.17904E+04
 0.15950E+02     0.17884E+04
 0.16050E+02     0.17865E+04
 0.16150E+02     0.17847E+04
 0.16250E+02     0.17829E+04
 0.16350E+02     0.17811E+04
 0.16450E+02     0.17793E+04
 0.16550E+02     0.17777E+04
 0.16650E+02     0.17763E+04
 0.16750E+02     0.17750E+04
 0.16850E+02     0.17736E+04
 0.16950E+02     0.17722E+04
 0.17050E+02     0.17711E+04
 0.17150E+02     0.17702E+04
 0.17250E+02     0.17694E+04
 0.17350E+02     0.17685E+04
 0.17450E+02     0.17676E+04
 0.17550E+02     0.17670E+04
 0.17650E+02     0.17667E+04
 0.17750E+02     0.17664E+04
 0.17850E+02     0.17661E+04
 0.17950E+02     0.17658E+04
 0.18050E+02     0.17657E+04
 0.18150E+02     0.17660E+04
 0.18250E+02     0.17662E+04
 0.18350E+02     0.17664E+04
 0.18450E+02     0.17666E+04
 0.18550E+02     0.17670E+04
 0.18650E+02     0.17676E+04
 0.18750E+02     0.17683E+04
 0.18850E+02     0.17689E+04
 0.18950E+02     0.17695E+04
 0.19050E+02     0.17704E+04
 0.19150E+02     0.17714E+04
 0.19250E+02     0.17724E+04
 0.19350E+02     0.17734E+04
 0.19450E+02     0.17744E+04
 0.19550E+02     0.17756E+04
 0.19650E+02     0.17769E+04
 0.19750E+02     0.17782E+04
 0.19850E+02     0.17795E+04
 0.19950E+02     0.17808E+04
