 0.10250E-09     0.25706E+02
 0.10750E-09     0.25082E+02
 0.11250E-09     0.24527E+02
 0.11750E-09     0.23999E+02
 0.12375E-09     0.23378E+02
 0.13125E-09     0.22700E+02
 0.13875E-09     0.22081E+02
 0.14625E-09     0.21501E+02
 0.15500E-09     0.20888E+02
 0.16500E-09     0.20267E+02
 0.17500E-09     0.19682E+02
 0.18500E-09     0.19125E+02
 0.19500E-09     0.18643E+02
 0.20500E-09     0.18168E+02
 0.21500E-09     0.17747E+02
 0.22500E-09     0.17348E+02
 0.23500E-09     0.16967E+02
 0.24750E-09     0.16539E+02
 0.26250E-09     0.16055E+02
 0.27500E-09     0.15688E+02
 0.29000E-09     0.15275E+02
 0.31000E-09     0.14773E+02
 0.33000E-09     0.14318E+02
 0.35000E-09     0.13903E+02
 0.37000E-09     0.13535E+02
 0.39000E-09     0.13184E+02
 0.41250E-09     0.12812E+02
 0.43750E-09     0.12445E+02
 0.46250E-09     0.12098E+02
 0.48750E-09     0.11787E+02
 0.51250E-09     0.11492E+02
 0.53750E-09     0.11224E+02
 0.56250E-09     0.10969E+02
 0.58750E-09     0.10735E+02
 0.61500E-09     0.10491E+02
 0.64500E-09     0.10243E+02
 0.67500E-09     0.10015E+02
 0.70500E-09     0.97991E+01
 0.74000E-09     0.95747E+01
 0.78000E-09     0.93214E+01
 0.82000E-09     0.90895E+01
 0.86000E-09     0.88792E+01
 0.90000E-09     0.86734E+01
 0.94000E-09     0.84916E+01
 0.98000E-09     0.83134E+01
 0.10250E-08     0.81293E+01
 0.10750E-08     0.79374E+01
 0.11250E-08     0.77593E+01
 0.11750E-08     0.75917E+01
 0.12375E-08     0.73979E+01
 0.13125E-08     0.71825E+01
 0.13875E-08     0.69863E+01
 0.14625E-08     0.68120E+01
 0.15500E-08     0.66137E+01
 0.16500E-08     0.64104E+01
 0.17500E-08     0.62229E+01
 0.18500E-08     0.60530E+01
 0.19500E-08     0.58943E+01
 0.20500E-08     0.57494E+01
 0.21500E-08     0.56128E+01
 0.22500E-08     0.54873E+01
 0.23500E-08     0.53682E+01
 0.24750E-08     0.52314E+01
 0.26250E-08     0.50790E+01
 0.27500E-08     0.49620E+01
 0.29000E-08     0.48369E+01
 0.31000E-08     0.46763E+01
 0.33000E-08     0.45331E+01
 0.35000E-08     0.44001E+01
 0.37000E-08     0.42803E+01
 0.39000E-08     0.41678E+01
 0.41250E-08     0.40533E+01
 0.43750E-08     0.39346E+01
 0.46250E-08     0.38273E+01
 0.48750E-08     0.37276E+01
 0.51250E-08     0.36351E+01
 0.53750E-08     0.35501E+01
 0.56250E-08     0.34710E+01
 0.58750E-08     0.33996E+01
 0.61500E-08     0.33212E+01
 0.64500E-08     0.32416E+01
 0.67500E-08     0.31706E+01
 0.70500E-08     0.31001E+01
 0.74000E-08     0.30271E+01
 0.78000E-08     0.29474E+01
 0.82000E-08     0.28751E+01
 0.86000E-08     0.28066E+01
 0.90000E-08     0.27440E+01
 0.94000E-08     0.26842E+01
 0.98000E-08     0.26294E+01
 0.10250E-07     0.25705E+01
 0.10750E-07     0.25104E+01
 0.11250E-07     0.24546E+01
 0.11750E-07     0.24042E+01
 0.12375E-07     0.23412E+01
 0.13125E-07     0.22737E+01
 0.13875E-07     0.22111E+01
 0.14625E-07     0.21535E+01
 0.15500E-07     0.20917E+01
 0.16500E-07     0.20274E+01
 0.17500E-07     0.19678E+01
 0.18500E-07     0.19139E+01
 0.19500E-07     0.18640E+01
 0.20500E-07     0.18176E+01
 0.21500E-07     0.17750E+01
 0.22500E-07     0.17356E+01
 0.23500E-07     0.16999E+01
 0.24750E-07     0.16555E+01
 0.26250E-07     0.16077E+01
 0.27500E-07     0.15705E+01
 0.29000E-07     0.15295E+01
 0.31000E-07     0.14790E+01
 0.33000E-07     0.14335E+01
 0.35000E-07     0.13917E+01
 0.37000E-07     0.13532E+01
 0.39000E-07     0.13180E+01
 0.41250E-07     0.12816E+01
 0.43750E-07     0.12454E+01
 0.46250E-07     0.12120E+01
 0.48750E-07     0.11799E+01
 0.51250E-07     0.11517E+01
 0.53750E-07     0.11241E+01
 0.56250E-07     0.10994E+01
 0.58750E-07     0.10753E+01
 0.61500E-07     0.10511E+01
 0.64500E-07     0.10260E+01
 0.67500E-07     0.10030E+01
 0.70500E-07     0.98102E+00
 0.74000E-07     0.95775E+00
 0.78000E-07     0.93264E+00
 0.82000E-07     0.90964E+00
 0.86000E-07     0.88928E+00
 0.90000E-07     0.86961E+00
 0.94000E-07     0.85039E+00
 0.98000E-07     0.83370E+00
 0.10250E-06     0.81527E+00
 0.10750E-06     0.79603E+00
 0.11250E-06     0.77825E+00
 0.11750E-06     0.76100E+00
 0.12375E-06     0.74182E+00
 0.13125E-06     0.72007E+00
 0.13875E-06     0.70024E+00
 0.14625E-06     0.68287E+00
 0.15500E-06     0.66341E+00
 0.16500E-06     0.64231E+00
 0.17500E-06     0.62419E+00
 0.18500E-06     0.60655E+00
 0.19500E-06     0.59134E+00
 0.20500E-06     0.57665E+00
 0.21500E-06     0.56392E+00
 0.22500E-06     0.55223E+00
 0.23500E-06     0.54053E+00
 0.24750E-06     0.52598E+00
 0.26250E-06     0.51073E+00
 0.27500E-06     0.49948E+00
 0.29000E-06     0.48609E+00
 0.31000E-06     0.47005E+00
 0.33000E-06     0.45583E+00
 0.35000E-06     0.44232E+00
 0.37000E-06     0.43070E+00
 0.39000E-06     0.41943E+00
 0.41250E-06     0.40896E+00
 0.43750E-06     0.39773E+00
 0.46250E-06     0.38651E+00
 0.48750E-06     0.37595E+00
 0.51250E-06     0.36735E+00
 0.53750E-06     0.35889E+00
 0.56250E-06     0.35042E+00
 0.58750E-06     0.34294E+00
 0.61500E-06     0.33565E+00
 0.64500E-06     0.32770E+00
 0.67500E-06     0.32025E+00
 0.70500E-06     0.31382E+00
 0.74000E-06     0.30636E+00
 0.78000E-06     0.29893E+00
 0.82000E-06     0.29235E+00
 0.86000E-06     0.28576E+00
 0.90000E-06     0.27917E+00
 0.94000E-06     0.27279E+00
 0.98000E-06     0.26767E+00
 0.10250E-05     0.26216E+00
 0.10750E-05     0.25602E+00
 0.11250E-05     0.25008E+00
 0.11750E-05     0.24516E+00
 0.12375E-05     0.23922E+00
 0.13125E-05     0.23230E+00
 0.13875E-05     0.22644E+00
 0.14625E-05     0.22071E+00
 0.15500E-05     0.21512E+00
 0.16500E-05     0.20927E+00
 0.17500E-05     0.20342E+00
 0.18500E-05     0.19772E+00
 0.19500E-05     0.19318E+00
 0.20500E-05     0.18886E+00
 0.21500E-05     0.18455E+00
 0.22500E-05     0.18055E+00
 0.23500E-05     0.17720E+00
 0.24750E-05     0.17306E+00
 0.26250E-05     0.16836E+00
 0.27500E-05     0.16501E+00
 0.29000E-05     0.16109E+00
 0.31000E-05     0.15672E+00
 0.33000E-05     0.15272E+00
 0.35000E-05     0.14873E+00
 0.37000E-05     0.14492E+00
 0.39000E-05     0.14193E+00
 0.41250E-05     0.13869E+00
 0.43750E-05     0.13514E+00
 0.46250E-05     0.13222E+00
 0.48750E-05     0.12950E+00
 0.51250E-05     0.12683E+00
 0.53750E-05     0.12461E+00
 0.56250E-05     0.12249E+00
 0.58750E-05     0.12045E+00
 0.61500E-05     0.11870E+00
 0.64500E-05     0.11687E+00
 0.67500E-05     0.11505E+00
 0.70500E-05     0.11322E+00
 0.74000E-05     0.11127E+00
 0.78000E-05     0.10961E+00
 0.82000E-05     0.10800E+00
 0.86000E-05     0.10639E+00
 0.90000E-05     0.10505E+00
 0.94000E-05     0.10398E+00
 0.98000E-05     0.10292E+00
 0.10250E-04     0.10178E+00
 0.10750E-04     0.10088E+00
 0.11250E-04     0.10005E+00
 0.11750E-04     0.99297E-01
 0.12375E-04     0.98846E-01
 0.13125E-04     0.98370E-01
 0.13875E-04     0.97894E-01
 0.14625E-04     0.97685E-01
 0.15500E-04     0.98207E-01
 0.16500E-04     0.98894E-01
 0.17500E-04     0.99668E-01
 0.18500E-04     0.10122E+00
 0.19500E-04     0.10296E+00
 0.20500E-04     0.10526E+00
 0.21500E-04     0.10833E+00
 0.22500E-04     0.11155E+00
 0.23500E-04     0.11559E+00
 0.24750E-04     0.12196E+00
 0.26250E-04     0.13086E+00
 0.27500E-04     0.14036E+00
 0.29000E-04     0.15480E+00
 0.31000E-04     0.18103E+00
 0.33000E-04     0.21957E+00
 0.35000E-04     0.27954E+00
 0.37000E-04     0.37916E+00
 0.39000E-04     0.56246E+00
 0.41250E-04     0.10614E+01
 0.43750E-04     0.35384E+01
 0.46250E-04     0.21882E+03
 0.48750E-04     0.23648E+02
 0.51250E-04     0.18318E+01
 0.53750E-04     0.68733E+00
 0.56250E-04     0.36766E+00
 0.58750E-04     0.23450E+00
 0.61500E-04     0.16294E+00
 0.64500E-04     0.12122E+00
 0.67500E-04     0.97957E-01
 0.70500E-04     0.84728E-01
 0.74000E-04     0.77896E-01
 0.78000E-04     0.80065E-01
 0.82000E-04     0.10087E+00
 0.86000E-04     0.19640E+00
 0.90000E-04     0.48956E+01
 0.94000E-04     0.27404E+02
 0.98000E-04     0.23688E+00
 0.10250E-03     0.88584E-01
 0.10750E-03     0.54644E-01
 0.11250E-03     0.42908E-01
 0.11750E-03     0.37369E-01
 0.12375E-03     0.33779E-01
 0.13125E-03     0.31510E-01
 0.13875E-03     0.30305E-01
 0.14625E-03     0.29701E-01
 0.15500E-03     0.29504E-01
 0.16500E-03     0.29680E-01
 0.17500E-03     0.30249E-01
 0.18500E-03     0.31228E-01
 0.19500E-03     0.32679E-01
 0.20500E-03     0.34930E-01
 0.21500E-03     0.38597E-01
 0.22500E-03     0.45586E-01
 0.23500E-03     0.65031E-01
 0.24750E-03     0.97048E+01
 0.26250E-03     0.27145E+00
 0.27500E-03     0.95795E-01
 0.29000E-03     0.16897E+00
 0.31000E-03     0.26449E+02
 0.33000E-03     0.22618E+02
 0.35000E-03     0.26545E+00
 0.37000E-03     0.10550E+00
 0.39000E-03     0.71977E-01
 0.41250E-03     0.61126E-01
 0.43750E-03     0.76496E-01
 0.46250E-03     0.21849E+01
 0.48750E-03     0.83116E+00
 0.51250E-03     0.97509E+00
 0.53750E-03     0.24137E+02
 0.56250E-03     0.60896E+00
 0.58750E-03     0.21832E+00
 0.61500E-03     0.13915E+00
 0.64500E-03     0.20417E+00
 0.67500E-03     0.67004E+01
 0.70500E-03     0.31588E+00
 0.74000E-03     0.18148E+02
 0.78000E-03     0.33447E+00
 0.82000E-03     0.16297E+00
 0.86000E-03     0.26250E+00
 0.90000E-03     0.23517E+01
 0.94000E-03     0.65723E+01
 0.98000E-03     0.16436E+00
 0.10250E-02     0.12826E+00
 0.10750E-02     0.11976E+00
 0.11250E-02     0.14742E+01
 0.11750E-02     0.10609E+00
 0.12375E-02     0.10833E+00
 0.13125E-02     0.41091E+01
 0.13875E-02     0.16008E+01
 0.14625E-02     0.37953E+01
 0.15500E-02     0.17168E+00
 0.16500E-02     0.35876E+01
 0.17500E-02     0.45771E+00
 0.18500E-02     0.14161E+01
 0.19500E-02     0.32034E+01
 0.20500E-02     0.90025E+00
 0.21500E-02     0.32216E+00
 0.22500E-02     0.43444E+00
 0.23500E-02     0.56894E+00
 0.24750E-02     0.17651E+01
 0.26250E-02     0.18283E+01
 0.27500E-02     0.18405E+01
 0.29000E-02     0.18575E+01
 0.31000E-02     0.18852E+01
 0.33000E-02     0.19182E+01
 0.35000E-02     0.19512E+01
 0.37000E-02     0.19868E+01
 0.39000E-02     0.20237E+01
 0.41250E-02     0.20652E+01
 0.43750E-02     0.21135E+01
 0.46250E-02     0.21627E+01
 0.48750E-02     0.22120E+01
 0.51250E-02     0.22626E+01
 0.53750E-02     0.23135E+01
 0.56250E-02     0.23645E+01
 0.58750E-02     0.24159E+01
 0.61500E-02     0.24727E+01
 0.64500E-02     0.25348E+01
 0.67500E-02     0.25970E+01
 0.70500E-02     0.26594E+01
 0.74000E-02     0.27319E+01
 0.78000E-02     0.28149E+01
 0.82000E-02     0.28976E+01
 0.86000E-02     0.29804E+01
 0.90000E-02     0.30626E+01
 0.94000E-02     0.31445E+01
 0.98000E-02     0.32264E+01
 0.10250E-01     0.33211E+01
 0.10750E-01     0.34290E+01
 0.11250E-01     0.35369E+01
 0.11750E-01     0.36447E+01
 0.12375E-01     0.37774E+01
 0.13125E-01     0.39354E+01
 0.13875E-01     0.40934E+01
 0.14625E-01     0.42500E+01
 0.15500E-01     0.44291E+01
 0.16500E-01     0.46344E+01
 0.17500E-01     0.48371E+01
 0.18500E-01     0.50369E+01
 0.19500E-01     0.52367E+01
 0.20500E-01     0.54383E+01
 0.21500E-01     0.56415E+01
 0.22500E-01     0.58446E+01
 0.23500E-01     0.60450E+01
 0.24750E-01     0.62933E+01
 0.26250E-01     0.65903E+01
 0.27500E-01     0.68355E+01
 0.29000E-01     0.71262E+01
 0.31000E-01     0.75110E+01
 0.33000E-01     0.78921E+01
 0.35000E-01     0.82656E+01
 0.37000E-01     0.86388E+01
 0.39000E-01     0.90119E+01
 0.41250E-01     0.94262E+01
 0.43750E-01     0.98766E+01
 0.46250E-01     0.10327E+02
 0.48750E-01     0.10777E+02
 0.51250E-01     0.11223E+02
 0.53750E-01     0.11666E+02
 0.56250E-01     0.12109E+02
 0.58750E-01     0.12552E+02
 0.61500E-01     0.13032E+02
 0.64500E-01     0.13548E+02
 0.67500E-01     0.14064E+02
 0.70500E-01     0.14581E+02
 0.74000E-01     0.15172E+02
 0.78000E-01     0.15841E+02
 0.82000E-01     0.16511E+02
 0.86000E-01     0.17175E+02
 0.90000E-01     0.17828E+02
 0.94000E-01     0.18480E+02
 0.98000E-01     0.19131E+02
 0.10250E+00     0.19850E+02
 0.10750E+00     0.20627E+02
 0.11250E+00     0.21405E+02
 0.11750E+00     0.22182E+02
 0.12375E+00     0.23138E+02
 0.13125E+00     0.24267E+02
 0.13875E+00     0.25396E+02
 0.14625E+00     0.26513E+02
 0.15500E+00     0.27791E+02
 0.16500E+00     0.29250E+02
 0.17500E+00     0.30689E+02
 0.18500E+00     0.32106E+02
 0.19500E+00     0.33522E+02
 0.20500E+00     0.34865E+02
 0.21500E+00     0.36117E+02
 0.22500E+00     0.37368E+02
 0.23500E+00     0.38619E+02
 0.24750E+00     0.40175E+02
 0.26250E+00     0.42025E+02
 0.27500E+00     0.43524E+02
 0.29000E+00     0.45245E+02
 0.31000E+00     0.47398E+02
 0.33000E+00     0.49451E+02
 0.35000E+00     0.51543E+02
 0.37000E+00     0.53649E+02
 0.39000E+00     0.55653E+02
 0.41250E+00     0.57833E+02
 0.43750E+00     0.60126E+02
 0.46250E+00     0.62381E+02
 0.48750E+00     0.64574E+02
 0.51250E+00     0.66709E+02
 0.53750E+00     0.68850E+02
 0.56250E+00     0.70998E+02
 0.58750E+00     0.73086E+02
 0.61500E+00     0.75251E+02
 0.64500E+00     0.77432E+02
 0.67500E+00     0.79506E+02
 0.70500E+00     0.81557E+02
 0.74000E+00     0.83867E+02
 0.78000E+00     0.86501E+02
 0.82000E+00     0.89133E+02
 0.86000E+00     0.91642E+02
 0.90000E+00     0.94087E+02
 0.94000E+00     0.96566E+02
 0.98000E+00     0.99061E+02
 0.10500E+01     0.10368E+03
 0.11500E+01     0.10955E+03
 0.12500E+01     0.11511E+03
 0.13500E+01     0.12038E+03
 0.14500E+01     0.12526E+03
 0.15500E+01     0.13038E+03
 0.16500E+01     0.13594E+03
 0.17500E+01     0.14257E+03
 0.18500E+01     0.14920E+03
 0.19500E+01     0.15494E+03
 0.20500E+01     0.16149E+03
 0.21500E+01     0.16895E+03
 0.22500E+01     0.17641E+03
 0.23500E+01     0.18387E+03
 0.24500E+01     0.19134E+03
 0.25500E+01     0.19892E+03
 0.26500E+01     0.20654E+03
 0.27500E+01     0.21417E+03
 0.28500E+01     0.22179E+03
 0.29500E+01     0.22941E+03
 0.30500E+01     0.23822E+03
 0.31500E+01     0.24824E+03
 0.32500E+01     0.25815E+03
 0.33500E+01     0.26787E+03
 0.34500E+01     0.27755E+03
 0.35500E+01     0.28706E+03
 0.36500E+01     0.29654E+03
 0.37500E+01     0.30617E+03
 0.38500E+01     0.31589E+03
 0.39500E+01     0.32561E+03
 0.40500E+01     0.33530E+03
 0.41500E+01     0.34498E+03
 0.42500E+01     0.35467E+03
 0.43500E+01     0.36435E+03
 0.44500E+01     0.37404E+03
 0.45500E+01     0.38376E+03
 0.46500E+01     0.39348E+03
 0.47500E+01     0.40320E+03
 0.48500E+01     0.41293E+03
 0.49500E+01     0.42265E+03
 0.50500E+01     0.43239E+03
 0.51500E+01     0.44212E+03
 0.52500E+01     0.45180E+03
 0.53500E+01     0.46143E+03
 0.54500E+01     0.47106E+03
 0.55500E+01     0.48074E+03
 0.56500E+01     0.49051E+03
 0.57500E+01     0.50025E+03
 0.58500E+01     0.50997E+03
 0.59500E+01     0.51968E+03
 0.60500E+01     0.52939E+03
 0.61500E+01     0.53919E+03
 0.62500E+01     0.54899E+03
 0.63500E+01     0.55877E+03
 0.64500E+01     0.56855E+03
 0.65500E+01     0.57833E+03
 0.66500E+01     0.58812E+03
 0.67500E+01     0.59794E+03
 0.68500E+01     0.60777E+03
 0.69500E+01     0.61759E+03
 0.70500E+01     0.62691E+03
 0.71500E+01     0.63572E+03
 0.72500E+01     0.64453E+03
 0.73500E+01     0.65334E+03
 0.74500E+01     0.66212E+03
 0.75500E+01     0.67091E+03
 0.76500E+01     0.67971E+03
 0.77500E+01     0.68847E+03
 0.78500E+01     0.69723E+03
 0.79500E+01     0.70600E+03
 0.80500E+01     0.71478E+03
 0.81500E+01     0.72352E+03
 0.82500E+01     0.73227E+03
 0.83500E+01     0.74102E+03
 0.84500E+01     0.74977E+03
 0.85500E+01     0.75850E+03
 0.86500E+01     0.76724E+03
 0.87500E+01     0.77599E+03
 0.88500E+01     0.78470E+03
 0.89500E+01     0.79342E+03
 0.90500E+01     0.80215E+03
 0.91500E+01     0.81091E+03
 0.92500E+01     0.81958E+03
 0.93500E+01     0.82830E+03
 0.94500E+01     0.83701E+03
 0.95500E+01     0.84577E+03
 0.96500E+01     0.85442E+03
 0.97500E+01     0.86312E+03
 0.98500E+01     0.87182E+03
 0.99500E+01     0.88052E+03
 0.10050E+02     0.88899E+03
 0.10150E+02     0.89720E+03
 0.10250E+02     0.90542E+03
 0.10350E+02     0.91364E+03
 0.10450E+02     0.92186E+03
 0.10550E+02     0.93007E+03
 0.10650E+02     0.93829E+03
 0.10750E+02     0.94651E+03
 0.10850E+02     0.95472E+03
 0.10950E+02     0.96294E+03
 0.11050E+02     0.97116E+03
 0.11150E+02     0.97938E+03
 0.11250E+02     0.98759E+03
 0.11350E+02     0.99581E+03
 0.11450E+02     0.10040E+04
 0.11550E+02     0.10122E+04
 0.11650E+02     0.10205E+04
 0.11750E+02     0.10287E+04
 0.11850E+02     0.10369E+04
 0.11950E+02     0.10451E+04
 0.12050E+02     0.10524E+04
 0.12150E+02     0.10587E+04
 0.12250E+02     0.10650E+04
 0.12350E+02     0.10712E+04
 0.12450E+02     0.10775E+04
 0.12550E+02     0.10838E+04
 0.12650E+02     0.10901E+04
 0.12750E+02     0.10964E+04
 0.12850E+02     0.11027E+04
 0.12950E+02     0.11089E+04
 0.13050E+02     0.11152E+04
 0.13150E+02     0.11215E+04
 0.13250E+02     0.11278E+04
 0.13350E+02     0.11341E+04
 0.13450E+02     0.11403E+04
 0.13550E+02     0.11466E+04
 0.13650E+02     0.11529E+04
 0.13750E+02     0.11592E+04
 0.13850E+02     0.11655E+04
 0.13950E+02     0.11718E+04
 0.14050E+02     0.11780E+04
 0.14150E+02     0.11843E+04
 0.14250E+02     0.11906E+04
 0.14350E+02     0.11969E+04
 0.14450E+02     0.12032E+04
 0.14550E+02     0.12095E+04
 0.14650E+02     0.12157E+04
 0.14750E+02     0.12220E+04
 0.14850E+02     0.12283E+04
 0.14950E+02     0.12346E+04
 0.15050E+02     0.12395E+04
 0.15150E+02     0.12430E+04
 0.15250E+02     0.12464E+04
 0.15350E+02     0.12499E+04
 0.15450E+02     0.12533E+04
 0.15550E+02     0.12568E+04
 0.15650E+02     0.12603E+04
 0.15750E+02     0.12637E+04
 0.15850E+02     0.12672E+04
 0.15950E+02     0.12706E+04
 0.16050E+02     0.12741E+04
 0.16150E+02     0.12776E+04
 0.16250E+02     0.12810E+04
 0.16350E+02     0.12845E+04
 0.16450E+02     0.12879E+04
 0.16550E+02     0.12914E+04
 0.16650E+02     0.12949E+04
 0.16750E+02     0.12983E+04
 0.16850E+02     0.13018E+04
 0.16950E+02     0.13052E+04
 0.17050E+02     0.13087E+04
 0.17150E+02     0.13122E+04
 0.17250E+02     0.13156E+04
 0.17350E+02     0.13190E+04
 0.17450E+02     0.13221E+04
 0.17550E+02     0.13250E+04
 0.17650E+02     0.13280E+04
 0.17750E+02     0.13310E+04
 0.17850E+02     0.13340E+04
 0.17950E+02     0.13370E+04
 0.18050E+02     0.13399E+04
 0.18150E+02     0.13429E+04
 0.18250E+02     0.13459E+04
 0.18350E+02     0.13489E+04
 0.18450E+02     0.13519E+04
 0.18550E+02     0.13549E+04
 0.18650E+02     0.13578E+04
 0.18750E+02     0.13608E+04
 0.18850E+02     0.13638E+04
 0.18950E+02     0.13668E+04
 0.19050E+02     0.13698E+04
 0.19150E+02     0.13727E+04
 0.19250E+02     0.13757E+04
 0.19350E+02     0.13787E+04
 0.19450E+02     0.13817E+04
 0.19550E+02     0.13847E+04
 0.19650E+02     0.13876E+04
 0.19750E+02     0.13906E+04
 0.19850E+02     0.13936E+04
 0.19950E+02     0.13966E+04
