 0.10250E-09     0.10000E-34
 0.10750E-09     0.10000E-34
 0.11250E-09     0.10000E-34
 0.11750E-09     0.34076E+03
 0.12375E-09     0.13702E+04
 0.13125E-09     0.13665E+04
 0.13875E-09     0.13627E+04
 0.14625E-09     0.13590E+04
 0.15500E-09     0.13546E+04
 0.16500E-09     0.13496E+04
 0.17500E-09     0.13446E+04
 0.18500E-09     0.13396E+04
 0.19500E-09     0.13346E+04
 0.20500E-09     0.13296E+04
 0.21500E-09     0.13246E+04
 0.22500E-09     0.13196E+04
 0.23500E-09     0.13146E+04
 0.24750E-09     0.13083E+04
 0.26250E-09     0.13008E+04
 0.27500E-09     0.12945E+04
 0.29000E-09     0.12870E+04
 0.31000E-09     0.12770E+04
 0.33000E-09     0.12670E+04
 0.35000E-09     0.12570E+04
 0.37000E-09     0.12470E+04
 0.39000E-09     0.12370E+04
 0.41250E-09     0.12257E+04
 0.43750E-09     0.12132E+04
 0.46250E-09     0.12007E+04
 0.48750E-09     0.11882E+04
 0.51250E-09     0.11800E+04
 0.53750E-09     0.11762E+04
 0.56250E-09     0.11723E+04
 0.58750E-09     0.11685E+04
 0.61500E-09     0.11642E+04
 0.64500E-09     0.11596E+04
 0.67500E-09     0.11550E+04
 0.70500E-09     0.11504E+04
 0.74000E-09     0.11450E+04
 0.78000E-09     0.11388E+04
 0.82000E-09     0.11326E+04
 0.86000E-09     0.11265E+04
 0.90000E-09     0.11203E+04
 0.94000E-09     0.11142E+04
 0.98000E-09     0.11080E+04
 0.10250E-08     0.11039E+04
 0.10750E-08     0.11019E+04
 0.11250E-08     0.10999E+04
 0.11750E-08     0.10980E+04
 0.12375E-08     0.10954E+04
 0.13125E-08     0.10925E+04
 0.13875E-08     0.10895E+04
 0.14625E-08     0.10865E+04
 0.15500E-08     0.10830E+04
 0.16500E-08     0.10790E+04
 0.17500E-08     0.10750E+04
 0.18500E-08     0.10710E+04
 0.19500E-08     0.10670E+04
 0.20500E-08     0.10630E+04
 0.21500E-08     0.10590E+04
 0.22500E-08     0.10550E+04
 0.23500E-08     0.10510E+04
 0.24750E-08     0.10460E+04
 0.26250E-08     0.10400E+04
 0.27500E-08     0.10350E+04
 0.29000E-08     0.10290E+04
 0.31000E-08     0.10210E+04
 0.33000E-08     0.10130E+04
 0.35000E-08     0.10051E+04
 0.37000E-08     0.99707E+03
 0.39000E-08     0.98908E+03
 0.41250E-08     0.98008E+03
 0.43750E-08     0.97009E+03
 0.46250E-08     0.96011E+03
 0.48750E-08     0.95013E+03
 0.51250E-08     0.94362E+03
 0.53750E-08     0.94054E+03
 0.56250E-08     0.93746E+03
 0.58750E-08     0.93438E+03
 0.61500E-08     0.93099E+03
 0.64500E-08     0.92730E+03
 0.67500E-08     0.92360E+03
 0.70500E-08     0.91991E+03
 0.74000E-08     0.91559E+03
 0.78000E-08     0.91066E+03
 0.82000E-08     0.90573E+03
 0.86000E-08     0.90081E+03
 0.90000E-08     0.89588E+03
 0.94000E-08     0.89095E+03
 0.98000E-08     0.88602E+03
 0.10250E-07     0.88234E+03
 0.10750E-07     0.87989E+03
 0.11250E-07     0.87743E+03
 0.11750E-07     0.87498E+03
 0.12375E-07     0.87191E+03
 0.13125E-07     0.86823E+03
 0.13875E-07     0.86455E+03
 0.14625E-07     0.86087E+03
 0.15500E-07     0.85657E+03
 0.16500E-07     0.85166E+03
 0.17500E-07     0.84676E+03
 0.18500E-07     0.84185E+03
 0.19500E-07     0.83695E+03
 0.20500E-07     0.83204E+03
 0.21500E-07     0.82713E+03
 0.22500E-07     0.82223E+03
 0.23500E-07     0.81732E+03
 0.24750E-07     0.81123E+03
 0.26250E-07     0.80720E+03
 0.27500E-07     0.80549E+03
 0.29000E-07     0.80344E+03
 0.31000E-07     0.80071E+03
 0.33000E-07     0.79798E+03
 0.35000E-07     0.79525E+03
 0.37000E-07     0.79252E+03
 0.39000E-07     0.78978E+03
 0.41250E-07     0.78671E+03
 0.43750E-07     0.78330E+03
 0.46250E-07     0.77988E+03
 0.48750E-07     0.77647E+03
 0.51250E-07     0.77306E+03
 0.53750E-07     0.76964E+03
 0.56250E-07     0.76623E+03
 0.58750E-07     0.76282E+03
 0.61500E-07     0.75906E+03
 0.64500E-07     0.75496E+03
 0.67500E-07     0.75087E+03
 0.70500E-07     0.74677E+03
 0.74000E-07     0.74200E+03
 0.78000E-07     0.73653E+03
 0.82000E-07     0.73107E+03
 0.86000E-07     0.72561E+03
 0.90000E-07     0.72015E+03
 0.94000E-07     0.71469E+03
 0.98000E-07     0.70922E+03
 0.10250E-06     0.70584E+03
 0.10750E-06     0.70457E+03
 0.11250E-06     0.70329E+03
 0.11750E-06     0.70202E+03
 0.12375E-06     0.70043E+03
 0.13125E-06     0.69851E+03
 0.13875E-06     0.69660E+03
 0.14625E-06     0.69469E+03
 0.15500E-06     0.69246E+03
 0.16500E-06     0.68991E+03
 0.17500E-06     0.68736E+03
 0.18500E-06     0.68481E+03
 0.19500E-06     0.68226E+03
 0.20500E-06     0.67970E+03
 0.21500E-06     0.67715E+03
 0.22500E-06     0.67460E+03
 0.23500E-06     0.67205E+03
 0.24750E-06     0.66887E+03
 0.26250E-06     0.66505E+03
 0.27500E-06     0.66185E+03
 0.29000E-06     0.65804E+03
 0.31000E-06     0.65294E+03
 0.33000E-06     0.64784E+03
 0.35000E-06     0.64273E+03
 0.37000E-06     0.63763E+03
 0.39000E-06     0.63253E+03
 0.41250E-06     0.62680E+03
 0.43750E-06     0.62042E+03
 0.46250E-06     0.61405E+03
 0.48750E-06     0.60767E+03
 0.51250E-06     0.60350E+03
 0.53750E-06     0.60157E+03
 0.56250E-06     0.59965E+03
 0.58750E-06     0.59772E+03
 0.61500E-06     0.59561E+03
 0.64500E-06     0.59329E+03
 0.67500E-06     0.59098E+03
 0.70500E-06     0.58867E+03
 0.74000E-06     0.58598E+03
 0.78000E-06     0.58290E+03
 0.82000E-06     0.57982E+03
 0.86000E-06     0.57674E+03
 0.90000E-06     0.57366E+03
 0.94000E-06     0.57058E+03
 0.98000E-06     0.56750E+03
 0.10250E-05     0.56544E+03
 0.10750E-05     0.56440E+03
 0.11250E-05     0.56337E+03
 0.11750E-05     0.56233E+03
 0.12375E-05     0.56104E+03
 0.13125E-05     0.55949E+03
 0.13875E-05     0.55794E+03
 0.14625E-05     0.55639E+03
 0.15500E-05     0.55458E+03
 0.16500E-05     0.55251E+03
 0.17500E-05     0.55044E+03
 0.18500E-05     0.54837E+03
 0.19500E-05     0.54630E+03
 0.20500E-05     0.54423E+03
 0.21500E-05     0.54216E+03
 0.22500E-05     0.54009E+03
 0.23500E-05     0.53802E+03
 0.24750E-05     0.53544E+03
 0.26250E-05     0.53234E+03
 0.27500E-05     0.52974E+03
 0.29000E-05     0.52666E+03
 0.31000E-05     0.52252E+03
 0.33000E-05     0.51838E+03
 0.35000E-05     0.51424E+03
 0.37000E-05     0.51010E+03
 0.39000E-05     0.50596E+03
 0.41250E-05     0.50131E+03
 0.43750E-05     0.49613E+03
 0.46250E-05     0.49096E+03
 0.48750E-05     0.48579E+03
 0.51250E-05     0.48241E+03
 0.53750E-05     0.48087E+03
 0.56250E-05     0.47933E+03
 0.58750E-05     0.47779E+03
 0.61500E-05     0.47610E+03
 0.64500E-05     0.47425E+03
 0.67500E-05     0.47240E+03
 0.70500E-05     0.47055E+03
 0.74000E-05     0.46840E+03
 0.78000E-05     0.46594E+03
 0.82000E-05     0.46347E+03
 0.86000E-05     0.46101E+03
 0.90000E-05     0.45855E+03
 0.94000E-05     0.45608E+03
 0.98000E-05     0.45362E+03
 0.10250E-04     0.45190E+03
 0.10750E-04     0.45094E+03
 0.11250E-04     0.44997E+03
 0.11750E-04     0.44901E+03
 0.12375E-04     0.44781E+03
 0.13125E-04     0.44637E+03
 0.13875E-04     0.44492E+03
 0.14625E-04     0.44348E+03
 0.15500E-04     0.44180E+03
 0.16500E-04     0.43987E+03
 0.17500E-04     0.43795E+03
 0.18500E-04     0.43602E+03
 0.19500E-04     0.43410E+03
 0.20500E-04     0.43217E+03
 0.21500E-04     0.43025E+03
 0.22500E-04     0.42832E+03
 0.23500E-04     0.42640E+03
 0.24750E-04     0.42400E+03
 0.26250E-04     0.42111E+03
 0.27500E-04     0.41870E+03
 0.29000E-04     0.41582E+03
 0.31000E-04     0.41197E+03
 0.33000E-04     0.40812E+03
 0.35000E-04     0.40427E+03
 0.37000E-04     0.40042E+03
 0.39000E-04     0.39657E+03
 0.41250E-04     0.90728E+03
 0.43750E-04     0.22461E+04
 0.46250E-04     0.10934E+06
 0.48750E-04     0.14182E+05
 0.51250E-04     0.16915E+04
 0.53750E-04     0.89505E+03
 0.56250E-04     0.56130E+03
 0.58750E-04     0.46402E+03
 0.61500E-04     0.41944E+03
 0.64500E-04     0.39205E+03
 0.67500E-04     0.37781E+03
 0.70500E-04     0.37114E+03
 0.74000E-04     0.36536E+03
 0.78000E-04     0.36270E+03
 0.82000E-04     0.37492E+03
 0.86000E-04     0.46991E+03
 0.90000E-04     0.28350E+04
 0.94000E-04     0.13863E+05
 0.98000E-04     0.67777E+03
 0.10250E-03     0.55941E+03
 0.10750E-03     0.43630E+03
 0.11250E-03     0.34233E+03
 0.11750E-03     0.32994E+03
 0.12375E-03     0.32712E+03
 0.13125E-03     0.32482E+03
 0.13875E-03     0.32277E+03
 0.14625E-03     0.32073E+03
 0.15500E-03     0.31835E+03
 0.16500E-03     0.31562E+03
 0.17500E-03     0.31289E+03
 0.18500E-03     0.31016E+03
 0.19500E-03     0.30755E+03
 0.20500E-03     0.30818E+03
 0.21500E-03     0.31032E+03
 0.22500E-03     0.31386E+03
 0.23500E-03     0.38595E+03
 0.24750E-03     0.53154E+04
 0.26250E-03     0.46391E+03
 0.27500E-03     0.33056E+03
 0.29000E-03     0.36584E+03
 0.31000E-03     0.12203E+05
 0.33000E-03     0.11118E+05
 0.35000E-03     0.41680E+03
 0.37000E-03     0.31179E+03
 0.39000E-03     0.29927E+03
 0.41250E-03     0.29325E+03
 0.43750E-03     0.32451E+03
 0.46250E-03     0.14681E+04
 0.48750E-03     0.62524E+03
 0.51250E-03     0.72198E+03
 0.53750E-03     0.14391E+05
 0.56250E-03     0.67310E+03
 0.58750E-03     0.42754E+03
 0.61500E-03     0.37187E+03
 0.64500E-03     0.40212E+03
 0.67500E-03     0.36965E+04
 0.70500E-03     0.40305E+03
 0.74000E-03     0.10931E+05
 0.78000E-03     0.58100E+03
 0.82000E-03     0.16203E+04
 0.86000E-03     0.40375E+03
 0.90000E-03     0.39464E+03
 0.94000E-03     0.40056E+04
 0.98000E-03     0.42315E+03
 0.10250E-02     0.38985E+03
 0.10750E-02     0.38637E+03
 0.11250E-02     0.11226E+04
 0.11750E-02     0.35643E+03
 0.12375E-02     0.33207E+03
 0.13125E-02     0.38405E+04
 0.13875E-02     0.67320E+03
 0.14625E-02     0.26222E+04
 0.15500E-02     0.41041E+03
 0.16500E-02     0.31205E+04
 0.17500E-02     0.67758E+03
 0.18500E-02     0.25082E+04
 0.19500E-02     0.13562E+04
 0.20500E-02     0.90041E+03
 0.21500E-02     0.53080E+03
 0.22500E-02     0.54766E+03
 0.23500E-02     0.62373E+03
 0.24750E-02     0.90197E+03
 0.26250E-02     0.25466E+04
 0.27500E-02     0.36888E+04
 0.29000E-02     0.15983E+04
 0.31000E-02     0.13246E+04
 0.33000E-02     0.73264E+03
 0.35000E-02     0.37590E+04
 0.37000E-02     0.22189E+04
 0.39000E-02     0.39712E+04
 0.41250E-02     0.13075E+04
 0.43750E-02     0.11620E+04
 0.46250E-02     0.21703E+04
 0.48750E-02     0.25425E+04
 0.51250E-02     0.22754E+04
 0.53750E-02     0.12873E+04
 0.56250E-02     0.53097E+04
 0.58750E-02     0.32723E+04
 0.61500E-02     0.44333E+04
 0.64500E-02     0.38445E+04
 0.67500E-02     0.15479E+04
 0.70500E-02     0.27235E+04
 0.74000E-02     0.21267E+04
 0.78000E-02     0.22348E+04
 0.82000E-02     0.29694E+04
 0.86000E-02     0.24195E+04
 0.90000E-02     0.34269E+04
 0.94000E-02     0.31261E+04
 0.98000E-02     0.29657E+04
 0.10250E-01     0.29006E+04
 0.10750E-01     0.30168E+04
 0.11250E-01     0.31331E+04
 0.11750E-01     0.32482E+04
 0.12375E-01     0.33881E+04
 0.13125E-01     0.35557E+04
 0.13875E-01     0.37205E+04
 0.14625E-01     0.38826E+04
 0.15500E-01     0.40667E+04
 0.16500E-01     0.42706E+04
 0.17500E-01     0.44705E+04
 0.18500E-01     0.46607E+04
 0.19500E-01     0.48504E+04
 0.20500E-01     0.50400E+04
 0.21500E-01     0.52217E+04
 0.22500E-01     0.53930E+04
 0.23500E-01     0.55642E+04
 0.24750E-01     0.57758E+04
 0.26250E-01     0.60142E+04
 0.27500E-01     0.62099E+04
 0.29000E-01     0.64345E+04
 0.31000E-01     0.67125E+04
 0.33000E-01     0.69718E+04
 0.35000E-01     0.71940E+04
 0.37000E-01     0.74149E+04
 0.39000E-01     0.76358E+04
 0.41250E-01     0.79824E+04
 0.43750E-01     0.84578E+04
 0.46250E-01     0.89332E+04
 0.48750E-01     0.94086E+04
 0.51250E-01     0.98977E+04
 0.53750E-01     0.10401E+05
 0.56250E-01     0.10904E+05
 0.58750E-01     0.11407E+05
 0.61500E-01     0.11964E+05
 0.64500E-01     0.12582E+05
 0.67500E-01     0.13203E+05
 0.70500E-01     0.13824E+05
 0.74000E-01     0.14547E+05
 0.78000E-01     0.15384E+05
 0.82000E-01     0.16230E+05
 0.86000E-01     0.17082E+05
 0.90000E-01     0.17942E+05
 0.94000E-01     0.18807E+05
 0.98000E-01     0.19673E+05
 0.10250E+00     0.20535E+05
 0.10750E+00     0.21393E+05
 0.11250E+00     0.22252E+05
 0.11750E+00     0.23110E+05
 0.12375E+00     0.24174E+05
 0.13125E+00     0.25390E+05
 0.13875E+00     0.26585E+05
 0.14625E+00     0.27780E+05
 0.15500E+00     0.28805E+05
 0.16500E+00     0.29661E+05
 0.17500E+00     0.30486E+05
 0.18500E+00     0.31125E+05
 0.19500E+00     0.31733E+05
 0.20500E+00     0.32564E+05
 0.21500E+00     0.33620E+05
 0.22500E+00     0.34675E+05
 0.23500E+00     0.35730E+05
 0.24750E+00     0.37027E+05
 0.26250E+00     0.38364E+05
 0.27500E+00     0.39421E+05
 0.29000E+00     0.40678E+05
 0.31000E+00     0.42165E+05
 0.33000E+00     0.43450E+05
 0.35000E+00     0.44706E+05
 0.37000E+00     0.45793E+05
 0.39000E+00     0.46851E+05
 0.41250E+00     0.48113E+05
 0.43750E+00     0.49585E+05
 0.46250E+00     0.51057E+05
 0.48750E+00     0.52530E+05
 0.51250E+00     0.53666E+05
 0.53750E+00     0.54460E+05
 0.56250E+00     0.55255E+05
 0.58750E+00     0.56049E+05
 0.61500E+00     0.57518E+05
 0.64500E+00     0.59675E+05
 0.67500E+00     0.61831E+05
 0.70500E+00     0.63680E+05
 0.74000E+00     0.64630E+05
 0.78000E+00     0.65484E+05
 0.82000E+00     0.66161E+05
 0.86000E+00     0.66718E+05
 0.90000E+00     0.68564E+05
 0.94000E+00     0.78275E+05
 0.98000E+00     0.89318E+05
 0.10500E+01     0.96836E+05
 0.11500E+01     0.10081E+06
 0.12500E+01     0.10350E+06
 0.13500E+01     0.10486E+06
 0.14500E+01     0.10590E+06
 0.15500E+01     0.10667E+06
 0.16500E+01     0.10748E+06
 0.17500E+01     0.11721E+06
 0.18500E+01     0.13603E+06
 0.19500E+01     0.15486E+06
 0.20500E+01     0.16479E+06
 0.21500E+01     0.16567E+06
 0.22500E+01     0.16655E+06
 0.23500E+01     0.16744E+06
 0.24500E+01     0.16832E+06
 0.25500E+01     0.16910E+06
 0.26500E+01     0.16977E+06
 0.27500E+01     0.17044E+06
 0.28500E+01     0.17111E+06
 0.29500E+01     0.17177E+06
 0.30500E+01     0.17247E+06
 0.31500E+01     0.17320E+06
 0.32500E+01     0.17392E+06
 0.33500E+01     0.17465E+06
 0.34500E+01     0.17537E+06
 0.35500E+01     0.18132E+06
 0.36500E+01     0.19262E+06
 0.37500E+01     0.20392E+06
 0.38500E+01     0.21521E+06
 0.39500E+01     0.22651E+06
 0.40500E+01     0.23238E+06
 0.41500E+01     0.23267E+06
 0.42500E+01     0.23297E+06
 0.43500E+01     0.23327E+06
 0.44500E+01     0.23357E+06
 0.45500E+01     0.23387E+06
 0.46500E+01     0.23416E+06
 0.47500E+01     0.23446E+06
 0.48500E+01     0.23476E+06
 0.49500E+01     0.23506E+06
 0.50500E+01     0.23804E+06
 0.51500E+01     0.24379E+06
 0.52500E+01     0.24954E+06
 0.53500E+01     0.25529E+06
 0.54500E+01     0.26104E+06
 0.55500E+01     0.26679E+06
 0.56500E+01     0.27254E+06
 0.57500E+01     0.27829E+06
 0.58500E+01     0.28404E+06
 0.59500E+01     0.28979E+06
 0.60500E+01     0.29266E+06
 0.61500E+01     0.29254E+06
 0.62500E+01     0.29242E+06
 0.63500E+01     0.29230E+06
 0.64500E+01     0.29218E+06
 0.65500E+01     0.29206E+06
 0.66500E+01     0.29194E+06
 0.67500E+01     0.29182E+06
 0.68500E+01     0.29171E+06
 0.69500E+01     0.29159E+06
 0.70500E+01     0.29428E+06
 0.71500E+01     0.29988E+06
 0.72500E+01     0.30549E+06
 0.73500E+01     0.31109E+06
 0.74500E+01     0.31670E+06
 0.75500E+01     0.32230E+06
 0.76500E+01     0.32791E+06
 0.77500E+01     0.33351E+06
 0.78500E+01     0.33912E+06
 0.79500E+01     0.34472E+06
 0.80500E+01     0.34733E+06
 0.81500E+01     0.34680E+06
 0.82500E+01     0.34627E+06
 0.83500E+01     0.34575E+06
 0.84500E+01     0.34522E+06
 0.85500E+01     0.34469E+06
 0.86500E+01     0.34416E+06
 0.87500E+01     0.34364E+06
 0.88500E+01     0.34311E+06
 0.89500E+01     0.34258E+06
 0.90500E+01     0.34537E+06
 0.91500E+01     0.35166E+06
 0.92500E+01     0.35795E+06
 0.93500E+01     0.36424E+06
 0.94500E+01     0.37053E+06
 0.95500E+01     0.37682E+06
 0.96500E+01     0.38311E+06
 0.97500E+01     0.38940E+06
 0.98500E+01     0.39569E+06
 0.99500E+01     0.40198E+06
 0.10050E+02     0.40486E+06
 0.10150E+02     0.40411E+06
 0.10250E+02     0.40335E+06
 0.10350E+02     0.40261E+06
 0.10450E+02     0.40245E+06
 0.10550E+02     0.40262E+06
 0.10650E+02     0.40279E+06
 0.10750E+02     0.40297E+06
 0.10850E+02     0.40314E+06
 0.10950E+02     0.40331E+06
 0.11050E+02     0.40499E+06
 0.11150E+02     0.40821E+06
 0.11250E+02     0.41142E+06
 0.11350E+02     0.41463E+06
 0.11450E+02     0.41785E+06
 0.11550E+02     0.42106E+06
 0.11650E+02     0.42427E+06
 0.11750E+02     0.42748E+06
 0.11850E+02     0.43068E+06
 0.11950E+02     0.43389E+06
 0.12050E+02     0.43479E+06
 0.12150E+02     0.43363E+06
 0.12250E+02     0.43247E+06
 0.12350E+02     0.43131E+06
 0.12450E+02     0.43015E+06
 0.12550E+02     0.42900E+06
 0.12650E+02     0.42785E+06
 0.12750E+02     0.42669E+06
 0.12850E+02     0.42553E+06
 0.12950E+02     0.42437E+06
 0.13050E+02     0.42299E+06
 0.13150E+02     0.42142E+06
 0.13250E+02     0.41984E+06
 0.13350E+02     0.41826E+06
 0.13450E+02     0.41913E+06
 0.13550E+02     0.42237E+06
 0.13650E+02     0.42561E+06
 0.13750E+02     0.42885E+06
 0.13850E+02     0.43209E+06
 0.13950E+02     0.43534E+06
 0.14050E+02     0.43930E+06
 0.14150E+02     0.44397E+06
 0.14250E+02     0.44865E+06
 0.14350E+02     0.45332E+06
 0.14450E+02     0.45799E+06
 0.14550E+02     0.46266E+06
 0.14650E+02     0.46734E+06
 0.14750E+02     0.47201E+06
 0.14850E+02     0.47668E+06
 0.14950E+02     0.48135E+06
 0.15050E+02     0.48365E+06
 0.15150E+02     0.48349E+06
 0.15250E+02     0.48332E+06
 0.15350E+02     0.48316E+06
 0.15450E+02     0.48299E+06
 0.15550E+02     0.48283E+06
 0.15650E+02     0.48266E+06
 0.15750E+02     0.48250E+06
 0.15850E+02     0.48234E+06
 0.15950E+02     0.48217E+06
 0.16050E+02     0.48543E+06
 0.16150E+02     0.49256E+06
 0.16250E+02     0.49968E+06
 0.16350E+02     0.50681E+06
 0.16450E+02     0.51394E+06
 0.16550E+02     0.52107E+06
 0.16650E+02     0.52820E+06
 0.16750E+02     0.53533E+06
 0.16850E+02     0.54246E+06
 0.16950E+02     0.54959E+06
 0.17050E+02     0.55348E+06
 0.17150E+02     0.55349E+06
 0.17250E+02     0.55351E+06
 0.17350E+02     0.55352E+06
 0.17450E+02     0.55354E+06
 0.17550E+02     0.55355E+06
 0.17650E+02     0.55357E+06
 0.17750E+02     0.55358E+06
 0.17850E+02     0.55360E+06
 0.17950E+02     0.55361E+06
 0.18050E+02     0.55362E+06
 0.18150E+02     0.55360E+06
 0.18250E+02     0.55359E+06
 0.18350E+02     0.55358E+06
 0.18450E+02     0.55358E+06
 0.18550E+02     0.55390E+06
 0.18650E+02     0.55443E+06
 0.18750E+02     0.55496E+06
 0.18850E+02     0.55548E+06
 0.18950E+02     0.55601E+06
 0.19050E+02     0.55663E+06
 0.19150E+02     0.55736E+06
 0.19250E+02     0.55810E+06
 0.19350E+02     0.55883E+06
 0.19450E+02     0.55956E+06
 0.19550E+02     0.56029E+06
 0.19650E+02     0.56102E+06
 0.19750E+02     0.56176E+06
 0.19850E+02     0.56249E+06
 0.19950E+02     0.56322E+06
