 0.10250E-09     0.22469E+05
 0.10750E-09     0.14771E+03
 0.11250E-09     0.25575E+01
 0.11750E-09     0.25107E+01
 0.12375E-09     0.24584E+01
 0.13125E-09     0.23987E+01
 0.13875E-09     0.23411E+01
 0.14625E-09     0.22928E+01
 0.15500E-09     0.22381E+01
 0.16500E-09     0.21846E+01
 0.17500E-09     0.21348E+01
 0.18500E-09     0.20913E+01
 0.19500E-09     0.20498E+01
 0.20500E-09     0.20115E+01
 0.21500E-09     0.19750E+01
 0.22500E-09     0.19449E+01
 0.23500E-09     0.19155E+01
 0.24750E-09     0.18789E+01
 0.26250E-09     0.18420E+01
 0.27500E-09     0.18146E+01
 0.29000E-09     0.17820E+01
 0.31000E-09     0.17434E+01
 0.33000E-09     0.17067E+01
 0.35000E-09     0.16746E+01
 0.37000E-09     0.16445E+01
 0.39000E-09     0.16190E+01
 0.41250E-09     0.15927E+01
 0.43750E-09     0.15677E+01
 0.46250E-09     0.15428E+01
 0.48750E-09     0.15193E+01
 0.51250E-09     0.14995E+01
 0.53750E-09     0.14799E+01
 0.56250E-09     0.14611E+01
 0.58750E-09     0.14452E+01
 0.61500E-09     0.14279E+01
 0.64500E-09     0.14108E+01
 0.67500E-09     0.13966E+01
 0.70500E-09     0.13826E+01
 0.74000E-09     0.13683E+01
 0.78000E-09     0.13525E+01
 0.82000E-09     0.13368E+01
 0.86000E-09     0.13215E+01
 0.90000E-09     0.13093E+01
 0.94000E-09     0.12977E+01
 0.98000E-09     0.12862E+01
 0.10250E-08     0.12742E+01
 0.10750E-08     0.12635E+01
 0.11250E-08     0.12530E+01
 0.11750E-08     0.12428E+01
 0.12375E-08     0.12312E+01
 0.13125E-08     0.12177E+01
 0.13875E-08     0.12063E+01
 0.14625E-08     0.11955E+01
 0.15500E-08     0.11829E+01
 0.16500E-08     0.11695E+01
 0.17500E-08     0.11589E+01
 0.18500E-08     0.11485E+01
 0.19500E-08     0.11386E+01
 0.20500E-08     0.11306E+01
 0.21500E-08     0.11228E+01
 0.22500E-08     0.11149E+01
 0.23500E-08     0.11070E+01
 0.24750E-08     0.10972E+01
 0.26250E-08     0.10870E+01
 0.27500E-08     0.10797E+01
 0.29000E-08     0.10708E+01
 0.31000E-08     0.10591E+01
 0.33000E-08     0.10492E+01
 0.35000E-08     0.10400E+01
 0.37000E-08     0.10309E+01
 0.39000E-08     0.10235E+01
 0.41250E-08     0.10161E+01
 0.43750E-08     0.10079E+01
 0.46250E-08     0.99992E+00
 0.48750E-08     0.99195E+00
 0.51250E-08     0.98507E+00
 0.53750E-08     0.97926E+00
 0.56250E-08     0.97344E+00
 0.58750E-08     0.96763E+00
 0.61500E-08     0.96133E+00
 0.64500E-08     0.95595E+00
 0.67500E-08     0.95103E+00
 0.70500E-08     0.94612E+00
 0.74000E-08     0.94050E+00
 0.78000E-08     0.93506E+00
 0.82000E-08     0.92982E+00
 0.86000E-08     0.92457E+00
 0.90000E-08     0.91933E+00
 0.94000E-08     0.91409E+00
 0.98000E-08     0.90896E+00
 0.10250E-07     0.90484E+00
 0.10750E-07     0.90075E+00
 0.11250E-07     0.89665E+00
 0.11750E-07     0.89255E+00
 0.12375E-07     0.88775E+00
 0.13125E-07     0.88330E+00
 0.13875E-07     0.87900E+00
 0.14625E-07     0.87470E+00
 0.15500E-07     0.86968E+00
 0.16500E-07     0.86395E+00
 0.17500E-07     0.85848E+00
 0.18500E-07     0.85355E+00
 0.19500E-07     0.84869E+00
 0.20500E-07     0.84432E+00
 0.21500E-07     0.84009E+00
 0.22500E-07     0.83585E+00
 0.23500E-07     0.83162E+00
 0.24750E-07     0.82635E+00
 0.26250E-07     0.82168E+00
 0.27500E-07     0.81863E+00
 0.29000E-07     0.81505E+00
 0.31000E-07     0.81138E+00
 0.33000E-07     0.80810E+00
 0.35000E-07     0.80495E+00
 0.37000E-07     0.80200E+00
 0.39000E-07     0.79905E+00
 0.41250E-07     0.79573E+00
 0.43750E-07     0.79205E+00
 0.46250E-07     0.78836E+00
 0.48750E-07     0.78468E+00
 0.51250E-07     0.78099E+00
 0.53750E-07     0.77731E+00
 0.56250E-07     0.77362E+00
 0.58750E-07     0.76998E+00
 0.61500E-07     0.76629E+00
 0.64500E-07     0.76230E+00
 0.67500E-07     0.75830E+00
 0.70500E-07     0.75431E+00
 0.74000E-07     0.74967E+00
 0.78000E-07     0.74435E+00
 0.82000E-07     0.73903E+00
 0.86000E-07     0.73370E+00
 0.90000E-07     0.72838E+00
 0.94000E-07     0.72306E+00
 0.98000E-07     0.71832E+00
 0.10250E-06     0.71631E+00
 0.10750E-06     0.71452E+00
 0.11250E-06     0.71272E+00
 0.11750E-06     0.71093E+00
 0.12375E-06     0.70870E+00
 0.13125E-06     0.70601E+00
 0.13875E-06     0.70353E+00
 0.14625E-06     0.70154E+00
 0.15500E-06     0.69926E+00
 0.16500E-06     0.69664E+00
 0.17500E-06     0.69402E+00
 0.18500E-06     0.69140E+00
 0.19500E-06     0.68879E+00
 0.20500E-06     0.68617E+00
 0.21500E-06     0.68355E+00
 0.22500E-06     0.68093E+00
 0.23500E-06     0.67832E+00
 0.24750E-06     0.67506E+00
 0.26250E-06     0.67113E+00
 0.27500E-06     0.66785E+00
 0.29000E-06     0.66395E+00
 0.31000E-06     0.65873E+00
 0.33000E-06     0.65375E+00
 0.35000E-06     0.64884E+00
 0.37000E-06     0.64393E+00
 0.39000E-06     0.63902E+00
 0.41250E-06     0.63351E+00
 0.43750E-06     0.62737E+00
 0.46250E-06     0.62123E+00
 0.48750E-06     0.61510E+00
 0.51250E-06     0.61098E+00
 0.53750E-06     0.60892E+00
 0.56250E-06     0.60687E+00
 0.58750E-06     0.60481E+00
 0.61500E-06     0.60255E+00
 0.64500E-06     0.60008E+00
 0.67500E-06     0.59761E+00
 0.70500E-06     0.59514E+00
 0.74000E-06     0.59227E+00
 0.78000E-06     0.58898E+00
 0.82000E-06     0.58569E+00
 0.86000E-06     0.58240E+00
 0.90000E-06     0.57911E+00
 0.94000E-06     0.57593E+00
 0.98000E-06     0.57329E+00
 0.10250E-05     0.57149E+00
 0.10750E-05     0.57047E+00
 0.11250E-05     0.56944E+00
 0.11750E-05     0.56842E+00
 0.12375E-05     0.56714E+00
 0.13125E-05     0.56560E+00
 0.13875E-05     0.56406E+00
 0.14625E-05     0.56253E+00
 0.15500E-05     0.56074E+00
 0.16500E-05     0.55869E+00
 0.17500E-05     0.55664E+00
 0.18500E-05     0.55459E+00
 0.19500E-05     0.55253E+00
 0.20500E-05     0.55048E+00
 0.21500E-05     0.54843E+00
 0.22500E-05     0.54638E+00
 0.23500E-05     0.54433E+00
 0.24750E-05     0.54178E+00
 0.26250E-05     0.53870E+00
 0.27500E-05     0.53613E+00
 0.29000E-05     0.53308E+00
 0.31000E-05     0.52897E+00
 0.33000E-05     0.52487E+00
 0.35000E-05     0.52077E+00
 0.37000E-05     0.51667E+00
 0.39000E-05     0.51257E+00
 0.41250E-05     0.50797E+00
 0.43750E-05     0.50284E+00
 0.46250E-05     0.49771E+00
 0.48750E-05     0.49259E+00
 0.51250E-05     0.48921E+00
 0.53750E-05     0.48761E+00
 0.56250E-05     0.48601E+00
 0.58750E-05     0.48441E+00
 0.61500E-05     0.48265E+00
 0.64500E-05     0.48073E+00
 0.67500E-05     0.47881E+00
 0.70500E-05     0.47689E+00
 0.74000E-05     0.47465E+00
 0.78000E-05     0.47209E+00
 0.82000E-05     0.46953E+00
 0.86000E-05     0.46697E+00
 0.90000E-05     0.46441E+00
 0.94000E-05     0.46185E+00
 0.98000E-05     0.45929E+00
 0.10250E-04     0.45758E+00
 0.10750E-04     0.45673E+00
 0.11250E-04     0.45588E+00
 0.11750E-04     0.45502E+00
 0.12375E-04     0.45396E+00
 0.13125E-04     0.45269E+00
 0.13875E-04     0.45141E+00
 0.14625E-04     0.45013E+00
 0.15500E-04     0.44865E+00
 0.16500E-04     0.44695E+00
 0.17500E-04     0.44524E+00
 0.18500E-04     0.44354E+00
 0.19500E-04     0.44184E+00
 0.20500E-04     0.44014E+00
 0.21500E-04     0.43843E+00
 0.22500E-04     0.43673E+00
 0.23500E-04     0.43503E+00
 0.24750E-04     0.43291E+00
 0.26250E-04     0.43035E+00
 0.27500E-04     0.42822E+00
 0.29000E-04     0.42568E+00
 0.31000E-04     0.42227E+00
 0.33000E-04     0.41887E+00
 0.35000E-04     0.41546E+00
 0.37000E-04     0.41206E+00
 0.39000E-04     0.41036E+00
 0.41250E-04     0.92256E+00
 0.43750E-04     0.22948E+01
 0.46250E-04     0.10750E+03
 0.48750E-04     0.17631E+02
 0.51250E-04     0.17258E+01
 0.53750E-04     0.91376E+00
 0.56250E-04     0.57458E+00
 0.58750E-04     0.47653E+00
 0.61500E-04     0.43083E+00
 0.64500E-04     0.40308E+00
 0.67500E-04     0.38825E+00
 0.70500E-04     0.38164E+00
 0.74000E-04     0.37609E+00
 0.78000E-04     0.37372E+00
 0.82000E-04     0.38596E+00
 0.86000E-04     0.48172E+00
 0.90000E-04     0.36543E+01
 0.94000E-04     0.13258E+02
 0.98000E-04     0.69891E+00
 0.10250E-03     0.57832E+00
 0.10750E-03     0.45229E+00
 0.11250E-03     0.35670E+00
 0.11750E-03     0.34447E+00
 0.12375E-03     0.34148E+00
 0.13125E-03     0.33929E+00
 0.13875E-03     0.33742E+00
 0.14625E-03     0.33556E+00
 0.15500E-03     0.33339E+00
 0.16500E-03     0.33091E+00
 0.17500E-03     0.32842E+00
 0.18500E-03     0.32575E+00
 0.19500E-03     0.32295E+00
 0.20500E-03     0.32367E+00
 0.21500E-03     0.32600E+00
 0.22500E-03     0.32889E+00
 0.23500E-03     0.40092E+00
 0.24750E-03     0.54938E+01
 0.26250E-03     0.49668E+00
 0.27500E-03     0.34342E+00
 0.29000E-03     0.37766E+00
 0.31000E-03     0.13480E+02
 0.33000E-03     0.12428E+02
 0.35000E-03     0.49885E+00
 0.37000E-03     0.36407E+00
 0.39000E-03     0.34233E+00
 0.41250E-03     0.32911E+00
 0.43750E-03     0.35245E+00
 0.46250E-03     0.15673E+01
 0.48750E-03     0.63494E+00
 0.51250E-03     0.76515E+00
 0.53750E-03     0.15505E+02
 0.56250E-03     0.72843E+00
 0.58750E-03     0.45755E+00
 0.61500E-03     0.39448E+00
 0.64500E-03     0.42652E+00
 0.67500E-03     0.39089E+01
 0.70500E-03     0.42750E+00
 0.74000E-03     0.11675E+02
 0.78000E-03     0.62052E+00
 0.82000E-03     0.17228E+01
 0.86000E-03     0.42885E+00
 0.90000E-03     0.42196E+00
 0.94000E-03     0.42604E+01
 0.98000E-03     0.45046E+00
 0.10250E-02     0.41620E+00
 0.10750E-02     0.41314E+00
 0.11250E-02     0.12061E+01
 0.11750E-02     0.38158E+00
 0.12375E-02     0.35936E+00
 0.13125E-02     0.40477E+01
 0.13875E-02     0.76542E+00
 0.14625E-02     0.28097E+01
 0.15500E-02     0.44206E+00
 0.16500E-02     0.32912E+01
 0.17500E-02     0.75371E+00
 0.18500E-02     0.25563E+01
 0.19500E-02     0.14661E+01
 0.20500E-02     0.97530E+00
 0.21500E-02     0.57387E+00
 0.22500E-02     0.59884E+00
 0.23500E-02     0.69369E+00
 0.24750E-02     0.98382E+00
 0.26250E-02     0.27151E+01
 0.27500E-02     0.38752E+01
 0.29000E-02     0.16901E+01
 0.31000E-02     0.14336E+01
 0.33000E-02     0.81085E+00
 0.35000E-02     0.39303E+01
 0.37000E-02     0.23335E+01
 0.39000E-02     0.41543E+01
 0.41250E-02     0.14173E+01
 0.43750E-02     0.12922E+01
 0.46250E-02     0.23268E+01
 0.48750E-02     0.26999E+01
 0.51250E-02     0.24055E+01
 0.53750E-02     0.14334E+01
 0.56250E-02     0.55113E+01
 0.58750E-02     0.34146E+01
 0.61500E-02     0.46065E+01
 0.64500E-02     0.40393E+01
 0.67500E-02     0.16609E+01
 0.70500E-02     0.28903E+01
 0.74000E-02     0.22850E+01
 0.78000E-02     0.24336E+01
 0.82000E-02     0.31527E+01
 0.86000E-02     0.26036E+01
 0.90000E-02     0.36059E+01
 0.94000E-02     0.33361E+01
 0.98000E-02     0.31388E+01
 0.10250E-01     0.30462E+01
 0.10750E-01     0.31662E+01
 0.11250E-01     0.32861E+01
 0.11750E-01     0.34061E+01
 0.12375E-01     0.35518E+01
 0.13125E-01     0.37242E+01
 0.13875E-01     0.38966E+01
 0.14625E-01     0.40690E+01
 0.15500E-01     0.42490E+01
 0.16500E-01     0.44371E+01
 0.17500E-01     0.46253E+01
 0.18500E-01     0.48134E+01
 0.19500E-01     0.50016E+01
 0.20500E-01     0.51897E+01
 0.21500E-01     0.53779E+01
 0.22500E-01     0.55660E+01
 0.23500E-01     0.57541E+01
 0.24750E-01     0.59838E+01
 0.26250E-01     0.61999E+01
 0.27500E-01     0.63643E+01
 0.29000E-01     0.65599E+01
 0.31000E-01     0.68222E+01
 0.33000E-01     0.70845E+01
 0.35000E-01     0.73468E+01
 0.37000E-01     0.76091E+01
 0.39000E-01     0.78714E+01
 0.41250E-01     0.82414E+01
 0.43750E-01     0.87219E+01
 0.46250E-01     0.92024E+01
 0.48750E-01     0.96829E+01
 0.51250E-01     0.10175E+02
 0.53750E-01     0.10679E+02
 0.56250E-01     0.11182E+02
 0.58750E-01     0.11686E+02
 0.61500E-01     0.12251E+02
 0.64500E-01     0.12880E+02
 0.67500E-01     0.13508E+02
 0.70500E-01     0.14136E+02
 0.74000E-01     0.14867E+02
 0.78000E-01     0.15705E+02
 0.82000E-01     0.16559E+02
 0.86000E-01     0.17430E+02
 0.90000E-01     0.18301E+02
 0.94000E-01     0.19172E+02
 0.98000E-01     0.20043E+02
 0.10250E+00     0.20901E+02
 0.10750E+00     0.21737E+02
 0.11250E+00     0.22573E+02
 0.11750E+00     0.23409E+02
 0.12375E+00     0.24455E+02
 0.13125E+00     0.25709E+02
 0.13875E+00     0.26963E+02
 0.14625E+00     0.28217E+02
 0.15500E+00     0.29214E+02
 0.16500E+00     0.29957E+02
 0.17500E+00     0.30699E+02
 0.18500E+00     0.31441E+02
 0.19500E+00     0.32184E+02
 0.20500E+00     0.33428E+02
 0.21500E+00     0.35398E+02
 0.22500E+00     0.37375E+02
 0.23500E+00     0.39352E+02
 0.24750E+00     0.41649E+02
 0.26250E+00     0.42153E+02
 0.27500E+00     0.41993E+02
 0.29000E+00     0.41800E+02
 0.31000E+00     0.40875E+02
 0.33000E+00     0.39287E+02
 0.35000E+00     0.37570E+02
 0.37000E+00     0.35081E+02
 0.39000E+00     0.32465E+02
 0.41250E+00     0.33739E+02
 0.43750E+00     0.38887E+02
 0.46250E+00     0.44035E+02
 0.48750E+00     0.49183E+02
 0.51250E+00     0.52023E+02
 0.53750E+00     0.52560E+02
 0.56250E+00     0.53097E+02
 0.58750E+00     0.53634E+02
 0.61500E+00     0.57836E+02
 0.64500E+00     0.65697E+02
 0.67500E+00     0.73558E+02
 0.70500E+00     0.76787E+02
 0.74000E+00     0.63659E+02
 0.78000E+00     0.66147E+02
 0.82000E+00     0.76865E+02
 0.86000E+00     0.88062E+02
 0.90000E+00     0.96208E+02
 0.94000E+00     0.86005E+02
 0.98000E+00     0.72737E+02
 0.10500E+01     0.87213E+02
 0.11500E+01     0.12961E+03
 0.12500E+01     0.14429E+03
 0.13500E+01     0.13097E+03
 0.14500E+01     0.10335E+03
 0.15500E+01     0.83880E+02
 0.16500E+01     0.87326E+02
 0.17500E+01     0.90624E+02
 0.18500E+01     0.93773E+02
 0.19500E+01     0.96922E+02
 0.20500E+01     0.10015E+03
 0.21500E+01     0.10345E+03
 0.22500E+01     0.10676E+03
 0.23500E+01     0.11007E+03
 0.24500E+01     0.11337E+03
 0.25500E+01     0.11656E+03
 0.26500E+01     0.11962E+03
 0.27500E+01     0.12269E+03
 0.28500E+01     0.12575E+03
 0.29500E+01     0.12882E+03
 0.30500E+01     0.12677E+03
 0.31500E+01     0.11950E+03
 0.32500E+01     0.11223E+03
 0.33500E+01     0.10496E+03
 0.34500E+01     0.97688E+02
 0.35500E+01     0.10061E+03
 0.36500E+01     0.11395E+03
 0.37500E+01     0.12730E+03
 0.38500E+01     0.14064E+03
 0.39500E+01     0.15399E+03
 0.40500E+01     0.16221E+03
 0.41500E+01     0.16517E+03
 0.42500E+01     0.16812E+03
 0.43500E+01     0.17108E+03
 0.44500E+01     0.17404E+03
 0.45500E+01     0.17700E+03
 0.46500E+01     0.17996E+03
 0.47500E+01     0.18291E+03
 0.48500E+01     0.18587E+03
 0.49500E+01     0.18883E+03
 0.50500E+01     0.19152E+03
 0.51500E+01     0.19394E+03
 0.52500E+01     0.19636E+03
 0.53500E+01     0.19878E+03
 0.54500E+01     0.20120E+03
 0.55500E+01     0.20362E+03
 0.56500E+01     0.20604E+03
 0.57500E+01     0.20846E+03
 0.58500E+01     0.21088E+03
 0.59500E+01     0.21330E+03
 0.60500E+01     0.21575E+03
 0.61500E+01     0.21824E+03
 0.62500E+01     0.22073E+03
 0.63500E+01     0.22322E+03
 0.64500E+01     0.22571E+03
 0.65500E+01     0.22820E+03
 0.66500E+01     0.23069E+03
 0.67500E+01     0.23318E+03
 0.68500E+01     0.23566E+03
 0.69500E+01     0.23815E+03
 0.70500E+01     0.24044E+03
 0.71500E+01     0.24250E+03
 0.72500E+01     0.24457E+03
 0.73500E+01     0.24664E+03
 0.74500E+01     0.24871E+03
 0.75500E+01     0.25077E+03
 0.76500E+01     0.25284E+03
 0.77500E+01     0.25491E+03
 0.78500E+01     0.25698E+03
 0.79500E+01     0.25904E+03
 0.80500E+01     0.26120E+03
 0.81500E+01     0.26346E+03
 0.82500E+01     0.26571E+03
 0.83500E+01     0.26796E+03
 0.84500E+01     0.27022E+03
 0.85500E+01     0.27247E+03
 0.86500E+01     0.27472E+03
 0.87500E+01     0.27698E+03
 0.88500E+01     0.27923E+03
 0.89500E+01     0.28149E+03
 0.90500E+01     0.28368E+03
 0.91500E+01     0.28581E+03
 0.92500E+01     0.28794E+03
 0.93500E+01     0.29007E+03
 0.94500E+01     0.29219E+03
 0.95500E+01     0.29432E+03
 0.96500E+01     0.29645E+03
 0.97500E+01     0.29858E+03
 0.98500E+01     0.30071E+03
 0.99500E+01     0.30284E+03
 0.10050E+02     0.30032E+03
 0.10150E+02     0.29284E+03
 0.10250E+02     0.28535E+03
 0.10350E+02     0.27809E+03
 0.10450E+02     0.28211E+03
 0.10550E+02     0.29259E+03
 0.10650E+02     0.30308E+03
 0.10750E+02     0.31356E+03
 0.10850E+02     0.32404E+03
 0.10950E+02     0.33452E+03
 0.11050E+02     0.34117E+03
 0.11150E+02     0.34372E+03
 0.11250E+02     0.34626E+03
 0.11350E+02     0.34881E+03
 0.11450E+02     0.35136E+03
 0.11550E+02     0.35391E+03
 0.11650E+02     0.35645E+03
 0.11750E+02     0.35900E+03
 0.11850E+02     0.36155E+03
 0.11950E+02     0.36410E+03
 0.12050E+02     0.36752E+03
 0.12150E+02     0.37187E+03
 0.12250E+02     0.37623E+03
 0.12350E+02     0.38058E+03
 0.12450E+02     0.38494E+03
 0.12550E+02     0.38929E+03
 0.12650E+02     0.39364E+03
 0.12750E+02     0.39800E+03
 0.12850E+02     0.40235E+03
 0.12950E+02     0.40671E+03
 0.13050E+02     0.38859E+03
 0.13150E+02     0.34641E+03
 0.13250E+02     0.30424E+03
 0.13350E+02     0.26207E+03
 0.13450E+02     0.25628E+03
 0.13550E+02     0.28942E+03
 0.13650E+02     0.32255E+03
 0.13750E+02     0.35569E+03
 0.13850E+02     0.38882E+03
 0.13950E+02     0.42196E+03
 0.14050E+02     0.44134E+03
 0.14150E+02     0.44598E+03
 0.14250E+02     0.45063E+03
 0.14350E+02     0.45528E+03
 0.14450E+02     0.45993E+03
 0.14550E+02     0.46457E+03
 0.14650E+02     0.46922E+03
 0.14750E+02     0.47387E+03
 0.14850E+02     0.47852E+03
 0.14950E+02     0.48316E+03
 0.15050E+02     0.48727E+03
 0.15150E+02     0.49080E+03
 0.15250E+02     0.49433E+03
 0.15350E+02     0.49786E+03
 0.15450E+02     0.50139E+03
 0.15550E+02     0.50492E+03
 0.15650E+02     0.50845E+03
 0.15750E+02     0.51198E+03
 0.15850E+02     0.51552E+03
 0.15950E+02     0.51905E+03
 0.16050E+02     0.52250E+03
 0.16150E+02     0.52586E+03
 0.16250E+02     0.52923E+03
 0.16350E+02     0.53260E+03
 0.16450E+02     0.53597E+03
 0.16550E+02     0.53933E+03
 0.16650E+02     0.54270E+03
 0.16750E+02     0.54607E+03
 0.16850E+02     0.54944E+03
 0.16950E+02     0.55280E+03
 0.17050E+02     0.55584E+03
 0.17150E+02     0.55851E+03
 0.17250E+02     0.56119E+03
 0.17350E+02     0.56387E+03
 0.17450E+02     0.56654E+03
 0.17550E+02     0.56922E+03
 0.17650E+02     0.57189E+03
 0.17750E+02     0.57457E+03
 0.17850E+02     0.57725E+03
 0.17950E+02     0.57992E+03
 0.18050E+02     0.58398E+03
 0.18150E+02     0.58953E+03
 0.18250E+02     0.59508E+03
 0.18350E+02     0.60063E+03
 0.18450E+02     0.60616E+03
 0.18550E+02     0.61015E+03
 0.18650E+02     0.61339E+03
 0.18750E+02     0.61664E+03
 0.18850E+02     0.61988E+03
 0.18950E+02     0.62312E+03
 0.19050E+02     0.62515E+03
 0.19150E+02     0.62588E+03
 0.19250E+02     0.62661E+03
 0.19350E+02     0.62734E+03
 0.19450E+02     0.62807E+03
 0.19550E+02     0.62880E+03
 0.19650E+02     0.62952E+03
 0.19750E+02     0.63025E+03
 0.19850E+02     0.63098E+03
 0.19950E+02     0.63171E+03
