 0.10250E-09     0.27686E+01
 0.10750E-09     0.22489E+01
 0.11250E-09     0.22045E+01
 0.11750E-09     0.21634E+01
 0.12375E-09     0.21190E+01
 0.13125E-09     0.20690E+01
 0.13875E-09     0.20207E+01
 0.14625E-09     0.19798E+01
 0.15500E-09     0.19333E+01
 0.16500E-09     0.18870E+01
 0.17500E-09     0.18435E+01
 0.18500E-09     0.18053E+01
 0.19500E-09     0.17690E+01
 0.20500E-09     0.17368E+01
 0.21500E-09     0.17063E+01
 0.22500E-09     0.16802E+01
 0.23500E-09     0.16548E+01
 0.24750E-09     0.16229E+01
 0.26250E-09     0.15902E+01
 0.27500E-09     0.15655E+01
 0.29000E-09     0.15364E+01
 0.31000E-09     0.15034E+01
 0.33000E-09     0.14725E+01
 0.35000E-09     0.14457E+01
 0.37000E-09     0.14203E+01
 0.39000E-09     0.13980E+01
 0.41250E-09     0.13750E+01
 0.43750E-09     0.13530E+01
 0.46250E-09     0.13311E+01
 0.48750E-09     0.13106E+01
 0.51250E-09     0.12937E+01
 0.53750E-09     0.12770E+01
 0.56250E-09     0.12611E+01
 0.58750E-09     0.12477E+01
 0.61500E-09     0.12332E+01
 0.64500E-09     0.12184E+01
 0.67500E-09     0.12055E+01
 0.70500E-09     0.11927E+01
 0.74000E-09     0.11804E+01
 0.78000E-09     0.11671E+01
 0.82000E-09     0.11538E+01
 0.86000E-09     0.11409E+01
 0.90000E-09     0.11305E+01
 0.94000E-09     0.11206E+01
 0.98000E-09     0.11108E+01
 0.10250E-08     0.11004E+01
 0.10750E-08     0.10906E+01
 0.11250E-08     0.10810E+01
 0.11750E-08     0.10718E+01
 0.12375E-08     0.10620E+01
 0.13125E-08     0.10505E+01
 0.13875E-08     0.10410E+01
 0.14625E-08     0.10320E+01
 0.15500E-08     0.10214E+01
 0.16500E-08     0.10102E+01
 0.17500E-08     0.10009E+01
 0.18500E-08     0.99178E+00
 0.19500E-08     0.98306E+00
 0.20500E-08     0.97559E+00
 0.21500E-08     0.96821E+00
 0.22500E-08     0.96107E+00
 0.23500E-08     0.95479E+00
 0.24750E-08     0.94701E+00
 0.26250E-08     0.93869E+00
 0.27500E-08     0.93241E+00
 0.29000E-08     0.92482E+00
 0.31000E-08     0.91481E+00
 0.33000E-08     0.90627E+00
 0.35000E-08     0.89833E+00
 0.37000E-08     0.89041E+00
 0.39000E-08     0.88350E+00
 0.41250E-08     0.87626E+00
 0.43750E-08     0.86842E+00
 0.46250E-08     0.86168E+00
 0.48750E-08     0.85511E+00
 0.51250E-08     0.84931E+00
 0.53750E-08     0.84428E+00
 0.56250E-08     0.83925E+00
 0.58750E-08     0.83422E+00
 0.61500E-08     0.82876E+00
 0.64500E-08     0.82396E+00
 0.67500E-08     0.81952E+00
 0.70500E-08     0.81508E+00
 0.74000E-08     0.81003E+00
 0.78000E-08     0.80524E+00
 0.82000E-08     0.80067E+00
 0.86000E-08     0.79616E+00
 0.90000E-08     0.79234E+00
 0.94000E-08     0.78868E+00
 0.98000E-08     0.78508E+00
 0.10250E-07     0.78176E+00
 0.10750E-07     0.77829E+00
 0.11250E-07     0.77482E+00
 0.11750E-07     0.77135E+00
 0.12375E-07     0.76724E+00
 0.13125E-07     0.76328E+00
 0.13875E-07     0.75942E+00
 0.14625E-07     0.75557E+00
 0.15500E-07     0.75106E+00
 0.16500E-07     0.74592E+00
 0.17500E-07     0.74100E+00
 0.18500E-07     0.73651E+00
 0.19500E-07     0.73210E+00
 0.20500E-07     0.72840E+00
 0.21500E-07     0.72490E+00
 0.22500E-07     0.72140E+00
 0.23500E-07     0.71790E+00
 0.24750E-07     0.71355E+00
 0.26250E-07     0.70960E+00
 0.27500E-07     0.70695E+00
 0.29000E-07     0.70383E+00
 0.31000E-07     0.70057E+00
 0.33000E-07     0.69762E+00
 0.35000E-07     0.69483E+00
 0.37000E-07     0.69232E+00
 0.39000E-07     0.68981E+00
 0.41250E-07     0.68699E+00
 0.43750E-07     0.68385E+00
 0.46250E-07     0.68071E+00
 0.48750E-07     0.67757E+00
 0.51250E-07     0.67443E+00
 0.53750E-07     0.67130E+00
 0.56250E-07     0.66816E+00
 0.58750E-07     0.66506E+00
 0.61500E-07     0.66188E+00
 0.64500E-07     0.65845E+00
 0.67500E-07     0.65501E+00
 0.70500E-07     0.65158E+00
 0.74000E-07     0.64759E+00
 0.78000E-07     0.64301E+00
 0.82000E-07     0.63843E+00
 0.86000E-07     0.63385E+00
 0.90000E-07     0.62927E+00
 0.94000E-07     0.62469E+00
 0.98000E-07     0.62061E+00
 0.10250E-06     0.61878E+00
 0.10750E-06     0.61713E+00
 0.11250E-06     0.61548E+00
 0.11750E-06     0.61382E+00
 0.12375E-06     0.61176E+00
 0.13125E-06     0.60928E+00
 0.13875E-06     0.60703E+00
 0.14625E-06     0.60532E+00
 0.15500E-06     0.60336E+00
 0.16500E-06     0.60111E+00
 0.17500E-06     0.59887E+00
 0.18500E-06     0.59662E+00
 0.19500E-06     0.59437E+00
 0.20500E-06     0.59213E+00
 0.21500E-06     0.58988E+00
 0.22500E-06     0.58763E+00
 0.23500E-06     0.58538E+00
 0.24750E-06     0.58259E+00
 0.26250E-06     0.57922E+00
 0.27500E-06     0.57640E+00
 0.29000E-06     0.57305E+00
 0.31000E-06     0.56856E+00
 0.33000E-06     0.56420E+00
 0.35000E-06     0.55988E+00
 0.37000E-06     0.55555E+00
 0.39000E-06     0.55123E+00
 0.41250E-06     0.54637E+00
 0.43750E-06     0.54096E+00
 0.46250E-06     0.53556E+00
 0.48750E-06     0.53015E+00
 0.51250E-06     0.52656E+00
 0.53750E-06     0.52482E+00
 0.56250E-06     0.52307E+00
 0.58750E-06     0.52133E+00
 0.61500E-06     0.51941E+00
 0.64500E-06     0.51732E+00
 0.67500E-06     0.51523E+00
 0.70500E-06     0.51314E+00
 0.74000E-06     0.51070E+00
 0.78000E-06     0.50791E+00
 0.82000E-06     0.50512E+00
 0.86000E-06     0.50234E+00
 0.90000E-06     0.49955E+00
 0.94000E-06     0.49683E+00
 0.98000E-06     0.49444E+00
 0.10250E-05     0.49281E+00
 0.10750E-05     0.49191E+00
 0.11250E-05     0.49100E+00
 0.11750E-05     0.49010E+00
 0.12375E-05     0.48897E+00
 0.13125E-05     0.48761E+00
 0.13875E-05     0.48626E+00
 0.14625E-05     0.48490E+00
 0.15500E-05     0.48332E+00
 0.16500E-05     0.48152E+00
 0.17500E-05     0.47971E+00
 0.18500E-05     0.47790E+00
 0.19500E-05     0.47609E+00
 0.20500E-05     0.47428E+00
 0.21500E-05     0.47247E+00
 0.22500E-05     0.47066E+00
 0.23500E-05     0.46886E+00
 0.24750E-05     0.46660E+00
 0.26250E-05     0.46389E+00
 0.27500E-05     0.46162E+00
 0.29000E-05     0.45893E+00
 0.31000E-05     0.45531E+00
 0.33000E-05     0.45169E+00
 0.35000E-05     0.44807E+00
 0.37000E-05     0.44446E+00
 0.39000E-05     0.44084E+00
 0.41250E-05     0.43678E+00
 0.43750E-05     0.43226E+00
 0.46250E-05     0.42774E+00
 0.48750E-05     0.42322E+00
 0.51250E-05     0.42027E+00
 0.53750E-05     0.41892E+00
 0.56250E-05     0.41757E+00
 0.58750E-05     0.41622E+00
 0.61500E-05     0.41473E+00
 0.64500E-05     0.41311E+00
 0.67500E-05     0.41150E+00
 0.70500E-05     0.40988E+00
 0.74000E-05     0.40799E+00
 0.78000E-05     0.40583E+00
 0.82000E-05     0.40367E+00
 0.86000E-05     0.40151E+00
 0.90000E-05     0.39935E+00
 0.94000E-05     0.39719E+00
 0.98000E-05     0.39503E+00
 0.10250E-04     0.39353E+00
 0.10750E-04     0.39269E+00
 0.11250E-04     0.39185E+00
 0.11750E-04     0.39101E+00
 0.12375E-04     0.38996E+00
 0.13125E-04     0.38870E+00
 0.13875E-04     0.38744E+00
 0.14625E-04     0.38618E+00
 0.15500E-04     0.38472E+00
 0.16500E-04     0.38303E+00
 0.17500E-04     0.38135E+00
 0.18500E-04     0.37967E+00
 0.19500E-04     0.37799E+00
 0.20500E-04     0.37631E+00
 0.21500E-04     0.37463E+00
 0.22500E-04     0.37295E+00
 0.23500E-04     0.37127E+00
 0.24750E-04     0.36918E+00
 0.26250E-04     0.36666E+00
 0.27500E-04     0.36455E+00
 0.29000E-04     0.36205E+00
 0.31000E-04     0.35868E+00
 0.33000E-04     0.35532E+00
 0.35000E-04     0.35196E+00
 0.37000E-04     0.34860E+00
 0.39000E-04     0.34656E+00
 0.41250E-04     0.79135E+00
 0.43750E-04     0.19759E+01
 0.46250E-04     0.92491E+02
 0.48750E-04     0.15148E+02
 0.51250E-04     0.14776E+01
 0.53750E-04     0.78101E+00
 0.56250E-04     0.48871E+00
 0.58750E-04     0.40435E+00
 0.61500E-04     0.36551E+00
 0.64500E-04     0.34173E+00
 0.67500E-04     0.32918E+00
 0.70500E-04     0.32334E+00
 0.74000E-04     0.31830E+00
 0.78000E-04     0.31609E+00
 0.82000E-04     0.32682E+00
 0.86000E-04     0.40977E+00
 0.90000E-04     0.31342E+01
 0.94000E-04     0.11369E+02
 0.98000E-04     0.59021E+00
 0.10250E-03     0.48728E+00
 0.10750E-03     0.38011E+00
 0.11250E-03     0.29835E+00
 0.11750E-03     0.28737E+00
 0.12375E-03     0.28482E+00
 0.13125E-03     0.28279E+00
 0.13875E-03     0.28101E+00
 0.14625E-03     0.27922E+00
 0.15500E-03     0.27715E+00
 0.16500E-03     0.27477E+00
 0.17500E-03     0.27239E+00
 0.18500E-03     0.27003E+00
 0.19500E-03     0.26779E+00
 0.20500E-03     0.26833E+00
 0.21500E-03     0.27017E+00
 0.22500E-03     0.27328E+00
 0.23500E-03     0.33638E+00
 0.24750E-03     0.46211E+01
 0.26250E-03     0.40976E+00
 0.27500E-03     0.28793E+00
 0.29000E-03     0.31876E+00
 0.31000E-03     0.10559E+02
 0.33000E-03     0.97451E+01
 0.35000E-03     0.36318E+00
 0.37000E-03     0.27162E+00
 0.39000E-03     0.26055E+00
 0.41250E-03     0.25538E+00
 0.43750E-03     0.28271E+00
 0.46250E-03     0.12937E+01
 0.48750E-03     0.52766E+00
 0.51250E-03     0.63402E+00
 0.53750E-03     0.12685E+02
 0.56250E-03     0.59448E+00
 0.58750E-03     0.37615E+00
 0.61500E-03     0.32629E+00
 0.64500E-03     0.35284E+00
 0.67500E-03     0.32258E+01
 0.70500E-03     0.35191E+00
 0.74000E-03     0.96166E+01
 0.78000E-03     0.51297E+00
 0.82000E-03     0.14162E+01
 0.86000E-03     0.35514E+00
 0.90000E-03     0.34660E+00
 0.94000E-03     0.35221E+01
 0.98000E-03     0.37244E+00
 0.10250E-02     0.34268E+00
 0.10750E-02     0.33914E+00
 0.11250E-02     0.98152E+00
 0.11750E-02     0.31262E+00
 0.12375E-02     0.29048E+00
 0.13125E-02     0.33436E+01
 0.13875E-02     0.62664E+00
 0.14625E-02     0.23025E+01
 0.15500E-02     0.36016E+00
 0.16500E-02     0.27455E+01
 0.17500E-02     0.61854E+00
 0.18500E-02     0.21374E+01
 0.19500E-02     0.12417E+01
 0.20500E-02     0.78913E+00
 0.21500E-02     0.46531E+00
 0.22500E-02     0.47947E+00
 0.23500E-02     0.54512E+00
 0.24750E-02     0.78930E+00
 0.26250E-02     0.22305E+01
 0.27500E-02     0.32314E+01
 0.29000E-02     0.13991E+01
 0.31000E-02     0.11606E+01
 0.33000E-02     0.63582E+00
 0.35000E-02     0.32811E+01
 0.37000E-02     0.19343E+01
 0.39000E-02     0.34439E+01
 0.41250E-02     0.11524E+01
 0.43750E-02     0.10089E+01
 0.46250E-02     0.18859E+01
 0.48750E-02     0.22150E+01
 0.51250E-02     0.19630E+01
 0.53750E-02     0.11156E+01
 0.56250E-02     0.46043E+01
 0.58750E-02     0.28032E+01
 0.61500E-02     0.38377E+01
 0.64500E-02     0.33156E+01
 0.67500E-02     0.13367E+01
 0.70500E-02     0.23434E+01
 0.74000E-02     0.18256E+01
 0.78000E-02     0.19261E+01
 0.82000E-02     0.25464E+01
 0.86000E-02     0.20759E+01
 0.90000E-02     0.29339E+01
 0.94000E-02     0.26736E+01
 0.98000E-02     0.25337E+01
 0.10250E-01     0.24740E+01
 0.10750E-01     0.25695E+01
 0.11250E-01     0.26650E+01
 0.11750E-01     0.27605E+01
 0.12375E-01     0.28755E+01
 0.13125E-01     0.30107E+01
 0.13875E-01     0.31458E+01
 0.14625E-01     0.32810E+01
 0.15500E-01     0.34231E+01
 0.16500E-01     0.35729E+01
 0.17500E-01     0.37226E+01
 0.18500E-01     0.38723E+01
 0.19500E-01     0.40220E+01
 0.20500E-01     0.41716E+01
 0.21500E-01     0.43213E+01
 0.22500E-01     0.44710E+01
 0.23500E-01     0.46207E+01
 0.24750E-01     0.48032E+01
 0.26250E-01     0.49711E+01
 0.27500E-01     0.50976E+01
 0.29000E-01     0.52480E+01
 0.31000E-01     0.54498E+01
 0.33000E-01     0.56516E+01
 0.35000E-01     0.58533E+01
 0.37000E-01     0.60551E+01
 0.39000E-01     0.62568E+01
 0.41250E-01     0.65445E+01
 0.43750E-01     0.69204E+01
 0.46250E-01     0.72963E+01
 0.48750E-01     0.76722E+01
 0.51250E-01     0.80578E+01
 0.53750E-01     0.84533E+01
 0.56250E-01     0.88488E+01
 0.58750E-01     0.92442E+01
 0.61500E-01     0.96838E+01
 0.64500E-01     0.10169E+02
 0.67500E-01     0.10654E+02
 0.70500E-01     0.11139E+02
 0.74000E-01     0.11704E+02
 0.78000E-01     0.12350E+02
 0.82000E-01     0.13006E+02
 0.86000E-01     0.13670E+02
 0.90000E-01     0.14334E+02
 0.94000E-01     0.14998E+02
 0.98000E-01     0.15662E+02
 0.10250E+00     0.16312E+02
 0.10750E+00     0.16940E+02
 0.11250E+00     0.17567E+02
 0.11750E+00     0.18195E+02
 0.12375E+00     0.18981E+02
 0.13125E+00     0.19923E+02
 0.13875E+00     0.20864E+02
 0.14625E+00     0.21806E+02
 0.15500E+00     0.22543E+02
 0.16500E+00     0.23076E+02
 0.17500E+00     0.23610E+02
 0.18500E+00     0.24143E+02
 0.19500E+00     0.24677E+02
 0.20500E+00     0.25307E+02
 0.21500E+00     0.26079E+02
 0.22500E+00     0.26852E+02
 0.23500E+00     0.27624E+02
 0.24750E+00     0.28578E+02
 0.26250E+00     0.29545E+02
 0.27500E+00     0.30306E+02
 0.29000E+00     0.31220E+02
 0.31000E+00     0.32285E+02
 0.33000E+00     0.33198E+02
 0.35000E+00     0.34090E+02
 0.37000E+00     0.34854E+02
 0.39000E+00     0.35596E+02
 0.41250E+00     0.36483E+02
 0.43750E+00     0.37515E+02
 0.46250E+00     0.38546E+02
 0.48750E+00     0.39578E+02
 0.51250E+00     0.40365E+02
 0.53750E+00     0.40908E+02
 0.56250E+00     0.41452E+02
 0.58750E+00     0.41995E+02
 0.61500E+00     0.43003E+02
 0.64500E+00     0.44475E+02
 0.67500E+00     0.45946E+02
 0.70500E+00     0.47203E+02
 0.74000E+00     0.47839E+02
 0.78000E+00     0.48404E+02
 0.82000E+00     0.48838E+02
 0.86000E+00     0.49183E+02
 0.90000E+00     0.49512E+02
 0.94000E+00     0.49746E+02
 0.98000E+00     0.49965E+02
 0.10500E+01     0.55832E+02
 0.11500E+01     0.67390E+02
 0.12500E+01     0.73606E+02
 0.13500E+01     0.74423E+02
 0.14500E+01     0.75022E+02
 0.15500E+01     0.75437E+02
 0.16500E+01     0.75890E+02
 0.17500E+01     0.81932E+02
 0.18500E+01     0.93646E+02
 0.19500E+01     0.10536E+03
 0.20500E+01     0.11152E+03
 0.21500E+01     0.11202E+03
 0.22500E+01     0.11252E+03
 0.23500E+01     0.11302E+03
 0.24500E+01     0.11352E+03
 0.25500E+01     0.11395E+03
 0.26500E+01     0.11430E+03
 0.27500E+01     0.11464E+03
 0.28500E+01     0.11499E+03
 0.29500E+01     0.11534E+03
 0.30500E+01     0.11572E+03
 0.31500E+01     0.11614E+03
 0.32500E+01     0.11656E+03
 0.33500E+01     0.11698E+03
 0.34500E+01     0.11740E+03
 0.35500E+01     0.12090E+03
 0.36500E+01     0.12756E+03
 0.37500E+01     0.13421E+03
 0.38500E+01     0.14087E+03
 0.39500E+01     0.14752E+03
 0.40500E+01     0.15097E+03
 0.41500E+01     0.15113E+03
 0.42500E+01     0.15129E+03
 0.43500E+01     0.15144E+03
 0.44500E+01     0.15160E+03
 0.45500E+01     0.15176E+03
 0.46500E+01     0.15192E+03
 0.47500E+01     0.15208E+03
 0.48500E+01     0.15223E+03
 0.49500E+01     0.15239E+03
 0.50500E+01     0.15406E+03
 0.51500E+01     0.15728E+03
 0.52500E+01     0.16050E+03
 0.53500E+01     0.16372E+03
 0.54500E+01     0.16694E+03
 0.55500E+01     0.17016E+03
 0.56500E+01     0.17338E+03
 0.57500E+01     0.17660E+03
 0.58500E+01     0.17982E+03
 0.59500E+01     0.18304E+03
 0.60500E+01     0.18464E+03
 0.61500E+01     0.18456E+03
 0.62500E+01     0.18449E+03
 0.63500E+01     0.18441E+03
 0.64500E+01     0.18433E+03
 0.65500E+01     0.18426E+03
 0.66500E+01     0.18418E+03
 0.67500E+01     0.18410E+03
 0.68500E+01     0.18402E+03
 0.69500E+01     0.18395E+03
 0.70500E+01     0.18535E+03
 0.71500E+01     0.18830E+03
 0.72500E+01     0.19124E+03
 0.73500E+01     0.19419E+03
 0.74500E+01     0.19713E+03
 0.75500E+01     0.20008E+03
 0.76500E+01     0.20302E+03
 0.77500E+01     0.20597E+03
 0.78500E+01     0.20891E+03
 0.79500E+01     0.21186E+03
 0.80500E+01     0.21319E+03
 0.81500E+01     0.21285E+03
 0.82500E+01     0.21250E+03
 0.83500E+01     0.21216E+03
 0.84500E+01     0.21181E+03
 0.85500E+01     0.21147E+03
 0.86500E+01     0.21112E+03
 0.87500E+01     0.21078E+03
 0.88500E+01     0.21043E+03
 0.89500E+01     0.21009E+03
 0.90500E+01     0.21141E+03
 0.91500E+01     0.21449E+03
 0.92500E+01     0.21757E+03
 0.93500E+01     0.22064E+03
 0.94500E+01     0.22372E+03
 0.95500E+01     0.22680E+03
 0.96500E+01     0.22988E+03
 0.97500E+01     0.23296E+03
 0.98500E+01     0.23604E+03
 0.99500E+01     0.23912E+03
 0.10050E+02     0.24046E+03
 0.10150E+02     0.23994E+03
 0.10250E+02     0.23942E+03
 0.10350E+02     0.23890E+03
 0.10450E+02     0.23874E+03
 0.10550E+02     0.23877E+03
 0.10650E+02     0.23880E+03
 0.10750E+02     0.23883E+03
 0.10850E+02     0.23886E+03
 0.10950E+02     0.23890E+03
 0.11050E+02     0.23965E+03
 0.11150E+02     0.24119E+03
 0.11250E+02     0.24272E+03
 0.11350E+02     0.24425E+03
 0.11450E+02     0.24578E+03
 0.11550E+02     0.24731E+03
 0.11650E+02     0.24885E+03
 0.11750E+02     0.25038E+03
 0.11850E+02     0.25191E+03
 0.11950E+02     0.25344E+03
 0.12050E+02     0.25396E+03
 0.12150E+02     0.25340E+03
 0.12250E+02     0.25283E+03
 0.12350E+02     0.25226E+03
 0.12450E+02     0.25170E+03
 0.12550E+02     0.25113E+03
 0.12650E+02     0.25056E+03
 0.12750E+02     0.25000E+03
 0.12850E+02     0.24943E+03
 0.12950E+02     0.24887E+03
 0.13050E+02     0.24820E+03
 0.13150E+02     0.24742E+03
 0.13250E+02     0.24664E+03
 0.13350E+02     0.24587E+03
 0.13450E+02     0.24620E+03
 0.13550E+02     0.24773E+03
 0.13650E+02     0.24925E+03
 0.13750E+02     0.25078E+03
 0.13850E+02     0.25230E+03
 0.13950E+02     0.25382E+03
 0.14050E+02     0.25569E+03
 0.14150E+02     0.25792E+03
 0.14250E+02     0.26015E+03
 0.14350E+02     0.26238E+03
 0.14450E+02     0.26461E+03
 0.14550E+02     0.26684E+03
 0.14650E+02     0.26907E+03
 0.14750E+02     0.27130E+03
 0.14850E+02     0.27353E+03
 0.14950E+02     0.27575E+03
 0.15050E+02     0.27684E+03
 0.15150E+02     0.27670E+03
 0.15250E+02     0.27656E+03
 0.15350E+02     0.27643E+03
 0.15450E+02     0.27629E+03
 0.15550E+02     0.27615E+03
 0.15650E+02     0.27601E+03
 0.15750E+02     0.27587E+03
 0.15850E+02     0.27574E+03
 0.15950E+02     0.27560E+03
 0.16050E+02     0.27713E+03
 0.16150E+02     0.28045E+03
 0.16250E+02     0.28377E+03
 0.16350E+02     0.28709E+03
 0.16450E+02     0.29041E+03
 0.16550E+02     0.29373E+03
 0.16650E+02     0.29705E+03
 0.16750E+02     0.30037E+03
 0.16850E+02     0.30369E+03
 0.16950E+02     0.30701E+03
 0.17050E+02     0.30871E+03
 0.17150E+02     0.30868E+03
 0.17250E+02     0.30865E+03
 0.17350E+02     0.30862E+03
 0.17450E+02     0.30859E+03
 0.17550E+02     0.30856E+03
 0.17650E+02     0.30853E+03
 0.17750E+02     0.30850E+03
 0.17850E+02     0.30847E+03
 0.17950E+02     0.30843E+03
 0.18050E+02     0.30840E+03
 0.18150E+02     0.30835E+03
 0.18250E+02     0.30831E+03
 0.18350E+02     0.30826E+03
 0.18450E+02     0.30822E+03
 0.18550E+02     0.30838E+03
 0.18650E+02     0.30865E+03
 0.18750E+02     0.30891E+03
 0.18850E+02     0.30917E+03
 0.18950E+02     0.30943E+03
 0.19050E+02     0.30976E+03
 0.19150E+02     0.31017E+03
 0.19250E+02     0.31057E+03
 0.19350E+02     0.31097E+03
 0.19450E+02     0.31138E+03
 0.19550E+02     0.31178E+03
 0.19650E+02     0.31218E+03
 0.19750E+02     0.31258E+03
 0.19850E+02     0.31299E+03
 0.19950E+02     0.31339E+03
