 0.10250E-09     0.25693E+05
 0.10750E-09     0.25098E+05
 0.11250E-09     0.24516E+05
 0.11750E-09     0.24002E+05
 0.12375E-09     0.23377E+05
 0.13125E-09     0.22705E+05
 0.13875E-09     0.22075E+05
 0.14625E-09     0.21505E+05
 0.15500E-09     0.20888E+05
 0.16500E-09     0.20243E+05
 0.17500E-09     0.19659E+05
 0.18500E-09     0.19141E+05
 0.19500E-09     0.18634E+05
 0.20500E-09     0.18166E+05
 0.21500E-09     0.17737E+05
 0.22500E-09     0.17340E+05
 0.23500E-09     0.16964E+05
 0.24750E-09     0.16532E+05
 0.26250E-09     0.16052E+05
 0.27500E-09     0.15683E+05
 0.29000E-09     0.15287E+05
 0.31000E-09     0.14776E+05
 0.33000E-09     0.14328E+05
 0.35000E-09     0.13904E+05
 0.37000E-09     0.13529E+05
 0.39000E-09     0.13172E+05
 0.41250E-09     0.12810E+05
 0.43750E-09     0.12438E+05
 0.46250E-09     0.12095E+05
 0.48750E-09     0.11782E+05
 0.51250E-09     0.11495E+05
 0.53750E-09     0.11230E+05
 0.56250E-09     0.10969E+05
 0.58750E-09     0.10739E+05
 0.61500E-09     0.10492E+05
 0.64500E-09     0.10246E+05
 0.67500E-09     0.10014E+05
 0.70500E-09     0.97993E+04
 0.74000E-09     0.95635E+04
 0.78000E-09     0.93163E+04
 0.82000E-09     0.90842E+04
 0.86000E-09     0.88708E+04
 0.90000E-09     0.86775E+04
 0.94000E-09     0.84958E+04
 0.98000E-09     0.83142E+04
 0.10250E-08     0.81291E+04
 0.10750E-08     0.79410E+04
 0.11250E-08     0.77565E+04
 0.11750E-08     0.75938E+04
 0.12375E-08     0.73961E+04
 0.13125E-08     0.71834E+04
 0.13875E-08     0.69839E+04
 0.14625E-08     0.68033E+04
 0.15500E-08     0.66080E+04
 0.16500E-08     0.64039E+04
 0.17500E-08     0.62189E+04
 0.18500E-08     0.60550E+04
 0.19500E-08     0.58944E+04
 0.20500E-08     0.57463E+04
 0.21500E-08     0.56106E+04
 0.22500E-08     0.54849E+04
 0.23500E-08     0.53660E+04
 0.24750E-08     0.52293E+04
 0.26250E-08     0.50773E+04
 0.27500E-08     0.49606E+04
 0.29000E-08     0.48356E+04
 0.31000E-08     0.46740E+04
 0.33000E-08     0.45324E+04
 0.35000E-08     0.43985E+04
 0.37000E-08     0.42799E+04
 0.39000E-08     0.41668E+04
 0.41250E-08     0.40526E+04
 0.43750E-08     0.39349E+04
 0.46250E-08     0.38265E+04
 0.48750E-08     0.37276E+04
 0.51250E-08     0.36369E+04
 0.53750E-08     0.35528E+04
 0.56250E-08     0.34703E+04
 0.58750E-08     0.33975E+04
 0.61500E-08     0.33193E+04
 0.64500E-08     0.32417E+04
 0.67500E-08     0.31682E+04
 0.70500E-08     0.31002E+04
 0.74000E-08     0.30256E+04
 0.78000E-08     0.29474E+04
 0.82000E-08     0.28740E+04
 0.86000E-08     0.28065E+04
 0.90000E-08     0.27454E+04
 0.94000E-08     0.26880E+04
 0.98000E-08     0.26306E+04
 0.10250E-07     0.25721E+04
 0.10750E-07     0.25126E+04
 0.11250E-07     0.24543E+04
 0.11750E-07     0.24028E+04
 0.12375E-07     0.23403E+04
 0.13125E-07     0.22728E+04
 0.13875E-07     0.22096E+04
 0.14625E-07     0.21522E+04
 0.15500E-07     0.20903E+04
 0.16500E-07     0.20254E+04
 0.17500E-07     0.19668E+04
 0.18500E-07     0.19148E+04
 0.19500E-07     0.18640E+04
 0.20500E-07     0.18178E+04
 0.21500E-07     0.17761E+04
 0.22500E-07     0.17348E+04
 0.23500E-07     0.16986E+04
 0.24750E-07     0.16551E+04
 0.26250E-07     0.16080E+04
 0.27500E-07     0.15712E+04
 0.29000E-07     0.15298E+04
 0.31000E-07     0.14796E+04
 0.33000E-07     0.14342E+04
 0.35000E-07     0.13919E+04
 0.37000E-07     0.13536E+04
 0.39000E-07     0.13184E+04
 0.41250E-07     0.12818E+04
 0.43750E-07     0.12448E+04
 0.46250E-07     0.12122E+04
 0.48750E-07     0.11805E+04
 0.51250E-07     0.11514E+04
 0.53750E-07     0.11251E+04
 0.56250E-07     0.10992E+04
 0.58750E-07     0.10761E+04
 0.61500E-07     0.10514E+04
 0.64500E-07     0.10267E+04
 0.67500E-07     0.10032E+04
 0.70500E-07     0.98156E+03
 0.74000E-07     0.95796E+03
 0.78000E-07     0.93307E+03
 0.82000E-07     0.90973E+03
 0.86000E-07     0.88834E+03
 0.90000E-07     0.86909E+03
 0.94000E-07     0.85115E+03
 0.98000E-07     0.83320E+03
 0.10250E-06     0.81488E+03
 0.10750E-06     0.79642E+03
 0.11250E-06     0.77825E+03
 0.11750E-06     0.76185E+03
 0.12375E-06     0.74198E+03
 0.13125E-06     0.72054E+03
 0.13875E-06     0.70046E+03
 0.14625E-06     0.68226E+03
 0.15500E-06     0.66328E+03
 0.16500E-06     0.64330E+03
 0.17500E-06     0.62381E+03
 0.18500E-06     0.60732E+03
 0.19500E-06     0.59135E+03
 0.20500E-06     0.57666E+03
 0.21500E-06     0.56329E+03
 0.22500E-06     0.55074E+03
 0.23500E-06     0.53877E+03
 0.24750E-06     0.52567E+03
 0.26250E-06     0.51058E+03
 0.27500E-06     0.49820E+03
 0.29000E-06     0.48578E+03
 0.31000E-06     0.46963E+03
 0.33000E-06     0.45557E+03
 0.35000E-06     0.44243E+03
 0.37000E-06     0.43134E+03
 0.39000E-06     0.42060E+03
 0.41250E-06     0.40854E+03
 0.43750E-06     0.39667E+03
 0.46250E-06     0.38638E+03
 0.48750E-06     0.37610E+03
 0.51250E-06     0.36710E+03
 0.53750E-06     0.35941E+03
 0.56250E-06     0.35173E+03
 0.58750E-06     0.34404E+03
 0.61500E-06     0.33563E+03
 0.64500E-06     0.32797E+03
 0.67500E-06     0.32114E+03
 0.70500E-06     0.31432E+03
 0.74000E-06     0.30644E+03
 0.78000E-06     0.29881E+03
 0.82000E-06     0.29177E+03
 0.86000E-06     0.28474E+03
 0.90000E-06     0.27857E+03
 0.94000E-06     0.27294E+03
 0.98000E-06     0.26732E+03
 0.10250E-05     0.26183E+03
 0.10750E-05     0.25646E+03
 0.11250E-05     0.25110E+03
 0.11750E-05     0.24573E+03
 0.12375E-05     0.23916E+03
 0.13125E-05     0.23275E+03
 0.13875E-05     0.22681E+03
 0.14625E-05     0.22088E+03
 0.15500E-05     0.21487E+03
 0.16500E-05     0.20876E+03
 0.17500E-05     0.20280E+03
 0.18500E-05     0.19777E+03
 0.19500E-05     0.19289E+03
 0.20500E-05     0.18852E+03
 0.21500E-05     0.18467E+03
 0.22500E-05     0.18082E+03
 0.23500E-05     0.17700E+03
 0.24750E-05     0.17303E+03
 0.26250E-05     0.16854E+03
 0.27500E-05     0.16488E+03
 0.29000E-05     0.16149E+03
 0.31000E-05     0.15709E+03
 0.33000E-05     0.15268E+03
 0.35000E-05     0.14844E+03
 0.37000E-05     0.14517E+03
 0.39000E-05     0.14206E+03
 0.41250E-05     0.13857E+03
 0.43750E-05     0.13518E+03
 0.46250E-05     0.13231E+03
 0.48750E-05     0.12943E+03
 0.51250E-05     0.12696E+03
 0.53750E-05     0.12491E+03
 0.56250E-05     0.12285E+03
 0.58750E-05     0.12080E+03
 0.61500E-05     0.11855E+03
 0.64500E-05     0.11659E+03
 0.67500E-05     0.11490E+03
 0.70500E-05     0.11322E+03
 0.74000E-05     0.11127E+03
 0.78000E-05     0.10950E+03
 0.82000E-05     0.10791E+03
 0.86000E-05     0.10634E+03
 0.90000E-05     0.10505E+03
 0.94000E-05     0.10394E+03
 0.98000E-05     0.10283E+03
 0.10250E-04     0.10190E+03
 0.10750E-04     0.10113E+03
 0.11250E-04     0.10037E+03
 0.11750E-04     0.99603E+02
 0.12375E-04     0.98701E+02
 0.13125E-04     0.98268E+02
 0.13875E-04     0.98042E+02
 0.14625E-04     0.97817E+02
 0.15500E-04     0.98065E+02
 0.16500E-04     0.98798E+02
 0.17500E-04     0.99658E+02
 0.18500E-04     0.10130E+03
 0.19500E-04     0.10306E+03
 0.20500E-04     0.10532E+03
 0.21500E-04     0.10813E+03
 0.22500E-04     0.11162E+03
 0.23500E-04     0.11559E+03
 0.24750E-04     0.12174E+03
 0.26250E-04     0.13092E+03
 0.27500E-04     0.14054E+03
 0.29000E-04     0.15469E+03
 0.31000E-04     0.18092E+03
 0.33000E-04     0.21970E+03
 0.35000E-04     0.27972E+03
 0.37000E-04     0.37915E+03
 0.39000E-04     0.56213E+03
 0.41250E-04     0.10612E+04
 0.43750E-04     0.35386E+04
 0.46250E-04     0.21880E+06
 0.48750E-04     0.23645E+05
 0.51250E-04     0.18320E+04
 0.53750E-04     0.68739E+03
 0.56250E-04     0.36760E+03
 0.58750E-04     0.23454E+03
 0.61500E-04     0.16286E+03
 0.64500E-04     0.12120E+03
 0.67500E-04     0.97898E+02
 0.70500E-04     0.84663E+02
 0.74000E-04     0.77881E+02
 0.78000E-04     0.80040E+02
 0.82000E-04     0.10087E+03
 0.86000E-04     0.19639E+03
 0.90000E-04     0.48958E+04
 0.94000E-04     0.27407E+05
 0.98000E-04     0.23683E+03
 0.10250E-03     0.88602E+02
 0.10750E-03     0.54609E+02
 0.11250E-03     0.42881E+02
 0.11750E-03     0.37349E+02
 0.12375E-03     0.33790E+02
 0.13125E-03     0.31505E+02
 0.13875E-03     0.30319E+02
 0.14625E-03     0.29708E+02
 0.15500E-03     0.29491E+02
 0.16500E-03     0.29688E+02
 0.17500E-03     0.30238E+02
 0.18500E-03     0.31198E+02
 0.19500E-03     0.32684E+02
 0.20500E-03     0.34948E+02
 0.21500E-03     0.38601E+02
 0.22500E-03     0.45579E+02
 0.23500E-03     0.65004E+02
 0.24750E-03     0.97055E+04
 0.26250E-03     0.27146E+03
 0.27500E-03     0.95775E+02
 0.29000E-03     0.16892E+03
 0.31000E-03     0.26454E+05
 0.33000E-03     0.22621E+05
 0.35000E-03     0.26544E+03
 0.37000E-03     0.10546E+03
 0.39000E-03     0.71966E+02
 0.41250E-03     0.61134E+02
 0.43750E-03     0.76496E+02
 0.46250E-03     0.21852E+04
 0.48750E-03     0.83109E+03
 0.51250E-03     0.97515E+03
 0.53750E-03     0.24147E+05
 0.56250E-03     0.60893E+03
 0.58750E-03     0.21821E+03
 0.61500E-03     0.13914E+03
 0.64500E-03     0.20415E+03
 0.67500E-03     0.67015E+04
 0.70500E-03     0.31586E+03
 0.74000E-03     0.18153E+05
 0.78000E-03     0.33445E+03
 0.82000E-03     0.16295E+03
 0.86000E-03     0.26250E+03
 0.90000E-03     0.23519E+04
 0.94000E-03     0.65741E+04
 0.98000E-03     0.16435E+03
 0.10250E-02     0.12828E+03
 0.10750E-02     0.11977E+03
 0.11250E-02     0.14746E+04
 0.11750E-02     0.10609E+03
 0.12375E-02     0.10832E+03
 0.13125E-02     0.41102E+04
 0.13875E-02     0.16011E+04
 0.14625E-02     0.37949E+04
 0.15500E-02     0.17168E+03
 0.16500E-02     0.35880E+04
 0.17500E-02     0.45771E+03
 0.18500E-02     0.14162E+04
 0.19500E-02     0.32036E+04
 0.20500E-02     0.90047E+03
 0.21500E-02     0.32216E+03
 0.22500E-02     0.43445E+03
 0.23500E-02     0.56900E+03
 0.24750E-02     0.62673E+03
 0.26250E-02     0.14128E+04
 0.27500E-02     0.18401E+04
 0.29000E-02     0.18574E+04
 0.31000E-02     0.18851E+04
 0.33000E-02     0.19178E+04
 0.35000E-02     0.19509E+04
 0.37000E-02     0.19867E+04
 0.39000E-02     0.20230E+04
 0.41250E-02     0.20651E+04
 0.43750E-02     0.21132E+04
 0.46250E-02     0.21622E+04
 0.48750E-02     0.22120E+04
 0.51250E-02     0.22624E+04
 0.53750E-02     0.23133E+04
 0.56250E-02     0.23643E+04
 0.58750E-02     0.24159E+04
 0.61500E-02     0.24726E+04
 0.64500E-02     0.25348E+04
 0.67500E-02     0.25971E+04
 0.70500E-02     0.26594E+04
 0.74000E-02     0.27319E+04
 0.78000E-02     0.28148E+04
 0.82000E-02     0.28976E+04
 0.86000E-02     0.29804E+04
 0.90000E-02     0.30626E+04
 0.94000E-02     0.31445E+04
 0.98000E-02     0.32264E+04
 0.10250E-01     0.33214E+04
 0.10750E-01     0.34297E+04
 0.11250E-01     0.35379E+04
 0.11750E-01     0.36449E+04
 0.12375E-01     0.37778E+04
 0.13125E-01     0.39356E+04
 0.13875E-01     0.40927E+04
 0.14625E-01     0.42498E+04
 0.15500E-01     0.44299E+04
 0.16500E-01     0.46340E+04
 0.17500E-01     0.48376E+04
 0.18500E-01     0.50376E+04
 0.19500E-01     0.52370E+04
 0.20500E-01     0.54379E+04
 0.21500E-01     0.56404E+04
 0.22500E-01     0.58429E+04
 0.23500E-01     0.60453E+04
 0.24750E-01     0.62928E+04
 0.26250E-01     0.65893E+04
 0.27500E-01     0.68365E+04
 0.29000E-01     0.71254E+04
 0.31000E-01     0.75116E+04
 0.33000E-01     0.78923E+04
 0.35000E-01     0.82703E+04
 0.37000E-01     0.86411E+04
 0.39000E-01     0.90106E+04
 0.41250E-01     0.94255E+04
 0.43750E-01     0.98807E+04
 0.46250E-01     0.10329E+05
 0.48750E-01     0.10777E+05
 0.51250E-01     0.11222E+05
 0.53750E-01     0.11664E+05
 0.56250E-01     0.12105E+05
 0.58750E-01     0.12547E+05
 0.61500E-01     0.13032E+05
 0.64500E-01     0.13550E+05
 0.67500E-01     0.14063E+05
 0.70500E-01     0.14576E+05
 0.74000E-01     0.15173E+05
 0.78000E-01     0.15844E+05
 0.82000E-01     0.16510E+05
 0.86000E-01     0.17175E+05
 0.90000E-01     0.17831E+05
 0.94000E-01     0.18482E+05
 0.98000E-01     0.19132E+05
 0.10250E+00     0.19849E+05
 0.10750E+00     0.20623E+05
 0.11250E+00     0.21398E+05
 0.11750E+00     0.22172E+05
 0.12375E+00     0.23140E+05
 0.13125E+00     0.24269E+05
 0.13875E+00     0.25390E+05
 0.14625E+00     0.26511E+05
 0.15500E+00     0.27797E+05
 0.16500E+00     0.29248E+05
 0.17500E+00     0.30693E+05
 0.18500E+00     0.32111E+05
 0.19500E+00     0.33524E+05
 0.20500E+00     0.34865E+05
 0.21500E+00     0.36116E+05
 0.22500E+00     0.37367E+05
 0.23500E+00     0.38619E+05
 0.24750E+00     0.40175E+05
 0.26250E+00     0.42025E+05
 0.27500E+00     0.43524E+05
 0.29000E+00     0.45246E+05
 0.31000E+00     0.47398E+05
 0.33000E+00     0.49448E+05
 0.35000E+00     0.51538E+05
 0.37000E+00     0.53648E+05
 0.39000E+00     0.55653E+05
 0.41250E+00     0.57838E+05
 0.43750E+00     0.60145E+05
 0.46250E+00     0.62398E+05
 0.48750E+00     0.64596E+05
 0.51250E+00     0.66750E+05
 0.53750E+00     0.68900E+05
 0.56250E+00     0.71045E+05
 0.58750E+00     0.73127E+05
 0.61500E+00     0.75279E+05
 0.64500E+00     0.77467E+05
 0.67500E+00     0.79560E+05
 0.70500E+00     0.81623E+05
 0.74000E+00     0.83917E+05
 0.78000E+00     0.86530E+05
 0.82000E+00     0.89139E+05
 0.86000E+00     0.91602E+05
 0.90000E+00     0.93990E+05
 0.94000E+00     0.96476E+05
 0.98000E+00     0.99032E+05
 0.10500E+01     0.10368E+06
 0.11500E+01     0.10952E+06
 0.12500E+01     0.11510E+06
 0.13500E+01     0.12036E+06
 0.14500E+01     0.12515E+06
 0.15500E+01     0.13033E+06
 0.16500E+01     0.13594E+06
 0.17500E+01     0.14257E+06
 0.18500E+01     0.14920E+06
 0.19500E+01     0.15494E+06
 0.20500E+01     0.16153E+06
 0.21500E+01     0.16907E+06
 0.22500E+01     0.17662E+06
 0.23500E+01     0.18417E+06
 0.24500E+01     0.19171E+06
 0.25500E+01     0.19926E+06
 0.26500E+01     0.20681E+06
 0.27500E+01     0.21435E+06
 0.28500E+01     0.22190E+06
 0.29500E+01     0.22945E+06
 0.30500E+01     0.23813E+06
 0.31500E+01     0.24799E+06
 0.32500E+01     0.25784E+06
 0.33500E+01     0.26765E+06
 0.34500E+01     0.27746E+06
 0.35500E+01     0.28719E+06
 0.36500E+01     0.29684E+06
 0.37500E+01     0.30646E+06
 0.38500E+01     0.31595E+06
 0.39500E+01     0.32541E+06
 0.40500E+01     0.33505E+06
 0.41500E+01     0.34488E+06
 0.42500E+01     0.35471E+06
 0.43500E+01     0.36453E+06
 0.44500E+01     0.37436E+06
 0.45500E+01     0.38411E+06
 0.46500E+01     0.39380E+06
 0.47500E+01     0.40349E+06
 0.48500E+01     0.41318E+06
 0.49500E+01     0.42287E+06
 0.50500E+01     0.43252E+06
 0.51500E+01     0.44214E+06
 0.52500E+01     0.45171E+06
 0.53500E+01     0.46137E+06
 0.54500E+01     0.47109E+06
 0.55500E+01     0.48083E+06
 0.56500E+01     0.49053E+06
 0.57500E+01     0.50021E+06
 0.58500E+01     0.50990E+06
 0.59500E+01     0.51967E+06
 0.60500E+01     0.52946E+06
 0.61500E+01     0.53923E+06
 0.62500E+01     0.54899E+06
 0.63500E+01     0.55874E+06
 0.64500E+01     0.56852E+06
 0.65500E+01     0.57832E+06
 0.66500E+01     0.58814E+06
 0.67500E+01     0.59796E+06
 0.68500E+01     0.60777E+06
 0.69500E+01     0.61759E+06
 0.70500E+01     0.62691E+06
 0.71500E+01     0.63572E+06
 0.72500E+01     0.64453E+06
 0.73500E+01     0.65333E+06
 0.74500E+01     0.66212E+06
 0.75500E+01     0.67091E+06
 0.76500E+01     0.67969E+06
 0.77500E+01     0.68849E+06
 0.78500E+01     0.69724E+06
 0.79500E+01     0.70600E+06
 0.80500E+01     0.71476E+06
 0.81500E+01     0.72353E+06
 0.82500E+01     0.73227E+06
 0.83500E+01     0.74102E+06
 0.84500E+01     0.74976E+06
 0.85500E+01     0.75850E+06
 0.86500E+01     0.76724E+06
 0.87500E+01     0.77597E+06
 0.88500E+01     0.78473E+06
 0.89500E+01     0.79343E+06
 0.90500E+01     0.80215E+06
 0.91500E+01     0.81087E+06
 0.92500E+01     0.81964E+06
 0.93500E+01     0.82829E+06
 0.94500E+01     0.83700E+06
 0.95500E+01     0.84570E+06
 0.96500E+01     0.85441E+06
 0.97500E+01     0.86311E+06
 0.98500E+01     0.87181E+06
 0.99500E+01     0.88052E+06
 0.10050E+02     0.88898E+06
 0.10150E+02     0.89720E+06
 0.10250E+02     0.90542E+06
 0.10350E+02     0.91364E+06
 0.10450E+02     0.92185E+06
 0.10550E+02     0.93007E+06
 0.10650E+02     0.93829E+06
 0.10750E+02     0.94650E+06
 0.10850E+02     0.95472E+06
 0.10950E+02     0.96294E+06
 0.11050E+02     0.97116E+06
 0.11150E+02     0.97937E+06
 0.11250E+02     0.98759E+06
 0.11350E+02     0.99581E+06
 0.11450E+02     0.10040E+07
 0.11550E+02     0.10122E+07
 0.11650E+02     0.10205E+07
 0.11750E+02     0.10287E+07
 0.11850E+02     0.10369E+07
 0.11950E+02     0.10451E+07
 0.12050E+02     0.10524E+07
 0.12150E+02     0.10587E+07
 0.12250E+02     0.10650E+07
 0.12350E+02     0.10712E+07
 0.12450E+02     0.10775E+07
 0.12550E+02     0.10838E+07
 0.12650E+02     0.10901E+07
 0.12750E+02     0.10964E+07
 0.12850E+02     0.11027E+07
 0.12950E+02     0.11089E+07
 0.13050E+02     0.11152E+07
 0.13150E+02     0.11215E+07
 0.13250E+02     0.11278E+07
 0.13350E+02     0.11341E+07
 0.13450E+02     0.11403E+07
 0.13550E+02     0.11466E+07
 0.13650E+02     0.11529E+07
 0.13750E+02     0.11592E+07
 0.13850E+02     0.11655E+07
 0.13950E+02     0.11718E+07
 0.14050E+02     0.11780E+07
 0.14150E+02     0.11843E+07
 0.14250E+02     0.11906E+07
 0.14350E+02     0.11969E+07
 0.14450E+02     0.12032E+07
 0.14550E+02     0.12095E+07
 0.14650E+02     0.12157E+07
 0.14750E+02     0.12220E+07
 0.14850E+02     0.12283E+07
 0.14950E+02     0.12346E+07
 0.15050E+02     0.12395E+07
 0.15150E+02     0.12429E+07
 0.15250E+02     0.12464E+07
 0.15350E+02     0.12498E+07
 0.15450E+02     0.12533E+07
 0.15550E+02     0.12567E+07
 0.15650E+02     0.12602E+07
 0.15750E+02     0.12636E+07
 0.15850E+02     0.12671E+07
 0.15950E+02     0.12705E+07
 0.16050E+02     0.12739E+07
 0.16150E+02     0.12774E+07
 0.16250E+02     0.12808E+07
 0.16350E+02     0.12843E+07
 0.16450E+02     0.12877E+07
 0.16550E+02     0.12912E+07
 0.16650E+02     0.12946E+07
 0.16750E+02     0.12981E+07
 0.16850E+02     0.13015E+07
 0.16950E+02     0.13049E+07
 0.17050E+02     0.13084E+07
 0.17150E+02     0.13118E+07
 0.17250E+02     0.13153E+07
 0.17350E+02     0.13187E+07
 0.17450E+02     0.13222E+07
 0.17550E+02     0.13254E+07
 0.17650E+02     0.13283E+07
 0.17750E+02     0.13313E+07
 0.17850E+02     0.13343E+07
 0.17950E+02     0.13372E+07
 0.18050E+02     0.13402E+07
 0.18150E+02     0.13432E+07
 0.18250E+02     0.13462E+07
 0.18350E+02     0.13491E+07
 0.18450E+02     0.13521E+07
 0.18550E+02     0.13551E+07
 0.18650E+02     0.13580E+07
 0.18750E+02     0.13610E+07
 0.18850E+02     0.13640E+07
 0.18950E+02     0.13669E+07
 0.19050E+02     0.13699E+07
 0.19150E+02     0.13729E+07
 0.19250E+02     0.13758E+07
 0.19350E+02     0.13788E+07
 0.19450E+02     0.13818E+07
 0.19550E+02     0.13847E+07
 0.19650E+02     0.13877E+07
 0.19750E+02     0.13907E+07
 0.19850E+02     0.13936E+07
 0.19950E+02     0.13966E+07
