 0.10250E-09     0.10000E-37
 0.10750E-09     0.10000E-37
 0.11250E-09     0.10000E-37
 0.11750E-09     0.34358E+00
 0.12375E-09     0.13820E+01
 0.13125E-09     0.13789E+01
 0.13875E-09     0.13755E+01
 0.14625E-09     0.13709E+01
 0.15500E-09     0.13654E+01
 0.16500E-09     0.13607E+01
 0.17500E-09     0.13564E+01
 0.18500E-09     0.13514E+01
 0.19500E-09     0.13462E+01
 0.20500E-09     0.13409E+01
 0.21500E-09     0.13357E+01
 0.22500E-09     0.13304E+01
 0.23500E-09     0.13252E+01
 0.24750E-09     0.13186E+01
 0.26250E-09     0.13118E+01
 0.27500E-09     0.13066E+01
 0.29000E-09     0.13000E+01
 0.31000E-09     0.12898E+01
 0.33000E-09     0.12794E+01
 0.35000E-09     0.12689E+01
 0.37000E-09     0.12584E+01
 0.39000E-09     0.12479E+01
 0.41250E-09     0.12361E+01
 0.43750E-09     0.12230E+01
 0.46250E-09     0.12099E+01
 0.48750E-09     0.11974E+01
 0.51250E-09     0.11903E+01
 0.53750E-09     0.11868E+01
 0.56250E-09     0.11832E+01
 0.58750E-09     0.11793E+01
 0.61500E-09     0.11750E+01
 0.64500E-09     0.11703E+01
 0.67500E-09     0.11655E+01
 0.70500E-09     0.11608E+01
 0.74000E-09     0.11553E+01
 0.78000E-09     0.11490E+01
 0.82000E-09     0.11427E+01
 0.86000E-09     0.11365E+01
 0.90000E-09     0.11306E+01
 0.94000E-09     0.11247E+01
 0.98000E-09     0.11189E+01
 0.10250E-08     0.11154E+01
 0.10750E-08     0.11129E+01
 0.11250E-08     0.11102E+01
 0.11750E-08     0.11076E+01
 0.12375E-08     0.11043E+01
 0.13125E-08     0.11005E+01
 0.13875E-08     0.10974E+01
 0.14625E-08     0.10944E+01
 0.15500E-08     0.10910E+01
 0.16500E-08     0.10870E+01
 0.17500E-08     0.10831E+01
 0.18500E-08     0.10792E+01
 0.19500E-08     0.10752E+01
 0.20500E-08     0.10713E+01
 0.21500E-08     0.10674E+01
 0.22500E-08     0.10634E+01
 0.23500E-08     0.10595E+01
 0.24750E-08     0.10546E+01
 0.26250E-08     0.10487E+01
 0.27500E-08     0.10438E+01
 0.29000E-08     0.10379E+01
 0.31000E-08     0.10300E+01
 0.33000E-08     0.10221E+01
 0.35000E-08     0.10143E+01
 0.37000E-08     0.10064E+01
 0.39000E-08     0.99855E+00
 0.41250E-08     0.98969E+00
 0.43750E-08     0.97986E+00
 0.46250E-08     0.97003E+00
 0.48750E-08     0.96009E+00
 0.51250E-08     0.95074E+00
 0.53750E-08     0.94825E+00
 0.56250E-08     0.94576E+00
 0.58750E-08     0.94327E+00
 0.61500E-08     0.94047E+00
 0.64500E-08     0.93676E+00
 0.67500E-08     0.93283E+00
 0.70500E-08     0.92889E+00
 0.74000E-08     0.92430E+00
 0.78000E-08     0.91906E+00
 0.82000E-08     0.91382E+00
 0.86000E-08     0.90857E+00
 0.90000E-08     0.90333E+00
 0.94000E-08     0.89809E+00
 0.98000E-08     0.89315E+00
 0.10250E-07     0.89069E+00
 0.10750E-07     0.88809E+00
 0.11250E-07     0.88549E+00
 0.11750E-07     0.88289E+00
 0.12375E-07     0.87967E+00
 0.13125E-07     0.87597E+00
 0.13875E-07     0.87229E+00
 0.14625E-07     0.86860E+00
 0.15500E-07     0.86430E+00
 0.16500E-07     0.85938E+00
 0.17500E-07     0.85447E+00
 0.18500E-07     0.84955E+00
 0.19500E-07     0.84464E+00
 0.20500E-07     0.83973E+00
 0.21500E-07     0.83481E+00
 0.22500E-07     0.82990E+00
 0.23500E-07     0.82498E+00
 0.24750E-07     0.81883E+00
 0.26250E-07     0.81461E+00
 0.27500E-07     0.81278E+00
 0.29000E-07     0.81061E+00
 0.31000E-07     0.80803E+00
 0.33000E-07     0.80558E+00
 0.35000E-07     0.80282E+00
 0.37000E-07     0.79955E+00
 0.39000E-07     0.79635E+00
 0.41250E-07     0.79345E+00
 0.43750E-07     0.79037E+00
 0.46250E-07     0.78730E+00
 0.48750E-07     0.78419E+00
 0.51250E-07     0.78069E+00
 0.53750E-07     0.77710E+00
 0.56250E-07     0.77352E+00
 0.58750E-07     0.76994E+00
 0.61500E-07     0.76600E+00
 0.64500E-07     0.76170E+00
 0.67500E-07     0.75740E+00
 0.70500E-07     0.75310E+00
 0.74000E-07     0.74811E+00
 0.78000E-07     0.74242E+00
 0.82000E-07     0.73703E+00
 0.86000E-07     0.73170E+00
 0.90000E-07     0.72638E+00
 0.94000E-07     0.72106E+00
 0.98000E-07     0.71546E+00
 0.10250E-06     0.71143E+00
 0.10750E-06     0.71027E+00
 0.11250E-06     0.70911E+00
 0.11750E-06     0.70797E+00
 0.12375E-06     0.70668E+00
 0.13125E-06     0.70515E+00
 0.13875E-06     0.70339E+00
 0.14625E-06     0.70111E+00
 0.15500E-06     0.69847E+00
 0.16500E-06     0.69580E+00
 0.17500E-06     0.69324E+00
 0.18500E-06     0.69068E+00
 0.19500E-06     0.68812E+00
 0.20500E-06     0.68556E+00
 0.21500E-06     0.68300E+00
 0.22500E-06     0.68044E+00
 0.23500E-06     0.67788E+00
 0.24750E-06     0.67469E+00
 0.26250E-06     0.67084E+00
 0.27500E-06     0.66763E+00
 0.29000E-06     0.66382E+00
 0.31000E-06     0.65869E+00
 0.33000E-06     0.65357E+00
 0.35000E-06     0.64845E+00
 0.37000E-06     0.64333E+00
 0.39000E-06     0.63821E+00
 0.41250E-06     0.63246E+00
 0.43750E-06     0.62606E+00
 0.46250E-06     0.61966E+00
 0.48750E-06     0.61324E+00
 0.51250E-06     0.60894E+00
 0.53750E-06     0.60682E+00
 0.56250E-06     0.60482E+00
 0.58750E-06     0.60290E+00
 0.61500E-06     0.60079E+00
 0.64500E-06     0.59848E+00
 0.67500E-06     0.59618E+00
 0.70500E-06     0.59387E+00
 0.74000E-06     0.59119E+00
 0.78000E-06     0.58812E+00
 0.82000E-06     0.58504E+00
 0.86000E-06     0.58197E+00
 0.90000E-06     0.57890E+00
 0.94000E-06     0.57571E+00
 0.98000E-06     0.57194E+00
 0.10250E-05     0.57000E+00
 0.10750E-05     0.56999E+00
 0.11250E-05     0.56921E+00
 0.11750E-05     0.56793E+00
 0.12375E-05     0.56636E+00
 0.13125E-05     0.56481E+00
 0.13875E-05     0.56337E+00
 0.14625E-05     0.56193E+00
 0.15500E-05     0.56021E+00
 0.16500E-05     0.55778E+00
 0.17500E-05     0.55522E+00
 0.18500E-05     0.55267E+00
 0.19500E-05     0.55057E+00
 0.20500E-05     0.54865E+00
 0.21500E-05     0.54673E+00
 0.22500E-05     0.54481E+00
 0.23500E-05     0.54289E+00
 0.24750E-05     0.54047E+00
 0.26250E-05     0.53722E+00
 0.27500E-05     0.53441E+00
 0.29000E-05     0.53107E+00
 0.31000E-05     0.52663E+00
 0.33000E-05     0.52266E+00
 0.35000E-05     0.51882E+00
 0.37000E-05     0.51496E+00
 0.39000E-05     0.51066E+00
 0.41250E-05     0.50563E+00
 0.43750E-05     0.50023E+00
 0.46250E-05     0.49602E+00
 0.48750E-05     0.49202E+00
 0.51250E-05     0.48921E+00
 0.53750E-05     0.48761E+00
 0.56250E-05     0.48601E+00
 0.58750E-05     0.48441E+00
 0.61500E-05     0.48265E+00
 0.64500E-05     0.48073E+00
 0.67500E-05     0.47881E+00
 0.70500E-05     0.47689E+00
 0.74000E-05     0.47465E+00
 0.78000E-05     0.47209E+00
 0.82000E-05     0.46953E+00
 0.86000E-05     0.46697E+00
 0.90000E-05     0.46441E+00
 0.94000E-05     0.46185E+00
 0.98000E-05     0.45929E+00
 0.10250E-04     0.45760E+00
 0.10750E-04     0.45680E+00
 0.11250E-04     0.45600E+00
 0.11750E-04     0.45520E+00
 0.12375E-04     0.45421E+00
 0.13125E-04     0.45301E+00
 0.13875E-04     0.45181E+00
 0.14625E-04     0.45061E+00
 0.15500E-04     0.44921E+00
 0.16500E-04     0.44761E+00
 0.17500E-04     0.44606E+00
 0.18500E-04     0.44481E+00
 0.19500E-04     0.44361E+00
 0.20500E-04     0.44201E+00
 0.21500E-04     0.44001E+00
 0.22500E-04     0.43801E+00
 0.23500E-04     0.43601E+00
 0.24750E-04     0.43355E+00
 0.26250E-04     0.43101E+00
 0.27500E-04     0.42901E+00
 0.29000E-04     0.42662E+00
 0.31000E-04     0.42322E+00
 0.33000E-04     0.41962E+00
 0.35000E-04     0.41607E+00
 0.37000E-04     0.41282E+00
 0.39000E-04     0.40961E+00
 0.41250E-04     0.92218E+00
 0.43750E-04     0.22706E+01
 0.46250E-04     0.11062E+03
 0.48750E-04     0.14371E+02
 0.51250E-04     0.17230E+01
 0.53750E-04     0.91380E+00
 0.56250E-04     0.57495E+00
 0.58750E-04     0.47639E+00
 0.61500E-04     0.43055E+00
 0.64500E-04     0.40235E+00
 0.67500E-04     0.38811E+00
 0.70500E-04     0.38132E+00
 0.74000E-04     0.37539E+00
 0.78000E-04     0.37300E+00
 0.82000E-04     0.38538E+00
 0.86000E-04     0.48167E+00
 0.90000E-04     0.28785E+01
 0.94000E-04     0.14070E+02
 0.98000E-04     0.69880E+00
 0.10250E-03     0.57706E+00
 0.10750E-03     0.45086E+00
 0.11250E-03     0.35509E+00
 0.11750E-03     0.34280E+00
 0.12375E-03     0.34038E+00
 0.13125E-03     0.33853E+00
 0.13875E-03     0.33693E+00
 0.14625E-03     0.33534E+00
 0.15500E-03     0.33338E+00
 0.16500E-03     0.33091E+00
 0.17500E-03     0.32842E+00
 0.18500E-03     0.32575E+00
 0.19500E-03     0.32294E+00
 0.20500E-03     0.32325E+00
 0.21500E-03     0.32535E+00
 0.22500E-03     0.32833E+00
 0.23500E-03     0.40021E+00
 0.24750E-03     0.55018E+01
 0.26250E-03     0.48877E+00
 0.27500E-03     0.34325E+00
 0.29000E-03     0.37755E+00
 0.31000E-03     0.13564E+02
 0.33000E-03     0.12342E+02
 0.35000E-03     0.49820E+00
 0.37000E-03     0.36323E+00
 0.39000E-03     0.34222E+00
 0.41250E-03     0.32921E+00
 0.43750E-03     0.35278E+00
 0.46250E-03     0.15489E+01
 0.48750E-03     0.65514E+00
 0.51250E-03     0.76176E+00
 0.53750E-03     0.15517E+02
 0.56250E-03     0.72682E+00
 0.58750E-03     0.45660E+00
 0.61500E-03     0.39440E+00
 0.64500E-03     0.42520E+00
 0.67500E-03     0.39111E+01
 0.70500E-03     0.42736E+00
 0.74000E-03     0.11674E+02
 0.78000E-03     0.61934E+00
 0.82000E-03     0.17232E+01
 0.86000E-03     0.42851E+00
 0.90000E-03     0.42045E+00
 0.94000E-03     0.42626E+01
 0.98000E-03     0.45086E+00
 0.10250E-02     0.41562E+00
 0.10750E-02     0.41255E+00
 0.11250E-02     0.12064E+01
 0.11750E-02     0.38161E+00
 0.12375E-02     0.35906E+00
 0.13125E-02     0.40876E+01
 0.13875E-02     0.72149E+00
 0.14625E-02     0.28102E+01
 0.15500E-02     0.44138E+00
 0.16500E-02     0.32912E+01
 0.17500E-02     0.72442E+00
 0.18500E-02     0.26384E+01
 0.19500E-02     0.14112E+01
 0.20500E-02     0.97498E+00
 0.21500E-02     0.57372E+00
 0.22500E-02     0.59908E+00
 0.23500E-02     0.69383E+00
 0.24750E-02     0.98374E+00
 0.26250E-02     0.27147E+01
 0.27500E-02     0.38748E+01
 0.29000E-02     0.16897E+01
 0.31000E-02     0.14297E+01
 0.33000E-02     0.81543E+00
 0.35000E-02     0.39295E+01
 0.37000E-02     0.23336E+01
 0.39000E-02     0.41723E+01
 0.41250E-02     0.13996E+01
 0.43750E-02     0.12943E+01
 0.46250E-02     0.23256E+01
 0.48750E-02     0.26887E+01
 0.51250E-02     0.24171E+01
 0.53750E-02     0.14333E+01
 0.56250E-02     0.54953E+01
 0.58750E-02     0.34444E+01
 0.61500E-02     0.45935E+01
 0.64500E-02     0.40391E+01
 0.67500E-02     0.16576E+01
 0.70500E-02     0.28930E+01
 0.74000E-02     0.22907E+01
 0.78000E-02     0.24271E+01
 0.82000E-02     0.31539E+01
 0.86000E-02     0.26023E+01
 0.90000E-02     0.36047E+01
 0.94000E-02     0.33363E+01
 0.98000E-02     0.31384E+01
 0.10250E-01     0.30467E+01
 0.10750E-01     0.31672E+01
 0.11250E-01     0.32878E+01
 0.11750E-01     0.34073E+01
 0.12375E-01     0.35531E+01
 0.13125E-01     0.37282E+01
 0.13875E-01     0.39006E+01
 0.14625E-01     0.40704E+01
 0.15500E-01     0.42610E+01
 0.16500E-01     0.44704E+01
 0.17500E-01     0.46753E+01
 0.18500E-01     0.48688E+01
 0.19500E-01     0.50618E+01
 0.20500E-01     0.52547E+01
 0.21500E-01     0.54384E+01
 0.22500E-01     0.56099E+01
 0.23500E-01     0.57815E+01
 0.24750E-01     0.59936E+01
 0.26250E-01     0.62369E+01
 0.27500E-01     0.64382E+01
 0.29000E-01     0.66687E+01
 0.31000E-01     0.69530E+01
 0.33000E-01     0.72175E+01
 0.35000E-01     0.74428E+01
 0.37000E-01     0.76668E+01
 0.39000E-01     0.78908E+01
 0.41250E-01     0.82414E+01
 0.43750E-01     0.87219E+01
 0.46250E-01     0.92024E+01
 0.48750E-01     0.96829E+01
 0.51250E-01     0.10175E+02
 0.53750E-01     0.10679E+02
 0.56250E-01     0.11182E+02
 0.58750E-01     0.11686E+02
 0.61500E-01     0.12247E+02
 0.64500E-01     0.12872E+02
 0.67500E-01     0.13499E+02
 0.70500E-01     0.14127E+02
 0.74000E-01     0.14857E+02
 0.78000E-01     0.15701E+02
 0.82000E-01     0.16555E+02
 0.86000E-01     0.17418E+02
 0.90000E-01     0.18289E+02
 0.94000E-01     0.19165E+02
 0.98000E-01     0.20041E+02
 0.10250E+00     0.20918E+02
 0.10750E+00     0.21786E+02
 0.11250E+00     0.22655E+02
 0.11750E+00     0.23523E+02
 0.12375E+00     0.24605E+02
 0.13125E+00     0.25831E+02
 0.13875E+00     0.27036E+02
 0.14625E+00     0.28241E+02
 0.15500E+00     0.29274E+02
 0.16500E+00     0.30136E+02
 0.17500E+00     0.30967E+02
 0.18500E+00     0.31607E+02
 0.19500E+00     0.32215E+02
 0.20500E+00     0.33426E+02
 0.21500E+00     0.35398E+02
 0.22500E+00     0.37375E+02
 0.23500E+00     0.39352E+02
 0.24750E+00     0.41649E+02
 0.26250E+00     0.42153E+02
 0.27500E+00     0.41993E+02
 0.29000E+00     0.41800E+02
 0.31000E+00     0.40875E+02
 0.33000E+00     0.39287E+02
 0.35000E+00     0.37570E+02
 0.37000E+00     0.35081E+02
 0.39000E+00     0.32465E+02
 0.41250E+00     0.33739E+02
 0.43750E+00     0.38887E+02
 0.46250E+00     0.44035E+02
 0.48750E+00     0.49183E+02
 0.51250E+00     0.52023E+02
 0.53750E+00     0.52560E+02
 0.56250E+00     0.53097E+02
 0.58750E+00     0.53635E+02
 0.61500E+00     0.57836E+02
 0.64500E+00     0.65697E+02
 0.67500E+00     0.73558E+02
 0.70500E+00     0.76787E+02
 0.74000E+00     0.63659E+02
 0.78000E+00     0.66147E+02
 0.82000E+00     0.76865E+02
 0.86000E+00     0.88062E+02
 0.90000E+00     0.96208E+02
 0.94000E+00     0.86005E+02
 0.98000E+00     0.72737E+02
 0.10500E+01     0.87213E+02
 0.11500E+01     0.12961E+03
 0.12500E+01     0.14429E+03
 0.13500E+01     0.13097E+03
 0.14500E+01     0.10335E+03
 0.15500E+01     0.83880E+02
 0.16500E+01     0.87326E+02
 0.17500E+01     0.90624E+02
 0.18500E+01     0.93773E+02
 0.19500E+01     0.96922E+02
 0.20500E+01     0.10015E+03
 0.21500E+01     0.10345E+03
 0.22500E+01     0.10676E+03
 0.23500E+01     0.11007E+03
 0.24500E+01     0.11337E+03
 0.25500E+01     0.11656E+03
 0.26500E+01     0.11962E+03
 0.27500E+01     0.12269E+03
 0.28500E+01     0.12575E+03
 0.29500E+01     0.12882E+03
 0.30500E+01     0.12677E+03
 0.31500E+01     0.11950E+03
 0.32500E+01     0.11223E+03
 0.33500E+01     0.10496E+03
 0.34500E+01     0.97688E+02
 0.35500E+01     0.10061E+03
 0.36500E+01     0.11395E+03
 0.37500E+01     0.12730E+03
 0.38500E+01     0.14064E+03
 0.39500E+01     0.15399E+03
 0.40500E+01     0.16221E+03
 0.41500E+01     0.16517E+03
 0.42500E+01     0.16812E+03
 0.43500E+01     0.17108E+03
 0.44500E+01     0.17404E+03
 0.45500E+01     0.17700E+03
 0.46500E+01     0.17996E+03
 0.47500E+01     0.18291E+03
 0.48500E+01     0.18587E+03
 0.49500E+01     0.18883E+03
 0.50500E+01     0.19152E+03
 0.51500E+01     0.19394E+03
 0.52500E+01     0.19636E+03
 0.53500E+01     0.19878E+03
 0.54500E+01     0.20120E+03
 0.55500E+01     0.20362E+03
 0.56500E+01     0.20604E+03
 0.57500E+01     0.20846E+03
 0.58500E+01     0.21088E+03
 0.59500E+01     0.21330E+03
 0.60500E+01     0.21575E+03
 0.61500E+01     0.21824E+03
 0.62500E+01     0.22073E+03
 0.63500E+01     0.22322E+03
 0.64500E+01     0.22571E+03
 0.65500E+01     0.22820E+03
 0.66500E+01     0.23069E+03
 0.67500E+01     0.23318E+03
 0.68500E+01     0.23566E+03
 0.69500E+01     0.23815E+03
 0.70500E+01     0.24044E+03
 0.71500E+01     0.24250E+03
 0.72500E+01     0.24457E+03
 0.73500E+01     0.24664E+03
 0.74500E+01     0.24871E+03
 0.75500E+01     0.25077E+03
 0.76500E+01     0.25284E+03
 0.77500E+01     0.25491E+03
 0.78500E+01     0.25698E+03
 0.79500E+01     0.25904E+03
 0.80500E+01     0.26120E+03
 0.81500E+01     0.26346E+03
 0.82500E+01     0.26571E+03
 0.83500E+01     0.26796E+03
 0.84500E+01     0.27022E+03
 0.85500E+01     0.27247E+03
 0.86500E+01     0.27472E+03
 0.87500E+01     0.27698E+03
 0.88500E+01     0.27923E+03
 0.89500E+01     0.28149E+03
 0.90500E+01     0.28368E+03
 0.91500E+01     0.28581E+03
 0.92500E+01     0.28794E+03
 0.93500E+01     0.29007E+03
 0.94500E+01     0.29219E+03
 0.95500E+01     0.29432E+03
 0.96500E+01     0.29645E+03
 0.97500E+01     0.29858E+03
 0.98500E+01     0.30071E+03
 0.99500E+01     0.30284E+03
 0.10050E+02     0.30032E+03
 0.10150E+02     0.29284E+03
 0.10250E+02     0.28535E+03
 0.10350E+02     0.27809E+03
 0.10450E+02     0.28211E+03
 0.10550E+02     0.29259E+03
 0.10650E+02     0.30308E+03
 0.10750E+02     0.31356E+03
 0.10850E+02     0.32404E+03
 0.10950E+02     0.33452E+03
 0.11050E+02     0.34117E+03
 0.11150E+02     0.34372E+03
 0.11250E+02     0.34626E+03
 0.11350E+02     0.34881E+03
 0.11450E+02     0.35136E+03
 0.11550E+02     0.35391E+03
 0.11650E+02     0.35645E+03
 0.11750E+02     0.35900E+03
 0.11850E+02     0.36155E+03
 0.11950E+02     0.36410E+03
 0.12050E+02     0.36752E+03
 0.12150E+02     0.37187E+03
 0.12250E+02     0.37623E+03
 0.12350E+02     0.38058E+03
 0.12450E+02     0.38494E+03
 0.12550E+02     0.38929E+03
 0.12650E+02     0.39364E+03
 0.12750E+02     0.39800E+03
 0.12850E+02     0.40235E+03
 0.12950E+02     0.40671E+03
 0.13050E+02     0.38859E+03
 0.13150E+02     0.34641E+03
 0.13250E+02     0.30424E+03
 0.13350E+02     0.26207E+03
 0.13450E+02     0.25628E+03
 0.13550E+02     0.28942E+03
 0.13650E+02     0.32255E+03
 0.13750E+02     0.35569E+03
 0.13850E+02     0.38882E+03
 0.13950E+02     0.42196E+03
 0.14050E+02     0.44134E+03
 0.14150E+02     0.44598E+03
 0.14250E+02     0.45063E+03
 0.14350E+02     0.45528E+03
 0.14450E+02     0.45993E+03
 0.14550E+02     0.46457E+03
 0.14650E+02     0.46922E+03
 0.14750E+02     0.47387E+03
 0.14850E+02     0.47852E+03
 0.14950E+02     0.48316E+03
 0.15050E+02     0.48727E+03
 0.15150E+02     0.49080E+03
 0.15250E+02     0.49433E+03
 0.15350E+02     0.49786E+03
 0.15450E+02     0.50139E+03
 0.15550E+02     0.50492E+03
 0.15650E+02     0.50845E+03
 0.15750E+02     0.51198E+03
 0.15850E+02     0.51552E+03
 0.15950E+02     0.51905E+03
 0.16050E+02     0.52250E+03
 0.16150E+02     0.52586E+03
 0.16250E+02     0.52923E+03
 0.16350E+02     0.53260E+03
 0.16450E+02     0.53597E+03
 0.16550E+02     0.53933E+03
 0.16650E+02     0.54270E+03
 0.16750E+02     0.54607E+03
 0.16850E+02     0.54944E+03
 0.16950E+02     0.55280E+03
 0.17050E+02     0.55584E+03
 0.17150E+02     0.55851E+03
 0.17250E+02     0.56119E+03
 0.17350E+02     0.56387E+03
 0.17450E+02     0.56654E+03
 0.17550E+02     0.56922E+03
 0.17650E+02     0.57189E+03
 0.17750E+02     0.57457E+03
 0.17850E+02     0.57725E+03
 0.17950E+02     0.57992E+03
 0.18050E+02     0.58398E+03
 0.18150E+02     0.58953E+03
 0.18250E+02     0.59508E+03
 0.18350E+02     0.60063E+03
 0.18450E+02     0.60616E+03
 0.18550E+02     0.61015E+03
 0.18650E+02     0.61339E+03
 0.18750E+02     0.61664E+03
 0.18850E+02     0.61988E+03
 0.18950E+02     0.62312E+03
 0.19050E+02     0.62515E+03
 0.19150E+02     0.62588E+03
 0.19250E+02     0.62661E+03
 0.19350E+02     0.62734E+03
 0.19450E+02     0.62807E+03
 0.19550E+02     0.62880E+03
 0.19650E+02     0.62952E+03
 0.19750E+02     0.63025E+03
 0.19850E+02     0.63098E+03
 0.19950E+02     0.63171E+03
