 0.10250E-09     0.10000E-37
 0.10750E-09     0.10000E-37
 0.11250E-09     0.10000E-37
 0.11750E-09     0.51885E+00
 0.12375E-09     0.20865E+01
 0.13125E-09     0.20807E+01
 0.13875E-09     0.20750E+01
 0.14625E-09     0.20693E+01
 0.15500E-09     0.20626E+01
 0.16500E-09     0.20550E+01
 0.17500E-09     0.20474E+01
 0.18500E-09     0.20398E+01
 0.19500E-09     0.20322E+01
 0.20500E-09     0.20245E+01
 0.21500E-09     0.20169E+01
 0.22500E-09     0.20093E+01
 0.23500E-09     0.20017E+01
 0.24750E-09     0.19921E+01
 0.26250E-09     0.19807E+01
 0.27500E-09     0.19712E+01
 0.29000E-09     0.19597E+01
 0.31000E-09     0.19445E+01
 0.33000E-09     0.19292E+01
 0.35000E-09     0.19140E+01
 0.37000E-09     0.18987E+01
 0.39000E-09     0.18835E+01
 0.41250E-09     0.18663E+01
 0.43750E-09     0.18473E+01
 0.46250E-09     0.18282E+01
 0.48750E-09     0.18092E+01
 0.51250E-09     0.17968E+01
 0.53750E-09     0.17909E+01
 0.56250E-09     0.17851E+01
 0.58750E-09     0.17792E+01
 0.61500E-09     0.17727E+01
 0.64500E-09     0.17657E+01
 0.67500E-09     0.17587E+01
 0.70500E-09     0.17516E+01
 0.74000E-09     0.17434E+01
 0.78000E-09     0.17340E+01
 0.82000E-09     0.17247E+01
 0.86000E-09     0.17153E+01
 0.90000E-09     0.17059E+01
 0.94000E-09     0.16965E+01
 0.98000E-09     0.16872E+01
 0.10250E-08     0.16810E+01
 0.10750E-08     0.16779E+01
 0.11250E-08     0.16749E+01
 0.11750E-08     0.16718E+01
 0.12375E-08     0.16680E+01
 0.13125E-08     0.16635E+01
 0.13875E-08     0.16589E+01
 0.14625E-08     0.16543E+01
 0.15500E-08     0.16490E+01
 0.16500E-08     0.16429E+01
 0.17500E-08     0.16369E+01
 0.18500E-08     0.16308E+01
 0.19500E-08     0.16247E+01
 0.20500E-08     0.16186E+01
 0.21500E-08     0.16125E+01
 0.22500E-08     0.16064E+01
 0.23500E-08     0.16004E+01
 0.24750E-08     0.15927E+01
 0.26250E-08     0.15836E+01
 0.27500E-08     0.15760E+01
 0.29000E-08     0.15669E+01
 0.31000E-08     0.15547E+01
 0.33000E-08     0.15426E+01
 0.35000E-08     0.15304E+01
 0.37000E-08     0.15182E+01
 0.39000E-08     0.15061E+01
 0.41250E-08     0.14924E+01
 0.43750E-08     0.14772E+01
 0.46250E-08     0.14620E+01
 0.48750E-08     0.14468E+01
 0.51250E-08     0.14368E+01
 0.53750E-08     0.14322E+01
 0.56250E-08     0.14275E+01
 0.58750E-08     0.14228E+01
 0.61500E-08     0.14176E+01
 0.64500E-08     0.14120E+01
 0.67500E-08     0.14064E+01
 0.70500E-08     0.14007E+01
 0.74000E-08     0.13942E+01
 0.78000E-08     0.13867E+01
 0.82000E-08     0.13792E+01
 0.86000E-08     0.13717E+01
 0.90000E-08     0.13642E+01
 0.94000E-08     0.13567E+01
 0.98000E-08     0.13491E+01
 0.10250E-07     0.13435E+01
 0.10750E-07     0.13398E+01
 0.11250E-07     0.13361E+01
 0.11750E-07     0.13323E+01
 0.12375E-07     0.13277E+01
 0.13125E-07     0.13221E+01
 0.13875E-07     0.13164E+01
 0.14625E-07     0.13108E+01
 0.15500E-07     0.13043E+01
 0.16500E-07     0.12968E+01
 0.17500E-07     0.12894E+01
 0.18500E-07     0.12819E+01
 0.19500E-07     0.12744E+01
 0.20500E-07     0.12670E+01
 0.21500E-07     0.12595E+01
 0.22500E-07     0.12520E+01
 0.23500E-07     0.12445E+01
 0.24750E-07     0.12353E+01
 0.26250E-07     0.12291E+01
 0.27500E-07     0.12265E+01
 0.29000E-07     0.12234E+01
 0.31000E-07     0.12192E+01
 0.33000E-07     0.12151E+01
 0.35000E-07     0.12109E+01
 0.37000E-07     0.12068E+01
 0.39000E-07     0.12026E+01
 0.41250E-07     0.11979E+01
 0.43750E-07     0.11927E+01
 0.46250E-07     0.11875E+01
 0.48750E-07     0.11824E+01
 0.51250E-07     0.11772E+01
 0.53750E-07     0.11720E+01
 0.56250E-07     0.11668E+01
 0.58750E-07     0.11616E+01
 0.61500E-07     0.11559E+01
 0.64500E-07     0.11496E+01
 0.67500E-07     0.11434E+01
 0.70500E-07     0.11371E+01
 0.74000E-07     0.11299E+01
 0.78000E-07     0.11216E+01
 0.82000E-07     0.11133E+01
 0.86000E-07     0.11049E+01
 0.90000E-07     0.10966E+01
 0.94000E-07     0.10883E+01
 0.98000E-07     0.10800E+01
 0.10250E-06     0.10748E+01
 0.10750E-06     0.10728E+01
 0.11250E-06     0.10709E+01
 0.11750E-06     0.10690E+01
 0.12375E-06     0.10665E+01
 0.13125E-06     0.10636E+01
 0.13875E-06     0.10607E+01
 0.14625E-06     0.10578E+01
 0.15500E-06     0.10544E+01
 0.16500E-06     0.10505E+01
 0.17500E-06     0.10466E+01
 0.18500E-06     0.10428E+01
 0.19500E-06     0.10389E+01
 0.20500E-06     0.10350E+01
 0.21500E-06     0.10311E+01
 0.22500E-06     0.10272E+01
 0.23500E-06     0.10233E+01
 0.24750E-06     0.10185E+01
 0.26250E-06     0.10127E+01
 0.27500E-06     0.10078E+01
 0.29000E-06     0.10020E+01
 0.31000E-06     0.99423E+00
 0.33000E-06     0.98646E+00
 0.35000E-06     0.97869E+00
 0.37000E-06     0.97092E+00
 0.39000E-06     0.96315E+00
 0.41250E-06     0.95443E+00
 0.43750E-06     0.94471E+00
 0.46250E-06     0.93500E+00
 0.48750E-06     0.92529E+00
 0.51250E-06     0.91894E+00
 0.53750E-06     0.91601E+00
 0.56250E-06     0.91308E+00
 0.58750E-06     0.91014E+00
 0.61500E-06     0.90692E+00
 0.64500E-06     0.90341E+00
 0.67500E-06     0.89989E+00
 0.70500E-06     0.89637E+00
 0.74000E-06     0.89227E+00
 0.78000E-06     0.88758E+00
 0.82000E-06     0.88289E+00
 0.86000E-06     0.87820E+00
 0.90000E-06     0.87351E+00
 0.94000E-06     0.86882E+00
 0.98000E-06     0.86413E+00
 0.10250E-05     0.86099E+00
 0.10750E-05     0.85941E+00
 0.11250E-05     0.85784E+00
 0.11750E-05     0.85626E+00
 0.12375E-05     0.85430E+00
 0.13125E-05     0.85193E+00
 0.13875E-05     0.84957E+00
 0.14625E-05     0.84721E+00
 0.15500E-05     0.84446E+00
 0.16500E-05     0.84130E+00
 0.17500E-05     0.83815E+00
 0.18500E-05     0.83500E+00
 0.19500E-05     0.83185E+00
 0.20500E-05     0.82870E+00
 0.21500E-05     0.82554E+00
 0.22500E-05     0.82239E+00
 0.23500E-05     0.81924E+00
 0.24750E-05     0.81532E+00
 0.26250E-05     0.81059E+00
 0.27500E-05     0.80664E+00
 0.29000E-05     0.80194E+00
 0.31000E-05     0.79563E+00
 0.33000E-05     0.78933E+00
 0.35000E-05     0.78302E+00
 0.37000E-05     0.77672E+00
 0.39000E-05     0.77042E+00
 0.41250E-05     0.76334E+00
 0.43750E-05     0.75546E+00
 0.46250E-05     0.74758E+00
 0.48750E-05     0.73970E+00
 0.51250E-05     0.73457E+00
 0.53750E-05     0.73222E+00
 0.56250E-05     0.72987E+00
 0.58750E-05     0.72753E+00
 0.61500E-05     0.72495E+00
 0.64500E-05     0.72214E+00
 0.67500E-05     0.71932E+00
 0.70500E-05     0.71651E+00
 0.74000E-05     0.71323E+00
 0.78000E-05     0.70948E+00
 0.82000E-05     0.70573E+00
 0.86000E-05     0.70198E+00
 0.90000E-05     0.69822E+00
 0.94000E-05     0.69447E+00
 0.98000E-05     0.69072E+00
 0.10250E-04     0.68810E+00
 0.10750E-04     0.68664E+00
 0.11250E-04     0.68517E+00
 0.11750E-04     0.68371E+00
 0.12375E-04     0.68188E+00
 0.13125E-04     0.67968E+00
 0.13875E-04     0.67748E+00
 0.14625E-04     0.67528E+00
 0.15500E-04     0.67272E+00
 0.16500E-04     0.66979E+00
 0.17500E-04     0.66686E+00
 0.18500E-04     0.66393E+00
 0.19500E-04     0.66100E+00
 0.20500E-04     0.65807E+00
 0.21500E-04     0.65513E+00
 0.22500E-04     0.65220E+00
 0.23500E-04     0.64927E+00
 0.24750E-04     0.64562E+00
 0.26250E-04     0.64122E+00
 0.27500E-04     0.63754E+00
 0.29000E-04     0.63317E+00
 0.31000E-04     0.62731E+00
 0.33000E-04     0.62144E+00
 0.35000E-04     0.61558E+00
 0.37000E-04     0.60972E+00
 0.39000E-04     0.60385E+00
 0.41250E-04     0.13815E+01
 0.43750E-04     0.34202E+01
 0.46250E-04     0.16649E+03
 0.48750E-04     0.21595E+02
 0.51250E-04     0.25757E+01
 0.53750E-04     0.13629E+01
 0.56250E-04     0.85469E+00
 0.58750E-04     0.70656E+00
 0.61500E-04     0.63868E+00
 0.64500E-04     0.59697E+00
 0.67500E-04     0.57529E+00
 0.70500E-04     0.56513E+00
 0.74000E-04     0.55633E+00
 0.78000E-04     0.55228E+00
 0.82000E-04     0.57089E+00
 0.86000E-04     0.71552E+00
 0.90000E-04     0.43168E+01
 0.94000E-04     0.21109E+02
 0.98000E-04     0.10320E+01
 0.10250E-03     0.85180E+00
 0.10750E-03     0.66435E+00
 0.11250E-03     0.52126E+00
 0.11750E-03     0.50240E+00
 0.12375E-03     0.49810E+00
 0.13125E-03     0.49460E+00
 0.13875E-03     0.49148E+00
 0.14625E-03     0.48837E+00
 0.15500E-03     0.48474E+00
 0.16500E-03     0.48059E+00
 0.17500E-03     0.47644E+00
 0.18500E-03     0.47228E+00
 0.19500E-03     0.46831E+00
 0.20500E-03     0.46927E+00
 0.21500E-03     0.47252E+00
 0.22500E-03     0.47791E+00
 0.23500E-03     0.58769E+00
 0.24750E-03     0.80938E+01
 0.26250E-03     0.70640E+00
 0.27500E-03     0.50333E+00
 0.29000E-03     0.55707E+00
 0.31000E-03     0.18581E+02
 0.33000E-03     0.16929E+02
 0.35000E-03     0.63465E+00
 0.37000E-03     0.47477E+00
 0.39000E-03     0.45569E+00
 0.41250E-03     0.44653E+00
 0.43750E-03     0.49412E+00
 0.46250E-03     0.22354E+01
 0.48750E-03     0.95213E+00
 0.51250E-03     0.11057E+01
 0.53750E-03     0.22362E+02
 0.56250E-03     0.10464E+01
 0.58750E-03     0.66129E+00
 0.61500E-03     0.57311E+00
 0.64500E-03     0.61595E+00
 0.67500E-03     0.56566E+01
 0.70500E-03     0.61519E+00
 0.74000E-03     0.16943E+02
 0.78000E-03     0.90433E+00
 0.82000E-03     0.24846E+01
 0.86000E-03     0.62480E+00
 0.90000E-03     0.60726E+00
 0.94000E-03     0.62094E+01
 0.98000E-03     0.65630E+00
 0.10250E-02     0.60366E+00
 0.10750E-02     0.59669E+00
 0.11250E-02     0.17228E+01
 0.11750E-02     0.55018E+00
 0.12375E-02     0.51000E+00
 0.13125E-02     0.59644E+01
 0.13875E-02     0.10425E+01
 0.14625E-02     0.40647E+01
 0.15500E-02     0.63517E+00
 0.16500E-02     0.48652E+01
 0.17500E-02     0.10518E+01
 0.18500E-02     0.39135E+01
 0.19500E-02     0.21231E+01
 0.20500E-02     0.13939E+01
 0.21500E-02     0.82248E+00
 0.22500E-02     0.84629E+00
 0.23500E-02     0.96049E+00
 0.24750E-02     0.13938E+01
 0.26250E-02     0.39480E+01
 0.27500E-02     0.57250E+01
 0.29000E-02     0.24761E+01
 0.31000E-02     0.20432E+01
 0.33000E-02     0.11260E+01
 0.35000E-02     0.57927E+01
 0.37000E-02     0.34106E+01
 0.39000E-02     0.60916E+01
 0.41250E-02     0.20012E+01
 0.43750E-02     0.17734E+01
 0.46250E-02     0.33060E+01
 0.48750E-02     0.38649E+01
 0.51250E-02     0.34522E+01
 0.53750E-02     0.19496E+01
 0.56250E-02     0.80101E+01
 0.58750E-02     0.49282E+01
 0.61500E-02     0.66597E+01
 0.64500E-02     0.57595E+01
 0.67500E-02     0.23154E+01
 0.70500E-02     0.40623E+01
 0.74000E-02     0.31642E+01
 0.78000E-02     0.33165E+01
 0.82000E-02     0.43830E+01
 0.86000E-02     0.35652E+01
 0.90000E-02     0.50244E+01
 0.94000E-02     0.45731E+01
 0.98000E-02     0.43231E+01
 0.10250E-01     0.42093E+01
 0.10750E-01     0.43603E+01
 0.11250E-01     0.45113E+01
 0.11750E-01     0.46594E+01
 0.12375E-01     0.48345E+01
 0.13125E-01     0.50436E+01
 0.13875E-01     0.52467E+01
 0.14625E-01     0.54442E+01
 0.15500E-01     0.56659E+01
 0.16500E-01     0.59063E+01
 0.17500E-01     0.61394E+01
 0.18500E-01     0.63555E+01
 0.19500E-01     0.65706E+01
 0.20500E-01     0.67857E+01
 0.21500E-01     0.69880E+01
 0.22500E-01     0.71736E+01
 0.23500E-01     0.73592E+01
 0.24750E-01     0.75876E+01
 0.26250E-01     0.78381E+01
 0.27500E-01     0.80424E+01
 0.29000E-01     0.82742E+01
 0.31000E-01     0.85535E+01
 0.33000E-01     0.88084E+01
 0.35000E-01     0.90153E+01
 0.37000E-01     0.92205E+01
 0.39000E-01     0.94257E+01
 0.41250E-01     0.97722E+01
 0.43750E-01     0.10264E+02
 0.46250E-01     0.10755E+02
 0.48750E-01     0.11246E+02
 0.51250E-01     0.11746E+02
 0.53750E-01     0.12254E+02
 0.56250E-01     0.12762E+02
 0.58750E-01     0.13270E+02
 0.61500E-01     0.13824E+02
 0.64500E-01     0.14425E+02
 0.67500E-01     0.15025E+02
 0.70500E-01     0.15624E+02
 0.74000E-01     0.16322E+02
 0.78000E-01     0.17111E+02
 0.82000E-01     0.17897E+02
 0.86000E-01     0.18682E+02
 0.90000E-01     0.19465E+02
 0.94000E-01     0.20246E+02
 0.98000E-01     0.21028E+02
 0.10250E+00     0.21790E+02
 0.10750E+00     0.22524E+02
 0.11250E+00     0.23257E+02
 0.11750E+00     0.23991E+02
 0.12375E+00     0.24904E+02
 0.13125E+00     0.25917E+02
 0.13875E+00     0.26907E+02
 0.14625E+00     0.27896E+02
 0.15500E+00     0.28683E+02
 0.16500E+00     0.29269E+02
 0.17500E+00     0.29827E+02
 0.18500E+00     0.30221E+02
 0.19500E+00     0.30588E+02
 0.20500E+00     0.31144E+02
 0.21500E+00     0.31881E+02
 0.22500E+00     0.32618E+02
 0.23500E+00     0.33355E+02
 0.24750E+00     0.34260E+02
 0.26250E+00     0.35120E+02
 0.27500E+00     0.35778E+02
 0.29000E+00     0.36570E+02
 0.31000E+00     0.37454E+02
 0.33000E+00     0.38170E+02
 0.35000E+00     0.38863E+02
 0.37000E+00     0.39419E+02
 0.39000E+00     0.39952E+02
 0.41250E+00     0.40594E+02
 0.43750E+00     0.41345E+02
 0.46250E+00     0.42096E+02
 0.48750E+00     0.42847E+02
 0.51250E+00     0.43392E+02
 0.53750E+00     0.43732E+02
 0.56250E+00     0.44072E+02
 0.58750E+00     0.44413E+02
 0.61500E+00     0.45024E+02
 0.64500E+00     0.45905E+02
 0.67500E+00     0.46787E+02
 0.70500E+00     0.47527E+02
 0.74000E+00     0.47846E+02
 0.78000E+00     0.48090E+02
 0.82000E+00     0.48206E+02
 0.86000E+00     0.48226E+02
 0.90000E+00     0.48703E+02
 0.94000E+00     0.51930E+02
 0.98000E+00     0.55616E+02
 0.10500E+01     0.58056E+02
 0.11500E+01     0.59248E+02
 0.12500E+01     0.59829E+02
 0.13500E+01     0.59791E+02
 0.14500E+01     0.59628E+02
 0.15500E+01     0.59379E+02
 0.16500E+01     0.59173E+02
 0.17500E+01     0.60751E+02
 0.18500E+01     0.64140E+02
 0.19500E+01     0.67528E+02
 0.20500E+01     0.69217E+02
 0.21500E+01     0.69177E+02
 0.22500E+01     0.69137E+02
 0.23500E+01     0.69097E+02
 0.24500E+01     0.69058E+02
 0.25500E+01     0.68996E+02
 0.26500E+01     0.68913E+02
 0.27500E+01     0.68829E+02
 0.28500E+01     0.68745E+02
 0.29500E+01     0.68662E+02
 0.30500E+01     0.68687E+02
 0.31500E+01     0.68822E+02
 0.32500E+01     0.68957E+02
 0.33500E+01     0.69092E+02
 0.34500E+01     0.69228E+02
 0.35500E+01     0.70257E+02
 0.36500E+01     0.72203E+02
 0.37500E+01     0.74148E+02
 0.38500E+01     0.76093E+02
 0.39500E+01     0.78038E+02
 0.40500E+01     0.79060E+02
 0.41500E+01     0.79133E+02
 0.42500E+01     0.79207E+02
 0.43500E+01     0.79281E+02
 0.44500E+01     0.79355E+02
 0.45500E+01     0.79428E+02
 0.46500E+01     0.79502E+02
 0.47500E+01     0.79576E+02
 0.48500E+01     0.79650E+02
 0.49500E+01     0.79723E+02
 0.50500E+01     0.80216E+02
 0.51500E+01     0.81140E+02
 0.52500E+01     0.82064E+02
 0.53500E+01     0.82988E+02
 0.54500E+01     0.83912E+02
 0.55500E+01     0.84836E+02
 0.56500E+01     0.85759E+02
 0.57500E+01     0.86683E+02
 0.58500E+01     0.87607E+02
 0.59500E+01     0.88531E+02
 0.60500E+01     0.89016E+02
 0.61500E+01     0.89048E+02
 0.62500E+01     0.89079E+02
 0.63500E+01     0.89111E+02
 0.64500E+01     0.89142E+02
 0.65500E+01     0.89174E+02
 0.66500E+01     0.89205E+02
 0.67500E+01     0.89237E+02
 0.68500E+01     0.89268E+02
 0.69500E+01     0.89300E+02
 0.70500E+01     0.89720E+02
 0.71500E+01     0.90544E+02
 0.72500E+01     0.91368E+02
 0.73500E+01     0.92191E+02
 0.74500E+01     0.93015E+02
 0.75500E+01     0.93839E+02
 0.76500E+01     0.94663E+02
 0.77500E+01     0.95486E+02
 0.78500E+01     0.96310E+02
 0.79500E+01     0.97134E+02
 0.80500E+01     0.97494E+02
 0.81500E+01     0.97370E+02
 0.82500E+01     0.97246E+02
 0.83500E+01     0.97122E+02
 0.84500E+01     0.96998E+02
 0.85500E+01     0.96874E+02
 0.86500E+01     0.96750E+02
 0.87500E+01     0.96626E+02
 0.88500E+01     0.96502E+02
 0.89500E+01     0.96378E+02
 0.90500E+01     0.96681E+02
 0.91500E+01     0.97434E+02
 0.92500E+01     0.98186E+02
 0.93500E+01     0.98939E+02
 0.94500E+01     0.99692E+02
 0.95500E+01     0.10044E+03
 0.96500E+01     0.10120E+03
 0.97500E+01     0.10195E+03
 0.98500E+01     0.10270E+03
 0.99500E+01     0.10346E+03
 0.10050E+02     0.10372E+03
 0.10150E+02     0.10347E+03
 0.10250E+02     0.10322E+03
 0.10350E+02     0.10297E+03
 0.10450E+02     0.10286E+03
 0.10550E+02     0.10282E+03
 0.10650E+02     0.10279E+03
 0.10750E+02     0.10275E+03
 0.10850E+02     0.10271E+03
 0.10950E+02     0.10268E+03
 0.11050E+02     0.10282E+03
 0.11150E+02     0.10316E+03
 0.11250E+02     0.10350E+03
 0.11350E+02     0.10384E+03
 0.11450E+02     0.10418E+03
 0.11550E+02     0.10452E+03
 0.11650E+02     0.10486E+03
 0.11750E+02     0.10520E+03
 0.11850E+02     0.10554E+03
 0.11950E+02     0.10588E+03
 0.12050E+02     0.10596E+03
 0.12150E+02     0.10574E+03
 0.12250E+02     0.10552E+03
 0.12350E+02     0.10531E+03
 0.12450E+02     0.10509E+03
 0.12550E+02     0.10488E+03
 0.12650E+02     0.10466E+03
 0.12750E+02     0.10444E+03
 0.12850E+02     0.10423E+03
 0.12950E+02     0.10401E+03
 0.13050E+02     0.10376E+03
 0.13150E+02     0.10348E+03
 0.13250E+02     0.10320E+03
 0.13350E+02     0.10291E+03
 0.13450E+02     0.10290E+03
 0.13550E+02     0.10318E+03
 0.13650E+02     0.10345E+03
 0.13750E+02     0.10373E+03
 0.13850E+02     0.10400E+03
 0.13950E+02     0.10428E+03
 0.14050E+02     0.10465E+03
 0.14150E+02     0.10513E+03
 0.14250E+02     0.10561E+03
 0.14350E+02     0.10608E+03
 0.14450E+02     0.10656E+03
 0.14550E+02     0.10704E+03
 0.14650E+02     0.10752E+03
 0.14750E+02     0.10800E+03
 0.14850E+02     0.10848E+03
 0.14950E+02     0.10895E+03
 0.15050E+02     0.10914E+03
 0.15150E+02     0.10901E+03
 0.15250E+02     0.10888E+03
 0.15350E+02     0.10875E+03
 0.15450E+02     0.10863E+03
 0.15550E+02     0.10850E+03
 0.15650E+02     0.10837E+03
 0.15750E+02     0.10824E+03
 0.15850E+02     0.10811E+03
 0.15950E+02     0.10798E+03
 0.16050E+02     0.10829E+03
 0.16150E+02     0.10906E+03
 0.16250E+02     0.10983E+03
 0.16350E+02     0.11060E+03
 0.16450E+02     0.11138E+03
 0.16550E+02     0.11215E+03
 0.16650E+02     0.11292E+03
 0.16750E+02     0.11369E+03
 0.16850E+02     0.11446E+03
 0.16950E+02     0.11523E+03
 0.17050E+02     0.11560E+03
 0.17150E+02     0.11554E+03
 0.17250E+02     0.11548E+03
 0.17350E+02     0.11542E+03
 0.17450E+02     0.11536E+03
 0.17550E+02     0.11530E+03
 0.17650E+02     0.11524E+03
 0.17750E+02     0.11518E+03
 0.17850E+02     0.11512E+03
 0.17950E+02     0.11506E+03
 0.18050E+02     0.11499E+03
 0.18150E+02     0.11493E+03
 0.18250E+02     0.11487E+03
 0.18350E+02     0.11480E+03
 0.18450E+02     0.11474E+03
 0.18550E+02     0.11475E+03
 0.18650E+02     0.11479E+03
 0.18750E+02     0.11483E+03
 0.18850E+02     0.11488E+03
 0.18950E+02     0.11492E+03
 0.19050E+02     0.11498E+03
 0.19150E+02     0.11506E+03
 0.19250E+02     0.11514E+03
 0.19350E+02     0.11522E+03
 0.19450E+02     0.11529E+03
 0.19550E+02     0.11537E+03
 0.19650E+02     0.11545E+03
 0.19750E+02     0.11552E+03
 0.19850E+02     0.11560E+03
 0.19950E+02     0.11568E+03
