 0.10250E-09     0.10000E-37
 0.10750E-09     0.10000E-37
 0.11250E-09     0.10000E-37
 0.11750E-09     0.34377E+00
 0.12375E-09     0.13824E+01
 0.13125E-09     0.13787E+01
 0.13875E-09     0.13749E+01
 0.14625E-09     0.13711E+01
 0.15500E-09     0.13667E+01
 0.16500E-09     0.13616E+01
 0.17500E-09     0.13566E+01
 0.18500E-09     0.13515E+01
 0.19500E-09     0.13465E+01
 0.20500E-09     0.13414E+01
 0.21500E-09     0.13364E+01
 0.22500E-09     0.13313E+01
 0.23500E-09     0.13263E+01
 0.24750E-09     0.13199E+01
 0.26250E-09     0.13124E+01
 0.27500E-09     0.13061E+01
 0.29000E-09     0.12984E+01
 0.31000E-09     0.12884E+01
 0.33000E-09     0.12783E+01
 0.35000E-09     0.12682E+01
 0.37000E-09     0.12581E+01
 0.39000E-09     0.12480E+01
 0.41250E-09     0.12366E+01
 0.43750E-09     0.12240E+01
 0.46250E-09     0.12113E+01
 0.48750E-09     0.11987E+01
 0.51250E-09     0.11905E+01
 0.53750E-09     0.11866E+01
 0.56250E-09     0.11827E+01
 0.58750E-09     0.11789E+01
 0.61500E-09     0.11746E+01
 0.64500E-09     0.11699E+01
 0.67500E-09     0.11653E+01
 0.70500E-09     0.11606E+01
 0.74000E-09     0.11552E+01
 0.78000E-09     0.11489E+01
 0.82000E-09     0.11427E+01
 0.86000E-09     0.11365E+01
 0.90000E-09     0.11303E+01
 0.94000E-09     0.11241E+01
 0.98000E-09     0.11179E+01
 0.10250E-08     0.11138E+01
 0.10750E-08     0.11118E+01
 0.11250E-08     0.11097E+01
 0.11750E-08     0.11077E+01
 0.12375E-08     0.11052E+01
 0.13125E-08     0.11022E+01
 0.13875E-08     0.10992E+01
 0.14625E-08     0.10961E+01
 0.15500E-08     0.10926E+01
 0.16500E-08     0.10886E+01
 0.17500E-08     0.10845E+01
 0.18500E-08     0.10805E+01
 0.19500E-08     0.10765E+01
 0.20500E-08     0.10725E+01
 0.21500E-08     0.10684E+01
 0.22500E-08     0.10644E+01
 0.23500E-08     0.10604E+01
 0.24750E-08     0.10553E+01
 0.26250E-08     0.10493E+01
 0.27500E-08     0.10442E+01
 0.29000E-08     0.10382E+01
 0.31000E-08     0.10301E+01
 0.33000E-08     0.10221E+01
 0.35000E-08     0.10140E+01
 0.37000E-08     0.10059E+01
 0.39000E-08     0.99789E+00
 0.41250E-08     0.98881E+00
 0.43750E-08     0.97873E+00
 0.46250E-08     0.96866E+00
 0.48750E-08     0.95859E+00
 0.51250E-08     0.95202E+00
 0.53750E-08     0.94892E+00
 0.56250E-08     0.94581E+00
 0.58750E-08     0.94270E+00
 0.61500E-08     0.93928E+00
 0.64500E-08     0.93555E+00
 0.67500E-08     0.93183E+00
 0.70500E-08     0.92810E+00
 0.74000E-08     0.92374E+00
 0.78000E-08     0.91877E+00
 0.82000E-08     0.91380E+00
 0.86000E-08     0.90883E+00
 0.90000E-08     0.90386E+00
 0.94000E-08     0.89889E+00
 0.98000E-08     0.89392E+00
 0.10250E-07     0.89020E+00
 0.10750E-07     0.88772E+00
 0.11250E-07     0.88525E+00
 0.11750E-07     0.88277E+00
 0.12375E-07     0.87967E+00
 0.13125E-07     0.87596E+00
 0.13875E-07     0.87225E+00
 0.14625E-07     0.86854E+00
 0.15500E-07     0.86420E+00
 0.16500E-07     0.85926E+00
 0.17500E-07     0.85431E+00
 0.18500E-07     0.84936E+00
 0.19500E-07     0.84441E+00
 0.20500E-07     0.83946E+00
 0.21500E-07     0.83451E+00
 0.22500E-07     0.82956E+00
 0.23500E-07     0.82461E+00
 0.24750E-07     0.81847E+00
 0.26250E-07     0.81439E+00
 0.27500E-07     0.81267E+00
 0.29000E-07     0.81061E+00
 0.31000E-07     0.80785E+00
 0.33000E-07     0.80510E+00
 0.35000E-07     0.80234E+00
 0.37000E-07     0.79959E+00
 0.39000E-07     0.79684E+00
 0.41250E-07     0.79374E+00
 0.43750E-07     0.79030E+00
 0.46250E-07     0.78685E+00
 0.48750E-07     0.78341E+00
 0.51250E-07     0.77997E+00
 0.53750E-07     0.77652E+00
 0.56250E-07     0.77308E+00
 0.58750E-07     0.76964E+00
 0.61500E-07     0.76586E+00
 0.64500E-07     0.76172E+00
 0.67500E-07     0.75759E+00
 0.70500E-07     0.75346E+00
 0.74000E-07     0.74866E+00
 0.78000E-07     0.74315E+00
 0.82000E-07     0.73764E+00
 0.86000E-07     0.73213E+00
 0.90000E-07     0.72662E+00
 0.94000E-07     0.72111E+00
 0.98000E-07     0.71560E+00
 0.10250E-06     0.71215E+00
 0.10750E-06     0.71087E+00
 0.11250E-06     0.70958E+00
 0.11750E-06     0.70830E+00
 0.12375E-06     0.70669E+00
 0.13125E-06     0.70477E+00
 0.13875E-06     0.70284E+00
 0.14625E-06     0.70091E+00
 0.15500E-06     0.69866E+00
 0.16500E-06     0.69609E+00
 0.17500E-06     0.69352E+00
 0.18500E-06     0.69095E+00
 0.19500E-06     0.68838E+00
 0.20500E-06     0.68581E+00
 0.21500E-06     0.68324E+00
 0.22500E-06     0.68067E+00
 0.23500E-06     0.67809E+00
 0.24750E-06     0.67489E+00
 0.26250E-06     0.67103E+00
 0.27500E-06     0.66781E+00
 0.29000E-06     0.66398E+00
 0.31000E-06     0.65883E+00
 0.33000E-06     0.65369E+00
 0.35000E-06     0.64855E+00
 0.37000E-06     0.64340E+00
 0.39000E-06     0.63826E+00
 0.41250E-06     0.63249E+00
 0.43750E-06     0.62606E+00
 0.46250E-06     0.61963E+00
 0.48750E-06     0.61320E+00
 0.51250E-06     0.60900E+00
 0.53750E-06     0.60706E+00
 0.56250E-06     0.60513E+00
 0.58750E-06     0.60319E+00
 0.61500E-06     0.60106E+00
 0.64500E-06     0.59874E+00
 0.67500E-06     0.59642E+00
 0.70500E-06     0.59409E+00
 0.74000E-06     0.59139E+00
 0.78000E-06     0.58829E+00
 0.82000E-06     0.58519E+00
 0.86000E-06     0.58209E+00
 0.90000E-06     0.57900E+00
 0.94000E-06     0.57590E+00
 0.98000E-06     0.57280E+00
 0.10250E-05     0.57073E+00
 0.10750E-05     0.56970E+00
 0.11250E-05     0.56867E+00
 0.11750E-05     0.56763E+00
 0.12375E-05     0.56635E+00
 0.13125E-05     0.56480E+00
 0.13875E-05     0.56325E+00
 0.14625E-05     0.56171E+00
 0.15500E-05     0.55991E+00
 0.16500E-05     0.55784E+00
 0.17500E-05     0.55578E+00
 0.18500E-05     0.55372E+00
 0.19500E-05     0.55165E+00
 0.20500E-05     0.54959E+00
 0.21500E-05     0.54753E+00
 0.22500E-05     0.54546E+00
 0.23500E-05     0.54340E+00
 0.24750E-05     0.54083E+00
 0.26250E-05     0.53773E+00
 0.27500E-05     0.53515E+00
 0.29000E-05     0.53207E+00
 0.31000E-05     0.52794E+00
 0.33000E-05     0.52381E+00
 0.35000E-05     0.51969E+00
 0.37000E-05     0.51556E+00
 0.39000E-05     0.51143E+00
 0.41250E-05     0.50680E+00
 0.43750E-05     0.50164E+00
 0.46250E-05     0.49648E+00
 0.48750E-05     0.49132E+00
 0.51250E-05     0.48797E+00
 0.53750E-05     0.48648E+00
 0.56250E-05     0.48499E+00
 0.58750E-05     0.48350E+00
 0.61500E-05     0.48186E+00
 0.64500E-05     0.48006E+00
 0.67500E-05     0.47827E+00
 0.70500E-05     0.47648E+00
 0.74000E-05     0.47440E+00
 0.78000E-05     0.47201E+00
 0.82000E-05     0.46962E+00
 0.86000E-05     0.46723E+00
 0.90000E-05     0.46484E+00
 0.94000E-05     0.46245E+00
 0.98000E-05     0.46006E+00
 0.10250E-04     0.45843E+00
 0.10750E-04     0.45759E+00
 0.11250E-04     0.45674E+00
 0.11750E-04     0.45589E+00
 0.12375E-04     0.45483E+00
 0.13125E-04     0.45355E+00
 0.13875E-04     0.45228E+00
 0.14625E-04     0.45101E+00
 0.15500E-04     0.44952E+00
 0.16500E-04     0.44782E+00
 0.17500E-04     0.44612E+00
 0.18500E-04     0.44442E+00
 0.19500E-04     0.44272E+00
 0.20500E-04     0.44102E+00
 0.21500E-04     0.43932E+00
 0.22500E-04     0.43762E+00
 0.23500E-04     0.43591E+00
 0.24750E-04     0.43379E+00
 0.26250E-04     0.43124E+00
 0.27500E-04     0.42910E+00
 0.29000E-04     0.42657E+00
 0.31000E-04     0.42316E+00
 0.33000E-04     0.41975E+00
 0.35000E-04     0.41634E+00
 0.37000E-04     0.41293E+00
 0.39000E-04     0.40952E+00
 0.41250E-04     0.92395E+00
 0.43750E-04     0.22740E+01
 0.46250E-04     0.11077E+03
 0.48750E-04     0.14386E+02
 0.51250E-04     0.17219E+01
 0.53750E-04     0.91328E+00
 0.56250E-04     0.57440E+00
 0.58750E-04     0.47556E+00
 0.61500E-04     0.43032E+00
 0.64500E-04     0.40260E+00
 0.67500E-04     0.38828E+00
 0.70500E-04     0.38160E+00
 0.74000E-04     0.37582E+00
 0.78000E-04     0.37320E+00
 0.82000E-04     0.38562E+00
 0.86000E-04     0.48179E+00
 0.90000E-04     0.28818E+01
 0.94000E-04     0.14097E+02
 0.98000E-04     0.69790E+00
 0.10250E-03     0.57731E+00
 0.10750E-03     0.45177E+00
 0.11250E-03     0.35585E+00
 0.11750E-03     0.34346E+00
 0.12375E-03     0.34093E+00
 0.13125E-03     0.33895E+00
 0.13875E-03     0.33721E+00
 0.14625E-03     0.33548E+00
 0.15500E-03     0.33342E+00
 0.16500E-03     0.33094E+00
 0.17500E-03     0.32847E+00
 0.18500E-03     0.32586E+00
 0.19500E-03     0.32320E+00
 0.20500E-03     0.32377E+00
 0.21500E-03     0.32577E+00
 0.22500E-03     0.32865E+00
 0.23500E-03     0.40096E+00
 0.24750E-03     0.54974E+01
 0.26250E-03     0.48911E+00
 0.27500E-03     0.34347E+00
 0.29000E-03     0.37740E+00
 0.31000E-03     0.13571E+02
 0.33000E-03     0.12334E+02
 0.35000E-03     0.49829E+00
 0.37000E-03     0.36330E+00
 0.39000E-03     0.34182E+00
 0.41250E-03     0.32892E+00
 0.43750E-03     0.35230E+00
 0.46250E-03     0.15490E+01
 0.48750E-03     0.65493E+00
 0.51250E-03     0.76117E+00
 0.53750E-03     0.15517E+02
 0.56250E-03     0.72702E+00
 0.58750E-03     0.45681E+00
 0.61500E-03     0.39433E+00
 0.64500E-03     0.42493E+00
 0.67500E-03     0.39087E+01
 0.70500E-03     0.42674E+00
 0.74000E-03     0.11671E+02
 0.78000E-03     0.61962E+00
 0.82000E-03     0.17238E+01
 0.86000E-03     0.42852E+00
 0.90000E-03     0.42069E+00
 0.94000E-03     0.42597E+01
 0.98000E-03     0.45071E+00
 0.10250E-02     0.41557E+00
 0.10750E-02     0.41241E+00
 0.11250E-02     0.12070E+01
 0.11750E-02     0.38141E+00
 0.12375E-02     0.35891E+00
 0.13125E-02     0.40893E+01
 0.13875E-02     0.72167E+00
 0.14625E-02     0.28110E+01
 0.15500E-02     0.44153E+00
 0.16500E-02     0.32911E+01
 0.17500E-02     0.72459E+00
 0.18500E-02     0.26384E+01
 0.19500E-02     0.14113E+01
 0.20500E-02     0.97532E+00
 0.21500E-02     0.57351E+00
 0.22500E-02     0.59892E+00
 0.23500E-02     0.69380E+00
 0.24750E-02     0.98372E+00
 0.26250E-02     0.27149E+01
 0.27500E-02     0.38742E+01
 0.29000E-02     0.16897E+01
 0.31000E-02     0.14291E+01
 0.33000E-02     0.81567E+00
 0.35000E-02     0.39296E+01
 0.37000E-02     0.23334E+01
 0.39000E-02     0.41724E+01
 0.41250E-02     0.13995E+01
 0.43750E-02     0.12944E+01
 0.46250E-02     0.23256E+01
 0.48750E-02     0.26888E+01
 0.51250E-02     0.24171E+01
 0.53750E-02     0.14334E+01
 0.56250E-02     0.54953E+01
 0.58750E-02     0.34444E+01
 0.61500E-02     0.45935E+01
 0.64500E-02     0.40392E+01
 0.67500E-02     0.16574E+01
 0.70500E-02     0.28929E+01
 0.74000E-02     0.22906E+01
 0.78000E-02     0.24270E+01
 0.82000E-02     0.31539E+01
 0.86000E-02     0.26022E+01
 0.90000E-02     0.36047E+01
 0.94000E-02     0.33363E+01
 0.98000E-02     0.31383E+01
 0.10250E-01     0.30465E+01
 0.10750E-01     0.31671E+01
 0.11250E-01     0.32877E+01
 0.11750E-01     0.34073E+01
 0.12375E-01     0.35532E+01
 0.13125E-01     0.37285E+01
 0.13875E-01     0.39008E+01
 0.14625E-01     0.40701E+01
 0.15500E-01     0.42609E+01
 0.16500E-01     0.44704E+01
 0.17500E-01     0.46753E+01
 0.18500E-01     0.48689E+01
 0.19500E-01     0.50618E+01
 0.20500E-01     0.52547E+01
 0.21500E-01     0.54384E+01
 0.22500E-01     0.56099E+01
 0.23500E-01     0.57814E+01
 0.24750E-01     0.59935E+01
 0.26250E-01     0.62369E+01
 0.27500E-01     0.64380E+01
 0.29000E-01     0.66685E+01
 0.31000E-01     0.69531E+01
 0.33000E-01     0.72177E+01
 0.35000E-01     0.74430E+01
 0.37000E-01     0.76668E+01
 0.39000E-01     0.78907E+01
 0.41250E-01     0.82413E+01
 0.43750E-01     0.87219E+01
 0.46250E-01     0.92024E+01
 0.48750E-01     0.96829E+01
 0.51250E-01     0.10175E+02
 0.53750E-01     0.10679E+02
 0.56250E-01     0.11182E+02
 0.58750E-01     0.11686E+02
 0.61500E-01     0.12247E+02
 0.64500E-01     0.12872E+02
 0.67500E-01     0.13499E+02
 0.70500E-01     0.14127E+02
 0.74000E-01     0.14857E+02
 0.78000E-01     0.15701E+02
 0.82000E-01     0.16555E+02
 0.86000E-01     0.17418E+02
 0.90000E-01     0.18288E+02
 0.94000E-01     0.19164E+02
 0.98000E-01     0.20040E+02
 0.10250E+00     0.20918E+02
 0.10750E+00     0.21786E+02
 0.11250E+00     0.22655E+02
 0.11750E+00     0.23523E+02
 0.12375E+00     0.24605E+02
 0.13125E+00     0.25831E+02
 0.13875E+00     0.27036E+02
 0.14625E+00     0.28241E+02
 0.15500E+00     0.29274E+02
 0.16500E+00     0.30137E+02
 0.17500E+00     0.30967E+02
 0.18500E+00     0.31607E+02
 0.19500E+00     0.32215E+02
 0.20500E+00     0.33036E+02
 0.21500E+00     0.34052E+02
 0.22500E+00     0.35068E+02
 0.23500E+00     0.36084E+02
 0.24750E+00     0.37340E+02
 0.26250E+00     0.38646E+02
 0.27500E+00     0.39683E+02
 0.29000E+00     0.40929E+02
 0.31000E+00     0.42400E+02
 0.33000E+00     0.43683E+02
 0.35000E+00     0.44922E+02
 0.37000E+00     0.45900E+02
 0.39000E+00     0.46834E+02
 0.41250E+00     0.47916E+02
 0.43750E+00     0.49144E+02
 0.46250E+00     0.50371E+02
 0.48750E+00     0.51599E+02
 0.51250E+00     0.52650E+02
 0.53750E+00     0.53525E+02
 0.56250E+00     0.54400E+02
 0.58750E+00     0.55275E+02
 0.61500E+00     0.56105E+02
 0.64500E+00     0.56891E+02
 0.67500E+00     0.57677E+02
 0.70500E+00     0.58526E+02
 0.74000E+00     0.59755E+02
 0.78000E+00     0.61097E+02
 0.82000E+00     0.62425E+02
 0.86000E+00     0.63773E+02
 0.90000E+00     0.65136E+02
 0.94000E+00     0.66593E+02
 0.98000E+00     0.68065E+02
 0.10500E+01     0.71398E+02
 0.11500E+01     0.76610E+02
 0.12500E+01     0.81296E+02
 0.13500E+01     0.85451E+02
 0.14500E+01     0.89476E+02
 0.15500E+01     0.93403E+02
 0.16500E+01     0.97363E+02
 0.17500E+01     0.10098E+03
 0.18500E+01     0.10426E+03
 0.19500E+01     0.10753E+03
 0.20500E+01     0.11101E+03
 0.21500E+01     0.11470E+03
 0.22500E+01     0.11839E+03
 0.23500E+01     0.12207E+03
 0.24500E+01     0.12576E+03
 0.25500E+01     0.12934E+03
 0.26500E+01     0.13279E+03
 0.27500E+01     0.13625E+03
 0.28500E+01     0.13970E+03
 0.29500E+01     0.14316E+03
 0.30500E+01     0.14667E+03
 0.31500E+01     0.15026E+03
 0.32500E+01     0.15384E+03
 0.33500E+01     0.15742E+03
 0.34500E+01     0.16100E+03
 0.35500E+01     0.16442E+03
 0.36500E+01     0.16769E+03
 0.37500E+01     0.17095E+03
 0.38500E+01     0.17422E+03
 0.39500E+01     0.17748E+03
 0.40500E+01     0.18094E+03
 0.41500E+01     0.18458E+03
 0.42500E+01     0.18822E+03
 0.43500E+01     0.19186E+03
 0.44500E+01     0.19550E+03
 0.45500E+01     0.19914E+03
 0.46500E+01     0.20278E+03
 0.47500E+01     0.20643E+03
 0.48500E+01     0.21007E+03
 0.49500E+01     0.21371E+03
 0.50500E+01     0.21747E+03
 0.51500E+01     0.22134E+03
 0.52500E+01     0.22522E+03
 0.53500E+01     0.22910E+03
 0.54500E+01     0.23298E+03
 0.55500E+01     0.23686E+03
 0.56500E+01     0.24074E+03
 0.57500E+01     0.24462E+03
 0.58500E+01     0.24849E+03
 0.59500E+01     0.25237E+03
 0.60500E+01     0.25623E+03
 0.61500E+01     0.26007E+03
 0.62500E+01     0.26390E+03
 0.63500E+01     0.26774E+03
 0.64500E+01     0.27158E+03
 0.65500E+01     0.27542E+03
 0.66500E+01     0.27925E+03
 0.67500E+01     0.28309E+03
 0.68500E+01     0.28693E+03
 0.69500E+01     0.29076E+03
 0.70500E+01     0.29470E+03
 0.71500E+01     0.29873E+03
 0.72500E+01     0.30276E+03
 0.73500E+01     0.30680E+03
 0.74500E+01     0.31083E+03
 0.75500E+01     0.31486E+03
 0.76500E+01     0.31890E+03
 0.77500E+01     0.32293E+03
 0.78500E+01     0.32696E+03
 0.79500E+01     0.33100E+03
 0.80500E+01     0.33505E+03
 0.81500E+01     0.33914E+03
 0.82500E+01     0.34322E+03
 0.83500E+01     0.34731E+03
 0.84500E+01     0.35139E+03
 0.85500E+01     0.35548E+03
 0.86500E+01     0.35956E+03
 0.87500E+01     0.36365E+03
 0.88500E+01     0.36773E+03
 0.89500E+01     0.37182E+03
 0.90500E+01     0.37615E+03
 0.91500E+01     0.38075E+03
 0.92500E+01     0.38535E+03
 0.93500E+01     0.38995E+03
 0.94500E+01     0.39455E+03
 0.95500E+01     0.39915E+03
 0.96500E+01     0.40375E+03
 0.97500E+01     0.40835E+03
 0.98500E+01     0.41295E+03
 0.99500E+01     0.41755E+03
 0.10050E+02     0.42432E+03
 0.10150E+02     0.43342E+03
 0.10250E+02     0.44252E+03
 0.10350E+02     0.45168E+03
 0.10450E+02     0.46151E+03
 0.10550E+02     0.47181E+03
 0.10650E+02     0.48212E+03
 0.10750E+02     0.49243E+03
 0.10850E+02     0.50273E+03
 0.10950E+02     0.51304E+03
 0.11050E+02     0.52266E+03
 0.11150E+02     0.53154E+03
 0.11250E+02     0.54043E+03
 0.11350E+02     0.54931E+03
 0.11450E+02     0.55819E+03
 0.11550E+02     0.56707E+03
 0.11650E+02     0.57596E+03
 0.11750E+02     0.58484E+03
 0.11850E+02     0.59372E+03
 0.11950E+02     0.60261E+03
 0.12050E+02     0.61239E+03
 0.12150E+02     0.62312E+03
 0.12250E+02     0.63386E+03
 0.12350E+02     0.64460E+03
 0.12450E+02     0.65534E+03
 0.12550E+02     0.66608E+03
 0.12650E+02     0.67682E+03
 0.12750E+02     0.68755E+03
 0.12850E+02     0.69829E+03
 0.12950E+02     0.70903E+03
 0.13050E+02     0.71991E+03
 0.13150E+02     0.73095E+03
 0.13250E+02     0.74199E+03
 0.13350E+02     0.75302E+03
 0.13450E+02     0.76440E+03
 0.13550E+02     0.77615E+03
 0.13650E+02     0.78789E+03
 0.13750E+02     0.79964E+03
 0.13850E+02     0.81138E+03
 0.13950E+02     0.82313E+03
 0.14050E+02     0.83619E+03
 0.14150E+02     0.85066E+03
 0.14250E+02     0.86513E+03
 0.14350E+02     0.87960E+03
 0.14450E+02     0.89408E+03
 0.14550E+02     0.90855E+03
 0.14650E+02     0.92302E+03
 0.14750E+02     0.93749E+03
 0.14850E+02     0.95196E+03
 0.14950E+02     0.96644E+03
 0.15050E+02     0.97733E+03
 0.15150E+02     0.98439E+03
 0.15250E+02     0.99145E+03
 0.15350E+02     0.99851E+03
 0.15450E+02     0.10056E+04
 0.15550E+02     0.10126E+04
 0.15650E+02     0.10197E+04
 0.15750E+02     0.10268E+04
 0.15850E+02     0.10338E+04
 0.15950E+02     0.10409E+04
 0.16050E+02     0.10482E+04
 0.16150E+02     0.10559E+04
 0.16250E+02     0.10635E+04
 0.16350E+02     0.10712E+04
 0.16450E+02     0.10788E+04
 0.16550E+02     0.10865E+04
 0.16650E+02     0.10941E+04
 0.16750E+02     0.11018E+04
 0.16850E+02     0.11094E+04
 0.16950E+02     0.11170E+04
 0.17050E+02     0.11245E+04
 0.17150E+02     0.11317E+04
 0.17250E+02     0.11390E+04
 0.17350E+02     0.11462E+04
 0.17450E+02     0.11534E+04
 0.17550E+02     0.11607E+04
 0.17650E+02     0.11679E+04
 0.17750E+02     0.11751E+04
 0.17850E+02     0.11824E+04
 0.17950E+02     0.11896E+04
 0.18050E+02     0.11969E+04
 0.18150E+02     0.12041E+04
 0.18250E+02     0.12114E+04
 0.18350E+02     0.12187E+04
 0.18450E+02     0.12261E+04
 0.18550E+02     0.12337E+04
 0.18650E+02     0.12415E+04
 0.18750E+02     0.12494E+04
 0.18850E+02     0.12572E+04
 0.18950E+02     0.12651E+04
 0.19050E+02     0.12731E+04
 0.19150E+02     0.12812E+04
 0.19250E+02     0.12894E+04
 0.19350E+02     0.12975E+04
 0.19450E+02     0.13057E+04
 0.19550E+02     0.13138E+04
 0.19650E+02     0.13219E+04
 0.19750E+02     0.13301E+04
 0.19850E+02     0.13382E+04
 0.19950E+02     0.13464E+04
