 0.10250E-09     0.21859E+02
 0.10750E-09     0.21329E+02
 0.11250E-09     0.20856E+02
 0.11750E-09     0.20408E+02
 0.12375E-09     0.19880E+02
 0.13125E-09     0.19303E+02
 0.13875E-09     0.18777E+02
 0.14625E-09     0.18284E+02
 0.15500E-09     0.17762E+02
 0.16500E-09     0.17234E+02
 0.17500E-09     0.16737E+02
 0.18500E-09     0.16263E+02
 0.19500E-09     0.15853E+02
 0.20500E-09     0.15449E+02
 0.21500E-09     0.15091E+02
 0.22500E-09     0.14752E+02
 0.23500E-09     0.14428E+02
 0.24750E-09     0.14064E+02
 0.26250E-09     0.13653E+02
 0.27500E-09     0.13340E+02
 0.29000E-09     0.12989E+02
 0.31000E-09     0.12562E+02
 0.33000E-09     0.12175E+02
 0.35000E-09     0.11823E+02
 0.37000E-09     0.11509E+02
 0.39000E-09     0.11211E+02
 0.41250E-09     0.10894E+02
 0.43750E-09     0.10583E+02
 0.46250E-09     0.10288E+02
 0.48750E-09     0.10023E+02
 0.51250E-09     0.97727E+01
 0.53750E-09     0.95447E+01
 0.56250E-09     0.93279E+01
 0.58750E-09     0.91286E+01
 0.61500E-09     0.89210E+01
 0.64500E-09     0.87105E+01
 0.67500E-09     0.85160E+01
 0.70500E-09     0.83328E+01
 0.74000E-09     0.81419E+01
 0.78000E-09     0.79266E+01
 0.82000E-09     0.77293E+01
 0.86000E-09     0.75505E+01
 0.90000E-09     0.73755E+01
 0.94000E-09     0.72209E+01
 0.98000E-09     0.70693E+01
 0.10250E-08     0.69128E+01
 0.10750E-08     0.67496E+01
 0.11250E-08     0.65981E+01
 0.11750E-08     0.64556E+01
 0.12375E-08     0.62909E+01
 0.13125E-08     0.61077E+01
 0.13875E-08     0.59408E+01
 0.14625E-08     0.57926E+01
 0.15500E-08     0.56240E+01
 0.16500E-08     0.54511E+01
 0.17500E-08     0.52917E+01
 0.18500E-08     0.51472E+01
 0.19500E-08     0.50122E+01
 0.20500E-08     0.48890E+01
 0.21500E-08     0.47729E+01
 0.22500E-08     0.46662E+01
 0.23500E-08     0.45649E+01
 0.24750E-08     0.44486E+01
 0.26250E-08     0.43190E+01
 0.27500E-08     0.42195E+01
 0.29000E-08     0.41131E+01
 0.31000E-08     0.39766E+01
 0.33000E-08     0.38548E+01
 0.35000E-08     0.37417E+01
 0.37000E-08     0.36398E+01
 0.39000E-08     0.35441E+01
 0.41250E-08     0.34468E+01
 0.43750E-08     0.33458E+01
 0.46250E-08     0.32546E+01
 0.48750E-08     0.31698E+01
 0.51250E-08     0.30911E+01
 0.53750E-08     0.30188E+01
 0.56250E-08     0.29516E+01
 0.58750E-08     0.28909E+01
 0.61500E-08     0.28242E+01
 0.64500E-08     0.27565E+01
 0.67500E-08     0.26962E+01
 0.70500E-08     0.26362E+01
 0.74000E-08     0.25741E+01
 0.78000E-08     0.25063E+01
 0.82000E-08     0.24449E+01
 0.86000E-08     0.23866E+01
 0.90000E-08     0.23334E+01
 0.94000E-08     0.22826E+01
 0.98000E-08     0.22359E+01
 0.10250E-07     0.21858E+01
 0.10750E-07     0.21348E+01
 0.11250E-07     0.20873E+01
 0.11750E-07     0.20444E+01
 0.12375E-07     0.19909E+01
 0.13125E-07     0.19335E+01
 0.13875E-07     0.18803E+01
 0.14625E-07     0.18312E+01
 0.15500E-07     0.17787E+01
 0.16500E-07     0.17240E+01
 0.17500E-07     0.16733E+01
 0.18500E-07     0.16275E+01
 0.19500E-07     0.15851E+01
 0.20500E-07     0.15456E+01
 0.21500E-07     0.15094E+01
 0.22500E-07     0.14759E+01
 0.23500E-07     0.14456E+01
 0.24750E-07     0.14078E+01
 0.26250E-07     0.13671E+01
 0.27500E-07     0.13355E+01
 0.29000E-07     0.13006E+01
 0.31000E-07     0.12577E+01
 0.33000E-07     0.12189E+01
 0.35000E-07     0.11834E+01
 0.37000E-07     0.11507E+01
 0.39000E-07     0.11207E+01
 0.41250E-07     0.10898E+01
 0.43750E-07     0.10591E+01
 0.46250E-07     0.10306E+01
 0.48750E-07     0.10034E+01
 0.51250E-07     0.97938E+00
 0.53750E-07     0.95589E+00
 0.56250E-07     0.93484E+00
 0.58750E-07     0.91434E+00
 0.61500E-07     0.89379E+00
 0.64500E-07     0.87244E+00
 0.67500E-07     0.85287E+00
 0.70500E-07     0.83421E+00
 0.74000E-07     0.81443E+00
 0.78000E-07     0.79307E+00
 0.82000E-07     0.77352E+00
 0.86000E-07     0.75620E+00
 0.90000E-07     0.73947E+00
 0.94000E-07     0.72313E+00
 0.98000E-07     0.70894E+00
 0.10250E-06     0.69327E+00
 0.10750E-06     0.67690E+00
 0.11250E-06     0.66179E+00
 0.11750E-06     0.64712E+00
 0.12375E-06     0.63081E+00
 0.13125E-06     0.61231E+00
 0.13875E-06     0.59545E+00
 0.14625E-06     0.58068E+00
 0.15500E-06     0.56413E+00
 0.16500E-06     0.54619E+00
 0.17500E-06     0.53078E+00
 0.18500E-06     0.51577E+00
 0.19500E-06     0.50284E+00
 0.20500E-06     0.49035E+00
 0.21500E-06     0.47953E+00
 0.22500E-06     0.46958E+00
 0.23500E-06     0.45964E+00
 0.24750E-06     0.44726E+00
 0.26250E-06     0.43430E+00
 0.27500E-06     0.42472E+00
 0.29000E-06     0.41334E+00
 0.31000E-06     0.39970E+00
 0.33000E-06     0.38760E+00
 0.35000E-06     0.37612E+00
 0.37000E-06     0.36624E+00
 0.39000E-06     0.35665E+00
 0.41250E-06     0.34775E+00
 0.43750E-06     0.33820E+00
 0.46250E-06     0.32865E+00
 0.48750E-06     0.31967E+00
 0.51250E-06     0.31236E+00
 0.53750E-06     0.30516E+00
 0.56250E-06     0.29796E+00
 0.58750E-06     0.29160E+00
 0.61500E-06     0.28540E+00
 0.64500E-06     0.27863E+00
 0.67500E-06     0.27230E+00
 0.70500E-06     0.26683E+00
 0.74000E-06     0.26049E+00
 0.78000E-06     0.25417E+00
 0.82000E-06     0.24857E+00
 0.86000E-06     0.24296E+00
 0.90000E-06     0.23736E+00
 0.94000E-06     0.23193E+00
 0.98000E-06     0.22758E+00
 0.10250E-05     0.22289E+00
 0.10750E-05     0.21767E+00
 0.11250E-05     0.21261E+00
 0.11750E-05     0.20843E+00
 0.12375E-05     0.20337E+00
 0.13125E-05     0.19749E+00
 0.13875E-05     0.19250E+00
 0.14625E-05     0.18763E+00
 0.15500E-05     0.18287E+00
 0.16500E-05     0.17789E+00
 0.17500E-05     0.17291E+00
 0.18500E-05     0.16806E+00
 0.19500E-05     0.16419E+00
 0.20500E-05     0.16052E+00
 0.21500E-05     0.15685E+00
 0.22500E-05     0.15344E+00
 0.23500E-05     0.15059E+00
 0.24750E-05     0.14706E+00
 0.26250E-05     0.14306E+00
 0.27500E-05     0.14021E+00
 0.29000E-05     0.13688E+00
 0.31000E-05     0.13315E+00
 0.33000E-05     0.12974E+00
 0.35000E-05     0.12634E+00
 0.37000E-05     0.12309E+00
 0.39000E-05     0.12055E+00
 0.41250E-05     0.11778E+00
 0.43750E-05     0.11475E+00
 0.46250E-05     0.11226E+00
 0.48750E-05     0.10993E+00
 0.51250E-05     0.10765E+00
 0.53750E-05     0.10576E+00
 0.56250E-05     0.10395E+00
 0.58750E-05     0.10220E+00
 0.61500E-05     0.10071E+00
 0.64500E-05     0.99143E-01
 0.67500E-05     0.97580E-01
 0.70500E-05     0.96017E-01
 0.74000E-05     0.94343E-01
 0.78000E-05     0.92916E-01
 0.82000E-05     0.91534E-01
 0.86000E-05     0.90151E-01
 0.90000E-05     0.88995E-01
 0.94000E-05     0.88078E-01
 0.98000E-05     0.87161E-01
 0.10250E-04     0.86176E-01
 0.10750E-04     0.85392E-01
 0.11250E-04     0.84670E-01
 0.11750E-04     0.84011E-01
 0.12375E-04     0.83607E-01
 0.13125E-04     0.83177E-01
 0.13875E-04     0.82746E-01
 0.14625E-04     0.82545E-01
 0.15500E-04     0.82963E-01
 0.16500E-04     0.83515E-01
 0.17500E-04     0.84142E-01
 0.18500E-04     0.85430E-01
 0.19500E-04     0.86886E-01
 0.20500E-04     0.88808E-01
 0.21500E-04     0.91399E-01
 0.22500E-04     0.94110E-01
 0.23500E-04     0.97516E-01
 0.24750E-04     0.10291E+00
 0.26250E-04     0.11045E+00
 0.27500E-04     0.11850E+00
 0.29000E-04     0.13076E+00
 0.31000E-04     0.15304E+00
 0.33000E-04     0.18581E+00
 0.35000E-04     0.23683E+00
 0.37000E-04     0.32158E+00
 0.39000E-04     0.47754E+00
 0.41250E-04     0.90197E+00
 0.43750E-04     0.30106E+01
 0.46250E-04     0.17614E+03
 0.48750E-04     0.19918E+02
 0.51250E-04     0.15517E+01
 0.53750E-04     0.58025E+00
 0.56250E-04     0.30894E+00
 0.58750E-04     0.19595E+00
 0.61500E-04     0.13521E+00
 0.64500E-04     0.99797E-01
 0.67500E-04     0.80032E-01
 0.70500E-04     0.68779E-01
 0.74000E-04     0.62956E-01
 0.78000E-04     0.64795E-01
 0.82000E-04     0.82522E-01
 0.86000E-04     0.16395E+00
 0.90000E-04     0.41870E+01
 0.94000E-04     0.23597E+02
 0.98000E-04     0.19627E+00
 0.10250E-03     0.70556E-01
 0.10750E-03     0.41760E-01
 0.11250E-03     0.31750E-01
 0.11750E-03     0.26977E-01
 0.12375E-03     0.23830E-01
 0.13125E-03     0.21779E-01
 0.13875E-03     0.20637E-01
 0.14625E-03     0.20018E-01
 0.15500E-03     0.19751E-01
 0.16500E-03     0.19819E-01
 0.17500E-03     0.20267E-01
 0.18500E-03     0.21122E-01
 0.19500E-03     0.22448E-01
 0.20500E-03     0.24555E-01
 0.21500E-03     0.28004E-01
 0.22500E-03     0.34494E-01
 0.23500E-03     0.52022E-01
 0.24750E-03     0.77532E+01
 0.26250E-03     0.22316E+00
 0.27500E-03     0.79168E-01
 0.29000E-03     0.14359E+00
 0.31000E-03     0.21789E+02
 0.33000E-03     0.18515E+02
 0.35000E-03     0.18474E+00
 0.37000E-03     0.64027E-01
 0.39000E-03     0.41361E-01
 0.41250E-03     0.36549E-01
 0.43750E-03     0.54861E-01
 0.46250E-03     0.17955E+01
 0.48750E-03     0.71337E+00
 0.51250E-03     0.85198E+00
 0.53750E-03     0.20134E+02
 0.56250E-03     0.47487E+00
 0.58750E-03     0.16414E+00
 0.61500E-03     0.10342E+00
 0.64500E-03     0.16218E+00
 0.67500E-03     0.62742E+01
 0.70500E-03     0.24839E+00
 0.74000E-03     0.15338E+02
 0.78000E-03     0.28368E+00
 0.82000E-03     0.13557E+00
 0.86000E-03     0.21684E+00
 0.90000E-03     0.19880E+01
 0.94000E-03     0.55962E+01
 0.98000E-03     0.14116E+00
 0.10250E-02     0.10892E+00
 0.10750E-02     0.10127E+00
 0.11250E-02     0.12532E+01
 0.11750E-02     0.88934E-01
 0.12375E-02     0.88672E-01
 0.13125E-02     0.39301E+01
 0.13875E-02     0.13552E+01
 0.14625E-02     0.32479E+01
 0.15500E-02     0.14130E+00
 0.16500E-02     0.30846E+01
 0.17500E-02     0.39592E+00
 0.18500E-02     0.11642E+01
 0.19500E-02     0.28330E+01
 0.20500E-02     0.78736E+00
 0.21500E-02     0.28900E+00
 0.22500E-02     0.37908E+00
 0.23500E-02     0.50244E+00
 0.24750E-02     0.15224E+01
 0.26250E-02     0.15785E+01
 0.27500E-02     0.15897E+01
 0.29000E-02     0.16041E+01
 0.31000E-02     0.16276E+01
 0.33000E-02     0.16554E+01
 0.35000E-02     0.16832E+01
 0.37000E-02     0.17131E+01
 0.39000E-02     0.17441E+01
 0.41250E-02     0.17790E+01
 0.43750E-02     0.18204E+01
 0.46250E-02     0.18630E+01
 0.48750E-02     0.19056E+01
 0.51250E-02     0.19481E+01
 0.53750E-02     0.19907E+01
 0.56250E-02     0.20332E+01
 0.58750E-02     0.20761E+01
 0.61500E-02     0.21234E+01
 0.64500E-02     0.21750E+01
 0.67500E-02     0.22267E+01
 0.70500E-02     0.22783E+01
 0.74000E-02     0.23384E+01
 0.78000E-02     0.24071E+01
 0.82000E-02     0.24754E+01
 0.86000E-02     0.25437E+01
 0.90000E-02     0.26115E+01
 0.94000E-02     0.26788E+01
 0.98000E-02     0.27462E+01
 0.10250E-01     0.28243E+01
 0.10750E-01     0.29133E+01
 0.11250E-01     0.30024E+01
 0.11750E-01     0.30915E+01
 0.12375E-01     0.32004E+01
 0.13125E-01     0.33295E+01
 0.13875E-01     0.34586E+01
 0.14625E-01     0.35863E+01
 0.15500E-01     0.37319E+01
 0.16500E-01     0.38987E+01
 0.17500E-01     0.40630E+01
 0.18500E-01     0.42246E+01
 0.19500E-01     0.43862E+01
 0.20500E-01     0.45489E+01
 0.21500E-01     0.47127E+01
 0.22500E-01     0.48763E+01
 0.23500E-01     0.50374E+01
 0.24750E-01     0.52367E+01
 0.26250E-01     0.54747E+01
 0.27500E-01     0.56708E+01
 0.29000E-01     0.59031E+01
 0.31000E-01     0.62096E+01
 0.33000E-01     0.65125E+01
 0.35000E-01     0.68082E+01
 0.37000E-01     0.71035E+01
 0.39000E-01     0.73987E+01
 0.41250E-01     0.77257E+01
 0.43750E-01     0.80795E+01
 0.46250E-01     0.84328E+01
 0.48750E-01     0.87861E+01
 0.51250E-01     0.91355E+01
 0.53750E-01     0.94810E+01
 0.56250E-01     0.98265E+01
 0.58750E-01     0.10172E+02
 0.61500E-01     0.10545E+02
 0.64500E-01     0.10945E+02
 0.67500E-01     0.11345E+02
 0.70500E-01     0.11744E+02
 0.74000E-01     0.12200E+02
 0.78000E-01     0.12715E+02
 0.82000E-01     0.13229E+02
 0.86000E-01     0.13739E+02
 0.90000E-01     0.14237E+02
 0.94000E-01     0.14735E+02
 0.98000E-01     0.15232E+02
 0.10250E+00     0.15778E+02
 0.10750E+00     0.16366E+02
 0.11250E+00     0.16955E+02
 0.11750E+00     0.17543E+02
 0.12375E+00     0.18264E+02
 0.13125E+00     0.19111E+02
 0.13875E+00     0.19958E+02
 0.14625E+00     0.20793E+02
 0.15500E+00     0.21745E+02
 0.16500E+00     0.22831E+02
 0.17500E+00     0.23897E+02
 0.18500E+00     0.24942E+02
 0.19500E+00     0.25988E+02
 0.20500E+00     0.26972E+02
 0.21500E+00     0.27882E+02
 0.22500E+00     0.28785E+02
 0.23500E+00     0.29686E+02
 0.24750E+00     0.30811E+02
 0.26250E+00     0.32156E+02
 0.27500E+00     0.33231E+02
 0.29000E+00     0.34434E+02
 0.31000E+00     0.35953E+02
 0.33000E+00     0.37429E+02
 0.35000E+00     0.38876E+02
 0.37000E+00     0.40302E+02
 0.39000E+00     0.41699E+02
 0.41250E+00     0.43219E+02
 0.43750E+00     0.44823E+02
 0.46250E+00     0.46414E+02
 0.48750E+00     0.47956E+02
 0.51250E+00     0.49431E+02
 0.53750E+00     0.50886E+02
 0.56250E+00     0.52310E+02
 0.58750E+00     0.53682E+02
 0.61500E+00     0.55096E+02
 0.64500E+00     0.56563E+02
 0.67500E+00     0.57983E+02
 0.70500E+00     0.59386E+02
 0.74000E+00     0.60951E+02
 0.78000E+00     0.62734E+02
 0.82000E+00     0.64514E+02
 0.86000E+00     0.66135E+02
 0.90000E+00     0.67674E+02
 0.94000E+00     0.69225E+02
 0.98000E+00     0.70783E+02
 0.10500E+01     0.73450E+02
 0.11500E+01     0.77011E+02
 0.12500E+01     0.80604E+02
 0.13500E+01     0.84060E+02
 0.14500E+01     0.87216E+02
 0.15500E+01     0.90279E+02
 0.16500E+01     0.93884E+02
 0.17500E+01     0.98039E+02
 0.18500E+01     0.10188E+03
 0.19500E+01     0.10520E+03
 0.20500E+01     0.10897E+03
 0.21500E+01     0.11322E+03
 0.22500E+01     0.11752E+03
 0.23500E+01     0.12211E+03
 0.24500E+01     0.12673E+03
 0.25500E+01     0.13139E+03
 0.26500E+01     0.13610E+03
 0.27500E+01     0.14063E+03
 0.28500E+01     0.14434E+03
 0.29500E+01     0.14795E+03
 0.30500E+01     0.15223E+03
 0.31500E+01     0.15719E+03
 0.32500E+01     0.16212E+03
 0.33500E+01     0.16696E+03
 0.34500E+01     0.17180E+03
 0.35500E+01     0.17654E+03
 0.36500E+01     0.18118E+03
 0.37500E+01     0.18580E+03
 0.38500E+01     0.19033E+03
 0.39500E+01     0.19485E+03
 0.40500E+01     0.19992E+03
 0.41500E+01     0.20555E+03
 0.42500E+01     0.21118E+03
 0.43500E+01     0.21681E+03
 0.44500E+01     0.22244E+03
 0.45500E+01     0.22822E+03
 0.46500E+01     0.23416E+03
 0.47500E+01     0.24011E+03
 0.48500E+01     0.24609E+03
 0.49500E+01     0.25208E+03
 0.50500E+01     0.25829E+03
 0.51500E+01     0.26473E+03
 0.52500E+01     0.27116E+03
 0.53500E+01     0.27756E+03
 0.54500E+01     0.28397E+03
 0.55500E+01     0.29038E+03
 0.56500E+01     0.29680E+03
 0.57500E+01     0.30320E+03
 0.58500E+01     0.30958E+03
 0.59500E+01     0.31597E+03
 0.60500E+01     0.32233E+03
 0.61500E+01     0.32828E+03
 0.62500E+01     0.33354E+03
 0.63500E+01     0.33875E+03
 0.64500E+01     0.34396E+03
 0.65500E+01     0.34917E+03
 0.66500E+01     0.35438E+03
 0.67500E+01     0.35960E+03
 0.68500E+01     0.36482E+03
 0.69500E+01     0.36999E+03
 0.70500E+01     0.37484E+03
 0.71500E+01     0.37937E+03
 0.72500E+01     0.38389E+03
 0.73500E+01     0.38841E+03
 0.74500E+01     0.39293E+03
 0.75500E+01     0.39742E+03
 0.76500E+01     0.40189E+03
 0.77500E+01     0.40636E+03
 0.78500E+01     0.41083E+03
 0.79500E+01     0.41530E+03
 0.80500E+01     0.41975E+03
 0.81500E+01     0.42420E+03
 0.82500E+01     0.42864E+03
 0.83500E+01     0.43308E+03
 0.84500E+01     0.43753E+03
 0.85500E+01     0.44195E+03
 0.86500E+01     0.44636E+03
 0.87500E+01     0.45078E+03
 0.88500E+01     0.45517E+03
 0.89500E+01     0.45957E+03
 0.90500E+01     0.46391E+03
 0.91500E+01     0.46818E+03
 0.92500E+01     0.47245E+03
 0.93500E+01     0.47673E+03
 0.94500E+01     0.48100E+03
 0.95500E+01     0.48524E+03
 0.96500E+01     0.48946E+03
 0.97500E+01     0.49368E+03
 0.98500E+01     0.49790E+03
 0.99500E+01     0.50212E+03
 0.10050E+02     0.50614E+03
 0.10150E+02     0.50996E+03
 0.10250E+02     0.51378E+03
 0.10350E+02     0.51758E+03
 0.10450E+02     0.52137E+03
 0.10550E+02     0.52517E+03
 0.10650E+02     0.52897E+03
 0.10750E+02     0.53278E+03
 0.10850E+02     0.53658E+03
 0.10950E+02     0.54039E+03
 0.11050E+02     0.54417E+03
 0.11150E+02     0.54792E+03
 0.11250E+02     0.55166E+03
 0.11350E+02     0.55541E+03
 0.11450E+02     0.55916E+03
 0.11550E+02     0.56291E+03
 0.11650E+02     0.56667E+03
 0.11750E+02     0.57042E+03
 0.11850E+02     0.57413E+03
 0.11950E+02     0.57787E+03
 0.12050E+02     0.58110E+03
 0.12150E+02     0.58377E+03
 0.12250E+02     0.58644E+03
 0.12350E+02     0.58911E+03
 0.12450E+02     0.59179E+03
 0.12550E+02     0.59444E+03
 0.12650E+02     0.59707E+03
 0.12750E+02     0.59970E+03
 0.12850E+02     0.60233E+03
 0.12950E+02     0.60496E+03
 0.13050E+02     0.60759E+03
 0.13150E+02     0.61020E+03
 0.13250E+02     0.61281E+03
 0.13350E+02     0.61542E+03
 0.13450E+02     0.61803E+03
 0.13550E+02     0.62058E+03
 0.13650E+02     0.62305E+03
 0.13750E+02     0.62552E+03
 0.13850E+02     0.62799E+03
 0.13950E+02     0.63046E+03
 0.14050E+02     0.63290E+03
 0.14150E+02     0.63531E+03
 0.14250E+02     0.63772E+03
 0.14350E+02     0.64013E+03
 0.14450E+02     0.64255E+03
 0.14550E+02     0.64494E+03
 0.14650E+02     0.64730E+03
 0.14750E+02     0.64967E+03
 0.14850E+02     0.65204E+03
 0.14950E+02     0.65441E+03
 0.15050E+02     0.65602E+03
 0.15150E+02     0.65683E+03
 0.15250E+02     0.65764E+03
 0.15350E+02     0.65845E+03
 0.15450E+02     0.65926E+03
 0.15550E+02     0.66008E+03
 0.15650E+02     0.66090E+03
 0.15750E+02     0.66172E+03
 0.15850E+02     0.66254E+03
 0.15950E+02     0.66337E+03
 0.16050E+02     0.66418E+03
 0.16150E+02     0.66497E+03
 0.16250E+02     0.66576E+03
 0.16350E+02     0.66655E+03
 0.16450E+02     0.66735E+03
 0.16550E+02     0.66813E+03
 0.16650E+02     0.66889E+03
 0.16750E+02     0.66966E+03
 0.16850E+02     0.67043E+03
 0.16950E+02     0.67119E+03
 0.17050E+02     0.67197E+03
 0.17150E+02     0.67275E+03
 0.17250E+02     0.67354E+03
 0.17350E+02     0.67432E+03
 0.17450E+02     0.67510E+03
 0.17550E+02     0.67588E+03
 0.17650E+02     0.67666E+03
 0.17750E+02     0.67744E+03
 0.17850E+02     0.67822E+03
 0.17950E+02     0.67900E+03
 0.18050E+02     0.67976E+03
 0.18150E+02     0.68049E+03
 0.18250E+02     0.68122E+03
 0.18350E+02     0.68196E+03
 0.18450E+02     0.68269E+03
 0.18550E+02     0.68343E+03
 0.18650E+02     0.68418E+03
 0.18750E+02     0.68494E+03
 0.18850E+02     0.68569E+03
 0.18950E+02     0.68644E+03
 0.19050E+02     0.68720E+03
 0.19150E+02     0.68797E+03
 0.19250E+02     0.68874E+03
 0.19350E+02     0.68951E+03
 0.19450E+02     0.69027E+03
 0.19550E+02     0.69103E+03
 0.19650E+02     0.69176E+03
 0.19750E+02     0.69249E+03
 0.19850E+02     0.69322E+03
 0.19950E+02     0.69395E+03
