 0.10250E-09     0.32254E+01
 0.10750E-09     0.26064E+01
 0.11250E-09     0.25549E+01
 0.11750E-09     0.25072E+01
 0.12375E-09     0.24557E+01
 0.13125E-09     0.23978E+01
 0.13875E-09     0.23418E+01
 0.14625E-09     0.22944E+01
 0.15500E-09     0.22405E+01
 0.16500E-09     0.21868E+01
 0.17500E-09     0.21365E+01
 0.18500E-09     0.20922E+01
 0.19500E-09     0.20501E+01
 0.20500E-09     0.20128E+01
 0.21500E-09     0.19775E+01
 0.22500E-09     0.19473E+01
 0.23500E-09     0.19177E+01
 0.24750E-09     0.18808E+01
 0.26250E-09     0.18429E+01
 0.27500E-09     0.18143E+01
 0.29000E-09     0.17806E+01
 0.31000E-09     0.17424E+01
 0.33000E-09     0.17064E+01
 0.35000E-09     0.16754E+01
 0.37000E-09     0.16460E+01
 0.39000E-09     0.16202E+01
 0.41250E-09     0.15935E+01
 0.43750E-09     0.15680E+01
 0.46250E-09     0.15426E+01
 0.48750E-09     0.15189E+01
 0.51250E-09     0.14993E+01
 0.53750E-09     0.14799E+01
 0.56250E-09     0.14615E+01
 0.58750E-09     0.14460E+01
 0.61500E-09     0.14291E+01
 0.64500E-09     0.14120E+01
 0.67500E-09     0.13970E+01
 0.70500E-09     0.13822E+01
 0.74000E-09     0.13679E+01
 0.78000E-09     0.13526E+01
 0.82000E-09     0.13372E+01
 0.86000E-09     0.13222E+01
 0.90000E-09     0.13101E+01
 0.94000E-09     0.12987E+01
 0.98000E-09     0.12873E+01
 0.10250E-08     0.12752E+01
 0.10750E-08     0.12639E+01
 0.11250E-08     0.12528E+01
 0.11750E-08     0.12421E+01
 0.12375E-08     0.12307E+01
 0.13125E-08     0.12174E+01
 0.13875E-08     0.12064E+01
 0.14625E-08     0.11960E+01
 0.15500E-08     0.11837E+01
 0.16500E-08     0.11707E+01
 0.17500E-08     0.11600E+01
 0.18500E-08     0.11494E+01
 0.19500E-08     0.11393E+01
 0.20500E-08     0.11306E+01
 0.21500E-08     0.11221E+01
 0.22500E-08     0.11138E+01
 0.23500E-08     0.11065E+01
 0.24750E-08     0.10975E+01
 0.26250E-08     0.10879E+01
 0.27500E-08     0.10806E+01
 0.29000E-08     0.10718E+01
 0.31000E-08     0.10602E+01
 0.33000E-08     0.10503E+01
 0.35000E-08     0.10411E+01
 0.37000E-08     0.10319E+01
 0.39000E-08     0.10239E+01
 0.41250E-08     0.10155E+01
 0.43750E-08     0.10064E+01
 0.46250E-08     0.99861E+00
 0.48750E-08     0.99100E+00
 0.51250E-08     0.98428E+00
 0.53750E-08     0.97845E+00
 0.56250E-08     0.97262E+00
 0.58750E-08     0.96678E+00
 0.61500E-08     0.96046E+00
 0.64500E-08     0.95489E+00
 0.67500E-08     0.94975E+00
 0.70500E-08     0.94461E+00
 0.74000E-08     0.93875E+00
 0.78000E-08     0.93321E+00
 0.82000E-08     0.92791E+00
 0.86000E-08     0.92269E+00
 0.90000E-08     0.91825E+00
 0.94000E-08     0.91401E+00
 0.98000E-08     0.90983E+00
 0.10250E-07     0.90599E+00
 0.10750E-07     0.90197E+00
 0.11250E-07     0.89795E+00
 0.11750E-07     0.89393E+00
 0.12375E-07     0.88917E+00
 0.13125E-07     0.88457E+00
 0.13875E-07     0.88010E+00
 0.14625E-07     0.87564E+00
 0.15500E-07     0.87042E+00
 0.16500E-07     0.86446E+00
 0.17500E-07     0.85876E+00
 0.18500E-07     0.85355E+00
 0.19500E-07     0.84844E+00
 0.20500E-07     0.84416E+00
 0.21500E-07     0.84010E+00
 0.22500E-07     0.83605E+00
 0.23500E-07     0.83199E+00
 0.24750E-07     0.82695E+00
 0.26250E-07     0.82236E+00
 0.27500E-07     0.81930E+00
 0.29000E-07     0.81569E+00
 0.31000E-07     0.81191E+00
 0.33000E-07     0.80849E+00
 0.35000E-07     0.80526E+00
 0.37000E-07     0.80234E+00
 0.39000E-07     0.79943E+00
 0.41250E-07     0.79617E+00
 0.43750E-07     0.79253E+00
 0.46250E-07     0.78889E+00
 0.48750E-07     0.78526E+00
 0.51250E-07     0.78162E+00
 0.53750E-07     0.77799E+00
 0.56250E-07     0.77435E+00
 0.58750E-07     0.77076E+00
 0.61500E-07     0.76708E+00
 0.64500E-07     0.76310E+00
 0.67500E-07     0.75912E+00
 0.70500E-07     0.75514E+00
 0.74000E-07     0.75052E+00
 0.78000E-07     0.74521E+00
 0.82000E-07     0.73991E+00
 0.86000E-07     0.73460E+00
 0.90000E-07     0.72930E+00
 0.94000E-07     0.72399E+00
 0.98000E-07     0.71925E+00
 0.10250E-06     0.71714E+00
 0.10750E-06     0.71523E+00
 0.11250E-06     0.71331E+00
 0.11750E-06     0.71140E+00
 0.12375E-06     0.70901E+00
 0.13125E-06     0.70614E+00
 0.13875E-06     0.70353E+00
 0.14625E-06     0.70155E+00
 0.15500E-06     0.69928E+00
 0.16500E-06     0.69668E+00
 0.17500E-06     0.69408E+00
 0.18500E-06     0.69148E+00
 0.19500E-06     0.68887E+00
 0.20500E-06     0.68627E+00
 0.21500E-06     0.68367E+00
 0.22500E-06     0.68107E+00
 0.23500E-06     0.67847E+00
 0.24750E-06     0.67523E+00
 0.26250E-06     0.67133E+00
 0.27500E-06     0.66807E+00
 0.29000E-06     0.66419E+00
 0.31000E-06     0.65900E+00
 0.33000E-06     0.65395E+00
 0.35000E-06     0.64894E+00
 0.37000E-06     0.64393E+00
 0.39000E-06     0.63892E+00
 0.41250E-06     0.63330E+00
 0.43750E-06     0.62704E+00
 0.46250E-06     0.62078E+00
 0.48750E-06     0.61452E+00
 0.51250E-06     0.61037E+00
 0.53750E-06     0.60835E+00
 0.56250E-06     0.60634E+00
 0.58750E-06     0.60432E+00
 0.61500E-06     0.60211E+00
 0.64500E-06     0.59969E+00
 0.67500E-06     0.59728E+00
 0.70500E-06     0.59486E+00
 0.74000E-06     0.59205E+00
 0.78000E-06     0.58883E+00
 0.82000E-06     0.58560E+00
 0.86000E-06     0.58238E+00
 0.90000E-06     0.57916E+00
 0.94000E-06     0.57602E+00
 0.98000E-06     0.57326E+00
 0.10250E-05     0.57138E+00
 0.10750E-05     0.57035E+00
 0.11250E-05     0.56931E+00
 0.11750E-05     0.56828E+00
 0.12375E-05     0.56699E+00
 0.13125E-05     0.56543E+00
 0.13875E-05     0.56388E+00
 0.14625E-05     0.56233E+00
 0.15500E-05     0.56052E+00
 0.16500E-05     0.55845E+00
 0.17500E-05     0.55637E+00
 0.18500E-05     0.55430E+00
 0.19500E-05     0.55223E+00
 0.20500E-05     0.55016E+00
 0.21500E-05     0.54809E+00
 0.22500E-05     0.54602E+00
 0.23500E-05     0.54395E+00
 0.24750E-05     0.54137E+00
 0.26250E-05     0.53826E+00
 0.27500E-05     0.53566E+00
 0.29000E-05     0.53258E+00
 0.31000E-05     0.52843E+00
 0.33000E-05     0.52429E+00
 0.35000E-05     0.52015E+00
 0.37000E-05     0.51600E+00
 0.39000E-05     0.51186E+00
 0.41250E-05     0.50721E+00
 0.43750E-05     0.50203E+00
 0.46250E-05     0.49685E+00
 0.48750E-05     0.49168E+00
 0.51250E-05     0.48832E+00
 0.53750E-05     0.48681E+00
 0.56250E-05     0.48531E+00
 0.58750E-05     0.48381E+00
 0.61500E-05     0.48216E+00
 0.64500E-05     0.48035E+00
 0.67500E-05     0.47855E+00
 0.70500E-05     0.47675E+00
 0.74000E-05     0.47465E+00
 0.78000E-05     0.47224E+00
 0.82000E-05     0.46983E+00
 0.86000E-05     0.46743E+00
 0.90000E-05     0.46502E+00
 0.94000E-05     0.46262E+00
 0.98000E-05     0.46021E+00
 0.10250E-04     0.45858E+00
 0.10750E-04     0.45773E+00
 0.11250E-04     0.45687E+00
 0.11750E-04     0.45602E+00
 0.12375E-04     0.45496E+00
 0.13125E-04     0.45367E+00
 0.13875E-04     0.45239E+00
 0.14625E-04     0.45111E+00
 0.15500E-04     0.44962E+00
 0.16500E-04     0.44792E+00
 0.17500E-04     0.44621E+00
 0.18500E-04     0.44450E+00
 0.19500E-04     0.44280E+00
 0.20500E-04     0.44109E+00
 0.21500E-04     0.43938E+00
 0.22500E-04     0.43767E+00
 0.23500E-04     0.43597E+00
 0.24750E-04     0.43384E+00
 0.26250E-04     0.43128E+00
 0.27500E-04     0.42914E+00
 0.29000E-04     0.42659E+00
 0.31000E-04     0.42318E+00
 0.33000E-04     0.41976E+00
 0.35000E-04     0.41635E+00
 0.37000E-04     0.41293E+00
 0.39000E-04     0.41104E+00
 0.41250E-04     0.92573E+00
 0.43750E-04     0.22979E+01
 0.46250E-04     0.10764E+03
 0.48750E-04     0.17647E+02
 0.51250E-04     0.17278E+01
 0.53750E-04     0.91547E+00
 0.56250E-04     0.57449E+00
 0.58750E-04     0.47603E+00
 0.61500E-04     0.43075E+00
 0.64500E-04     0.40309E+00
 0.67500E-04     0.38860E+00
 0.70500E-04     0.38188E+00
 0.74000E-04     0.37609E+00
 0.78000E-04     0.37360E+00
 0.82000E-04     0.38612E+00
 0.86000E-04     0.48259E+00
 0.90000E-04     0.36593E+01
 0.94000E-04     0.13280E+02
 0.98000E-04     0.69813E+00
 0.10250E-03     0.57766E+00
 0.10750E-03     0.45211E+00
 0.11250E-03     0.35624E+00
 0.11750E-03     0.34362E+00
 0.12375E-03     0.34097E+00
 0.13125E-03     0.33891E+00
 0.13875E-03     0.33711E+00
 0.14625E-03     0.33531E+00
 0.15500E-03     0.33322E+00
 0.16500E-03     0.33082E+00
 0.17500E-03     0.32842E+00
 0.18500E-03     0.32588E+00
 0.19500E-03     0.32326E+00
 0.20500E-03     0.32381E+00
 0.21500E-03     0.32578E+00
 0.22500E-03     0.32871E+00
 0.23500E-03     0.40141E+00
 0.24750E-03     0.54898E+01
 0.26250E-03     0.49619E+00
 0.27500E-03     0.34366E+00
 0.29000E-03     0.37772E+00
 0.31000E-03     0.13488E+02
 0.33000E-03     0.12420E+02
 0.35000E-03     0.49889E+00
 0.37000E-03     0.36361E+00
 0.39000E-03     0.34186E+00
 0.41250E-03     0.32904E+00
 0.43750E-03     0.35255E+00
 0.46250E-03     0.15679E+01
 0.48750E-03     0.63490E+00
 0.51250E-03     0.76512E+00
 0.53750E-03     0.15513E+02
 0.56250E-03     0.72819E+00
 0.58750E-03     0.45718E+00
 0.61500E-03     0.39452E+00
 0.64500E-03     0.42675E+00
 0.67500E-03     0.39065E+01
 0.70500E-03     0.42738E+00
 0.74000E-03     0.11671E+02
 0.78000E-03     0.62032E+00
 0.82000E-03     0.17236E+01
 0.86000E-03     0.42896E+00
 0.90000E-03     0.42189E+00
 0.94000E-03     0.42592E+01
 0.98000E-03     0.45102E+00
 0.10250E-02     0.41575E+00
 0.10750E-02     0.41263E+00
 0.11250E-02     0.12071E+01
 0.11750E-02     0.38152E+00
 0.12375E-02     0.35905E+00
 0.13125E-02     0.40480E+01
 0.13875E-02     0.76550E+00
 0.14625E-02     0.28107E+01
 0.15500E-02     0.44168E+00
 0.16500E-02     0.32906E+01
 0.17500E-02     0.75385E+00
 0.18500E-02     0.25563E+01
 0.19500E-02     0.14664E+01
 0.20500E-02     0.97545E+00
 0.21500E-02     0.57365E+00
 0.22500E-02     0.59904E+00
 0.23500E-02     0.69372E+00
 0.24750E-02     0.98382E+00
 0.26250E-02     0.27150E+01
 0.27500E-02     0.38746E+01
 0.29000E-02     0.16900E+01
 0.31000E-02     0.14337E+01
 0.33000E-02     0.81102E+00
 0.35000E-02     0.39304E+01
 0.37000E-02     0.23334E+01
 0.39000E-02     0.41546E+01
 0.41250E-02     0.14174E+01
 0.43750E-02     0.12922E+01
 0.46250E-02     0.23268E+01
 0.48750E-02     0.26997E+01
 0.51250E-02     0.24055E+01
 0.53750E-02     0.14334E+01
 0.56250E-02     0.55113E+01
 0.58750E-02     0.34146E+01
 0.61500E-02     0.46066E+01
 0.64500E-02     0.40394E+01
 0.67500E-02     0.16609E+01
 0.70500E-02     0.28903E+01
 0.74000E-02     0.22850E+01
 0.78000E-02     0.24336E+01
 0.82000E-02     0.31527E+01
 0.86000E-02     0.26037E+01
 0.90000E-02     0.36059E+01
 0.94000E-02     0.33361E+01
 0.98000E-02     0.31386E+01
 0.10250E-01     0.30460E+01
 0.10750E-01     0.31660E+01
 0.11250E-01     0.32860E+01
 0.11750E-01     0.34060E+01
 0.12375E-01     0.35517E+01
 0.13125E-01     0.37240E+01
 0.13875E-01     0.38963E+01
 0.14625E-01     0.40686E+01
 0.15500E-01     0.42486E+01
 0.16500E-01     0.44369E+01
 0.17500E-01     0.46251E+01
 0.18500E-01     0.48134E+01
 0.19500E-01     0.50016E+01
 0.20500E-01     0.51899E+01
 0.21500E-01     0.53781E+01
 0.22500E-01     0.55664E+01
 0.23500E-01     0.57546E+01
 0.24750E-01     0.59845E+01
 0.26250E-01     0.62005E+01
 0.27500E-01     0.63649E+01
 0.29000E-01     0.65604E+01
 0.31000E-01     0.68227E+01
 0.33000E-01     0.70849E+01
 0.35000E-01     0.73471E+01
 0.37000E-01     0.76093E+01
 0.39000E-01     0.78716E+01
 0.41250E-01     0.82415E+01
 0.43750E-01     0.87220E+01
 0.46250E-01     0.92025E+01
 0.48750E-01     0.96830E+01
 0.51250E-01     0.10175E+02
 0.53750E-01     0.10679E+02
 0.56250E-01     0.11182E+02
 0.58750E-01     0.11686E+02
 0.61500E-01     0.12251E+02
 0.64500E-01     0.12880E+02
 0.67500E-01     0.13508E+02
 0.70500E-01     0.14136E+02
 0.74000E-01     0.14867E+02
 0.78000E-01     0.15705E+02
 0.82000E-01     0.16559E+02
 0.86000E-01     0.17430E+02
 0.90000E-01     0.18301E+02
 0.94000E-01     0.19172E+02
 0.98000E-01     0.20043E+02
 0.10250E+00     0.20901E+02
 0.10750E+00     0.21737E+02
 0.11250E+00     0.22573E+02
 0.11750E+00     0.23409E+02
 0.12375E+00     0.24455E+02
 0.13125E+00     0.25709E+02
 0.13875E+00     0.26963E+02
 0.14625E+00     0.28217E+02
 0.15500E+00     0.29214E+02
 0.16500E+00     0.29957E+02
 0.17500E+00     0.30699E+02
 0.18500E+00     0.31441E+02
 0.19500E+00     0.32184E+02
 0.20500E+00     0.33037E+02
 0.21500E+00     0.34052E+02
 0.22500E+00     0.35068E+02
 0.23500E+00     0.36084E+02
 0.24750E+00     0.37340E+02
 0.26250E+00     0.38646E+02
 0.27500E+00     0.39683E+02
 0.29000E+00     0.40929E+02
 0.31000E+00     0.42400E+02
 0.33000E+00     0.43683E+02
 0.35000E+00     0.44922E+02
 0.37000E+00     0.45900E+02
 0.39000E+00     0.46834E+02
 0.41250E+00     0.47916E+02
 0.43750E+00     0.49144E+02
 0.46250E+00     0.50371E+02
 0.48750E+00     0.51599E+02
 0.51250E+00     0.52650E+02
 0.53750E+00     0.53525E+02
 0.56250E+00     0.54400E+02
 0.58750E+00     0.55275E+02
 0.61500E+00     0.56105E+02
 0.64500E+00     0.56891E+02
 0.67500E+00     0.57677E+02
 0.70500E+00     0.58526E+02
 0.74000E+00     0.59755E+02
 0.78000E+00     0.61097E+02
 0.82000E+00     0.62425E+02
 0.86000E+00     0.63773E+02
 0.90000E+00     0.65136E+02
 0.94000E+00     0.66593E+02
 0.98000E+00     0.68065E+02
 0.10500E+01     0.71398E+02
 0.11500E+01     0.76610E+02
 0.12500E+01     0.81296E+02
 0.13500E+01     0.85451E+02
 0.14500E+01     0.89476E+02
 0.15500E+01     0.93403E+02
 0.16500E+01     0.97363E+02
 0.17500E+01     0.10098E+03
 0.18500E+01     0.10426E+03
 0.19500E+01     0.10753E+03
 0.20500E+01     0.11101E+03
 0.21500E+01     0.11470E+03
 0.22500E+01     0.11839E+03
 0.23500E+01     0.12207E+03
 0.24500E+01     0.12576E+03
 0.25500E+01     0.12934E+03
 0.26500E+01     0.13279E+03
 0.27500E+01     0.13625E+03
 0.28500E+01     0.13970E+03
 0.29500E+01     0.14316E+03
 0.30500E+01     0.14667E+03
 0.31500E+01     0.15026E+03
 0.32500E+01     0.15384E+03
 0.33500E+01     0.15742E+03
 0.34500E+01     0.16100E+03
 0.35500E+01     0.16442E+03
 0.36500E+01     0.16769E+03
 0.37500E+01     0.17095E+03
 0.38500E+01     0.17422E+03
 0.39500E+01     0.17748E+03
 0.40500E+01     0.18094E+03
 0.41500E+01     0.18458E+03
 0.42500E+01     0.18822E+03
 0.43500E+01     0.19186E+03
 0.44500E+01     0.19550E+03
 0.45500E+01     0.19914E+03
 0.46500E+01     0.20278E+03
 0.47500E+01     0.20643E+03
 0.48500E+01     0.21007E+03
 0.49500E+01     0.21371E+03
 0.50500E+01     0.21747E+03
 0.51500E+01     0.22134E+03
 0.52500E+01     0.22522E+03
 0.53500E+01     0.22910E+03
 0.54500E+01     0.23298E+03
 0.55500E+01     0.23686E+03
 0.56500E+01     0.24074E+03
 0.57500E+01     0.24462E+03
 0.58500E+01     0.24849E+03
 0.59500E+01     0.25237E+03
 0.60500E+01     0.25623E+03
 0.61500E+01     0.26007E+03
 0.62500E+01     0.26390E+03
 0.63500E+01     0.26774E+03
 0.64500E+01     0.27158E+03
 0.65500E+01     0.27542E+03
 0.66500E+01     0.27925E+03
 0.67500E+01     0.28309E+03
 0.68500E+01     0.28693E+03
 0.69500E+01     0.29076E+03
 0.70500E+01     0.29470E+03
 0.71500E+01     0.29873E+03
 0.72500E+01     0.30276E+03
 0.73500E+01     0.30680E+03
 0.74500E+01     0.31083E+03
 0.75500E+01     0.31486E+03
 0.76500E+01     0.31890E+03
 0.77500E+01     0.32293E+03
 0.78500E+01     0.32696E+03
 0.79500E+01     0.33100E+03
 0.80500E+01     0.33505E+03
 0.81500E+01     0.33914E+03
 0.82500E+01     0.34322E+03
 0.83500E+01     0.34731E+03
 0.84500E+01     0.35139E+03
 0.85500E+01     0.35548E+03
 0.86500E+01     0.35956E+03
 0.87500E+01     0.36365E+03
 0.88500E+01     0.36773E+03
 0.89500E+01     0.37182E+03
 0.90500E+01     0.37615E+03
 0.91500E+01     0.38075E+03
 0.92500E+01     0.38535E+03
 0.93500E+01     0.38995E+03
 0.94500E+01     0.39455E+03
 0.95500E+01     0.39915E+03
 0.96500E+01     0.40375E+03
 0.97500E+01     0.40835E+03
 0.98500E+01     0.41295E+03
 0.99500E+01     0.41755E+03
 0.10050E+02     0.42432E+03
 0.10150E+02     0.43342E+03
 0.10250E+02     0.44252E+03
 0.10350E+02     0.45168E+03
 0.10450E+02     0.46151E+03
 0.10550E+02     0.47181E+03
 0.10650E+02     0.48212E+03
 0.10750E+02     0.49243E+03
 0.10850E+02     0.50273E+03
 0.10950E+02     0.51304E+03
 0.11050E+02     0.52266E+03
 0.11150E+02     0.53154E+03
 0.11250E+02     0.54043E+03
 0.11350E+02     0.54931E+03
 0.11450E+02     0.55819E+03
 0.11550E+02     0.56707E+03
 0.11650E+02     0.57596E+03
 0.11750E+02     0.58484E+03
 0.11850E+02     0.59372E+03
 0.11950E+02     0.60261E+03
 0.12050E+02     0.61239E+03
 0.12150E+02     0.62312E+03
 0.12250E+02     0.63386E+03
 0.12350E+02     0.64460E+03
 0.12450E+02     0.65534E+03
 0.12550E+02     0.66608E+03
 0.12650E+02     0.67682E+03
 0.12750E+02     0.68755E+03
 0.12850E+02     0.69829E+03
 0.12950E+02     0.70903E+03
 0.13050E+02     0.71991E+03
 0.13150E+02     0.73095E+03
 0.13250E+02     0.74199E+03
 0.13350E+02     0.75302E+03
 0.13450E+02     0.76440E+03
 0.13550E+02     0.77615E+03
 0.13650E+02     0.78789E+03
 0.13750E+02     0.79964E+03
 0.13850E+02     0.81138E+03
 0.13950E+02     0.82313E+03
 0.14050E+02     0.83619E+03
 0.14150E+02     0.85066E+03
 0.14250E+02     0.86513E+03
 0.14350E+02     0.87960E+03
 0.14450E+02     0.89408E+03
 0.14550E+02     0.90855E+03
 0.14650E+02     0.92302E+03
 0.14750E+02     0.93749E+03
 0.14850E+02     0.95196E+03
 0.14950E+02     0.96644E+03
 0.15050E+02     0.97733E+03
 0.15150E+02     0.98439E+03
 0.15250E+02     0.99145E+03
 0.15350E+02     0.99851E+03
 0.15450E+02     0.10056E+04
 0.15550E+02     0.10126E+04
 0.15650E+02     0.10197E+04
 0.15750E+02     0.10268E+04
 0.15850E+02     0.10338E+04
 0.15950E+02     0.10409E+04
 0.16050E+02     0.10482E+04
 0.16150E+02     0.10559E+04
 0.16250E+02     0.10635E+04
 0.16350E+02     0.10712E+04
 0.16450E+02     0.10788E+04
 0.16550E+02     0.10865E+04
 0.16650E+02     0.10941E+04
 0.16750E+02     0.11018E+04
 0.16850E+02     0.11094E+04
 0.16950E+02     0.11170E+04
 0.17050E+02     0.11245E+04
 0.17150E+02     0.11317E+04
 0.17250E+02     0.11390E+04
 0.17350E+02     0.11462E+04
 0.17450E+02     0.11534E+04
 0.17550E+02     0.11607E+04
 0.17650E+02     0.11679E+04
 0.17750E+02     0.11751E+04
 0.17850E+02     0.11824E+04
 0.17950E+02     0.11896E+04
 0.18050E+02     0.11969E+04
 0.18150E+02     0.12041E+04
 0.18250E+02     0.12114E+04
 0.18350E+02     0.12187E+04
 0.18450E+02     0.12261E+04
 0.18550E+02     0.12337E+04
 0.18650E+02     0.12415E+04
 0.18750E+02     0.12494E+04
 0.18850E+02     0.12572E+04
 0.18950E+02     0.12651E+04
 0.19050E+02     0.12731E+04
 0.19150E+02     0.12812E+04
 0.19250E+02     0.12894E+04
 0.19350E+02     0.12975E+04
 0.19450E+02     0.13057E+04
 0.19550E+02     0.13138E+04
 0.19650E+02     0.13219E+04
 0.19750E+02     0.13301E+04
 0.19850E+02     0.13382E+04
 0.19950E+02     0.13464E+04
