1.025000e-10 1.956000e-01 1.025000e-10 2.028100e-01 1.025000e-10 2.146600e-01 1.025000e-10 9.859000e-40 1.025000e-10 1.960700e-01 
1.075000e-10 1.953600e-01 1.075000e-10 2.025500e-01 1.075000e-10 2.144000e-01 1.075000e-10 1.009100e-39 1.075000e-10 1.958300e-01 
1.125000e-10 1.951000e-01 1.125000e-10 2.023100e-01 1.125000e-10 2.141300e-01 1.125000e-10 1.030700e-39 1.125000e-10 1.955700e-01 
1.175000e-10 1.948700e-01 1.175000e-10 2.020600e-01 1.175000e-10 2.138700e-01 1.175000e-10 1.052000e-39 1.175000e-10 1.953300e-01 
1.237500e-10 1.945600e-01 1.237500e-10 2.017400e-01 1.237500e-10 2.135300e-01 1.237500e-10 1.078300e-39 1.237500e-10 1.950400e-01 
1.312500e-10 1.942000e-01 1.312500e-10 2.013700e-01 1.312500e-10 2.131400e-01 1.312500e-10 1.108400e-39 1.312500e-10 1.946600e-01 
1.387500e-10 1.938400e-01 1.387500e-10 2.010100e-01 1.387500e-10 2.127500e-01 1.387500e-10 1.137300e-39 1.387500e-10 1.943100e-01 
1.462500e-10 1.934800e-01 1.462500e-10 2.006400e-01 1.462500e-10 2.123700e-01 1.462500e-10 1.165800e-39 1.462500e-10 1.939500e-01 
1.550000e-10 1.930600e-01 1.550000e-10 2.002300e-01 1.550000e-10 2.119200e-01 1.550000e-10 1.197500e-39 1.550000e-10 1.935400e-01 
1.650000e-10 1.925900e-01 1.650000e-10 1.997600e-01 1.650000e-10 2.114200e-01 1.650000e-10 1.231200e-39 1.650000e-10 1.930700e-01 
1.750000e-10 1.921200e-01 1.750000e-10 1.992600e-01 1.750000e-10 2.109200e-01 1.750000e-10 1.264700e-39 1.750000e-10 1.925900e-01 
1.850000e-10 1.916500e-01 1.850000e-10 1.988000e-01 1.850000e-10 2.104100e-01 1.850000e-10 1.298300e-39 1.850000e-10 1.921300e-01 
1.950000e-10 1.912200e-01 1.950000e-10 1.983200e-01 1.950000e-10 2.099100e-01 1.950000e-10 1.328700e-39 1.950000e-10 1.916800e-01 
2.050000e-10 1.907600e-01 2.050000e-10 1.978400e-01 2.050000e-10 2.094100e-01 2.050000e-10 1.360100e-39 2.050000e-10 1.912300e-01 
2.150000e-10 1.902800e-01 2.150000e-10 1.973900e-01 2.150000e-10 2.089200e-01 2.150000e-10 1.389000e-39 2.150000e-10 1.907600e-01 
2.250000e-10 1.898500e-01 2.250000e-10 1.969200e-01 2.250000e-10 2.084300e-01 2.250000e-10 1.417600e-39 2.250000e-10 1.903200e-01 
2.350000e-10 1.893900e-01 2.350000e-10 1.964600e-01 2.350000e-10 2.079400e-01 2.350000e-10 1.445900e-39 2.350000e-10 1.898600e-01 
2.475000e-10 1.888200e-01 2.475000e-10 1.958900e-01 2.475000e-10 2.073400e-01 2.475000e-10 1.479000e-39 2.475000e-10 1.893000e-01 
2.625000e-10 1.881700e-01 2.625000e-10 1.952200e-01 2.625000e-10 2.066200e-01 2.625000e-10 1.518100e-39 2.625000e-10 1.886300e-01 
2.750000e-10 1.876200e-01 2.750000e-10 1.946900e-01 2.750000e-10 2.060400e-01 2.750000e-10 1.549100e-39 2.750000e-10 1.881000e-01 
2.900000e-10 1.869800e-01 2.900000e-10 1.940100e-01 2.900000e-10 2.053300e-01 2.900000e-10 1.585400e-39 2.900000e-10 1.874500e-01 
3.100000e-10 1.861200e-01 3.100000e-10 1.931300e-01 3.100000e-10 2.044000e-01 3.100000e-10 1.631700e-39 3.100000e-10 1.866000e-01 
3.300000e-10 1.852700e-01 3.300000e-10 1.922900e-01 3.300000e-10 2.034800e-01 3.300000e-10 1.675800e-39 3.300000e-10 1.857500e-01 
3.500000e-10 1.844400e-01 3.500000e-10 1.914100e-01 3.500000e-10 2.025800e-01 3.500000e-10 1.717900e-39 3.500000e-10 1.849100e-01 
3.700000e-10 1.836200e-01 3.700000e-10 1.905900e-01 3.700000e-10 2.017200e-01 3.700000e-10 1.756900e-39 3.700000e-10 1.840900e-01 
3.900000e-10 1.828200e-01 3.900000e-10 1.897600e-01 3.900000e-10 2.008400e-01 3.900000e-10 1.795600e-39 3.900000e-10 1.832900e-01 
4.125000e-10 1.819400e-01 4.125000e-10 1.888200e-01 4.125000e-10 1.998400e-01 4.125000e-10 1.838400e-39 4.125000e-10 1.824100e-01 
4.375000e-10 1.809200e-01 4.375000e-10 1.878300e-01 4.375000e-10 1.987900e-01 4.375000e-10 1.882200e-39 4.375000e-10 1.814000e-01 
4.625000e-10 1.799700e-01 4.625000e-10 1.868400e-01 4.625000e-10 1.977200e-01 4.625000e-10 1.925500e-39 4.625000e-10 1.804500e-01 
4.875000e-10 1.790000e-01 4.875000e-10 1.858600e-01 4.875000e-10 1.966800e-01 4.875000e-10 1.965700e-39 4.875000e-10 1.794800e-01 
5.125000e-10 1.780700e-01 5.125000e-10 1.849300e-01 5.125000e-10 1.956600e-01 5.125000e-10 2.005300e-39 5.125000e-10 1.785500e-01 
5.375000e-10 1.771400e-01 5.375000e-10 1.840100e-01 5.375000e-10 1.946600e-01 5.375000e-10 2.042400e-39 5.375000e-10 1.776100e-01 
5.625000e-10 1.762300e-01 5.625000e-10 1.830700e-01 5.625000e-10 1.936600e-01 5.625000e-10 2.078900e-39 5.625000e-10 1.767000e-01 
5.875000e-10 1.753300e-01 5.875000e-10 1.821000e-01 5.875000e-10 1.926900e-01 5.875000e-10 2.113300e-39 5.875000e-10 1.758000e-01 
6.150000e-10 1.743500e-01 6.150000e-10 1.811100e-01 6.150000e-10 1.916300e-01 6.150000e-10 2.150200e-39 6.150000e-10 1.748200e-01 
6.450000e-10 1.733100e-01 6.450000e-10 1.800600e-01 6.450000e-10 1.904900e-01 6.450000e-10 2.188800e-39 6.450000e-10 1.737800e-01 
6.750000e-10 1.722800e-01 6.750000e-10 1.790100e-01 6.750000e-10 1.893800e-01 6.750000e-10 2.225300e-39 6.750000e-10 1.727500e-01 
7.050000e-10 1.712700e-01 7.050000e-10 1.779600e-01 7.050000e-10 1.882900e-01 7.050000e-10 2.260800e-39 7.050000e-10 1.717400e-01 
7.400000e-10 1.701100e-01 7.400000e-10 1.767800e-01 7.400000e-10 1.870700e-01 7.400000e-10 2.298500e-39 7.400000e-10 1.705900e-01 
7.800000e-10 1.688200e-01 7.800000e-10 1.754900e-01 7.800000e-10 1.856400e-01 7.800000e-10 2.342500e-39 7.800000e-10 1.692900e-01 
8.200000e-10 1.676000e-01 8.200000e-10 1.741900e-01 8.200000e-10 1.842600e-01 8.200000e-10 2.383900e-39 8.200000e-10 1.680700e-01 
8.600000e-10 1.663400e-01 8.600000e-10 1.729100e-01 8.600000e-10 1.829400e-01 8.600000e-10 2.422300e-39 8.600000e-10 1.668200e-01 
9.000000e-10 1.651100e-01 9.000000e-10 1.716700e-01 9.000000e-10 1.815800e-01 9.000000e-10 2.461100e-39 9.000000e-10 1.655800e-01 
9.400000e-10 1.639600e-01 9.400000e-10 1.704700e-01 9.400000e-10 1.803200e-01 9.400000e-10 2.495900e-39 9.400000e-10 1.644200e-01 
9.800000e-10 1.627700e-01 9.800000e-10 1.692800e-01 9.800000e-10 1.790400e-01 9.800000e-10 2.530800e-39 9.800000e-10 1.632400e-01 
1.025000e-09 1.615000e-01 1.025000e-09 1.679800e-01 1.025000e-09 1.776500e-01 1.025000e-09 2.567600e-39 1.025000e-09 1.619700e-01 
1.075000e-09 1.601500e-01 1.075000e-09 1.665800e-01 1.075000e-09 1.761400e-01 1.075000e-09 2.606800e-39 1.075000e-09 1.606200e-01 
1.125000e-09 1.587500e-01 1.125000e-09 1.651800e-01 1.125000e-09 1.746700e-01 1.125000e-09 2.643900e-39 1.125000e-09 1.592200e-01 
1.175000e-09 1.574500e-01 1.175000e-09 1.638600e-01 1.175000e-09 1.732300e-01 1.175000e-09 2.679500e-39 1.175000e-09 1.579200e-01 
1.237500e-09 1.558500e-01 1.237500e-09 1.622000e-01 1.237500e-09 1.714900e-01 1.237500e-09 2.721400e-39 1.237500e-09 1.563200e-01 
1.312500e-09 1.539800e-01 1.312500e-09 1.603100e-01 1.312500e-09 1.694500e-01 1.312500e-09 2.769000e-39 1.312500e-09 1.544400e-01 
1.387500e-09 1.521900e-01 1.387500e-09 1.584700e-01 1.387500e-09 1.675000e-01 1.387500e-09 2.813300e-39 1.387500e-09 1.526500e-01 
1.462500e-09 1.504500e-01 1.462500e-09 1.567000e-01 1.462500e-09 1.656700e-01 1.462500e-09 2.853100e-39 1.462500e-09 1.509100e-01 
1.550000e-09 1.484900e-01 1.550000e-09 1.547200e-01 1.550000e-09 1.635200e-01 1.550000e-09 2.899600e-39 1.550000e-09 1.489500e-01 
1.650000e-09 1.463600e-01 1.650000e-09 1.525300e-01 1.650000e-09 1.611900e-01 1.650000e-09 2.948100e-39 1.650000e-09 1.468200e-01 
1.750000e-09 1.443200e-01 1.750000e-09 1.504400e-01 1.750000e-09 1.589500e-01 1.750000e-09 2.993700e-39 1.750000e-09 1.447700e-01 
1.850000e-09 1.423700e-01 1.850000e-09 1.484600e-01 1.850000e-09 1.568100e-01 1.850000e-09 3.035500e-39 1.850000e-09 1.428100e-01 
1.950000e-09 1.405600e-01 1.950000e-09 1.465600e-01 1.950000e-09 1.547500e-01 1.950000e-09 3.075200e-39 1.950000e-09 1.410000e-01 
2.050000e-09 1.387300e-01 2.050000e-09 1.448200e-01 2.050000e-09 1.527800e-01 2.050000e-09 3.111800e-39 2.050000e-09 1.391700e-01 
2.150000e-09 1.369500e-01 2.150000e-09 1.430500e-01 2.150000e-09 1.508700e-01 2.150000e-09 3.146700e-39 2.150000e-09 1.373800e-01 
2.250000e-09 1.353300e-01 2.250000e-09 1.412400e-01 2.250000e-09 1.490500e-01 2.250000e-09 3.179000e-39 2.250000e-09 1.357600e-01 
2.350000e-09 1.336900e-01 2.350000e-09 1.395600e-01 2.350000e-09 1.472800e-01 2.350000e-09 3.210100e-39 2.350000e-09 1.341200e-01 
2.475000e-09 1.317500e-01 2.475000e-09 1.375800e-01 2.475000e-09 1.451700e-01 2.475000e-09 3.245800e-39 2.475000e-09 1.321800e-01 
2.625000e-09 1.295400e-01 2.625000e-09 1.353400e-01 2.625000e-09 1.427400e-01 2.625000e-09 3.286200e-39 2.625000e-09 1.299600e-01 
2.750000e-09 1.277800e-01 2.750000e-09 1.335200e-01 2.750000e-09 1.408200e-01 2.750000e-09 3.317400e-39 2.750000e-09 1.282000e-01 
2.900000e-09 1.257600e-01 2.900000e-09 1.314600e-01 2.900000e-09 1.386900e-01 2.900000e-09 3.350600e-39 2.900000e-09 1.261800e-01 
3.100000e-09 1.232300e-01 3.100000e-09 1.288700e-01 3.100000e-09 1.358800e-01 3.100000e-09 3.394100e-39 3.100000e-09 1.236400e-01 
3.300000e-09 1.208300e-01 3.300000e-09 1.264400e-01 3.300000e-09 1.332800e-01 3.300000e-09 3.433100e-39 3.300000e-09 1.212300e-01 
3.500000e-09 1.185800e-01 3.500000e-09 1.241300e-01 3.500000e-09 1.307900e-01 3.500000e-09 3.469500e-39 3.500000e-09 1.189800e-01 
3.700000e-09 1.164700e-01 3.700000e-09 1.220300e-01 3.700000e-09 1.284700e-01 3.700000e-09 3.502400e-39 3.700000e-09 1.168500e-01 
3.900000e-09 1.144900e-01 3.900000e-09 1.199300e-01 3.900000e-09 1.262400e-01 3.900000e-09 3.533400e-39 3.900000e-09 1.148800e-01 
4.125000e-09 1.124000e-01 4.125000e-09 1.177300e-01 4.125000e-09 1.239200e-01 4.125000e-09 3.565100e-39 4.125000e-09 1.127800e-01 
4.375000e-09 1.100900e-01 4.375000e-09 1.154300e-01 4.375000e-09 1.214300e-01 4.375000e-09 3.598000e-39 4.375000e-09 1.104700e-01 
4.625000e-09 1.080400e-01 4.625000e-09 1.132500e-01 4.625000e-09 1.191400e-01 4.625000e-09 3.627900e-39 4.625000e-09 1.084100e-01 
4.875000e-09 1.060100e-01 4.875000e-09 1.112100e-01 4.875000e-09 1.169600e-01 4.875000e-09 3.655600e-39 4.875000e-09 1.063700e-01 
5.125000e-09 1.041500e-01 5.125000e-09 1.092900e-01 5.125000e-09 1.148900e-01 5.125000e-09 3.681500e-39 5.125000e-09 1.045200e-01 
5.375000e-09 1.023600e-01 5.375000e-09 1.074900e-01 5.375000e-09 1.129500e-01 5.375000e-09 3.705200e-39 5.375000e-09 1.027200e-01 
5.625000e-09 1.006700e-01 5.625000e-09 1.056900e-01 5.625000e-09 1.111100e-01 5.625000e-09 3.727200e-39 5.625000e-09 1.010200e-01 
5.875000e-09 9.908200e-02 5.875000e-09 1.040700e-01 5.875000e-09 1.094300e-01 5.875000e-09 3.747000e-39 5.875000e-09 9.942900e-02 
6.150000e-09 9.738800e-02 6.150000e-09 1.023200e-01 6.150000e-09 1.075600e-01 6.150000e-09 3.769000e-39 6.150000e-09 9.772900e-02 
6.450000e-09 9.567000e-02 6.450000e-09 1.005100e-01 6.450000e-09 1.056200e-01 6.450000e-09 3.791300e-39 6.450000e-09 9.600200e-02 
6.750000e-09 9.401900e-02 6.750000e-09 9.883400e-02 6.750000e-09 1.038700e-01 6.750000e-09 3.811000e-39 6.750000e-09 9.434900e-02 
7.050000e-09 9.246900e-02 7.050000e-09 9.727600e-02 7.050000e-09 1.021100e-01 7.050000e-09 3.830700e-39 7.050000e-09 9.279300e-02 
7.400000e-09 9.075400e-02 7.400000e-09 9.545000e-02 7.400000e-09 1.002600e-01 7.400000e-09 3.851000e-39 7.400000e-09 9.107600e-02 
7.800000e-09 8.891900e-02 7.800000e-09 9.360700e-02 7.800000e-09 9.820900e-02 7.800000e-09 3.873300e-39 7.800000e-09 8.923100e-02 
8.200000e-09 8.725300e-02 8.200000e-09 9.184300e-02 8.200000e-09 9.632100e-02 8.200000e-09 3.893300e-39 8.200000e-09 8.756200e-02 
8.600000e-09 8.559500e-02 8.600000e-09 9.006500e-02 8.600000e-09 9.450800e-02 8.600000e-09 3.912400e-39 8.600000e-09 8.589800e-02 
9.000000e-09 8.400900e-02 9.000000e-09 8.844900e-02 9.000000e-09 9.283200e-02 9.000000e-09 3.929600e-39 9.000000e-09 8.430900e-02 
9.400000e-09 8.260100e-02 9.400000e-09 8.697400e-02 9.400000e-09 9.121400e-02 9.400000e-09 3.946200e-39 9.400000e-09 8.289500e-02 
9.800000e-09 8.117400e-02 9.800000e-09 8.548100e-02 9.800000e-09 8.971500e-02 9.800000e-09 3.961300e-39 9.800000e-09 8.146900e-02 
1.025000e-08 7.970500e-02 1.025000e-08 8.396000e-02 1.025000e-08 8.807800e-02 1.025000e-08 3.977600e-39 1.025000e-08 7.999200e-02 
1.075000e-08 7.818500e-02 1.075000e-08 8.239700e-02 1.075000e-08 8.639500e-02 1.075000e-08 3.994100e-39 1.075000e-08 7.846500e-02 
1.125000e-08 7.667900e-02 1.125000e-08 8.082500e-02 1.125000e-08 8.481400e-02 1.125000e-08 4.009500e-39 1.125000e-08 7.695600e-02 
1.175000e-08 7.533900e-02 1.175000e-08 7.936400e-02 1.175000e-08 8.336800e-02 1.175000e-08 4.023200e-39 1.175000e-08 7.560900e-02 
1.237500e-08 7.369400e-02 1.237500e-08 7.767900e-02 1.237500e-08 8.154900e-02 1.237500e-08 4.040600e-39 1.237500e-08 7.395700e-02 
1.312500e-08 7.190200e-02 1.312500e-08 7.579600e-02 1.312500e-08 7.957400e-02 1.312500e-08 4.058900e-39 1.312500e-08 7.215800e-02 
1.387500e-08 7.020200e-02 1.387500e-08 7.402900e-02 1.387500e-08 7.771900e-02 1.387500e-08 4.076000e-39 1.387500e-08 7.045500e-02 
1.462500e-08 6.864500e-02 1.462500e-08 7.240700e-02 1.462500e-08 7.600000e-02 1.462500e-08 4.091700e-39 1.462500e-08 6.889800e-02 
1.550000e-08 6.695300e-02 1.550000e-08 7.065000e-02 1.550000e-08 7.413300e-02 1.550000e-08 4.108500e-39 1.550000e-08 6.719800e-02 
1.650000e-08 6.516300e-02 1.650000e-08 6.876700e-02 1.650000e-08 7.218100e-02 1.650000e-08 4.125800e-39 1.650000e-08 6.540100e-02 
1.750000e-08 6.352400e-02 1.750000e-08 6.704600e-02 1.750000e-08 7.034600e-02 1.750000e-08 4.141600e-39 1.750000e-08 6.375400e-02 
1.850000e-08 6.206100e-02 1.850000e-08 6.550400e-02 1.850000e-08 6.867600e-02 1.850000e-08 4.156100e-39 1.850000e-08 6.228300e-02 
1.950000e-08 6.061600e-02 1.950000e-08 6.398300e-02 1.950000e-08 6.711200e-02 1.950000e-08 4.169400e-39 1.950000e-08 6.083900e-02 
2.050000e-08 5.928700e-02 2.050000e-08 6.258000e-02 2.050000e-08 6.564300e-02 2.050000e-08 4.181700e-39 2.050000e-08 5.950300e-02 
2.150000e-08 5.807900e-02 2.150000e-08 6.128400e-02 2.150000e-08 6.429200e-02 2.150000e-08 4.193000e-39 2.150000e-08 5.829300e-02 
2.250000e-08 5.688100e-02 2.250000e-08 6.007200e-02 2.250000e-08 6.302500e-02 2.250000e-08 4.203400e-39 2.250000e-08 5.708500e-02 
2.350000e-08 5.581000e-02 2.350000e-08 5.891000e-02 2.350000e-08 6.187200e-02 2.350000e-08 4.212800e-39 2.350000e-08 5.601700e-02 
2.475000e-08 5.452500e-02 2.475000e-08 5.757000e-02 2.475000e-08 6.042900e-02 2.475000e-08 4.224600e-39 2.475000e-08 5.472500e-02 
2.625000e-08 5.310100e-02 2.625000e-08 5.606800e-02 2.625000e-08 5.888200e-02 2.625000e-08 4.237300e-39 2.625000e-08 5.329600e-02 
2.750000e-08 5.197900e-02 2.750000e-08 5.488100e-02 2.750000e-08 5.769100e-02 2.750000e-08 4.247200e-39 2.750000e-08 5.217400e-02 
2.900000e-08 5.076200e-02 2.900000e-08 5.359300e-02 2.900000e-08 5.628800e-02 2.900000e-08 4.257700e-39 2.900000e-08 5.094800e-02 
3.100000e-08 4.924200e-02 3.100000e-08 5.197000e-02 3.100000e-08 5.465100e-02 3.100000e-08 4.270200e-39 3.100000e-08 4.941800e-02 
3.300000e-08 4.784100e-02 3.300000e-08 5.049100e-02 3.300000e-08 5.309300e-02 3.300000e-08 4.282100e-39 3.300000e-08 4.801500e-02 
3.500000e-08 4.656600e-02 3.500000e-08 4.913000e-02 3.500000e-08 5.171200e-02 3.500000e-08 4.293000e-39 3.500000e-08 4.674000e-02 
3.700000e-08 4.543100e-02 3.700000e-08 4.788500e-02 3.700000e-08 5.039400e-02 3.700000e-08 4.302600e-39 3.700000e-08 4.559700e-02 
3.900000e-08 4.431200e-02 3.900000e-08 4.672300e-02 3.900000e-08 4.920800e-02 3.900000e-08 4.311600e-39 3.900000e-08 4.447600e-02 
4.125000e-08 4.317400e-02 4.125000e-08 4.551800e-02 4.125000e-08 4.794700e-02 4.125000e-08 4.321000e-39 4.125000e-08 4.333300e-02 
4.375000e-08 4.201200e-02 4.375000e-08 4.429500e-02 4.375000e-08 4.665900e-02 4.375000e-08 4.330300e-39 4.375000e-08 4.216600e-02 
4.625000e-08 4.093500e-02 4.625000e-08 4.314200e-02 4.625000e-08 4.547700e-02 4.625000e-08 4.339000e-39 4.625000e-08 4.108600e-02 
4.875000e-08 3.995000e-02 4.875000e-08 4.211700e-02 4.875000e-08 4.437000e-02 4.875000e-08 4.346900e-39 4.875000e-08 4.009700e-02 
5.125000e-08 3.903100e-02 5.125000e-08 4.113100e-02 5.125000e-08 4.334900e-02 5.125000e-08 4.354300e-39 5.125000e-08 3.917400e-02 
5.375000e-08 3.818100e-02 5.375000e-08 4.020700e-02 5.375000e-08 4.240000e-02 5.375000e-08 4.360900e-39 5.375000e-08 3.832200e-02 
5.625000e-08 3.738300e-02 5.625000e-08 3.938400e-02 5.625000e-08 4.151300e-02 5.625000e-08 4.367200e-39 5.625000e-08 3.752100e-02 
5.875000e-08 3.664100e-02 5.875000e-08 3.856100e-02 5.875000e-08 4.071400e-02 5.875000e-08 4.373100e-39 5.875000e-08 3.677700e-02 
6.150000e-08 3.587700e-02 6.150000e-08 3.771400e-02 6.150000e-08 3.983800e-02 6.150000e-08 4.378900e-39 6.150000e-08 3.600900e-02 
6.450000e-08 3.509400e-02 6.450000e-08 3.689300e-02 6.450000e-08 3.894900e-02 6.450000e-08 4.384800e-39 6.450000e-08 3.522300e-02 
6.750000e-08 3.437200e-02 6.750000e-08 3.609800e-02 6.750000e-08 3.814600e-02 6.750000e-08 4.390800e-39 6.750000e-08 3.449900e-02 
7.050000e-08 3.368900e-02 7.050000e-08 3.537100e-02 7.050000e-08 3.735100e-02 7.050000e-08 4.396000e-39 7.050000e-08 3.381400e-02 
7.400000e-08 3.298000e-02 7.400000e-08 3.457000e-02 7.400000e-08 3.653200e-02 7.400000e-08 4.401600e-39 7.400000e-08 3.310100e-02 
7.800000e-08 3.217000e-02 7.800000e-08 3.375600e-02 7.800000e-08 3.562400e-02 7.800000e-08 4.407800e-39 7.800000e-08 3.228900e-02 
8.200000e-08 3.142300e-02 8.200000e-08 3.295400e-02 8.200000e-08 3.480200e-02 8.200000e-08 4.413300e-39 8.200000e-08 3.153900e-02 
8.600000e-08 3.074000e-02 8.600000e-08 3.219500e-02 8.600000e-08 3.401200e-02 8.600000e-08 4.418700e-39 8.600000e-08 3.085500e-02 
9.000000e-08 3.007100e-02 9.000000e-08 3.151300e-02 9.000000e-08 3.329400e-02 9.000000e-08 4.423400e-39 9.000000e-08 3.018100e-02 
9.400000e-08 2.947600e-02 9.400000e-08 3.087200e-02 9.400000e-08 3.260000e-02 9.400000e-08 4.427900e-39 9.400000e-08 2.958400e-02 
9.800000e-08 2.889300e-02 9.800000e-08 3.026800e-02 9.800000e-08 3.196400e-02 9.800000e-08 4.432200e-39 9.800000e-08 2.900000e-02 
1.025000e-07 2.829100e-02 1.025000e-07 2.963300e-02 1.025000e-07 3.128700e-02 1.025000e-07 4.436800e-39 1.025000e-07 2.839600e-02 
1.075000e-07 2.767800e-02 1.075000e-07 2.897400e-02 1.075000e-07 3.061200e-02 1.075000e-07 4.441300e-39 1.075000e-07 2.778000e-02 
1.125000e-07 2.707700e-02 1.125000e-07 2.834800e-02 1.125000e-07 2.993800e-02 1.125000e-07 4.445400e-39 1.125000e-07 2.717600e-02 
1.175000e-07 2.654700e-02 1.175000e-07 2.777900e-02 1.175000e-07 2.930000e-02 1.175000e-07 4.449400e-39 1.175000e-07 2.664600e-02 
1.237500e-07 2.590700e-02 1.237500e-07 2.709100e-02 1.237500e-07 2.860700e-02 1.237500e-07 4.453900e-39 1.237500e-07 2.600400e-02 
1.312500e-07 2.521000e-02 1.312500e-07 2.634400e-02 1.312500e-07 2.779100e-02 1.312500e-07 4.459300e-39 1.312500e-07 2.530300e-02 
1.387500e-07 2.455100e-02 1.387500e-07 2.568100e-02 1.387500e-07 2.707700e-02 1.387500e-07 4.463900e-39 1.387500e-07 2.464200e-02 
1.462500e-07 2.394400e-02 1.462500e-07 2.503600e-02 1.462500e-07 2.639000e-02 1.462500e-07 4.468300e-39 1.462500e-07 2.403300e-02 
1.550000e-07 2.328000e-02 1.550000e-07 2.434200e-02 1.550000e-07 2.567900e-02 1.550000e-07 4.472700e-39 1.550000e-07 2.336700e-02 
1.650000e-07 2.257100e-02 1.650000e-07 2.363100e-02 1.650000e-07 2.491300e-02 1.650000e-07 4.477500e-39 1.650000e-07 2.265500e-02 
1.750000e-07 2.191800e-02 1.750000e-07 2.297400e-02 1.750000e-07 2.421300e-02 1.750000e-07 4.481900e-39 1.750000e-07 2.199900e-02 
1.850000e-07 2.131900e-02 1.850000e-07 2.237500e-02 1.850000e-07 2.357100e-02 1.850000e-07 4.485700e-39 1.850000e-07 2.139900e-02 
1.950000e-07 2.077500e-02 1.950000e-07 2.181800e-02 1.950000e-07 2.297100e-02 1.950000e-07 4.489500e-39 1.950000e-07 2.085200e-02 
2.050000e-07 2.028500e-02 2.050000e-07 2.130900e-02 2.050000e-07 2.241900e-02 2.050000e-07 4.492800e-39 2.050000e-07 2.036100e-02 
2.150000e-07 1.983300e-02 2.150000e-07 2.083100e-02 2.150000e-07 2.192600e-02 2.150000e-07 4.496000e-39 2.150000e-07 1.990700e-02 
2.250000e-07 1.938900e-02 2.250000e-07 2.039100e-02 2.250000e-07 2.145200e-02 2.250000e-07 4.499000e-39 2.250000e-07 1.946100e-02 
2.350000e-07 1.899400e-02 2.350000e-07 1.996400e-02 2.350000e-07 2.098200e-02 2.350000e-07 4.501700e-39 2.350000e-07 1.906500e-02 
2.475000e-07 1.851600e-02 2.475000e-07 1.949600e-02 2.475000e-07 2.047800e-02 2.475000e-07 4.504700e-39 2.475000e-07 1.858500e-02 
2.625000e-07 1.799700e-02 2.625000e-07 1.894100e-02 2.625000e-07 1.989800e-02 2.625000e-07 4.508400e-39 2.625000e-07 1.806500e-02 
2.750000e-07 1.758400e-02 2.750000e-07 1.852400e-02 2.750000e-07 1.945800e-02 2.750000e-07 4.511000e-39 2.750000e-07 1.764900e-02 
2.900000e-07 1.713900e-02 2.900000e-07 1.806100e-02 2.900000e-07 1.897100e-02 2.900000e-07 4.513900e-39 2.900000e-07 1.720200e-02 
3.100000e-07 1.659100e-02 3.100000e-07 1.750200e-02 3.100000e-07 1.836600e-02 3.100000e-07 4.517500e-39 3.100000e-07 1.665300e-02 
3.300000e-07 1.608600e-02 3.300000e-07 1.697800e-02 3.300000e-07 1.780400e-02 3.300000e-07 4.520800e-39 3.300000e-07 1.614600e-02 
3.500000e-07 1.559100e-02 3.500000e-07 1.650800e-02 3.500000e-07 1.729700e-02 3.500000e-07 4.523700e-39 3.500000e-07 1.564900e-02 
3.700000e-07 1.515700e-02 3.700000e-07 1.607800e-02 3.700000e-07 1.683100e-02 3.700000e-07 4.526500e-39 3.700000e-07 1.521300e-02 
3.900000e-07 1.476700e-02 3.900000e-07 1.567500e-02 3.900000e-07 1.640000e-02 3.900000e-07 4.529000e-39 3.900000e-07 1.482200e-02 
4.125000e-07 1.438300e-02 4.125000e-07 1.526000e-02 4.125000e-07 1.597500e-02 4.125000e-07 4.531700e-39 4.125000e-07 1.443700e-02 
4.375000e-07 1.399000e-02 4.375000e-07 1.484200e-02 4.375000e-07 1.550900e-02 4.375000e-07 4.534300e-39 4.375000e-07 1.404200e-02 
4.625000e-07 1.362000e-02 4.625000e-07 1.443400e-02 4.625000e-07 1.509100e-02 4.625000e-07 4.536600e-39 4.625000e-07 1.367100e-02 
4.875000e-07 1.327600e-02 4.875000e-07 1.406400e-02 4.875000e-07 1.471500e-02 4.875000e-07 4.538900e-39 4.875000e-07 1.332600e-02 
5.125000e-07 1.295900e-02 5.125000e-07 1.372800e-02 5.125000e-07 1.435100e-02 5.125000e-07 4.541100e-39 5.125000e-07 1.300700e-02 
5.375000e-07 1.266700e-02 5.375000e-07 1.341300e-02 5.375000e-07 1.403600e-02 5.375000e-07 4.543000e-39 5.375000e-07 1.271400e-02 
5.625000e-07 1.239100e-02 5.625000e-07 1.311700e-02 5.625000e-07 1.372700e-02 5.625000e-07 4.544800e-39 5.625000e-07 1.243700e-02 
5.875000e-07 1.213100e-02 5.875000e-07 1.284400e-02 5.875000e-07 1.343800e-02 5.875000e-07 4.546300e-39 5.875000e-07 1.217600e-02 
6.150000e-07 1.186800e-02 6.150000e-07 1.255400e-02 6.150000e-07 1.313200e-02 6.150000e-07 4.547900e-39 6.150000e-07 1.191200e-02 
6.450000e-07 1.160100e-02 6.450000e-07 1.226600e-02 6.450000e-07 1.282200e-02 6.450000e-07 4.549800e-39 6.450000e-07 1.164400e-02 
6.750000e-07 1.133500e-02 6.750000e-07 1.200300e-02 6.750000e-07 1.254000e-02 6.750000e-07 4.551500e-39 6.750000e-07 1.137700e-02 
7.050000e-07 1.108000e-02 7.050000e-07 1.174600e-02 7.050000e-07 1.227100e-02 7.050000e-07 4.552900e-39 7.050000e-07 1.112100e-02 
7.400000e-07 1.082900e-02 7.400000e-07 1.147500e-02 7.400000e-07 1.197900e-02 7.400000e-07 4.554600e-39 7.400000e-07 1.086900e-02 
7.800000e-07 1.054400e-02 7.800000e-07 1.118600e-02 7.800000e-07 1.168200e-02 7.800000e-07 4.556400e-39 7.800000e-07 1.058300e-02 
8.200000e-07 1.029400e-02 8.200000e-07 1.092600e-02 8.200000e-07 1.140200e-02 8.200000e-07 4.557900e-39 8.200000e-07 1.033200e-02 
8.600000e-07 1.007900e-02 8.600000e-07 1.066700e-02 8.600000e-07 1.112300e-02 8.600000e-07 4.559500e-39 8.600000e-07 1.011600e-02 
9.000000e-07 9.863800e-03 9.000000e-07 1.042500e-02 9.000000e-07 1.088000e-02 9.000000e-07 4.560800e-39 9.000000e-07 9.900500e-03 
9.400000e-07 9.648200e-03 9.400000e-07 1.020600e-02 9.400000e-07 1.065500e-02 9.400000e-07 4.562000e-39 9.400000e-07 9.684000e-03 
9.800000e-07 9.433000e-03 9.800000e-07 1.000000e-02 9.800000e-07 1.043100e-02 9.800000e-07 4.563500e-39 9.800000e-07 9.468300e-03 
1.025000e-06 9.225900e-03 1.025000e-06 9.783500e-03 1.025000e-06 1.021700e-02 1.025000e-06 4.564800e-39 1.025000e-06 9.260300e-03 
1.075000e-06 9.026900e-03 1.075000e-06 9.556700e-03 1.075000e-06 9.999100e-03 1.075000e-06 4.566000e-39 1.075000e-06 9.060300e-03 
1.125000e-06 8.827800e-03 1.125000e-06 9.346200e-03 1.125000e-06 9.781700e-03 1.125000e-06 4.567300e-39 1.125000e-06 8.860700e-03 
1.175000e-06 8.628600e-03 1.175000e-06 9.149400e-03 1.175000e-06 9.563800e-03 1.175000e-06 4.568300e-39 1.175000e-06 8.661000e-03 
1.237500e-06 8.384600e-03 1.237500e-06 8.921600e-03 1.237500e-06 9.303400e-03 1.237500e-06 4.569500e-39 1.237500e-06 8.415600e-03 
1.312500e-06 8.146300e-03 1.312500e-06 8.668400e-03 1.312500e-06 9.048300e-03 1.312500e-06 4.571000e-39 1.312500e-06 8.176400e-03 
1.387500e-06 7.925800e-03 1.387500e-06 8.433700e-03 1.387500e-06 8.804100e-03 1.387500e-06 4.572700e-39 1.387500e-06 7.955000e-03 
1.462500e-06 7.704700e-03 1.462500e-06 8.221500e-03 1.462500e-06 8.561200e-03 1.462500e-06 4.573700e-39 1.462500e-06 7.733300e-03 
1.550000e-06 7.485500e-03 1.550000e-06 7.993900e-03 1.550000e-06 8.325000e-03 1.550000e-06 4.575200e-39 1.550000e-06 7.513100e-03 
1.650000e-06 7.267400e-03 1.650000e-06 7.751900e-03 1.650000e-06 8.069700e-03 1.650000e-06 4.576700e-39 1.650000e-06 7.294500e-03 
1.750000e-06 7.054700e-03 1.750000e-06 7.536500e-03 1.750000e-06 7.830000e-03 1.750000e-06 4.577900e-39 1.750000e-06 7.080800e-03 
1.850000e-06 6.874900e-03 1.850000e-06 7.331100e-03 1.850000e-06 7.624300e-03 1.850000e-06 4.579000e-39 1.850000e-06 6.900200e-03 
1.950000e-06 6.700800e-03 1.950000e-06 7.146900e-03 1.950000e-06 7.422700e-03 1.950000e-06 4.580200e-39 1.950000e-06 6.725200e-03 
2.050000e-06 6.544400e-03 2.050000e-06 6.976300e-03 2.050000e-06 7.255600e-03 2.050000e-06 4.581100e-39 2.050000e-06 6.569100e-03 
2.150000e-06 6.407300e-03 2.150000e-06 6.815300e-03 2.150000e-06 7.097400e-03 2.150000e-06 4.582100e-39 2.150000e-06 6.431600e-03 
2.250000e-06 6.270100e-03 2.250000e-06 6.660500e-03 2.250000e-06 6.939900e-03 2.250000e-06 4.583000e-39 2.250000e-06 6.293500e-03 
2.350000e-06 6.133000e-03 2.350000e-06 6.520700e-03 2.350000e-06 6.781500e-03 2.350000e-06 4.583600e-39 2.350000e-06 6.155800e-03 
2.475000e-06 5.964900e-03 2.475000e-06 6.363600e-03 2.475000e-06 6.598500e-03 2.475000e-06 4.584600e-39 2.475000e-06 5.987300e-03 
2.625000e-06 5.799700e-03 2.625000e-06 6.179300e-03 2.625000e-06 6.419400e-03 2.625000e-06 4.585700e-39 2.625000e-06 5.821100e-03 
2.750000e-06 5.670800e-03 2.750000e-06 6.044300e-03 2.750000e-06 6.271900e-03 2.750000e-06 4.586500e-39 2.750000e-06 5.691700e-03 
2.900000e-06 5.518100e-03 2.900000e-06 5.891800e-03 2.900000e-06 6.099300e-03 2.900000e-06 4.587400e-39 2.900000e-06 5.538500e-03 
3.100000e-06 5.330400e-03 3.100000e-06 5.694200e-03 3.100000e-06 5.903900e-03 3.100000e-06 4.588400e-39 3.100000e-06 5.350300e-03 
3.300000e-06 5.161400e-03 3.300000e-06 5.525100e-03 3.300000e-06 5.720800e-03 3.300000e-06 4.589500e-39 3.300000e-06 5.180900e-03 
3.500000e-06 4.996800e-03 3.500000e-06 5.368500e-03 3.500000e-06 5.552200e-03 3.500000e-06 4.590300e-39 3.500000e-06 5.015300e-03 
3.700000e-06 4.857200e-03 3.700000e-06 5.225500e-03 3.700000e-06 5.405100e-03 3.700000e-06 4.591200e-39 3.700000e-06 4.875200e-03 
3.900000e-06 4.721900e-03 3.900000e-06 5.092600e-03 3.900000e-06 5.261900e-03 3.900000e-06 4.592000e-39 3.900000e-06 4.739300e-03 
4.125000e-06 4.593800e-03 4.125000e-06 4.955600e-03 4.125000e-06 5.129900e-03 4.125000e-06 4.592800e-39 4.125000e-06 4.611000e-03 
4.375000e-06 4.472800e-03 4.375000e-06 4.815600e-03 4.375000e-06 4.988400e-03 4.375000e-06 4.593700e-39 4.375000e-06 4.489500e-03 
4.625000e-06 4.351700e-03 4.625000e-06 4.683800e-03 4.625000e-06 4.846900e-03 4.625000e-06 4.594300e-39 4.625000e-06 4.367900e-03 
4.875000e-06 4.230900e-03 4.875000e-06 4.567100e-03 4.875000e-06 4.710400e-03 4.875000e-06 4.595000e-39 4.875000e-06 4.246400e-03 
5.125000e-06 4.122900e-03 5.125000e-06 4.455300e-03 5.125000e-06 4.601000e-03 5.125000e-06 4.595600e-39 5.125000e-06 4.138200e-03 
5.375000e-06 4.028600e-03 5.375000e-06 4.349900e-03 5.375000e-06 4.495900e-03 5.375000e-06 4.596200e-39 5.375000e-06 4.043600e-03 
5.625000e-06 3.934400e-03 5.625000e-06 4.254200e-03 5.625000e-06 4.390700e-03 5.625000e-06 4.596900e-39 5.625000e-06 3.949100e-03 
5.875000e-06 3.840600e-03 5.875000e-06 4.164100e-03 5.875000e-06 4.290500e-03 5.875000e-06 4.597300e-39 5.875000e-06 3.854900e-03 
6.150000e-06 3.752400e-03 6.150000e-06 4.071800e-03 6.150000e-06 4.199300e-03 6.150000e-06 4.597900e-39 6.150000e-06 3.766400e-03 
6.450000e-06 3.669700e-03 6.450000e-06 3.979200e-03 6.450000e-06 4.100900e-03 6.450000e-06 4.598300e-39 6.450000e-06 3.683400e-03 
6.750000e-06 3.587000e-03 6.750000e-06 3.890300e-03 6.750000e-06 4.003700e-03 6.750000e-06 4.599000e-39 6.750000e-06 3.600200e-03 
7.050000e-06 3.507800e-03 7.050000e-06 3.809300e-03 7.050000e-06 3.920300e-03 7.050000e-06 4.599400e-39 7.050000e-06 3.520800e-03 
7.400000e-06 3.429400e-03 7.400000e-06 3.719300e-03 7.400000e-06 3.828300e-03 7.400000e-06 4.599800e-39 7.400000e-06 3.442100e-03 
7.800000e-06 3.340700e-03 7.800000e-06 3.625100e-03 7.800000e-06 3.726800e-03 7.800000e-06 4.600500e-39 7.800000e-06 3.353000e-03 
8.200000e-06 3.260300e-03 8.200000e-06 3.537900e-03 8.200000e-06 3.643700e-03 8.200000e-06 4.600900e-39 8.200000e-06 3.272400e-03 
8.600000e-06 3.188600e-03 8.600000e-06 3.456900e-03 8.600000e-06 3.563100e-03 8.600000e-06 4.601500e-39 8.600000e-06 3.200300e-03 
9.000000e-06 3.116700e-03 9.000000e-06 3.381700e-03 9.000000e-06 3.482300e-03 9.000000e-06 4.601900e-39 9.000000e-06 3.128300e-03 
9.400000e-06 3.045100e-03 9.400000e-06 3.311000e-03 9.400000e-06 3.401500e-03 9.400000e-06 4.602100e-39 9.400000e-06 3.056400e-03 
9.800000e-06 2.973500e-03 9.800000e-06 3.244700e-03 9.800000e-06 3.326200e-03 9.800000e-06 4.602600e-39 9.800000e-06 2.984400e-03 
1.025000e-05 2.907500e-03 1.025000e-05 3.175100e-03 1.025000e-05 3.258200e-03 1.025000e-05 4.603000e-39 1.025000e-05 2.918200e-03 
1.075000e-05 2.847300e-03 1.075000e-05 3.102100e-03 1.075000e-05 3.183400e-03 1.075000e-05 4.603400e-39 1.075000e-05 2.857700e-03 
1.125000e-05 2.786900e-03 1.125000e-05 3.031800e-03 1.125000e-05 3.108700e-03 1.125000e-05 4.603800e-39 1.125000e-05 2.797300e-03 
1.175000e-05 2.726700e-03 1.175000e-05 2.968100e-03 1.175000e-05 3.037900e-03 1.175000e-05 4.604300e-39 1.175000e-05 2.736900e-03 
1.237500e-05 2.652900e-03 1.237500e-05 2.896500e-03 1.237500e-05 2.964800e-03 1.237500e-05 4.604700e-39 1.237500e-05 2.662800e-03 
1.312500e-05 2.580500e-03 1.312500e-05 2.812000e-03 1.312500e-05 2.877400e-03 1.312500e-05 4.605300e-39 1.312500e-05 2.590200e-03 
1.387500e-05 2.513400e-03 1.387500e-05 2.736500e-03 1.387500e-05 2.796700e-03 1.387500e-05 4.605700e-39 1.387500e-05 2.522600e-03 
1.462500e-05 2.446200e-03 1.462500e-05 2.666700e-03 1.462500e-05 2.726400e-03 1.462500e-05 4.606200e-39 1.462500e-05 2.455300e-03 
1.550000e-05 2.374700e-03 1.550000e-05 2.593300e-03 1.550000e-05 2.647300e-03 1.550000e-05 4.606600e-39 1.550000e-05 2.383600e-03 
1.650000e-05 2.299000e-03 1.650000e-05 2.513900e-03 1.650000e-05 2.572500e-03 1.650000e-05 4.607000e-39 1.650000e-05 2.307400e-03 
1.750000e-05 2.224900e-03 1.750000e-05 2.442600e-03 1.750000e-05 2.500900e-03 1.750000e-05 4.607400e-39 1.750000e-05 2.233000e-03 
1.850000e-05 2.161600e-03 1.850000e-05 2.377400e-03 1.850000e-05 2.429200e-03 1.850000e-05 4.607900e-39 1.850000e-05 2.169700e-03 
1.950000e-05 2.100400e-03 1.950000e-05 2.316900e-03 1.950000e-05 2.360800e-03 1.950000e-05 4.608300e-39 1.950000e-05 2.108200e-03 
2.050000e-05 2.044500e-03 2.050000e-05 2.261600e-03 2.050000e-05 2.306300e-03 2.050000e-05 4.608500e-39 2.050000e-05 2.052100e-03 
2.150000e-05 1.998500e-03 2.150000e-05 2.209700e-03 2.150000e-05 2.253200e-03 2.150000e-05 4.608900e-39 2.150000e-05 2.006000e-03 
2.250000e-05 1.957200e-03 2.250000e-05 2.161800e-03 2.250000e-05 2.200100e-03 2.250000e-05 4.609400e-39 2.250000e-05 1.964500e-03 
2.350000e-05 1.916000e-03 2.350000e-05 2.115600e-03 2.350000e-05 2.150100e-03 2.350000e-05 4.609600e-39 2.350000e-05 1.923200e-03 
2.475000e-05 1.864500e-03 2.475000e-05 2.064500e-03 2.475000e-05 2.098400e-03 2.475000e-05 4.610000e-39 2.475000e-05 1.871500e-03 
2.625000e-05 1.809700e-03 2.625000e-05 2.004200e-03 2.625000e-05 2.036500e-03 2.625000e-05 4.610200e-39 2.625000e-05 1.816400e-03 
2.750000e-05 1.769800e-03 2.750000e-05 1.958900e-03 2.750000e-05 1.987600e-03 2.750000e-05 4.610600e-39 2.750000e-05 1.776500e-03 
2.900000e-05 1.722500e-03 2.900000e-05 1.908900e-03 2.900000e-05 1.938100e-03 2.900000e-05 4.610800e-39 2.900000e-05 1.728900e-03 
3.100000e-05 1.664400e-03 3.100000e-05 1.848300e-03 3.100000e-05 1.873500e-03 3.100000e-05 4.611500e-39 3.100000e-05 1.670600e-03 
3.300000e-05 1.611900e-03 3.300000e-05 1.791800e-03 3.300000e-05 1.820600e-03 3.300000e-05 4.611700e-39 3.300000e-05 1.618000e-03 
3.500000e-05 1.560900e-03 3.500000e-05 1.740900e-03 3.500000e-05 1.769800e-03 3.500000e-05 4.612100e-39 3.500000e-05 1.566700e-03 
3.700000e-05 1.517400e-03 3.700000e-05 1.694500e-03 3.700000e-05 1.718900e-03 3.700000e-05 4.612500e-39 3.700000e-05 1.523000e-03 
3.900000e-05 1.475300e-03 3.900000e-05 1.652200e-03 3.900000e-05 1.670600e-03 3.900000e-05 4.612800e-39 3.900000e-05 1.480700e-03 
4.125000e-05 1.435300e-03 4.125000e-05 1.610800e-03 4.125000e-05 1.627400e-03 4.125000e-05 4.613200e-39 4.125000e-05 1.440700e-03 
4.375000e-05 1.397600e-03 4.375000e-05 1.565000e-03 4.375000e-05 1.580400e-03 4.375000e-05 4.613600e-39 4.375000e-05 1.402800e-03 
4.625000e-05 1.359900e-03 4.625000e-05 1.519500e-03 4.625000e-05 1.534200e-03 4.625000e-05 4.613800e-39 4.625000e-05 1.364900e-03 
4.875000e-05 1.322100e-03 4.875000e-05 1.481000e-03 4.875000e-05 1.495800e-03 4.875000e-05 4.614200e-39 4.875000e-05 1.327100e-03 
5.125000e-05 1.289200e-03 5.125000e-05 1.444700e-03 5.125000e-05 1.459200e-03 5.125000e-05 4.614500e-39 5.125000e-05 1.294000e-03 
5.375000e-05 1.261100e-03 5.375000e-05 1.410500e-03 5.375000e-05 1.423000e-03 5.375000e-05 4.614900e-39 5.375000e-05 1.265800e-03 
5.625000e-05 1.233100e-03 5.625000e-05 1.379500e-03 5.625000e-05 1.391800e-03 5.625000e-05 4.615100e-39 5.625000e-05 1.237700e-03 
5.875000e-05 1.205100e-03 5.875000e-05 1.350600e-03 5.875000e-05 1.362400e-03 5.875000e-05 4.615300e-39 5.875000e-05 1.209600e-03 
6.150000e-05 1.177500e-03 6.150000e-05 1.321300e-03 6.150000e-05 1.330500e-03 6.150000e-05 4.615700e-39 6.150000e-05 1.181900e-03 
6.450000e-05 1.150100e-03 6.450000e-05 1.289900e-03 6.450000e-05 1.301700e-03 6.450000e-05 4.616000e-39 6.450000e-05 1.154400e-03 
6.750000e-05 1.122900e-03 6.750000e-05 1.262000e-03 6.750000e-05 1.274800e-03 6.750000e-05 4.616400e-39 6.750000e-05 1.127000e-03 
7.050000e-05 1.096700e-03 7.050000e-05 1.234900e-03 7.050000e-05 1.247800e-03 7.050000e-05 4.616600e-39 7.050000e-05 1.100800e-03 
7.400000e-05 1.070700e-03 7.400000e-05 1.206400e-03 7.400000e-05 1.216300e-03 7.400000e-05 4.616800e-39 7.400000e-05 1.074700e-03 
7.800000e-05 1.041400e-03 7.800000e-05 1.175500e-03 7.800000e-05 1.182100e-03 7.800000e-05 4.617200e-39 7.800000e-05 1.045200e-03 
8.200000e-05 1.014500e-03 8.200000e-05 1.147100e-03 8.200000e-05 1.154800e-03 8.200000e-05 4.617700e-39 8.200000e-05 1.018300e-03 
8.600000e-05 9.902200e-04 8.600000e-05 1.120900e-03 8.600000e-05 1.128200e-03 8.600000e-05 4.617900e-39 8.600000e-05 9.939000e-04 
9.000000e-05 9.683000e-04 9.000000e-05 1.096500e-03 9.000000e-05 1.101700e-03 9.000000e-05 4.618300e-39 9.000000e-05 9.719200e-04 
9.400000e-05 9.482700e-04 9.400000e-05 1.073600e-03 9.400000e-05 1.076700e-03 9.400000e-05 4.618500e-39 9.400000e-05 9.518000e-04 
9.800000e-05 9.281500e-04 9.800000e-05 1.052200e-03 9.800000e-05 1.055800e-03 9.800000e-05 4.618900e-39 9.800000e-05 9.316300e-04 
1.025000e-04 9.082600e-04 1.025000e-04 1.029500e-03 1.025000e-04 1.032600e-03 1.025000e-04 4.619200e-39 1.025000e-04 9.116000e-04 
1.075000e-04 8.884300e-04 1.075000e-04 1.005700e-03 1.075000e-04 1.007000e-03 1.075000e-04 4.619600e-39 1.075000e-04 8.917700e-04 
1.125000e-04 8.686300e-04 1.125000e-04 9.835300e-04 1.125000e-04 9.849300e-04 1.125000e-04 4.620000e-39 1.125000e-04 8.718800e-04 
1.175000e-04 8.488900e-04 1.175000e-04 9.628200e-04 1.175000e-04 9.641400e-04 1.175000e-04 4.620200e-39 1.175000e-04 8.519900e-04 
1.237500e-04 8.246200e-04 1.237500e-04 9.388300e-04 1.237500e-04 9.389800e-04 1.237500e-04 4.620600e-39 1.237500e-04 8.276700e-04 
1.312500e-04 8.009500e-04 1.312500e-04 9.121400e-04 1.312500e-04 9.140900e-04 1.312500e-04 4.621300e-39 1.312500e-04 8.039100e-04 
1.387500e-04 7.790500e-04 1.387500e-04 8.874900e-04 1.387500e-04 8.902200e-04 1.387500e-04 4.621700e-39 1.387500e-04 7.819600e-04 
1.462500e-04 7.572000e-04 1.462500e-04 8.651300e-04 1.462500e-04 8.663900e-04 1.462500e-04 4.622100e-39 1.462500e-04 7.600200e-04 
1.550000e-04 7.355800e-04 1.550000e-04 8.411700e-04 1.550000e-04 8.395800e-04 1.550000e-04 4.622800e-39 1.550000e-04 7.383000e-04 
1.650000e-04 7.141600e-04 1.650000e-04 8.161700e-04 1.650000e-04 8.150500e-04 1.650000e-04 4.623400e-39 1.650000e-04 7.167800e-04 
1.750000e-04 7.701300e-04 1.750000e-04 7.933000e-04 1.750000e-04 7.915300e-04 1.750000e-04 4.624100e-39 1.750000e-04 7.729900e-04 
1.850000e-04 1.300000e-03 1.850000e-04 9.012800e-04 1.850000e-04 8.725900e-04 1.850000e-04 4.624500e-39 1.850000e-04 1.304700e-03 
1.950000e-04 1.910400e-03 1.950000e-04 1.657500e-03 1.950000e-04 1.939700e-03 1.950000e-04 4.625100e-39 1.950000e-04 1.917300e-03 
2.050000e-04 2.849600e-03 2.050000e-04 2.688100e-03 2.050000e-04 3.251000e-03 2.050000e-04 3.214400e-04 2.050000e-04 2.860000e-03 
2.150000e-04 4.123900e-03 2.150000e-04 3.909000e-03 2.150000e-04 4.559100e-03 2.150000e-04 3.264800e-03 2.150000e-04 4.138800e-03 
2.250000e-04 5.397900e-03 2.250000e-04 5.028100e-03 2.250000e-04 5.808300e-03 2.250000e-04 4.264100e-03 2.250000e-04 5.417500e-03 
2.350000e-04 6.672700e-03 2.350000e-04 5.964500e-03 2.350000e-04 7.037400e-03 2.350000e-04 5.263800e-03 2.350000e-04 6.696600e-03 
2.475000e-04 8.213400e-03 2.475000e-04 7.098900e-03 2.475000e-04 8.522300e-03 2.475000e-04 6.622900e-03 2.475000e-04 8.243000e-03 
2.625000e-04 9.460700e-03 2.625000e-04 8.554200e-03 2.625000e-04 1.000200e-02 2.625000e-04 8.565900e-03 2.625000e-04 9.495100e-03 
2.750000e-04 1.034100e-02 2.750000e-04 9.812600e-03 2.750000e-04 1.118700e-02 2.750000e-04 1.020600e-02 2.750000e-04 1.037800e-02 
2.900000e-04 1.138800e-02 2.900000e-04 1.133900e-02 2.900000e-04 1.259800e-02 2.900000e-04 1.179700e-02 2.900000e-04 1.142900e-02 
3.100000e-04 1.327500e-02 3.100000e-04 1.342400e-02 3.100000e-04 1.444700e-02 3.100000e-04 1.373100e-02 3.100000e-04 1.332300e-02 
3.300000e-04 1.565800e-02 3.300000e-04 1.551200e-02 3.300000e-04 1.603400e-02 3.300000e-04 1.566600e-02 3.300000e-04 1.571400e-02 
3.500000e-04 1.787000e-02 3.500000e-04 1.756600e-02 3.500000e-04 1.757800e-02 3.500000e-04 1.754900e-02 3.500000e-04 1.793400e-02 
3.700000e-04 1.903800e-02 3.700000e-04 1.898200e-02 3.700000e-04 1.913000e-02 3.700000e-04 1.915800e-02 3.700000e-04 1.910600e-02 
3.900000e-04 2.002800e-02 3.900000e-04 2.032900e-02 3.900000e-04 2.076700e-02 3.900000e-04 2.072900e-02 3.900000e-04 2.010000e-02 
4.125000e-04 2.167200e-02 4.125000e-04 2.223800e-02 4.125000e-04 2.262800e-02 4.125000e-04 2.249500e-02 4.125000e-04 2.175000e-02 
4.375000e-04 2.398600e-02 4.375000e-04 2.410900e-02 4.375000e-04 2.471400e-02 4.375000e-04 2.451900e-02 4.375000e-04 2.407200e-02 
4.625000e-04 2.630000e-02 4.625000e-04 2.584400e-02 4.625000e-04 2.684800e-02 4.625000e-04 2.656700e-02 4.625000e-04 2.639500e-02 
4.875000e-04 2.861500e-02 4.875000e-04 2.792700e-02 4.875000e-04 2.898400e-02 4.875000e-04 2.855900e-02 4.875000e-04 2.871800e-02 
5.125000e-04 3.072700e-02 5.125000e-04 3.012600e-02 5.125000e-04 3.092800e-02 5.125000e-04 3.011700e-02 5.125000e-04 3.083800e-02 
5.375000e-04 3.263400e-02 5.375000e-04 3.227900e-02 5.375000e-04 3.276700e-02 5.375000e-04 3.158800e-02 5.375000e-04 3.275000e-02 
5.625000e-04 3.454000e-02 5.625000e-04 3.435700e-02 5.625000e-04 3.460500e-02 5.625000e-04 3.313800e-02 5.625000e-04 3.466300e-02 
5.875000e-04 3.644700e-02 5.875000e-04 3.643600e-02 5.875000e-04 3.644200e-02 5.875000e-04 3.495600e-02 5.875000e-04 3.657800e-02 
6.150000e-04 3.832100e-02 6.150000e-04 3.839800e-02 6.150000e-04 3.844500e-02 6.150000e-04 3.697800e-02 6.150000e-04 3.846000e-02 
6.450000e-04 4.016500e-02 6.450000e-04 4.024200e-02 6.450000e-04 4.037400e-02 6.450000e-04 3.918900e-02 6.450000e-04 4.030800e-02 
6.750000e-04 4.200900e-02 6.750000e-04 4.208500e-02 6.750000e-04 4.222400e-02 6.750000e-04 4.140200e-02 6.750000e-04 4.215900e-02 
7.050000e-04 4.396500e-02 7.050000e-04 4.393100e-02 7.050000e-04 4.407400e-02 7.050000e-04 4.362200e-02 7.050000e-04 4.412500e-02 
7.400000e-04 4.668700e-02 7.400000e-04 4.651400e-02 7.400000e-04 4.627700e-02 7.400000e-04 4.623100e-02 7.400000e-04 4.685400e-02 
7.800000e-04 4.983700e-02 7.800000e-04 4.964700e-02 7.800000e-04 4.924100e-02 7.800000e-04 4.922000e-02 7.800000e-04 5.001700e-02 
8.200000e-04 5.268800e-02 8.200000e-04 5.242800e-02 8.200000e-04 5.231900e-02 8.200000e-04 5.221700e-02 8.200000e-04 5.287500e-02 
8.600000e-04 5.522900e-02 8.600000e-04 5.519300e-02 8.600000e-04 5.536900e-02 8.600000e-04 5.496900e-02 8.600000e-04 5.543100e-02 
9.000000e-04 5.777700e-02 9.000000e-04 5.786600e-02 9.000000e-04 5.805900e-02 9.000000e-04 5.752600e-02 9.000000e-04 5.798700e-02 
9.400000e-04 6.032500e-02 9.400000e-04 6.041700e-02 9.400000e-04 6.061200e-02 9.400000e-04 6.008700e-02 9.400000e-04 6.054000e-02 
9.800000e-04 6.287100e-02 9.800000e-04 6.296400e-02 9.800000e-04 6.317100e-02 9.800000e-04 6.271500e-02 9.800000e-04 6.310000e-02 
1.025000e-03 6.590500e-02 1.025000e-03 6.597300e-02 1.025000e-03 6.622900e-02 1.025000e-03 6.605800e-02 1.025000e-03 6.613900e-02 
1.075000e-03 6.943300e-02 1.075000e-03 6.969900e-02 1.075000e-03 6.979800e-02 1.075000e-03 6.983300e-02 1.075000e-03 6.968300e-02 
1.125000e-03 7.295900e-02 1.125000e-03 7.324300e-02 1.125000e-03 7.337700e-02 1.125000e-03 7.350200e-02 1.125000e-03 7.322300e-02 
1.175000e-03 7.649200e-02 1.175000e-03 7.678300e-02 1.175000e-03 7.695000e-02 1.175000e-03 7.679400e-02 1.175000e-03 7.676500e-02 
1.237500e-03 8.089000e-02 1.237500e-03 8.112500e-02 1.237500e-03 8.139700e-02 1.237500e-03 8.086300e-02 1.237500e-03 8.118300e-02 
1.312500e-03 8.619600e-02 1.312500e-03 8.604900e-02 1.312500e-03 8.670400e-02 1.312500e-03 8.577200e-02 1.312500e-03 8.650900e-02 
1.387500e-03 9.150800e-02 1.387500e-03 9.094600e-02 1.387500e-03 9.200500e-02 1.387500e-03 9.091000e-02 1.387500e-03 9.183400e-02 
1.462500e-03 9.681900e-02 1.462500e-03 9.609000e-02 1.462500e-03 9.730600e-02 1.462500e-03 9.624400e-02 1.462500e-03 9.717000e-02 
1.550000e-03 1.028600e-01 1.550000e-03 1.025900e-01 1.550000e-03 1.032100e-01 1.550000e-03 1.023900e-01 1.550000e-03 1.032200e-01 
1.650000e-03 1.094700e-01 1.650000e-03 1.094800e-01 1.650000e-03 1.098400e-01 1.650000e-03 1.092600e-01 1.650000e-03 1.098700e-01 
1.750000e-03 1.160900e-01 1.750000e-03 1.161100e-01 1.750000e-03 1.164800e-01 1.750000e-03 1.158900e-01 1.750000e-03 1.165000e-01 
1.850000e-03 1.227100e-01 1.850000e-03 1.227300e-01 1.850000e-03 1.231100e-01 1.850000e-03 1.225100e-01 1.850000e-03 1.231500e-01 
1.950000e-03 1.293400e-01 1.950000e-03 1.293500e-01 1.950000e-03 1.297600e-01 1.950000e-03 1.291400e-01 1.950000e-03 1.298000e-01 
2.050000e-03 1.360600e-01 2.050000e-03 1.359700e-01 2.050000e-03 1.365400e-01 2.050000e-03 1.357600e-01 2.050000e-03 1.365400e-01 
2.150000e-03 1.428600e-01 2.150000e-03 1.427300e-01 2.150000e-03 1.433900e-01 2.150000e-03 1.423400e-01 2.150000e-03 1.433800e-01 
2.250000e-03 1.496900e-01 2.250000e-03 1.496600e-01 2.250000e-03 1.502500e-01 2.250000e-03 1.423300e-01 2.250000e-03 1.502200e-01 
2.350000e-03 1.565100e-01 2.350000e-03 1.565900e-01 2.350000e-03 1.571100e-01 2.350000e-03 1.563900e-01 2.350000e-03 1.570700e-01 
2.475000e-03 1.650300e-01 2.475000e-03 1.651600e-01 2.475000e-03 1.656400e-01 2.475000e-03 1.649900e-01 2.475000e-03 1.656200e-01 
2.625000e-03 1.752200e-01 2.625000e-03 1.751900e-01 2.625000e-03 1.757000e-01 2.625000e-03 1.750100e-01 2.625000e-03 1.758500e-01 
2.750000e-03 1.835400e-01 2.750000e-03 1.835400e-01 2.750000e-03 1.840700e-01 2.750000e-03 1.833700e-01 2.750000e-03 1.842000e-01 
2.900000e-03 1.934400e-01 2.900000e-03 1.934800e-01 2.900000e-03 1.940500e-01 2.900000e-03 1.933200e-01 2.900000e-03 1.941300e-01 
3.100000e-03 2.067400e-01 3.100000e-03 2.068200e-01 3.100000e-03 2.074100e-01 3.100000e-03 2.066600e-01 3.100000e-03 2.074800e-01 
3.300000e-03 2.199900e-01 3.300000e-03 2.201500e-01 3.300000e-03 2.207600e-01 3.300000e-03 2.199800e-01 3.300000e-03 2.207700e-01 
3.500000e-03 2.331900e-01 3.500000e-03 2.334700e-01 3.500000e-03 2.341400e-01 3.500000e-03 2.333300e-01 3.500000e-03 2.340200e-01 
3.700000e-03 2.464200e-01 3.700000e-03 2.468200e-01 3.700000e-03 2.474900e-01 3.700000e-03 2.466700e-01 3.700000e-03 2.473000e-01 
3.900000e-03 2.596600e-01 3.900000e-03 2.602500e-01 3.900000e-03 2.608600e-01 3.900000e-03 2.600000e-01 3.900000e-03 2.605900e-01 
4.125000e-03 2.746200e-01 4.125000e-03 2.755000e-01 4.125000e-03 2.759700e-01 4.125000e-03 2.750700e-01 4.125000e-03 2.756000e-01 
4.375000e-03 2.916400e-01 4.375000e-03 2.925000e-01 4.375000e-03 2.928600e-01 4.375000e-03 2.922100e-01 4.375000e-03 2.926900e-01 
4.625000e-03 3.086600e-01 4.625000e-03 3.093300e-01 4.625000e-03 3.098100e-01 4.625000e-03 3.091900e-01 4.625000e-03 3.097600e-01 
4.875000e-03 3.294300e-01 4.875000e-03 3.260200e-01 4.875000e-03 3.267800e-01 4.875000e-03 3.239500e-01 4.875000e-03 3.306100e-01 
5.125000e-03 3.418900e-01 5.125000e-03 3.427600e-01 5.125000e-03 3.435700e-01 5.125000e-03 3.424100e-01 5.125000e-03 3.431000e-01 
5.375000e-03 3.582100e-01 5.375000e-03 3.594800e-01 5.375000e-03 3.602700e-01 5.375000e-03 3.593900e-01 5.375000e-03 3.594900e-01 
5.625000e-03 3.745600e-01 5.625000e-03 3.762100e-01 5.625000e-03 3.770200e-01 5.625000e-03 3.761000e-01 5.625000e-03 3.759100e-01 
5.875000e-03 3.909700e-01 5.875000e-03 3.929200e-01 5.875000e-03 3.938000e-01 5.875000e-03 3.928300e-01 5.875000e-03 3.923800e-01 
6.150000e-03 4.090900e-01 6.150000e-03 4.112800e-01 6.150000e-03 4.121500e-01 6.150000e-03 4.112000e-01 6.150000e-03 4.105600e-01 
6.450000e-03 4.289900e-01 6.450000e-03 4.313200e-01 6.450000e-03 4.322000e-01 6.450000e-03 4.312300e-01 6.450000e-03 4.305300e-01 
6.750000e-03 4.489800e-01 6.750000e-03 4.513800e-01 6.750000e-03 4.522900e-01 6.750000e-03 4.513100e-01 6.750000e-03 4.505900e-01 
7.050000e-03 4.691000e-01 7.050000e-03 4.714600e-01 7.050000e-03 4.723800e-01 7.050000e-03 4.713800e-01 7.050000e-03 4.707800e-01 
7.400000e-03 4.922600e-01 7.400000e-03 4.948200e-01 7.400000e-03 4.956800e-01 7.400000e-03 4.947300e-01 7.400000e-03 4.940100e-01 
7.800000e-03 5.182300e-01 7.800000e-03 5.215900e-01 7.800000e-03 5.225100e-01 7.800000e-03 5.213300e-01 7.800000e-03 5.200900e-01 
8.200000e-03 5.444000e-01 8.200000e-03 5.480600e-01 8.200000e-03 5.491100e-01 8.200000e-03 5.480100e-01 8.200000e-03 5.463600e-01 
8.600000e-03 5.707500e-01 8.600000e-03 5.744700e-01 8.600000e-03 5.756900e-01 8.600000e-03 5.749400e-01 8.600000e-03 5.727700e-01 
9.000000e-03 5.973000e-01 9.000000e-03 6.010500e-01 9.000000e-03 6.023800e-01 9.000000e-03 6.016500e-01 9.000000e-03 5.994300e-01 
9.400000e-03 6.240500e-01 9.400000e-03 6.279500e-01 9.400000e-03 6.291900e-01 9.400000e-03 6.282600e-01 9.400000e-03 6.262800e-01 
9.800000e-03 6.505400e-01 9.800000e-03 6.550800e-01 9.800000e-03 6.561500e-01 9.800000e-03 6.551500e-01 9.800000e-03 6.528800e-01 
1.025000e-02 6.798300e-01 1.025000e-02 6.851300e-01 1.025000e-02 6.861900e-01 1.025000e-02 6.853200e-01 1.025000e-02 6.822800e-01 
1.075000e-02 7.127400e-01 1.075000e-02 7.181900e-01 1.075000e-02 7.195400e-01 1.075000e-02 7.188600e-01 1.075000e-02 7.153000e-01 
1.125000e-02 7.459100e-01 1.125000e-02 7.515500e-01 1.125000e-02 7.531600e-01 1.125000e-02 7.526400e-01 1.125000e-02 7.485900e-01 
1.175000e-02 7.793700e-01 1.175000e-02 7.852300e-01 1.175000e-02 7.868900e-01 1.175000e-02 7.858300e-01 1.175000e-02 7.821500e-01 
1.237500e-02 8.203300e-01 1.237500e-02 8.275900e-01 1.237500e-02 8.283700e-01 1.237500e-02 8.272600e-01 1.237500e-02 8.232700e-01 
1.312500e-02 8.695600e-01 1.312500e-02 8.777800e-01 1.312500e-02 8.783800e-01 1.312500e-02 8.780100e-01 1.312500e-02 8.726600e-01 
1.387500e-02 9.188100e-01 1.387500e-02 9.278300e-01 1.387500e-02 9.286400e-01 1.387500e-02 9.283200e-01 1.387500e-02 9.221100e-01 
1.462500e-02 9.678700e-01 1.462500e-02 9.784400e-01 1.462500e-02 9.785000e-01 1.462500e-02 9.786100e-01 1.462500e-02 9.713200e-01 
1.550000e-02 1.023300e+00 1.550000e-02 1.036900e+00 1.550000e-02 1.036800e+00 1.550000e-02 1.031700e+00 1.550000e-02 1.026900e+00 
1.650000e-02 1.089700e+00 1.650000e-02 1.103300e+00 1.650000e-02 1.102800e+00 1.650000e-02 1.104000e+00 1.650000e-02 1.093600e+00 
1.750000e-02 1.154900e+00 1.750000e-02 1.170400e+00 1.750000e-02 1.168700e+00 1.750000e-02 1.170200e+00 1.750000e-02 1.159100e+00 
1.850000e-02 1.220400e+00 1.850000e-02 1.237300e+00 1.850000e-02 1.235400e+00 1.850000e-02 1.237400e+00 1.850000e-02 1.224700e+00 
1.950000e-02 1.285100e+00 1.950000e-02 1.304200e+00 1.950000e-02 1.303100e+00 1.950000e-02 1.304200e+00 1.950000e-02 1.289800e+00 
2.050000e-02 1.350500e+00 2.050000e-02 1.370800e+00 2.050000e-02 1.369200e+00 2.050000e-02 1.368500e+00 2.050000e-02 1.355300e+00 
2.150000e-02 1.415300e+00 2.150000e-02 1.436700e+00 2.150000e-02 1.434900e+00 2.150000e-02 1.434500e+00 2.150000e-02 1.420300e+00 
2.250000e-02 1.478600e+00 2.250000e-02 1.503700e+00 2.250000e-02 1.501500e+00 2.250000e-02 1.502500e+00 2.250000e-02 1.483900e+00 
2.350000e-02 1.542300e+00 2.350000e-02 1.571700e+00 2.350000e-02 1.569200e+00 2.350000e-02 1.571700e+00 2.350000e-02 1.547800e+00 
2.475000e-02 1.623500e+00 2.475000e-02 1.654000e+00 2.475000e-02 1.650900e+00 2.475000e-02 1.652000e+00 2.475000e-02 1.629300e+00 
2.625000e-02 1.721300e+00 2.625000e-02 1.753700e+00 2.625000e-02 1.750000e+00 2.625000e-02 1.752100e+00 2.625000e-02 1.727500e+00 
2.750000e-02 1.802000e+00 2.750000e-02 1.839400e+00 2.750000e-02 1.834700e+00 2.750000e-02 1.839400e+00 2.750000e-02 1.808400e+00 
2.900000e-02 1.897800e+00 2.900000e-02 1.938600e+00 2.900000e-02 1.932800e+00 2.900000e-02 1.937200e+00 2.900000e-02 1.904600e+00 
3.100000e-02 2.023400e+00 3.100000e-02 2.044100e+00 3.100000e-02 2.064000e+00 3.100000e-02 2.071300e+00 3.100000e-02 2.030700e+00 
3.300000e-02 2.152900e+00 3.300000e-02 2.206100e+00 3.300000e-02 2.198500e+00 3.300000e-02 2.207100e+00 3.300000e-02 2.160700e+00 
3.500000e-02 2.279600e+00 3.500000e-02 2.339100e+00 3.500000e-02 2.329500e+00 3.500000e-02 2.340700e+00 3.500000e-02 2.287900e+00 
3.700000e-02 2.404900e+00 3.700000e-02 2.473300e+00 3.700000e-02 2.462900e+00 3.700000e-02 2.475500e+00 3.700000e-02 2.413600e+00 
3.900000e-02 2.524800e+00 3.900000e-02 2.605700e+00 3.900000e-02 2.592900e+00 3.900000e-02 2.600700e+00 3.900000e-02 2.533800e+00 
4.125000e-02 2.664700e+00 4.125000e-02 2.758400e+00 4.125000e-02 2.742100e+00 4.125000e-02 2.758500e+00 4.125000e-02 2.674300e+00 
4.375000e-02 2.807800e+00 4.375000e-02 2.926000e+00 4.375000e-02 2.906500e+00 4.375000e-02 2.924200e+00 4.375000e-02 2.817700e+00 
4.625000e-02 2.951800e+00 4.625000e-02 3.091400e+00 4.625000e-02 3.070200e+00 4.625000e-02 3.088200e+00 4.625000e-02 2.962100e+00 
4.875000e-02 3.085000e+00 4.875000e-02 3.258500e+00 4.875000e-02 3.232400e+00 4.875000e-02 3.251800e+00 4.875000e-02 3.096300e+00 
5.125000e-02 3.235900e+00 5.125000e-02 3.411500e+00 5.125000e-02 3.386100e+00 5.125000e-02 3.424500e+00 5.125000e-02 3.247500e+00 
5.375000e-02 3.581300e+00 5.375000e-02 3.558200e+00 5.375000e-02 3.586900e+00 5.375000e-02 3.643800e+00 5.375000e-02 3.594200e+00 
5.625000e-02 3.741000e+00 5.625000e-02 3.716400e+00 5.625000e-02 3.707200e+00 5.625000e-02 3.763200e+00 5.625000e-02 3.754400e+00 
5.875000e-02 3.894500e+00 5.875000e-02 3.887000e+00 5.875000e-02 3.883700e+00 5.875000e-02 3.919300e+00 5.875000e-02 3.908600e+00 
6.150000e-02 4.059700e+00 6.150000e-02 4.091900e+00 6.150000e-02 4.067800e+00 6.150000e-02 4.109400e+00 6.150000e-02 4.074000e+00 
6.450000e-02 4.233700e+00 6.450000e-02 4.311700e+00 6.450000e-02 4.265800e+00 6.450000e-02 4.306900e+00 6.450000e-02 4.248900e+00 
6.750000e-02 4.362600e+00 6.750000e-02 4.506000e+00 6.750000e-02 4.461500e+00 6.750000e-02 4.511400e+00 6.750000e-02 4.378100e+00 
7.050000e-02 4.575500e+00 7.050000e-02 4.607000e+00 7.050000e-02 4.655400e+00 7.050000e-02 4.716300e+00 7.050000e-02 4.592100e+00 
7.400000e-02 4.769500e+00 7.400000e-02 4.911800e+00 7.400000e-02 4.882700e+00 7.400000e-02 4.951000e+00 7.400000e-02 4.786700e+00 
7.800000e-02 4.990300e+00 7.800000e-02 5.141000e+00 7.800000e-02 5.142800e+00 7.800000e-02 5.218500e+00 7.800000e-02 5.008000e+00 
8.200000e-02 5.205400e+00 8.200000e-02 5.420600e+00 8.200000e-02 5.396300e+00 8.200000e-02 5.486900e+00 8.200000e-02 5.223900e+00 
8.600000e-02 5.406100e+00 8.600000e-02 5.737400e+00 8.600000e-02 5.654600e+00 8.600000e-02 5.747200e+00 8.600000e-02 5.425600e+00 
9.000000e-02 5.619800e+00 9.000000e-02 6.008100e+00 9.000000e-02 5.900300e+00 9.000000e-02 6.022800e+00 9.000000e-02 5.640000e+00 
9.400000e-02 5.823900e+00 9.400000e-02 6.273900e+00 9.400000e-02 6.169800e+00 9.400000e-02 6.284900e+00 9.400000e-02 5.844800e+00 
9.800000e-02 6.024000e+00 9.800000e-02 6.539400e+00 9.800000e-02 6.426600e+00 9.800000e-02 6.551600e+00 9.800000e-02 6.045600e+00 
1.025000e-01 6.243100e+00 1.025000e-01 6.844600e+00 1.025000e-01 6.702000e+00 1.025000e-01 6.842300e+00 1.025000e-01 6.265500e+00 
1.075000e-01 6.466100e+00 1.075000e-01 7.185300e+00 1.075000e-01 7.020800e+00 1.075000e-01 7.150300e+00 1.075000e-01 6.489700e+00 
1.125000e-01 6.663000e+00 1.125000e-01 7.527200e+00 1.125000e-01 7.342700e+00 1.125000e-01 7.455800e+00 1.125000e-01 6.687000e+00 
1.175000e-01 6.914000e+00 1.175000e-01 7.857800e+00 1.175000e-01 7.655100e+00 1.175000e-01 7.761900e+00 1.175000e-01 6.938800e+00 
1.237500e-01 7.196600e+00 1.237500e-01 8.266600e+00 1.237500e-01 7.998200e+00 1.237500e-01 8.139500e+00 1.237500e-01 7.222500e+00 
1.312500e-01 7.531300e+00 1.312500e-01 8.869000e+00 1.312500e-01 8.479700e+00 1.312500e-01 8.601100e+00 1.312500e-01 7.558200e+00 
1.387500e-01 8.001000e+00 1.387500e-01 9.416700e+00 1.387500e-01 8.913700e+00 1.387500e-01 9.067600e+00 1.387500e-01 8.030100e+00 
1.462500e-01 9.479800e+00 1.462500e-01 9.944300e+00 1.462500e-01 9.264100e+00 1.462500e-01 9.520300e+00 1.462500e-01 9.514100e+00 
1.550000e-01 1.119500e+01 1.550000e-01 1.058800e+01 1.550000e-01 1.009000e+01 1.550000e-01 1.004900e+01 1.550000e-01 1.123500e+01 
1.650000e-01 1.187600e+01 1.650000e-01 1.121800e+01 1.650000e-01 1.066800e+01 1.650000e-01 1.061600e+01 1.650000e-01 1.191800e+01 
1.750000e-01 1.228600e+01 1.750000e-01 1.182200e+01 1.750000e-01 1.124100e+01 1.750000e-01 1.117200e+01 1.750000e-01 1.233000e+01 
1.850000e-01 1.263700e+01 1.850000e-01 1.241300e+01 1.850000e-01 1.179200e+01 1.850000e-01 1.171000e+01 1.850000e-01 1.268200e+01 
1.950000e-01 1.298400e+01 1.950000e-01 1.293600e+01 1.950000e-01 1.236700e+01 1.950000e-01 1.224100e+01 1.950000e-01 1.303100e+01 
2.050000e-01 1.344700e+01 2.050000e-01 1.338900e+01 2.050000e-01 1.295000e+01 2.050000e-01 1.277000e+01 2.050000e-01 1.349500e+01 
2.150000e-01 1.405600e+01 2.150000e-01 1.383900e+01 2.150000e-01 1.352700e+01 2.150000e-01 1.329500e+01 2.150000e-01 1.410600e+01 
2.250000e-01 1.466300e+01 2.250000e-01 1.436500e+01 2.250000e-01 1.409600e+01 2.250000e-01 1.381100e+01 2.250000e-01 1.471500e+01 
2.350000e-01 1.524100e+01 2.350000e-01 1.496700e+01 2.350000e-01 1.466100e+01 2.350000e-01 1.432400e+01 2.350000e-01 1.529600e+01 
2.475000e-01 1.600000e+01 2.475000e-01 1.571200e+01 2.475000e-01 1.535500e+01 2.475000e-01 1.494200e+01 2.475000e-01 1.605800e+01 
2.625000e-01 1.687900e+01 2.625000e-01 1.661300e+01 2.625000e-01 1.617900e+01 2.625000e-01 1.567600e+01 2.625000e-01 1.694000e+01 
2.750000e-01 1.761800e+01 2.750000e-01 1.735700e+01 2.750000e-01 1.686200e+01 2.750000e-01 1.627100e+01 2.750000e-01 1.768100e+01 
2.900000e-01 1.847700e+01 2.900000e-01 1.823000e+01 2.900000e-01 1.765600e+01 2.900000e-01 1.696000e+01 2.900000e-01 1.854300e+01 
3.100000e-01 1.961000e+01 3.100000e-01 1.941300e+01 3.100000e-01 1.870800e+01 3.100000e-01 1.785800e+01 3.100000e-01 1.968000e+01 
3.300000e-01 2.072900e+01 3.300000e-01 2.057700e+01 3.300000e-01 1.973500e+01 3.300000e-01 1.871400e+01 3.300000e-01 2.080300e+01 
3.500000e-01 2.183400e+01 3.500000e-01 2.173500e+01 3.500000e-01 2.075900e+01 3.500000e-01 1.954900e+01 3.500000e-01 2.191300e+01 
3.700000e-01 2.291700e+01 3.700000e-01 2.286300e+01 3.700000e-01 2.173600e+01 3.700000e-01 2.033000e+01 3.700000e-01 2.299900e+01 
3.900000e-01 2.398400e+01 3.900000e-01 2.397900e+01 3.900000e-01 2.269600e+01 3.900000e-01 2.109500e+01 3.900000e-01 2.407000e+01 
4.125000e-01 2.550800e+01 4.125000e-01 2.542100e+01 4.125000e-01 2.375800e+01 4.125000e-01 2.188600e+01 4.125000e-01 2.560000e+01 
4.375000e-01 2.753100e+01 4.375000e-01 2.711900e+01 4.375000e-01 2.489000e+01 4.375000e-01 2.272100e+01 4.375000e-01 2.763000e+01 
4.625000e-01 2.963500e+01 4.625000e-01 2.897100e+01 4.625000e-01 2.599200e+01 4.625000e-01 2.351300e+01 4.625000e-01 2.974100e+01 
4.875000e-01 3.177800e+01 4.875000e-01 3.103800e+01 4.875000e-01 2.708500e+01 4.875000e-01 2.423300e+01 4.875000e-01 3.189300e+01 
5.125000e-01 3.406300e+01 5.125000e-01 3.315900e+01 5.125000e-01 2.814400e+01 5.125000e-01 2.491600e+01 5.125000e-01 3.418500e+01 
5.375000e-01 3.876600e+01 5.375000e-01 3.635500e+01 5.375000e-01 2.913700e+01 5.375000e-01 2.551300e+01 5.375000e-01 3.890400e+01 
5.625000e-01 2.935200e+01 5.625000e-01 3.400700e+01 5.625000e-01 3.019600e+01 5.625000e-01 2.612300e+01 5.625000e-01 2.945800e+01 
5.875000e-01 2.451000e+01 5.875000e-01 2.484800e+01 5.875000e-01 3.104000e+01 5.875000e-01 2.659400e+01 5.875000e-01 2.459800e+01 
6.150000e-01 2.957900e+01 6.150000e-01 2.902000e+01 6.150000e-01 3.206800e+01 6.150000e-01 2.742300e+01 6.150000e-01 2.968600e+01 
6.450000e-01 3.350200e+01 6.450000e-01 3.326000e+01 6.450000e-01 3.314000e+01 6.450000e-01 2.863000e+01 6.450000e-01 3.362300e+01 
6.750000e-01 3.745700e+01 6.750000e-01 3.729500e+01 6.750000e-01 3.414700e+01 6.750000e-01 2.979800e+01 6.750000e-01 3.759100e+01 
7.050000e-01 4.178800e+01 7.050000e-01 4.146800e+01 7.050000e-01 3.511700e+01 7.050000e-01 3.096400e+01 7.050000e-01 4.193700e+01 
7.400000e-01 4.757200e+01 7.400000e-01 4.671200e+01 7.400000e-01 3.620300e+01 7.400000e-01 3.229100e+01 7.400000e-01 4.774500e+01 
7.800000e-01 5.586800e+01 7.800000e-01 4.672900e+01 7.800000e-01 3.741800e+01 7.800000e-01 3.384000e+01 7.800000e-01 5.606700e+01 
8.200000e-01 3.690300e+01 8.200000e-01 3.844000e+01 8.200000e-01 3.840700e+01 8.200000e-01 3.526400e+01 8.200000e-01 3.703700e+01 
8.600000e-01 3.674700e+01 8.600000e-01 3.704800e+01 8.600000e-01 3.942600e+01 8.600000e-01 3.663600e+01 8.600000e-01 3.687900e+01 
9.000000e-01 4.574400e+01 9.000000e-01 4.556900e+01 9.000000e-01 4.048700e+01 9.000000e-01 3.822100e+01 9.000000e-01 4.590700e+01 
9.400000e-01 4.543600e+01 9.400000e-01 4.204100e+01 9.400000e-01 4.133400e+01 9.400000e-01 3.957000e+01 9.400000e-01 4.559800e+01 
9.800000e-01 4.031100e+01 9.800000e-01 3.933600e+01 9.800000e-01 4.213900e+01 9.800000e-01 4.089800e+01 9.800000e-01 4.045500e+01 
1.050000e+00 4.006200e+01 1.050000e+00 4.029700e+01 1.050000e+00 4.416000e+01 1.050000e+00 4.438300e+01 1.050000e+00 4.020600e+01 
1.150000e+00 5.095500e+01 1.150000e+00 4.313900e+01 1.150000e+00 4.771300e+01 1.150000e+00 5.108500e+01 1.150000e+00 5.113800e+01 
1.250000e+00 6.059500e+01 1.250000e+00 4.996600e+01 1.250000e+00 5.090100e+01 1.250000e+00 5.688900e+01 1.250000e+00 6.081000e+01 
1.350000e+00 6.760000e+01 1.350000e+00 6.032400e+01 1.350000e+00 5.428800e+01 1.350000e+00 6.443200e+01 1.350000e+00 6.786300e+01 
1.450000e+00 6.949600e+01 1.450000e+00 7.069800e+01 1.450000e+00 5.740000e+01 1.450000e+00 7.180000e+01 1.450000e+00 6.979800e+01 
1.550000e+00 8.033800e+01 1.550000e+00 7.921600e+01 1.550000e+00 6.053400e+01 1.550000e+00 7.674700e+01 1.550000e+00 8.072600e+01 
1.650000e+00 8.443300e+01 1.650000e+00 8.550000e+01 1.650000e+00 6.319900e+01 1.650000e+00 7.868600e+01 1.650000e+00 8.479100e+01 
1.750000e+00 8.954500e+01 1.750000e+00 8.681600e+01 1.750000e+00 6.586600e+01 1.750000e+00 8.030000e+01 1.750000e+00 9.001800e+01 
1.850000e+00 6.803900e+01 1.850000e+00 8.401600e+01 1.850000e+00 6.852700e+01 1.850000e+00 8.165700e+01 1.850000e+00 6.657400e+01 
1.950000e+00 7.909000e+01 1.950000e+00 8.140100e+01 1.950000e+00 7.092600e+01 1.950000e+00 8.213700e+01 1.950000e+00 7.795400e+01 
2.050000e+00 8.840400e+01 2.050000e+00 8.417800e+01 2.050000e+00 7.383000e+01 2.050000e+00 8.437800e+01 2.050000e+00 8.852400e+01 
2.150000e+00 7.856800e+01 2.150000e+00 8.808800e+01 2.150000e+00 7.663300e+01 2.150000e+00 8.819000e+01 2.150000e+00 7.870300e+01 
2.250000e+00 9.224900e+01 2.250000e+00 9.240800e+01 2.250000e+00 8.012100e+01 2.250000e+00 9.250100e+01 2.250000e+00 9.231100e+01 
2.350000e+00 9.252000e+01 2.350000e+00 9.643700e+01 2.350000e+00 8.335800e+01 2.350000e+00 9.651200e+01 2.350000e+00 9.264700e+01 
2.450000e+00 1.020900e+02 2.450000e+00 1.009200e+02 2.450000e+00 8.659600e+01 2.450000e+00 1.009800e+02 2.450000e+00 1.022900e+02 
2.550000e+00 9.671500e+01 2.550000e+00 1.046400e+02 2.550000e+00 8.933900e+01 2.550000e+00 1.046800e+02 2.550000e+00 9.692300e+01 
2.650000e+00 1.002100e+02 2.650000e+00 1.089000e+02 2.650000e+00 9.303700e+01 2.650000e+00 1.088400e+02 2.650000e+00 1.003900e+02 
2.750000e+00 1.082000e+02 2.750000e+00 1.133200e+02 2.750000e+00 9.714200e+01 2.750000e+00 1.132000e+02 2.750000e+00 1.084600e+02 
2.850000e+00 1.115800e+02 2.850000e+00 1.171000e+02 2.850000e+00 9.918200e+01 2.850000e+00 1.168700e+02 2.850000e+00 1.120900e+02 
2.950000e+00 1.222400e+02 2.950000e+00 1.223000e+02 2.950000e+00 1.051900e+02 2.950000e+00 1.219700e+02 2.950000e+00 1.226300e+02 
3.050000e+00 1.295600e+02 3.050000e+00 1.262100e+02 3.050000e+00 1.079700e+02 3.050000e+00 1.247400e+02 3.050000e+00 1.300400e+02 
3.150000e+00 1.286700e+02 3.150000e+00 1.285200e+02 3.150000e+00 1.103900e+02 3.150000e+00 1.261300e+02 3.150000e+00 1.292100e+02 
3.250000e+00 1.320100e+02 3.250000e+00 1.305400e+02 3.250000e+00 1.155600e+02 3.250000e+00 1.287900e+02 3.250000e+00 1.327000e+02 
3.350000e+00 1.323600e+02 3.350000e+00 1.322600e+02 3.350000e+00 1.200300e+02 3.350000e+00 1.311300e+02 3.350000e+00 1.329100e+02 
3.450000e+00 1.310300e+02 3.450000e+00 1.330600e+02 3.450000e+00 1.230700e+02 3.450000e+00 1.324600e+02 3.450000e+00 1.313800e+02 
3.550000e+00 1.354500e+02 3.550000e+00 1.376100e+02 3.550000e+00 1.281300e+02 3.550000e+00 1.373000e+02 3.550000e+00 1.358100e+02 
3.650000e+00 1.392700e+02 3.650000e+00 1.516700e+02 3.650000e+00 1.399800e+02 3.650000e+00 1.501000e+02 3.650000e+00 1.387600e+02 
3.750000e+00 1.503600e+02 3.750000e+00 1.510000e+02 3.750000e+00 1.362800e+02 3.750000e+00 1.503800e+02 3.750000e+00 1.509900e+02 
3.850000e+00 1.566900e+02 3.850000e+00 1.580700e+02 3.850000e+00 1.419300e+02 3.850000e+00 1.575000e+02 3.850000e+00 1.573000e+02 
3.950000e+00 1.615600e+02 3.950000e+00 1.619600e+02 3.950000e+00 1.426700e+02 3.950000e+00 1.617600e+02 3.950000e+00 1.622700e+02 
4.050000e+00 1.635900e+02 4.050000e+00 1.658100e+02 4.050000e+00 1.468800e+02 4.050000e+00 1.667300e+02 4.050000e+00 1.641700e+02 
4.150000e+00 1.681100e+02 4.150000e+00 1.704500e+02 4.150000e+00 1.547300e+02 4.150000e+00 1.724000e+02 4.150000e+00 1.687300e+02 
4.250000e+00 1.661900e+02 4.250000e+00 1.640100e+02 4.250000e+00 1.511300e+02 4.250000e+00 1.690600e+02 4.250000e+00 1.671300e+02 
4.350000e+00 1.720900e+02 4.350000e+00 1.722500e+02 4.350000e+00 1.590400e+02 4.350000e+00 1.748900e+02 4.350000e+00 1.728700e+02 
4.450000e+00 1.742300e+02 4.450000e+00 1.765600e+02 4.450000e+00 1.616900e+02 4.450000e+00 1.764200e+02 4.450000e+00 1.748000e+02 
4.550000e+00 1.813400e+02 4.550000e+00 1.824300e+02 4.550000e+00 1.661500e+02 4.550000e+00 1.809000e+02 4.550000e+00 1.820500e+02 
4.650000e+00 1.872700e+02 4.650000e+00 1.853200e+02 4.650000e+00 1.682700e+02 4.650000e+00 1.841300e+02 4.650000e+00 1.882600e+02 
4.750000e+00 1.935400e+02 4.750000e+00 1.879900e+02 4.750000e+00 1.687500e+02 4.750000e+00 1.866300e+02 4.750000e+00 1.948600e+02 
4.850000e+00 1.960600e+02 4.850000e+00 1.949900e+02 4.850000e+00 1.754100e+02 4.850000e+00 1.943800e+02 4.850000e+00 1.969800e+02 
4.950000e+00 1.967100e+02 4.950000e+00 2.006600e+02 4.950000e+00 1.813100e+02 4.950000e+00 2.012800e+02 4.950000e+00 1.971500e+02 
5.050000e+00 2.043400e+02 5.050000e+00 2.046100e+02 5.050000e+00 1.852600e+02 5.050000e+00 2.057900e+02 5.050000e+00 2.051700e+02 
5.150000e+00 2.100500e+02 5.150000e+00 2.053000e+02 5.150000e+00 1.850300e+02 5.150000e+00 2.053900e+02 5.150000e+00 2.113000e+02 
5.250000e+00 2.210600e+02 5.250000e+00 2.147300e+02 5.250000e+00 1.942600e+02 5.250000e+00 2.135400e+02 5.250000e+00 2.224300e+02 
5.350000e+00 2.239000e+02 5.350000e+00 2.254500e+02 5.350000e+00 2.058000e+02 5.350000e+00 2.231800e+02 5.350000e+00 2.245900e+02 
5.450000e+00 2.259600e+02 5.450000e+00 2.305500e+02 5.450000e+00 2.096400e+02 5.450000e+00 2.285300e+02 5.450000e+00 2.264400e+02 
5.550000e+00 2.262600e+02 5.550000e+00 2.246100e+02 5.550000e+00 2.057700e+02 5.550000e+00 2.251200e+02 5.550000e+00 2.272900e+02 
5.650000e+00 2.233600e+02 5.650000e+00 2.254400e+02 5.650000e+00 2.070500e+02 5.650000e+00 2.268700e+02 5.650000e+00 2.240400e+02 
5.750000e+00 2.352800e+02 5.750000e+00 2.238600e+02 5.750000e+00 2.059600e+02 5.750000e+00 2.277400e+02 5.750000e+00 2.371100e+02 
5.850000e+00 2.328800e+02 5.850000e+00 2.293700e+02 5.850000e+00 2.117900e+02 5.850000e+00 2.344100e+02 5.850000e+00 2.339000e+02 
5.950000e+00 2.401700e+02 5.950000e+00 2.419900e+02 5.950000e+00 2.230200e+02 5.950000e+00 2.483900e+02 5.950000e+00 2.408200e+02 
6.050000e+00 2.386000e+02 6.050000e+00 2.382200e+02 6.050000e+00 2.223400e+02 6.050000e+00 2.466900e+02 6.050000e+00 2.394400e+02 
6.150000e+00 2.472400e+02 6.150000e+00 2.545000e+02 6.150000e+00 2.392400e+02 6.150000e+00 2.637800e+02 6.150000e+00 2.472800e+02 
6.250000e+00 2.351600e+02 6.250000e+00 2.349800e+02 6.250000e+00 2.255900e+02 6.250000e+00 2.403200e+02 6.250000e+00 2.356700e+02 
6.350000e+00 2.538500e+02 6.350000e+00 2.526800e+02 6.350000e+00 2.392000e+02 6.350000e+00 2.565200e+02 6.350000e+00 2.541800e+02 
6.450000e+00 2.693900e+02 6.450000e+00 2.692900e+02 6.450000e+00 2.500200e+02 6.450000e+00 2.703000e+02 6.450000e+00 2.695000e+02 
6.550000e+00 2.951500e+02 6.550000e+00 2.935000e+02 6.550000e+00 2.739200e+02 6.550000e+00 2.984600e+02 6.550000e+00 2.953400e+02 
6.650000e+00 2.711300e+02 6.650000e+00 2.676500e+02 6.650000e+00 2.600500e+02 6.650000e+00 2.819700e+02 6.650000e+00 2.715700e+02 
6.750000e+00 2.752300e+02 6.750000e+00 2.687300e+02 6.750000e+00 2.591800e+02 6.750000e+00 2.888900e+02 6.750000e+00 2.759200e+02 
6.850000e+00 2.841700e+02 6.850000e+00 2.848800e+02 6.850000e+00 2.730900e+02 6.850000e+00 3.088100e+02 6.850000e+00 2.838500e+02 
6.950000e+00 2.955500e+02 6.950000e+00 2.928500e+02 6.950000e+00 2.838300e+02 6.950000e+00 3.265800e+02 6.950000e+00 2.952800e+02 
7.050000e+00 3.124100e+02 7.050000e+00 2.915600e+02 7.050000e+00 2.800300e+02 7.050000e+00 3.290000e+02 7.050000e+00 3.140200e+02 
7.150000e+00 3.048700e+02 7.150000e+00 3.035700e+02 7.150000e+00 2.998000e+02 7.150000e+00 3.430900e+02 7.150000e+00 3.045000e+02 
7.250000e+00 3.062800e+02 7.250000e+00 2.930200e+02 7.250000e+00 2.842900e+02 7.250000e+00 3.327500e+02 7.250000e+00 3.054700e+02 
7.350000e+00 3.011600e+02 7.350000e+00 2.931600e+02 7.350000e+00 2.855200e+02 7.350000e+00 3.337700e+02 7.350000e+00 2.996400e+02 
7.450000e+00 3.236400e+02 7.450000e+00 3.053000e+02 7.450000e+00 2.963100e+02 7.450000e+00 3.470100e+02 7.450000e+00 3.220700e+02 
7.550000e+00 3.435700e+02 7.550000e+00 3.142300e+02 7.550000e+00 3.049500e+02 7.550000e+00 3.572100e+02 7.550000e+00 3.427000e+02 
7.650000e+00 3.500900e+02 7.650000e+00 3.209200e+02 7.650000e+00 3.054400e+02 7.650000e+00 3.570500e+02 7.650000e+00 3.472100e+02 
7.750000e+00 3.419100e+02 7.750000e+00 3.210500e+02 7.750000e+00 3.083200e+02 7.750000e+00 3.519500e+02 7.750000e+00 3.381400e+02 
7.850000e+00 3.528500e+02 7.850000e+00 3.267300e+02 7.850000e+00 3.168900e+02 7.850000e+00 3.590400e+02 7.850000e+00 3.486500e+02 
7.950000e+00 3.645100e+02 7.950000e+00 3.271400e+02 7.950000e+00 3.162300e+02 7.950000e+00 3.595100e+02 7.950000e+00 3.611200e+02 
8.050000e+00 3.899800e+02 8.050000e+00 3.462200e+02 8.050000e+00 3.417400e+02 8.050000e+00 3.916400e+02 8.050000e+00 3.874100e+02 
8.150000e+00 3.866700e+02 8.150000e+00 3.553300e+02 8.150000e+00 3.528300e+02 8.150000e+00 4.137500e+02 8.150000e+00 3.831600e+02 
8.250000e+00 3.624400e+02 8.250000e+00 3.465300e+02 8.250000e+00 3.485100e+02 8.250000e+00 4.068400e+02 8.250000e+00 3.594200e+02 
8.350000e+00 3.591000e+02 8.350000e+00 3.464000e+02 8.350000e+00 3.485800e+02 8.350000e+00 4.043200e+02 8.350000e+00 3.570100e+02 
8.450000e+00 3.574700e+02 8.450000e+00 3.481800e+02 8.450000e+00 3.489700e+02 8.450000e+00 4.057800e+02 8.450000e+00 3.573300e+02 
8.550000e+00 3.575300e+02 8.550000e+00 3.514800e+02 8.550000e+00 3.599900e+02 8.550000e+00 4.153400e+02 8.550000e+00 3.595900e+02 
8.650000e+00 3.620000e+02 8.650000e+00 3.627500e+02 8.650000e+00 3.601800e+02 8.650000e+00 4.222200e+02 8.650000e+00 3.658500e+02 
8.750000e+00 3.732000e+02 8.750000e+00 3.811400e+02 8.750000e+00 3.881100e+02 8.750000e+00 4.537600e+02 8.750000e+00 3.797500e+02 
8.850000e+00 3.689100e+02 8.850000e+00 3.655800e+02 8.850000e+00 3.807300e+02 8.850000e+00 4.461600e+02 8.850000e+00 3.769400e+02 
8.950000e+00 3.700800e+02 8.950000e+00 3.543900e+02 8.950000e+00 3.692900e+02 8.950000e+00 4.366000e+02 8.950000e+00 3.783100e+02 
9.050000e+00 3.684000e+02 9.050000e+00 3.597400e+02 9.050000e+00 3.729300e+02 9.050000e+00 4.394800e+02 9.050000e+00 3.763700e+02 
9.150000e+00 3.837700e+02 9.150000e+00 3.878800e+02 9.150000e+00 3.979000e+02 9.150000e+00 4.693200e+02 9.150000e+00 3.901600e+02 
9.250000e+00 4.055700e+02 9.250000e+00 4.037300e+02 9.250000e+00 4.190200e+02 9.250000e+00 4.872000e+02 9.250000e+00 4.111300e+02 
9.350000e+00 3.905800e+02 9.350000e+00 3.833200e+02 9.350000e+00 4.027300e+02 9.350000e+00 4.667400e+02 9.350000e+00 3.943800e+02 
9.450000e+00 3.904600e+02 9.450000e+00 3.824300e+02 9.450000e+00 3.984800e+02 9.450000e+00 4.634000e+02 9.450000e+00 3.928400e+02 
9.550000e+00 4.054900e+02 9.550000e+00 3.964600e+02 9.550000e+00 4.185600e+02 9.550000e+00 4.823400e+02 9.550000e+00 4.062700e+02 
9.650000e+00 4.273100e+02 9.650000e+00 4.176400e+02 9.650000e+00 4.341400e+02 9.650000e+00 5.015800e+02 9.650000e+00 4.257900e+02 
9.750000e+00 4.180100e+02 9.750000e+00 4.094200e+02 9.750000e+00 4.309400e+02 9.750000e+00 4.965200e+02 9.750000e+00 4.145200e+02 
9.850000e+00 4.175300e+02 9.850000e+00 4.093600e+02 9.850000e+00 4.320200e+02 9.850000e+00 4.958900e+02 9.850000e+00 4.123900e+02 
9.950000e+00 4.211400e+02 9.950000e+00 4.130400e+02 9.950000e+00 4.276800e+02 9.950000e+00 4.918400e+02 9.950000e+00 4.146500e+02 
1.005000e+01 4.217500e+02 1.005000e+01 4.136400e+02 1.005000e+01 4.308000e+02 1.005000e+01 4.969900e+02 1.005000e+01 4.140500e+02 
1.015000e+01 4.300100e+02 1.015000e+01 4.213000e+02 1.015000e+01 4.464200e+02 1.015000e+01 4.998700e+02 1.015000e+01 4.207900e+02 
1.025000e+01 4.334200e+02 1.025000e+01 4.243300e+02 1.025000e+01 4.457700e+02 1.025000e+01 4.991000e+02 1.025000e+01 4.229300e+02 
1.035000e+01 4.333100e+02 1.035000e+01 4.240000e+02 1.035000e+01 4.434100e+02 1.035000e+01 4.958500e+02 1.035000e+01 4.218300e+02 
1.045000e+01 4.596400e+02 1.045000e+01 4.489600e+02 1.045000e+01 4.643600e+02 1.045000e+01 5.209900e+02 1.045000e+01 4.456700e+02 
1.055000e+01 4.628200e+02 1.055000e+01 4.517600e+02 1.055000e+01 4.700500e+02 1.055000e+01 5.196600e+02 1.055000e+01 4.477300e+02 
1.065000e+01 4.631200e+02 1.065000e+01 4.518100e+02 1.065000e+01 4.747200e+02 1.065000e+01 5.197800e+02 1.065000e+01 4.471900e+02 
1.075000e+01 4.567900e+02 1.075000e+01 4.455600e+02 1.075000e+01 4.695500e+02 1.075000e+01 5.056200e+02 1.075000e+01 4.405900e+02 
1.085000e+01 4.499700e+02 1.085000e+01 4.388400e+02 1.085000e+01 4.621300e+02 1.085000e+01 4.952500e+02 1.085000e+01 4.336400e+02 
1.095000e+01 4.599500e+02 1.095000e+01 4.481400e+02 1.095000e+01 4.687000e+02 1.095000e+01 5.005000e+02 1.095000e+01 4.423400e+02 
1.105000e+01 4.746300e+02 1.105000e+01 4.616500e+02 1.105000e+01 4.832300e+02 1.105000e+01 5.160900e+02 1.105000e+01 4.552200e+02 
1.115000e+01 4.868700e+02 1.115000e+01 4.729400e+02 1.115000e+01 4.987500e+02 1.115000e+01 5.323200e+02 1.115000e+01 4.656200e+02 
1.125000e+01 4.792300e+02 1.125000e+01 4.655000e+02 1.125000e+01 4.911000e+02 1.125000e+01 5.210500e+02 1.125000e+01 4.578300e+02 
1.135000e+01 4.659700e+02 1.135000e+01 4.532100e+02 1.135000e+01 4.825900e+02 1.135000e+01 5.185800e+02 1.135000e+01 4.450600e+02 
1.145000e+01 4.707300e+02 1.145000e+01 4.580900e+02 1.145000e+01 4.800100e+02 1.145000e+01 5.250700e+02 1.145000e+01 4.488000e+02 
1.155000e+01 4.663300e+02 1.155000e+01 4.540100e+02 1.155000e+01 4.819800e+02 1.155000e+01 5.282900e+02 1.155000e+01 4.443000e+02 
1.165000e+01 4.760000e+02 1.165000e+01 4.636200e+02 1.165000e+01 4.882400e+02 1.165000e+01 5.343100e+02 1.165000e+01 4.526000e+02 
1.175000e+01 4.793900e+02 1.175000e+01 4.673800e+02 1.175000e+01 4.955100e+02 1.175000e+01 5.404000e+02 1.175000e+01 4.552400e+02 
1.185000e+01 4.827000e+02 1.185000e+01 4.710400e+02 1.185000e+01 5.031700e+02 1.185000e+01 5.464400e+02 1.185000e+01 4.578600e+02 
1.195000e+01 4.859800e+02 1.195000e+01 4.751400e+02 1.195000e+01 5.115900e+02 1.195000e+01 5.525600e+02 1.195000e+01 4.605000e+02 
1.205000e+01 4.890800e+02 1.205000e+01 4.787200e+02 1.205000e+01 5.174600e+02 1.205000e+01 5.574400e+02 1.205000e+01 4.630100e+02 
1.215000e+01 4.920400e+02 1.215000e+01 4.821300e+02 1.215000e+01 5.200400e+02 1.215000e+01 5.611600e+02 1.215000e+01 4.654200e+02 
1.225000e+01 4.949500e+02 1.225000e+01 4.856000e+02 1.225000e+01 5.226500e+02 1.225000e+01 5.650200e+02 1.225000e+01 4.678100e+02 
1.235000e+01 4.978600e+02 1.235000e+01 4.890900e+02 1.235000e+01 5.252800e+02 1.235000e+01 5.689400e+02 1.235000e+01 4.702100e+02 
1.245000e+01 5.007100e+02 1.245000e+01 4.925700e+02 1.245000e+01 5.278900e+02 1.245000e+01 5.729400e+02 1.245000e+01 4.725800e+02 
1.255000e+01 5.034600e+02 1.255000e+01 4.960100e+02 1.255000e+01 5.303300e+02 1.255000e+01 5.736300e+02 1.255000e+01 4.749300e+02 
1.265000e+01 5.061900e+02 1.265000e+01 4.994600e+02 1.265000e+01 5.325400e+02 1.265000e+01 5.713700e+02 1.265000e+01 4.773100e+02 
1.275000e+01 5.089300e+02 1.275000e+01 5.029400e+02 1.275000e+01 5.347600e+02 1.275000e+01 5.692100e+02 1.275000e+01 4.796900e+02 
1.285000e+01 5.116400e+02 1.285000e+01 5.064000e+02 1.285000e+01 5.369900e+02 1.285000e+01 5.671900e+02 1.285000e+01 4.820500e+02 
1.295000e+01 5.143900e+02 1.295000e+01 5.098700e+02 1.295000e+01 5.392500e+02 1.295000e+01 5.651700e+02 1.295000e+01 4.844400e+02 
1.305000e+01 5.169600e+02 1.305000e+01 5.133500e+02 1.305000e+01 5.411000e+02 1.305000e+01 5.646800e+02 1.305000e+01 4.872400e+02 
1.315000e+01 5.193400e+02 1.315000e+01 5.168300e+02 1.315000e+01 5.425300e+02 1.315000e+01 5.659300e+02 1.315000e+01 4.904400e+02 
1.325000e+01 5.216700e+02 1.325000e+01 5.203300e+02 1.325000e+01 5.439900e+02 1.325000e+01 5.671000e+02 1.325000e+01 4.935200e+02 
1.335000e+01 5.240100e+02 1.335000e+01 5.238600e+02 1.335000e+01 5.454200e+02 1.335000e+01 5.682900e+02 1.335000e+01 4.966300e+02 
1.345000e+01 5.263600e+02 1.345000e+01 5.273700e+02 1.345000e+01 5.468800e+02 1.345000e+01 5.694900e+02 1.345000e+01 4.997500e+02 
1.355000e+01 5.288200e+02 1.355000e+01 5.304700e+02 1.355000e+01 5.482200e+02 1.355000e+01 5.710100e+02 1.355000e+01 5.028800e+02 
1.365000e+01 5.314300e+02 1.365000e+01 5.337200e+02 1.365000e+01 5.494400e+02 1.365000e+01 5.728900e+02 1.365000e+01 5.061300e+02 
1.375000e+01 5.340500e+02 1.375000e+01 5.370000e+02 1.375000e+01 5.506700e+02 1.375000e+01 5.747900e+02 1.375000e+01 5.093800e+02 
1.385000e+01 5.367000e+02 1.385000e+01 5.403300e+02 1.385000e+01 5.519100e+02 1.385000e+01 5.766900e+02 1.385000e+01 5.126600e+02 
1.395000e+01 5.393300e+02 1.395000e+01 5.434000e+02 1.395000e+01 5.511700e+02 1.395000e+01 5.786100e+02 1.395000e+01 5.158600e+02 
1.405000e+01 5.417600e+02 1.405000e+01 5.461400e+02 1.405000e+01 5.502900e+02 1.405000e+01 5.802200e+02 1.405000e+01 5.189200e+02 
1.415000e+01 5.440400e+02 1.415000e+01 5.488800e+02 1.415000e+01 5.512500e+02 1.415000e+01 5.814500e+02 1.415000e+01 5.219300e+02 
1.425000e+01 5.462900e+02 1.425000e+01 5.516600e+02 1.425000e+01 5.522000e+02 1.425000e+01 5.827700e+02 1.425000e+01 5.249200e+02 
1.435000e+01 5.485800e+02 1.435000e+01 5.544300e+02 1.435000e+01 5.531200e+02 1.435000e+01 5.840200e+02 1.435000e+01 5.279500e+02 
1.445000e+01 5.508800e+02 1.445000e+01 5.572100e+02 1.445000e+01 5.540800e+02 1.445000e+01 5.853600e+02 1.445000e+01 5.309900e+02 
1.455000e+01 5.525900e+02 1.455000e+01 5.593700e+02 1.455000e+01 5.550300e+02 1.455000e+01 5.857700e+02 1.455000e+01 5.341100e+02 
1.465000e+01 5.537000e+02 1.465000e+01 5.608100e+02 1.465000e+01 5.560300e+02 1.465000e+01 5.852100e+02 1.465000e+01 5.373500e+02 
1.475000e+01 5.548200e+02 1.475000e+01 5.623300e+02 1.475000e+01 5.570000e+02 1.475000e+01 5.846300e+02 1.475000e+01 5.406100e+02 
1.485000e+01 5.558700e+02 1.485000e+01 5.636000e+02 1.485000e+01 5.579600e+02 1.485000e+01 5.841000e+02 1.485000e+01 5.438000e+02 
1.495000e+01 5.569200e+02 1.495000e+01 5.649500e+02 1.495000e+01 5.589200e+02 1.495000e+01 5.835400e+02 1.495000e+01 5.470100e+02 
1.505000e+01 5.581900e+02 1.505000e+01 5.665400e+02 1.505000e+01 5.601700e+02 1.505000e+01 5.832500e+02 1.505000e+01 5.503400e+02 
1.515000e+01 5.597700e+02 1.515000e+01 5.684800e+02 1.515000e+01 5.617100e+02 1.515000e+01 5.832300e+02 1.515000e+01 5.538300e+02 
1.525000e+01 5.613400e+02 1.525000e+01 5.703300e+02 1.525000e+01 5.632500e+02 1.525000e+01 5.832200e+02 1.525000e+01 5.572800e+02 
1.535000e+01 5.629100e+02 1.535000e+01 5.722600e+02 1.535000e+01 5.647900e+02 1.535000e+01 5.832100e+02 1.535000e+01 5.606800e+02 
1.545000e+01 5.644400e+02 1.545000e+01 5.741500e+02 1.545000e+01 5.663300e+02 1.545000e+01 5.832500e+02 1.545000e+01 5.641100e+02 
1.555000e+01 5.660500e+02 1.555000e+01 5.760700e+02 1.555000e+01 5.679900e+02 1.555000e+01 5.827400e+02 1.555000e+01 5.675300e+02 
1.565000e+01 5.676300e+02 1.565000e+01 5.780000e+02 1.565000e+01 5.697200e+02 1.565000e+01 5.817500e+02 1.565000e+01 5.709000e+02 
1.575000e+01 5.692000e+02 1.575000e+01 5.799000e+02 1.575000e+01 5.715200e+02 1.575000e+01 5.808200e+02 1.575000e+01 5.743100e+02 
1.585000e+01 5.708200e+02 1.585000e+01 5.817000e+02 1.585000e+01 5.732800e+02 1.585000e+01 5.798300e+02 1.585000e+01 5.777000e+02 
1.595000e+01 5.724200e+02 1.595000e+01 5.834500e+02 1.595000e+01 5.750100e+02 1.595000e+01 5.789000e+02 1.595000e+01 5.811000e+02 
1.605000e+01 5.740400e+02 1.605000e+01 5.853500e+02 1.605000e+01 5.767000e+02 1.605000e+01 5.773700e+02 1.605000e+01 5.846000e+02 
1.615000e+01 5.757100e+02 1.615000e+01 5.873000e+02 1.615000e+01 5.782900e+02 1.615000e+01 5.751800e+02 1.615000e+01 5.881700e+02 
1.625000e+01 5.774000e+02 1.625000e+01 5.892400e+02 1.625000e+01 5.798700e+02 1.625000e+01 5.730300e+02 1.625000e+01 5.917700e+02 
1.635000e+01 5.790600e+02 1.635000e+01 5.911500e+02 1.635000e+01 5.813900e+02 1.635000e+01 5.709000e+02 1.635000e+01 5.952400e+02 
1.645000e+01 5.807200e+02 1.645000e+01 5.930900e+02 1.645000e+01 5.829600e+02 1.645000e+01 5.687800e+02 1.645000e+01 5.987600e+02 
1.655000e+01 5.828900e+02 1.655000e+01 5.955200e+02 1.655000e+01 5.845600e+02 1.655000e+01 5.668900e+02 1.655000e+01 6.027700e+02 
1.665000e+01 5.856900e+02 1.665000e+01 5.986200e+02 1.665000e+01 5.863000e+02 1.665000e+01 5.653500e+02 1.665000e+01 6.073800e+02 
1.675000e+01 5.884600e+02 1.675000e+01 6.017300e+02 1.675000e+01 5.879800e+02 1.675000e+01 5.637800e+02 1.675000e+01 6.119300e+02 
1.685000e+01 5.912400e+02 1.685000e+01 6.048000e+02 1.685000e+01 5.896600e+02 1.685000e+01 5.622300e+02 1.685000e+01 6.165500e+02 
1.695000e+01 5.940700e+02 1.695000e+01 6.079400e+02 1.695000e+01 5.913900e+02 1.695000e+01 5.606100e+02 1.695000e+01 6.211900e+02 
1.705000e+01 5.968100e+02 1.705000e+01 6.109800e+02 1.705000e+01 5.930100e+02 1.705000e+01 5.593900e+02 1.705000e+01 6.256700e+02 
1.715000e+01 5.994700e+02 1.715000e+01 6.138600e+02 1.715000e+01 5.945400e+02 1.715000e+01 5.585300e+02 1.715000e+01 6.300000e+02 
1.725000e+01 6.021800e+02 1.725000e+01 6.168200e+02 1.725000e+01 5.961000e+02 1.725000e+01 5.576900e+02 1.725000e+01 6.343000e+02 
1.735000e+01 6.048900e+02 1.735000e+01 6.197300e+02 1.735000e+01 5.976900e+02 1.735000e+01 5.567600e+02 1.735000e+01 6.386500e+02 
1.745000e+01 6.075800e+02 1.745000e+01 6.226200e+02 1.745000e+01 5.992800e+02 1.745000e+01 5.559200e+02 1.745000e+01 6.430200e+02 
1.755000e+01 6.092400e+02 1.755000e+01 6.244100e+02 1.755000e+01 6.007800e+02 1.755000e+01 5.545100e+02 1.755000e+01 6.458800e+02 
1.765000e+01 6.096800e+02 1.765000e+01 6.249900e+02 1.765000e+01 6.023700e+02 1.765000e+01 5.526200e+02 1.765000e+01 6.471800e+02 
1.775000e+01 6.101500e+02 1.775000e+01 6.254700e+02 1.775000e+01 6.039600e+02 1.775000e+01 5.507200e+02 1.775000e+01 6.484400e+02 
1.785000e+01 6.105500e+02 1.785000e+01 6.259800e+02 1.785000e+01 6.047400e+02 1.785000e+01 5.488600e+02 1.785000e+01 6.495900e+02 
1.795000e+01 6.109200e+02 1.795000e+01 6.267600e+02 1.795000e+01 6.046900e+02 1.795000e+01 5.469900e+02 1.795000e+01 6.508300e+02 
1.805000e+01 6.111900e+02 1.805000e+01 6.273900e+02 1.805000e+01 6.052500e+02 1.805000e+01 5.454500e+02 1.805000e+01 6.519500e+02 
1.815000e+01 6.114000e+02 1.815000e+01 6.278300e+02 1.815000e+01 6.064400e+02 1.815000e+01 5.441900e+02 1.815000e+01 6.530600e+02 
1.825000e+01 6.115300e+02 1.825000e+01 6.282900e+02 1.825000e+01 6.076000e+02 1.825000e+01 5.430100e+02 1.825000e+01 6.541300e+02 
1.835000e+01 6.117200e+02 1.835000e+01 6.287300e+02 1.835000e+01 6.087900e+02 1.835000e+01 5.417600e+02 1.835000e+01 6.551200e+02 
1.845000e+01 6.118200e+02 1.845000e+01 6.292200e+02 1.845000e+01 6.099800e+02 1.845000e+01 5.405300e+02 1.845000e+01 6.561800e+02 
1.855000e+01 6.126100e+02 1.855000e+01 6.302500e+02 1.855000e+01 6.111700e+02 1.855000e+01 5.400800e+02 1.855000e+01 6.578400e+02 
1.865000e+01 6.139700e+02 1.865000e+01 6.320400e+02 1.865000e+01 6.123300e+02 1.865000e+01 5.404500e+02 1.865000e+01 6.602400e+02 
1.875000e+01 6.153700e+02 1.875000e+01 6.337800e+02 1.875000e+01 6.135100e+02 1.875000e+01 5.408500e+02 1.875000e+01 6.626800e+02 
1.885000e+01 6.166300e+02 1.885000e+01 6.354700e+02 1.885000e+01 6.146900e+02 1.885000e+01 5.412800e+02 1.885000e+01 6.649300e+02 
1.895000e+01 6.178700e+02 1.895000e+01 6.371600e+02 1.895000e+01 6.158700e+02 1.895000e+01 5.416500e+02 1.895000e+01 6.671800e+02 
1.905000e+01 6.190500e+02 1.905000e+01 6.389000e+02 1.905000e+01 6.169100e+02 1.905000e+01 5.410200e+02 1.905000e+01 6.693800e+02 
1.915000e+01 6.200600e+02 1.915000e+01 6.406400e+02 1.915000e+01 6.178900e+02 1.915000e+01 5.392400e+02 1.915000e+01 6.714900e+02 
1.925000e+01 6.211500e+02 1.925000e+01 6.424400e+02 1.925000e+01 6.188100e+02 1.925000e+01 5.374700e+02 1.925000e+01 6.736200e+02 
1.935000e+01 6.221900e+02 1.935000e+01 6.441400e+02 1.935000e+01 6.197300e+02 1.935000e+01 5.357400e+02 1.935000e+01 6.756600e+02 
1.945000e+01 6.231900e+02 1.945000e+01 6.458800e+02 1.945000e+01 6.206700e+02 1.945000e+01 5.340000e+02 1.945000e+01 6.777100e+02 
1.955000e+01 6.241800e+02 1.955000e+01 6.476700e+02 1.955000e+01 6.215800e+02 1.955000e+01 5.333600e+02 1.955000e+01 6.797400e+02 
1.965000e+01 6.250800e+02 1.965000e+01 6.494100e+02 1.965000e+01 6.225500e+02 1.965000e+01 5.338800e+02 1.965000e+01 6.816300e+02 
1.975000e+01 6.260600e+02 1.975000e+01 6.511500e+02 1.975000e+01 6.234600e+02 1.975000e+01 5.344200e+02 1.975000e+01 6.836000e+02 
1.985000e+01 6.268900e+02 1.985000e+01 6.527200e+02 1.985000e+01 6.244300e+02 1.985000e+01 5.348900e+02 1.985000e+01 6.854800e+02 
1.995000e+01 6.276300e+02 1.995000e+01 6.543600e+02 1.995000e+01 6.253400e+02 1.995000e+01 5.354100e+02 1.995000e+01 6.873100e+02 
