1.025000e-10 3.934043e+01 1.025000e-10 1.654900e-01 
1.075000e-10 3.935956e+01 1.075000e-10 1.736200e-01 
1.125000e-10 3.928794e+01 1.125000e-10 1.817400e-01 
1.175000e-10 3.926858e+01 1.175000e-10 1.898700e-01 
1.237500e-10 3.926055e+01 1.237500e-10 2.000300e-01 
1.312500e-10 3.921825e+01 1.312500e-10 2.122200e-01 
1.387500e-10 3.917412e+01 1.387500e-10 2.244100e-01 
1.462500e-10 3.914882e+01 1.462500e-10 2.366000e-01 
1.550000e-10 3.907981e+01 1.550000e-10 2.508200e-01 
1.650000e-10 3.900725e+01 1.650000e-10 2.670800e-01 
1.750000e-10 3.897430e+01 1.750000e-10 2.833300e-01 
1.850000e-10 3.894938e+01 1.850000e-10 2.995800e-01 
1.950000e-10 3.893424e+01 1.950000e-10 3.158200e-01 
2.050000e-10 3.889468e+01 2.050000e-10 3.321000e-01 
2.150000e-10 3.881584e+01 2.150000e-10 3.483500e-01 
2.250000e-10 3.879649e+01 2.250000e-10 3.646000e-01 
2.350000e-10 3.874564e+01 2.350000e-10 3.808500e-01 
2.475000e-10 3.867831e+01 2.475000e-10 4.011700e-01 
2.625000e-10 3.861871e+01 2.625000e-10 4.255500e-01 
2.750000e-10 3.854455e+01 2.750000e-10 4.458700e-01 
2.900000e-10 3.848637e+01 2.900000e-10 4.702500e-01 
3.100000e-10 3.841167e+01 3.100000e-10 5.027500e-01 
3.300000e-10 3.830777e+01 3.300000e-10 5.352700e-01 
3.500000e-10 3.823446e+01 3.500000e-10 5.677800e-01 
3.700000e-10 3.812972e+01 3.700000e-10 6.002700e-01 
3.900000e-10 3.806412e+01 3.900000e-10 6.327700e-01 
4.125000e-10 3.801898e+01 4.125000e-10 6.693500e-01 
4.375000e-10 3.786829e+01 4.375000e-10 7.100000e-01 
4.625000e-10 3.780396e+01 4.625000e-10 7.506300e-01 
4.875000e-10 3.767656e+01 4.875000e-10 7.912500e-01 
5.125000e-10 3.759301e+01 5.125000e-10 8.319000e-01 
5.375000e-10 3.747452e+01 5.375000e-10 8.725300e-01 
5.625000e-10 3.738905e+01 5.625000e-10 9.131700e-01 
5.875000e-10 3.732075e+01 5.875000e-10 9.538000e-01 
6.150000e-10 3.721123e+01 6.150000e-10 9.985000e-01 
6.450000e-10 3.710715e+01 6.450000e-10 1.047300e+00 
6.750000e-10 3.699369e+01 6.750000e-10 1.096000e+00 
7.050000e-10 3.690355e+01 7.050000e-10 1.144800e+00 
7.400000e-10 3.676060e+01 7.400000e-10 1.201700e+00 
7.800000e-10 3.664166e+01 7.800000e-10 8.650000e-01 
8.200000e-10 3.656288e+01 8.200000e-10 8.650000e-01 
8.600000e-10 3.642325e+01 8.600000e-10 8.650000e-01 
9.000000e-10 3.629509e+01 9.000000e-10 8.650000e-01 
9.400000e-10 3.619078e+01 9.400000e-10 8.650000e-01 
9.800000e-10 3.606771e+01 9.800000e-10 8.650000e-01 
1.025000e-09 3.592283e+01 1.025000e-09 8.650000e-01 
1.075000e-09 3.577080e+01 1.075000e-09 8.650000e-01 
1.125000e-09 3.566988e+01 1.125000e-09 8.650000e-01 
1.175000e-09 3.552677e+01 1.175000e-09 8.650000e-01 
1.237500e-09 3.538417e+01 1.237500e-09 8.650000e-01 
1.312500e-09 3.521188e+01 1.312500e-09 8.650000e-01 
1.387500e-09 3.505515e+01 1.387500e-09 8.650000e-01 
1.462500e-09 3.494357e+01 1.462500e-09 8.650000e-01 
1.550000e-09 3.474038e+01 1.550000e-09 8.650000e-01 
1.650000e-09 3.457431e+01 1.650000e-09 8.650000e-01 
1.750000e-09 3.437616e+01 1.750000e-09 8.650000e-01 
1.850000e-09 3.422827e+01 1.850000e-09 8.650000e-01 
1.950000e-09 3.402123e+01 1.950000e-09 8.650000e-01 
2.050000e-09 3.388946e+01 2.050000e-09 8.650000e-01 
2.150000e-09 3.375571e+01 2.150000e-09 8.650000e-01 
2.250000e-09 3.364605e+01 2.250000e-09 8.650000e-01 
2.350000e-09 3.352914e+01 2.350000e-09 8.650000e-01 
2.475000e-09 3.340787e+01 2.475000e-09 8.650000e-01 
2.625000e-09 3.329718e+01 2.625000e-09 8.650000e-01 
2.750000e-09 3.320219e+01 2.750000e-09 8.650000e-01 
2.900000e-09 3.302880e+01 2.900000e-09 8.650000e-01 
3.100000e-09 3.289330e+01 3.100000e-09 8.650000e-01 
3.300000e-09 3.277827e+01 3.300000e-09 8.650000e-01 
3.500000e-09 3.266059e+01 3.500000e-09 8.650000e-01 
3.700000e-09 3.255029e+01 3.700000e-09 8.650000e-01 
3.900000e-09 3.247256e+01 3.900000e-09 8.650000e-01 
4.125000e-09 3.235623e+01 4.125000e-09 8.650000e-01 
4.375000e-09 3.231340e+01 4.375000e-09 8.650000e-01 
4.625000e-09 3.228916e+01 4.625000e-09 8.650000e-01 
4.875000e-09 3.221333e+01 4.875000e-09 8.650000e-01 
5.125000e-09 3.214116e+01 5.125000e-09 8.650000e-01 
5.375000e-09 3.211422e+01 5.375000e-09 8.650000e-01 
5.625000e-09 3.202286e+01 5.625000e-09 8.650000e-01 
5.875000e-09 3.198007e+01 5.875000e-09 8.650000e-01 
6.150000e-09 3.193492e+01 6.150000e-09 8.650000e-01 
6.450000e-09 3.189801e+01 6.450000e-09 8.650000e-01 
6.750000e-09 3.183652e+01 6.750000e-09 8.650000e-01 
7.050000e-09 3.179103e+01 7.050000e-09 8.650000e-01 
7.400001e-09 3.173560e+01 7.400000e-09 8.650000e-01 
7.800000e-09 3.167666e+01 7.800000e-09 8.650000e-01 
8.200000e-09 3.156846e+01 8.200000e-09 8.650000e-01 
8.600000e-09 3.154777e+01 8.600000e-09 8.650000e-01 
9.000000e-09 3.152607e+01 9.000000e-09 8.650000e-01 
9.400000e-09 3.150598e+01 9.400000e-09 8.650000e-01 
9.800000e-09 3.143982e+01 9.800000e-09 8.650000e-01 
1.025000e-08 3.134637e+01 1.025000e-08 8.650000e-01 
1.075000e-08 3.129308e+01 1.075000e-08 8.650000e-01 
1.125000e-08 3.121614e+01 1.125000e-08 8.650000e-01 
1.175000e-08 3.115855e+01 1.175000e-08 8.650000e-01 
1.237500e-08 3.109624e+01 1.237500e-08 8.650000e-01 
1.312500e-08 3.102995e+01 1.312500e-08 8.087500e-01 
1.387500e-08 3.097682e+01 1.387500e-08 8.087500e-01 
1.462500e-08 3.091580e+01 1.462500e-08 8.087500e-01 
1.550000e-08 3.087087e+01 1.550000e-08 8.087500e-01 
1.650000e-08 3.082464e+01 1.650000e-08 8.087500e-01 
1.750000e-08 3.082401e+01 1.750000e-08 8.087500e-01 
1.850000e-08 3.078343e+01 1.850000e-08 8.087500e-01 
1.950000e-08 3.073421e+01 1.950000e-08 8.087500e-01 
2.050000e-08 3.079115e+01 2.050000e-08 8.087500e-01 
2.150000e-08 3.074570e+01 2.150000e-08 8.087500e-01 
2.250000e-08 3.069187e+01 2.250000e-08 8.087500e-01 
2.350000e-08 3.070020e+01 2.350000e-08 8.087500e-01 
2.475000e-08 3.068806e+01 2.475000e-08 8.087500e-01 
2.625000e-08 3.068936e+01 2.625000e-08 8.087500e-01 
2.750000e-08 3.068799e+01 2.750000e-08 8.087500e-01 
2.900000e-08 3.069263e+01 2.900000e-08 8.087500e-01 
3.100000e-08 3.067382e+01 3.100000e-08 8.087500e-01 
3.300000e-08 3.070063e+01 3.300000e-08 8.087500e-01 
3.500000e-08 3.072384e+01 3.500000e-08 8.087500e-01 
3.700000e-08 3.078414e+01 3.700000e-08 8.087500e-01 
3.900000e-08 3.083298e+01 3.900000e-08 8.087500e-01 
4.125000e-08 3.085966e+01 4.125000e-08 8.087500e-01 
4.375000e-08 3.097319e+01 4.375000e-08 7.892500e-01 
4.625000e-08 3.104589e+01 4.625000e-08 7.892500e-01 
4.875000e-08 3.120579e+01 4.875000e-08 7.892500e-01 
5.125000e-08 3.133441e+01 5.125000e-08 7.892500e-01 
5.375000e-08 3.155935e+01 5.375000e-08 7.892500e-01 
5.625000e-08 3.172926e+01 5.625000e-08 7.892500e-01 
5.875000e-08 3.189842e+01 5.875000e-08 7.892500e-01 
6.150000e-08 3.209536e+01 6.150000e-08 7.892500e-01 
6.450000e-08 3.225189e+01 6.450000e-08 7.892500e-01 
6.750000e-08 3.244343e+01 6.750000e-08 7.892500e-01 
7.050000e-08 3.253222e+01 7.050000e-08 7.892500e-01 
7.400000e-08 3.253126e+01 7.400000e-08 7.892500e-01 
7.800000e-08 3.247962e+01 7.800000e-08 7.892500e-01 
8.200000e-08 3.239566e+01 8.200000e-08 7.792500e-01 
8.600000e-08 3.222477e+01 8.600000e-08 7.792500e-01 
9.000000e-08 3.196210e+01 9.000000e-08 7.792500e-01 
9.400000e-08 3.172368e+01 9.400000e-08 7.792500e-01 
9.800000e-08 3.148137e+01 9.800000e-08 7.792500e-01 
1.025000e-07 3.126355e+01 1.025000e-07 7.792500e-01 
1.075000e-07 3.109914e+01 1.075000e-07 7.792500e-01 
1.125000e-07 3.095234e+01 1.125000e-07 7.792500e-01 
1.175000e-07 3.083136e+01 1.175000e-07 7.792500e-01 
1.237500e-07 3.078976e+01 1.237500e-07 7.792500e-01 
1.312500e-07 3.078156e+01 1.312500e-07 7.792500e-01 
1.387500e-07 3.082403e+01 1.387500e-07 7.792500e-01 
1.462500e-07 3.097933e+01 1.462500e-07 7.792500e-01 
1.550000e-07 3.129092e+01 1.550000e-07 7.690000e-01 
1.650000e-07 3.162502e+01 1.650000e-07 7.690000e-01 
1.750000e-07 3.206455e+01 1.750000e-07 7.690000e-01 
1.850000e-07 3.240064e+01 1.850000e-07 7.690000e-01 
1.950000e-07 3.262721e+01 1.950000e-07 7.690000e-01 
2.050000e-07 3.271497e+01 2.050000e-07 7.690000e-01 
2.150000e-07 3.271247e+01 2.150000e-07 7.690000e-01 
2.250000e-07 3.265867e+01 2.250000e-07 7.690000e-01 
2.350000e-07 3.250092e+01 2.350000e-07 7.690000e-01 
2.475000e-07 3.218846e+01 2.475000e-07 7.690000e-01 
2.625000e-07 3.177644e+01 2.625000e-07 7.690000e-01 
2.750000e-07 3.140393e+01 2.750000e-07 7.690000e-01 
2.900000e-07 3.114971e+01 2.900000e-07 7.690000e-01 
3.100000e-07 3.109827e+01 3.100000e-07 7.690000e-01 
3.300000e-07 3.138186e+01 3.300000e-07 7.690000e-01 
3.500000e-07 3.175083e+01 3.500000e-07 7.690000e-01 
3.700000e-07 3.203070e+01 3.700000e-07 7.690000e-01 
3.900000e-07 3.217372e+01 3.900000e-07 7.690000e-01 
4.125000e-07 3.217136e+01 4.125000e-07 7.690000e-01 
4.375000e-07 3.200851e+01 4.375000e-07 7.622500e-01 
4.625000e-07 3.169711e+01 4.625000e-07 7.622500e-01 
4.875000e-07 3.135345e+01 4.875000e-07 7.622500e-01 
5.125000e-07 3.105953e+01 5.125000e-07 7.622500e-01 
5.375000e-07 3.093180e+01 5.375000e-07 7.622500e-01 
5.625000e-07 3.111219e+01 5.625000e-07 7.622500e-01 
5.875000e-07 3.141554e+01 5.875000e-07 7.622500e-01 
6.150000e-07 3.177676e+01 6.150000e-07 7.622500e-01 
6.450000e-07 3.215086e+01 6.450000e-07 7.622500e-01 
6.750000e-07 3.247559e+01 6.750000e-07 7.622500e-01 
7.050000e-07 3.277409e+01 7.050000e-07 7.622500e-01 
7.400000e-07 3.292527e+01 7.400000e-07 7.622500e-01 
7.800000e-07 3.305127e+01 7.800000e-07 7.622500e-01 
8.200000e-07 3.301816e+01 8.200000e-07 7.622500e-01 
8.600000e-07 3.285004e+01 8.600000e-07 7.622500e-01 
9.000000e-07 3.259047e+01 9.000000e-07 7.962500e-01 
9.400000e-07 3.229710e+01 9.400000e-07 7.962500e-01 
9.800000e-07 3.196358e+01 9.800000e-07 7.962500e-01 
1.025000e-06 3.140597e+01 1.025000e-06 7.962500e-01 
1.075000e-06 3.089093e+01 1.075000e-06 7.962500e-01 
1.125000e-06 3.072087e+01 1.125000e-06 7.962500e-01 
1.175000e-06 3.090422e+01 1.175000e-06 9.107500e-01 
1.237500e-06 3.133938e+01 1.237500e-06 9.107500e-01 
1.312500e-06 3.169754e+01 1.312500e-06 9.107500e-01 
1.387500e-06 3.197874e+01 1.387500e-06 9.107500e-01 
1.462500e-06 3.210699e+01 1.462500e-06 9.107500e-01 
1.550000e-06 3.208582e+01 1.550000e-06 9.107500e-01 
1.650000e-06 3.190524e+01 1.650000e-06 9.107500e-01 
1.750000e-06 3.152727e+01 1.750000e-06 9.107500e-01 
1.850000e-06 3.100179e+01 1.850000e-06 9.107500e-01 
1.950000e-06 3.064410e+01 1.950000e-06 9.082500e-01 
2.050000e-06 3.061137e+01 2.050000e-06 9.082500e-01 
2.150000e-06 3.073784e+01 2.150000e-06 9.082500e-01 
2.250000e-06 3.084115e+01 2.250000e-06 9.082500e-01 
2.350000e-06 3.084982e+01 2.350000e-06 9.082500e-01 
2.475000e-06 3.086688e+01 2.475000e-06 9.082500e-01 
2.625000e-06 3.073712e+01 2.625000e-06 9.082500e-01 
2.750000e-06 3.053317e+01 2.750000e-06 9.082500e-01 
2.900000e-06 3.058645e+01 2.900000e-06 9.082500e-01 
3.100000e-06 3.096437e+01 3.100000e-06 9.082500e-01 
3.300000e-06 3.125811e+01 3.300000e-06 9.082500e-01 
3.500000e-06 3.144983e+01 3.500000e-06 9.082500e-01 
3.700000e-06 3.147600e+01 3.700000e-06 9.082500e-01 
3.900000e-06 3.141748e+01 3.900000e-06 9.082500e-01 
4.125000e-06 3.109124e+01 4.125000e-06 9.067500e-01 
4.375000e-06 3.061065e+01 4.375000e-06 9.067500e-01 
4.625000e-06 3.049243e+01 4.625000e-06 9.067500e-01 
4.875000e-06 3.049742e+01 4.875000e-06 9.067500e-01 
5.125000e-06 3.056601e+01 5.125000e-06 9.057500e-01 
5.375000e-06 3.100123e+01 5.375000e-06 9.057500e-01 
5.625000e-06 3.141986e+01 5.625000e-06 9.057500e-01 
5.875000e-06 3.179192e+01 5.875000e-06 9.057500e-01 
6.150000e-06 3.215216e+01 6.150000e-06 9.057500e-01 
6.450000e-06 3.246239e+01 6.450000e-06 9.057500e-01 
6.750000e-06 3.270176e+01 6.750000e-06 9.057500e-01 
7.050000e-06 3.284460e+01 7.050000e-06 9.057500e-01 
7.400000e-06 3.290956e+01 7.400000e-06 9.057500e-01 
7.800000e-06 3.291022e+01 7.800000e-06 9.057500e-01 
8.200000e-06 3.273901e+01 8.200000e-06 9.057500e-01 
8.600000e-06 3.247318e+01 8.600000e-06 9.047500e-01 
9.000000e-06 3.209871e+01 9.000000e-06 9.047500e-01 
9.400000e-06 3.168461e+01 9.400000e-06 9.047500e-01 
9.800000e-06 3.124474e+01 9.800000e-06 9.047500e-01 
1.025000e-05 3.069558e+01 1.025000e-05 9.047500e-01 
1.075000e-05 3.117003e+01 1.075000e-05 9.047500e-01 
1.125000e-05 3.192015e+01 1.125000e-05 9.047500e-01 
1.175000e-05 3.261369e+01 1.175000e-05 9.047500e-01 
1.237500e-05 3.347444e+01 1.237500e-05 9.047500e-01 
1.312500e-05 3.440184e+01 1.312500e-05 9.047500e-01 
1.387500e-05 3.519856e+01 1.387500e-05 9.047500e-01 
1.462500e-05 3.598846e+01 1.462500e-05 9.047500e-01 
1.550000e-05 3.681242e+01 1.550000e-05 9.047500e-01 
1.650000e-05 3.760291e+01 1.650000e-05 9.047500e-01 
1.750000e-05 3.835191e+01 1.750000e-05 9.047500e-01 
1.850000e-05 3.884608e+01 1.850000e-05 9.035000e-01 
1.950000e-05 3.929933e+01 1.950000e-05 9.035000e-01 
2.050000e-05 3.968489e+01 2.050000e-05 9.035000e-01 
2.150000e-05 3.995471e+01 2.150000e-05 9.035000e-01 
2.250000e-05 4.004763e+01 2.250000e-05 9.035000e-01 
2.350000e-05 4.007293e+01 2.350000e-05 9.035000e-01 
2.475000e-05 4.006805e+01 2.475000e-05 9.035000e-01 
2.625000e-05 3.993146e+01 2.625000e-05 9.035000e-01 
2.750000e-05 3.958033e+01 2.750000e-05 9.035000e-01 
2.900000e-05 3.909538e+01 2.900000e-05 9.035000e-01 
3.100000e-05 3.823080e+01 3.100000e-05 9.035000e-01 
3.300000e-05 3.705918e+01 3.300000e-05 9.035000e-01 
3.500000e-05 3.571160e+01 3.500000e-05 9.035000e-01 
3.700000e-05 3.397289e+01 3.700000e-05 9.035000e-01 
3.900000e-05 3.204033e+01 3.900000e-05 9.030000e-01 
4.125000e-05 3.074466e+01 4.125000e-05 9.030000e-01 
4.375000e-05 3.127366e+01 4.375000e-05 9.030000e-01 
4.625000e-05 3.172841e+01 4.625000e-05 9.030000e-01 
4.875000e-05 3.213955e+01 4.875000e-05 9.030000e-01 
5.125000e-05 3.246547e+01 5.125000e-05 9.030000e-01 
5.375000e-05 3.261957e+01 5.375000e-05 9.030000e-01 
5.625000e-05 3.268973e+01 5.625000e-05 9.030000e-01 
5.875000e-05 3.274818e+01 5.875000e-05 9.030000e-01 
6.150000e-05 3.272435e+01 6.150000e-05 9.030000e-01 
6.450000e-05 3.255668e+01 6.450000e-05 9.030000e-01 
6.750000e-05 3.234512e+01 6.750000e-05 9.030000e-01 
7.050000e-05 3.205685e+01 7.050000e-05 9.030000e-01 
7.400000e-05 3.146860e+01 7.400000e-05 9.030000e-01 
7.800000e-05 3.073007e+01 7.800000e-05 9.030000e-01 
8.200000e-05 3.068236e+01 8.200000e-05 9.025000e-01 
8.600000e-05 3.120089e+01 8.600000e-05 9.025000e-01 
9.000000e-05 3.156948e+01 9.000000e-05 9.025000e-01 
9.400000e-05 3.183979e+01 9.400000e-05 9.025000e-01 
9.800000e-05 3.210968e+01 9.800000e-05 9.025000e-01 
1.025000e-04 3.233647e+01 1.025000e-04 9.022500e-01 
1.075000e-04 3.244440e+01 1.075000e-04 9.022500e-01 
1.125000e-04 3.247418e+01 1.125000e-04 9.022500e-01 
1.175000e-04 3.248852e+01 1.175000e-04 9.022500e-01 
1.237500e-04 3.243930e+01 1.237500e-04 9.022500e-01 
1.312500e-04 3.207367e+01 1.312500e-04 9.022500e-01 
1.387500e-04 3.159215e+01 1.387500e-04 9.022500e-01 
1.462500e-04 3.093221e+01 1.462500e-04 9.022500e-01 
1.550000e-04 7.382733e+01 1.550000e-04 9.022500e-01 
1.650000e-04 1.267156e+02 1.650000e-04 9.022500e-01 
1.750000e-04 1.252625e+02 1.750000e-04 9.020000e-01 
1.850000e-04 7.271024e+01 1.850000e-04 9.020000e-01 
1.950000e-04 6.277380e+01 1.950000e-04 9.020000e-01 
2.050000e-04 5.753311e+01 2.050000e-04 9.020000e-01 
2.150000e-04 5.157644e+01 2.150000e-04 9.020000e-01 
2.250000e-04 4.603329e+01 2.250000e-04 9.020000e-01 
2.350000e-04 4.164952e+01 2.350000e-04 9.020000e-01 
2.475000e-04 3.708906e+01 2.475000e-04 9.020000e-01 
2.625000e-04 3.335303e+01 2.625000e-04 9.020000e-01 
2.750000e-04 3.083025e+01 2.750000e-04 9.020000e-01 
2.900000e-04 2.813225e+01 2.900000e-04 3.608000e+00 
3.100000e-04 2.422017e+01 3.100000e-04 3.607900e+00 
3.300000e-04 2.023460e+01 3.300000e-04 3.608000e+00 
3.500000e-04 1.710981e+01 3.500000e-04 3.608000e+00 
3.700000e-04 1.634273e+01 3.700000e-04 3.608000e+00 
3.900000e-04 1.593318e+01 3.900000e-04 3.608100e+00 
4.125000e-04 1.455993e+01 4.125000e-04 3.607900e+00 
4.375000e-04 1.304612e+01 4.375000e-04 3.608000e+00 
4.625000e-04 1.189762e+01 4.625000e-04 3.608000e+00 
4.875000e-04 1.057863e+01 4.875000e-04 3.608100e+00 
5.125000e-04 9.425707e+00 5.125000e-04 3.608000e+00 
5.375000e-04 8.548591e+00 5.375000e-04 3.607900e+00 
5.625000e-04 7.820224e+00 5.625000e-04 3.608100e+00 
5.875000e-04 7.155662e+00 5.875000e-04 3.608000e+00 
6.150000e-04 6.848909e+00 6.150000e-04 3.608000e+00 
6.450000e-04 6.858395e+00 6.450000e-04 3.608000e+00 
6.750000e-04 6.869392e+00 6.750000e-04 3.608000e+00 
7.050000e-04 6.837522e+00 7.050000e-04 3.608000e+00 
7.400000e-04 6.368289e+00 7.400000e-04 3.608000e+00 
7.800000e-04 5.780870e+00 7.800000e-04 2.956000e+00 
8.200000e-04 5.556383e+00 8.200000e-04 2.956000e+00 
8.600000e-04 5.423415e+00 8.600000e-04 2.956000e+00 
9.000000e-04 5.360167e+00 9.000000e-04 2.956000e+00 
9.400000e-04 5.370675e+00 9.400000e-04 2.956000e+00 
9.800000e-04 5.379207e+00 9.800000e-04 2.956000e+00 
1.025000e-03 5.280820e+00 1.025000e-03 2.956000e+00 
1.075000e-03 4.973359e+00 1.075000e-03 2.956000e+00 
1.125000e-03 4.783783e+00 1.125000e-03 2.956000e+00 
1.175000e-03 4.605445e+00 1.175000e-03 2.956000e+00 
1.237500e-03 4.440367e+00 1.237500e-03 2.956000e+00 
1.312500e-03 4.395430e+00 1.312500e-03 2.956000e+00 
1.387500e-03 4.372199e+00 1.387500e-03 2.956000e+00 
1.462500e-03 4.259662e+00 1.462500e-03 2.956000e+00 
1.550000e-03 3.975062e+00 1.550000e-03 2.956000e+00 
1.650000e-03 3.879603e+00 1.650000e-03 3.608000e+00 
1.750000e-03 3.873872e+00 1.750000e-03 3.608000e+00 
1.850000e-03 3.880587e+00 1.850000e-03 3.608000e+00 
1.950000e-03 3.893623e+00 1.950000e-03 3.608000e+00 
2.050000e-03 3.931913e+00 2.050000e-03 3.608000e+00 
2.150000e-03 4.370085e+00 2.150000e-03 3.608000e+00 
2.250000e-03 6.123775e+01 2.250000e-03 3.608000e+00 
2.350000e-03 3.884156e+00 2.350000e-03 3.608000e+00 
2.475000e-03 3.591408e+00 2.475000e-03 3.608000e+00 
2.625000e-03 3.528366e+00 2.625000e-03 3.608100e+00 
2.750000e-03 3.504631e+00 2.750000e-03 3.608100e+00 
2.900000e-03 3.481558e+00 2.900000e-03 3.608100e+00 
3.100000e-03 3.447718e+00 3.100000e-03 3.607900e+00 
3.300000e-03 3.422473e+00 3.300000e-03 3.608100e+00 
3.500000e-03 3.399134e+00 3.500000e-03 3.612000e+00 
3.700000e-03 3.368629e+00 3.700000e-03 3.612000e+00 
3.900000e-03 3.324821e+00 3.900000e-03 3.612100e+00 
4.125000e-03 3.251158e+00 4.125000e-03 3.611900e+00 
4.375000e-03 3.211751e+00 4.375000e-03 3.612100e+00 
4.625000e-03 3.314046e+00 4.625000e-03 3.612000e+00 
4.875000e-03 1.182221e+01 4.875000e-03 3.611900e+00 
5.125000e-03 3.759689e+00 5.125000e-03 3.612000e+00 
5.375000e-03 3.571624e+00 5.375000e-03 3.612000e+00 
5.625000e-03 3.471700e+00 5.625000e-03 3.612000e+00 
5.875000e-03 3.384666e+00 5.875000e-03 3.612000e+00 
6.150000e-03 3.287496e+00 6.150000e-03 3.612000e+00 
6.450000e-03 3.177861e+00 6.450000e-03 3.612100e+00 
6.750000e-03 3.084956e+00 6.750000e-03 3.612000e+00 
7.050000e-03 3.012117e+00 7.050000e-03 3.612000e+00 
7.400000e-03 2.935061e+00 7.400000e-03 3.610000e+00 
7.800000e-03 2.838607e+00 7.800000e-03 3.609900e+00 
8.200000e-03 2.844709e+00 8.200000e-03 3.610000e+00 
8.600000e-03 2.937628e+00 8.600000e-03 3.610000e+00 
9.000000e-03 3.021822e+00 9.000000e-03 3.610000e+00 
9.400000e-03 3.092972e+00 9.400000e-03 3.609000e+00 
9.800000e-03 3.151017e+00 9.800000e-03 3.609000e+00 
1.025000e-02 3.197662e+00 1.025000e-02 3.609000e+00 
1.075000e-02 3.270501e+00 1.075000e-02 3.609000e+00 
1.125000e-02 3.353252e+00 1.125000e-02 3.609000e+00 
1.175000e-02 3.459201e+00 1.175000e-02 3.609000e+00 
1.237500e-02 3.626833e+00 1.237500e-02 3.609000e+00 
1.312500e-02 3.833728e+00 1.312500e-02 3.609000e+00 
1.387500e-02 4.059964e+00 1.387500e-02 3.609000e+00 
1.462500e-02 4.286454e+00 1.462500e-02 3.609000e+00 
1.550000e-02 4.429015e+00 1.550000e-02 3.612000e+00 
1.650000e-02 4.694897e+00 1.650000e-02 3.612000e+00 
1.750000e-02 4.915542e+00 1.750000e-02 3.612000e+00 
1.850000e-02 5.142704e+00 1.850000e-02 3.612000e+00 
1.950000e-02 5.358610e+00 1.950000e-02 3.612000e+00 
2.050000e-02 5.633920e+00 2.050000e-02 3.612000e+00 
2.150000e-02 5.798369e+00 2.150000e-02 3.612000e+00 
2.250000e-02 5.893697e+00 2.250000e-02 3.612000e+00 
2.350000e-02 5.943936e+00 2.350000e-02 3.612000e+00 
2.475000e-02 6.270359e+00 2.475000e-02 3.612000e+00 
2.625000e-02 6.757637e+00 2.625000e-02 3.608000e+00 
2.750000e-02 7.194651e+00 2.750000e-02 3.608000e+00 
2.900000e-02 7.861898e+00 2.900000e-02 3.611000e+00 
3.100000e-02 8.193474e+00 3.100000e-02 3.611000e+00 
3.300000e-02 9.913536e+00 3.300000e-02 3.885100e+00 
3.500000e-02 1.113327e+01 3.500000e-02 3.885000e+00 
3.700000e-02 1.240016e+01 3.700000e-02 3.884900e+00 
3.900000e-02 1.692397e+01 3.900000e-02 3.884900e+00 
4.125000e-02 1.700668e+01 4.125000e-02 5.393000e+00 
4.375000e-02 1.896409e+01 4.375000e-02 5.392800e+00 
4.625000e-02 2.258334e+01 4.625000e-02 5.393000e+00 
4.875000e-02 2.977757e+01 4.875000e-02 5.392900e+00 
5.125000e-02 4.411701e+01 5.125000e-02 5.393000e+00 
5.375000e-02 7.909984e+01 5.375000e-02 5.390000e+00 
5.625000e-02 5.261073e+01 5.625000e-02 5.390000e+00 
5.875000e-02 5.355202e+01 5.875000e-02 5.390000e+00 
6.150001e-02 3.649635e+01 6.150000e-02 5.390000e+00 
6.450000e-02 3.195576e+01 6.450000e-02 5.390000e+00 
6.750000e-02 6.367544e+01 6.750000e-02 3.945000e+00 
7.050000e-02 2.711321e+01 7.050000e-02 3.945000e+00 
7.400000e-02 2.658664e+01 7.400000e-02 3.945100e+00 
7.800000e-02 2.671166e+01 7.800000e-02 3.945100e+00 
8.200000e-02 2.738888e+01 8.200000e-02 3.945100e+00 
8.600000e-02 2.863955e+01 8.600000e-02 3.945100e+00 
9.000000e-02 3.314482e+01 9.000000e-02 4.476900e+00 
9.400000e-02 3.458847e+01 9.400000e-02 4.477000e+00 
9.800000e-02 3.566643e+01 9.800000e-02 4.476900e+00 
1.025000e-01 3.798898e+01 1.025000e-01 4.477000e+00 
1.075000e-01 4.195887e+01 1.075000e-01 4.477100e+00 
1.125000e-01 4.635321e+01 1.125000e-01 3.925100e+00 
1.175000e-01 5.008998e+01 1.175000e-01 3.925000e+00 
1.237500e-01 5.347711e+01 1.237500e-01 3.924900e+00 
1.312500e-01 4.852336e+01 1.312500e-01 3.925200e+00 
1.387500e-01 1.964854e+01 1.387500e-01 3.925000e+00 
1.462500e-01 6.144003e+01 1.462500e-01 6.332000e+00 
1.550000e-01 5.543415e+01 1.550000e-01 6.332100e+00 
1.650000e-01 2.133896e+01 1.650000e-01 6.331800e+00 
1.750000e-01 8.322241e+00 1.750000e-01 6.332000e+00 
1.850000e-01 9.564782e+00 1.850000e-01 3.960000e+00 
1.950000e-01 6.176092e+00 1.950000e-01 3.960000e+00 
2.050000e-01 1.918974e+01 2.050000e-01 3.960000e+00 
2.150000e-01 2.385159e+01 2.150000e-01 3.960000e+00 
2.250000e-01 2.525137e+01 2.250000e-01 3.959900e+00 
2.350000e-01 2.521000e+01 2.350000e-01 3.960000e+00 
2.475000e-01 2.478309e+01 2.475000e-01 4.395000e+00 
2.625000e-01 2.302221e+01 2.625000e-01 4.395100e+00 
2.750000e-01 2.150878e+01 2.750000e-01 4.394900e+00 
2.900000e-01 1.968657e+01 2.900000e-01 4.394900e+00 
3.100000e-01 1.728516e+01 3.100000e-01 3.607000e+00 
3.300000e-01 1.563284e+01 3.300000e-01 3.607100e+00 
3.500000e-01 1.455320e+01 3.500000e-01 3.607000e+00 
3.700000e-01 1.229628e+01 3.700000e-01 3.607000e+00 
3.900000e-01 1.120559e+01 3.900000e-01 3.607000e+00 
4.125000e-01 9.804468e+00 4.125000e-01 3.607100e+00 
4.375000e-01 9.220502e+00 4.375000e-01 3.607100e+00 
4.625000e-01 9.135694e+00 4.625000e-01 3.606900e+00 
4.875000e-01 1.096953e+01 4.875000e-01 3.607000e+00 
5.125000e-01 1.432388e+01 5.125000e-01 4.744000e+00 
5.375000e-01 1.400854e+01 5.375000e-01 4.744000e+00 
5.625000e-01 1.202986e+01 5.625000e-01 4.744000e+00 
5.875000e-01 7.926843e+00 5.875000e-01 4.332100e+00 
6.150000e-01 6.285022e+00 6.150000e-01 4.331900e+00 
6.450000e-01 7.282698e+00 6.450000e-01 4.472900e+00 
6.750000e-01 6.887489e+00 6.750000e-01 4.472900e+00 
7.050000e-01 9.036017e+00 7.050000e-01 4.473100e+00 
7.400000e-01 1.470073e+01 7.400000e-01 4.432000e+00 
7.800000e-01 1.889926e+01 7.800000e-01 4.432000e+00 
8.200000e-01 4.482987e+00 8.200000e-01 4.432000e+00 
8.600000e-01 9.575889e+00 8.600000e-01 3.306000e+00 
9.000000e-01 6.814901e+00 9.000000e-01 3.306000e+00 
9.400000e-01 5.245455e+00 9.400000e-01 3.306000e+00 
9.800000e-01 2.170975e+00 9.800000e-01 3.306000e+00 
1.050000e+00 7.531462e+00 1.050000e+00 3.305900e+00 
1.150000e+00 8.048942e+00 1.150000e+00 3.751000e+00 
1.250000e+00 2.546940e+01 1.250000e+00 4.709000e+00 
1.350000e+00 7.012094e+00 1.350000e+00 4.709000e+00 
1.450000e+00 9.041035e+00 1.450000e+00 5.140000e+00 
1.550000e+00 1.014251e+01 1.550000e+00 5.140000e+00 
1.650000e+00 8.902293e+00 1.650000e+00 5.140000e+00 
1.750000e+00 8.167627e+00 1.750000e+00 5.043000e+00 
1.850000e+00 8.439190e+00 1.850000e+00 5.090900e+00 
1.950000e+00 3.991226e+00 1.950000e+00 5.430600e+00 
2.050000e+00 4.017352e+00 2.050000e+00 6.446700e+00 
2.150000e+00 4.343919e+00 2.150000e+00 6.424300e+00 
2.250000e+00 3.604043e+00 2.250000e+00 6.575000e+00 
2.350000e+00 3.447943e+00 2.350000e+00 6.576200e+00 
2.450000e+00 2.931672e+00 2.450000e+00 6.575200e+00 
2.550000e+00 3.878328e+00 2.550000e+00 5.540100e+00 
2.650000e+00 4.019963e+00 2.650000e+00 5.532000e+00 
2.750000e+00 4.342350e+00 2.750000e+00 5.616800e+00 
2.850000e+00 5.153097e+00 2.850000e+00 5.777300e+00 
2.950000e+00 5.102172e+00 2.950000e+00 6.369200e+00 
3.050000e+00 4.721247e+00 3.050000e+00 6.371600e+00 
3.150000e+00 3.018785e+00 3.150000e+00 6.514200e+00 
3.250000e+00 2.890189e+00 3.250000e+00 6.822900e+00 
3.350000e+00 2.938238e+00 3.350000e+00 6.712700e+00 
3.450000e+00 2.444788e+00 3.450000e+00 6.518900e+00 
3.550000e+00 2.751174e+00 3.550000e+00 6.612800e+00 
3.650000e+00 7.942803e+00 3.650000e+00 6.381100e+00 
3.750000e+00 2.690957e+00 3.750000e+00 9.145400e+00 
3.850000e+00 3.040492e+00 3.850000e+00 9.232100e+00 
3.950000e+00 3.386655e+00 3.950000e+00 9.001900e+00 
4.050000e+00 3.147589e+00 4.050000e+00 8.814600e+00 
4.150000e+00 3.528795e+00 4.150000e+00 9.413600e+00 
4.250000e+00 4.151060e+00 4.250000e+00 9.231200e+00 
4.350000e+00 2.819663e+00 4.350000e+00 9.381500e+00 
4.450000e+00 2.757492e+00 4.450000e+00 9.137800e+00 
4.550000e+00 2.318182e+00 4.550000e+00 9.396100e+00 
4.650000e+00 3.786743e+00 4.650000e+00 9.516500e+00 
4.750000e+00 4.368865e+00 4.750000e+00 1.316900e+01 
4.850000e+00 2.726564e+00 4.850000e+00 1.306300e+01 
4.950000e+00 2.411478e+00 4.950000e+00 1.290400e+01 
5.050000e+00 2.056875e+00 5.050000e+00 1.347500e+01 
5.150000e+00 2.688078e+00 5.150000e+00 1.376600e+01 
5.250000e+00 2.866641e+00 5.250000e+00 1.451700e+01 
5.350000e+00 3.246357e+00 5.350000e+00 1.456600e+01 
5.450000e+00 2.536839e+00 5.450000e+00 1.427200e+01 
5.550000e+00 3.087114e+00 5.550000e+00 1.441100e+01 
5.650000e+00 2.940162e+00 5.650000e+00 1.455400e+01 
5.750000e+00 4.336010e+00 5.750000e+00 1.470900e+01 
5.850000e+00 2.823716e+00 5.850000e+00 1.480900e+01 
5.950000e+00 2.954795e+00 5.950000e+00 1.521600e+01 
6.050000e+00 2.661294e+00 6.050000e+00 1.518600e+01 
6.150000e+00 3.401617e+00 6.150000e+00 1.456800e+01 
6.250000e+00 3.386325e+00 6.250000e+00 1.445400e+01 
6.350000e+00 2.254488e+00 6.350000e+00 1.476100e+01 
6.450000e+00 1.786987e+00 6.450000e+00 1.507300e+01 
6.550000e+00 3.439258e+00 6.550000e+00 1.525500e+01 
6.650000e+00 4.110161e+00 6.650000e+00 1.500200e+01 
6.750000e+00 3.726895e+00 6.750000e+00 1.508800e+01 
6.850000e+00 4.610126e+00 6.850000e+00 1.538600e+01 
6.950000e+00 5.470128e+00 6.950000e+00 1.625000e+01 
7.050000e+00 4.915079e+00 7.050000e+00 1.569700e+01 
7.150000e+00 6.150806e+00 7.150000e+00 1.607400e+01 
7.250000e+00 4.522526e+00 7.250000e+00 1.617500e+01 
7.350000e+00 5.302073e+00 7.350000e+00 1.645500e+01 
7.450000e+00 5.414969e+00 7.450000e+00 1.651600e+01 
7.550000e+00 5.567464e+00 7.550000e+00 1.636800e+01 
7.650000e+00 4.437649e+00 7.650000e+00 1.690700e+01 
7.750000e+00 4.785822e+00 7.750000e+00 1.687400e+01 
7.850000e+00 5.146723e+00 7.850000e+00 1.400100e+01 
7.950000e+00 4.714481e+00 7.950000e+00 1.384800e+01 
8.050000e+00 5.564682e+00 8.050000e+00 1.324600e+01 
8.150000e+00 5.740575e+00 8.150000e+00 1.355800e+01 
8.250000e+00 6.203674e+00 8.250000e+00 1.388600e+01 
8.350000e+00 6.153837e+00 8.350000e+00 1.401300e+01 
8.450000e+00 5.801161e+00 8.450000e+00 1.415400e+01 
8.550000e+00 5.847519e+00 8.550000e+00 1.419700e+01 
8.650000e+00 6.401405e+00 8.650000e+00 1.442300e+01 
8.750000e+00 7.714418e+00 8.750000e+00 1.425900e+01 
8.850000e+00 7.101790e+00 8.850000e+00 1.545800e+01 
8.950000e+00 6.280208e+00 8.950000e+00 1.498300e+01 
9.050000e+00 6.874389e+00 9.050000e+00 1.538500e+01 
9.150000e+00 7.896818e+00 9.150000e+00 1.576400e+01 
9.250000e+00 7.801100e+00 9.250000e+00 1.530200e+01 
9.350000e+00 7.019699e+00 9.350000e+00 1.537800e+01 
9.450000e+00 7.074179e+00 9.450000e+00 1.541200e+01 
9.550000e+00 7.109445e+00 9.550000e+00 1.523900e+01 
9.650000e+00 7.421691e+00 9.650000e+00 1.501300e+01 
9.750000e+00 6.789910e+00 9.750000e+00 1.522900e+01 
9.850000e+00 6.754766e+00 9.850000e+00 1.530900e+01 
9.950000e+00 7.044578e+00 9.950000e+00 1.530900e+01 
1.005000e+01 6.283220e+00 1.005000e+01 1.570600e+01 
1.015000e+01 6.774237e+00 1.015000e+01 1.562200e+01 
1.025000e+01 6.710582e+00 1.025000e+01 1.562700e+01 
1.035000e+01 6.566348e+00 1.035000e+01 1.569200e+01 
1.045000e+01 6.849098e+00 1.045000e+01 1.531300e+01 
1.055000e+01 6.840808e+00 1.055000e+01 1.532600e+01 
1.065000e+01 6.564122e+00 1.065000e+01 1.538700e+01 
1.075000e+01 6.596863e+00 1.075000e+01 1.555300e+01 
1.085000e+01 6.197332e+00 1.085000e+01 1.572700e+01 
1.095000e+01 6.294735e+00 1.095000e+01 1.562800e+01 
1.105000e+01 6.364849e+00 1.105000e+01 1.494200e+01 
1.115000e+01 6.371160e+00 1.115000e+01 1.481800e+01 
1.125000e+01 6.702891e+00 1.125000e+01 1.494500e+01 
1.135000e+01 5.841791e+00 1.135000e+01 1.515100e+01 
1.145000e+01 5.656004e+00 1.145000e+01 1.512200e+01 
1.155000e+01 5.296853e+00 1.155000e+01 1.521800e+01 
1.165000e+01 5.765147e+00 1.165000e+01 1.512100e+01 
1.175000e+01 5.888328e+00 1.175000e+01 1.510900e+01 
1.185000e+01 5.986626e+00 1.185000e+01 1.509700e+01 
1.195000e+01 5.918003e+00 1.195000e+01 1.508600e+01 
1.205000e+01 5.842357e+00 1.205000e+01 1.527000e+01 
1.215000e+01 5.357073e+00 1.215000e+01 1.527800e+01 
1.225000e+01 5.042396e+00 1.225000e+01 1.528400e+01 
1.235000e+01 4.774257e+00 1.235000e+01 1.529100e+01 
1.245000e+01 4.827245e+00 1.245000e+01 1.529700e+01 
1.255000e+01 5.219774e+00 1.255000e+01 1.529900e+01 
1.265000e+01 5.472268e+00 1.265000e+01 1.530000e+01 
1.275000e+01 5.784848e+00 1.275000e+01 1.530100e+01 
1.285000e+01 6.134052e+00 1.285000e+01 1.530200e+01 
1.295000e+01 6.673399e+00 1.295000e+01 1.530300e+01 
1.305000e+01 7.004062e+00 1.305000e+01 1.522700e+01 
1.315000e+01 6.933772e+00 1.315000e+01 1.532600e+01 
1.325000e+01 7.041521e+00 1.325000e+01 1.542400e+01 
1.335000e+01 7.068958e+00 1.335000e+01 1.552300e+01 
1.345000e+01 7.237969e+00 1.345000e+01 1.562100e+01 
1.355000e+01 7.139470e+00 1.355000e+01 1.572300e+01 
1.365000e+01 7.000690e+00 1.365000e+01 1.581900e+01 
1.375000e+01 7.027817e+00 1.375000e+01 1.592500e+01 
1.385000e+01 6.867497e+00 1.385000e+01 1.602200e+01 
1.395000e+01 6.860020e+00 1.395000e+01 1.444500e+01 
1.405000e+01 6.813780e+00 1.405000e+01 1.451200e+01 
1.415000e+01 6.796021e+00 1.415000e+01 1.457900e+01 
1.425000e+01 6.788156e+00 1.425000e+01 1.479000e+01 
1.435000e+01 6.861820e+00 1.435000e+01 1.485900e+01 
1.445000e+01 6.747410e+00 1.445000e+01 1.494200e+01 
1.455000e+01 6.649921e+00 1.455000e+01 1.501100e+01 
1.465000e+01 6.612184e+00 1.465000e+01 1.507600e+01 
1.475000e+01 6.593982e+00 1.475000e+01 1.514200e+01 
1.485000e+01 6.512894e+00 1.485000e+01 1.520800e+01 
1.495000e+01 6.735885e+00 1.495000e+01 1.527300e+01 
1.505000e+01 6.746076e+00 1.505000e+01 2.061800e+01 
1.515000e+01 6.377914e+00 1.515000e+01 2.073200e+01 
1.525000e+01 6.280070e+00 1.525000e+01 2.084500e+01 
1.535000e+01 6.156387e+00 1.535000e+01 2.095700e+01 
1.545000e+01 6.056905e+00 1.545000e+01 2.106900e+01 
1.555000e+01 6.068496e+00 1.555000e+01 2.117900e+01 
1.565000e+01 6.048871e+00 1.565000e+01 2.129000e+01 
1.575000e+01 6.052767e+00 1.575000e+01 2.139900e+01 
1.585000e+01 6.106896e+00 1.585000e+01 2.150800e+01 
1.595000e+01 5.992154e+00 1.595000e+01 2.161800e+01 
1.605000e+01 5.800722e+00 1.605000e+01 2.189000e+01 
1.615000e+01 5.691547e+00 1.615000e+01 2.193700e+01 
1.625000e+01 5.600384e+00 1.625000e+01 2.198400e+01 
1.635000e+01 5.620837e+00 1.635000e+01 2.203100e+01 
1.645000e+01 5.728325e+00 1.645000e+01 2.207800e+01 
1.655000e+01 5.807278e+00 1.655000e+01 2.213100e+01 
1.665000e+01 5.994079e+00 1.665000e+01 2.219300e+01 
1.675000e+01 5.901688e+00 1.675000e+01 2.225500e+01 
1.685000e+01 5.595685e+00 1.685000e+01 2.231700e+01 
1.695000e+01 5.499156e+00 1.695000e+01 2.237900e+01 
1.705000e+01 5.816707e+00 1.705000e+01 2.244100e+01 
1.715000e+01 6.145754e+00 1.715000e+01 2.250300e+01 
1.725000e+01 5.420294e+00 1.725000e+01 2.256500e+01 
1.735000e+01 4.950694e+00 1.735000e+01 2.262700e+01 
1.745000e+01 4.925580e+00 1.745000e+01 2.269000e+01 
1.755000e+01 5.019069e+00 1.755000e+01 2.270600e+01 
1.765000e+01 5.300824e+00 1.765000e+01 2.267400e+01 
1.775000e+01 5.341480e+00 1.775000e+01 2.264100e+01 
1.785000e+01 5.052406e+00 1.785000e+01 2.260900e+01 
1.795000e+01 5.193172e+00 1.795000e+01 2.257800e+01 
1.805000e+01 5.282308e+00 1.805000e+01 2.254700e+01 
1.815000e+01 5.095232e+00 1.815000e+01 2.251400e+01 
1.825000e+01 4.876247e+00 1.825000e+01 2.248300e+01 
1.835000e+01 4.918651e+00 1.835000e+01 2.245100e+01 
1.845000e+01 4.833572e+00 1.845000e+01 2.241900e+01 
1.855000e+01 4.810246e+00 1.855000e+01 2.239600e+01 
1.865000e+01 5.227376e+00 1.865000e+01 2.238200e+01 
1.875000e+01 4.598576e+00 1.875000e+01 2.236800e+01 
1.885000e+01 4.482649e+00 1.885000e+01 2.235400e+01 
1.895000e+01 4.445488e+00 1.895000e+01 2.234100e+01 
1.905000e+01 4.669492e+00 1.905000e+01 2.232700e+01 
1.915000e+01 4.659025e+00 1.915000e+01 2.231500e+01 
1.925000e+01 4.565368e+00 1.925000e+01 2.230200e+01 
1.935000e+01 4.672927e+00 1.935000e+01 2.229000e+01 
1.945000e+01 4.741698e+00 1.945000e+01 2.227800e+01 
1.955000e+01 4.785809e+00 1.955000e+01 2.226500e+01 
1.965000e+01 4.928190e+00 1.965000e+01 2.225200e+01 
1.975000e+01 4.699498e+00 1.975000e+01 2.223900e+01 
1.985000e+01 4.683245e+00 1.985000e+01 2.222600e+01 
1.995000e+01 4.681958e+00 1.995000e+01 2.221300e+01 
