 0.10250E-09     0.12187E+02
 0.10750E-09     0.11899E+02
 0.11250E-09     0.11633E+02
 0.11750E-09     0.11381E+02
 0.12375E-09     0.11093E+02
 0.13125E-09     0.10779E+02
 0.13875E-09     0.10493E+02
 0.14625E-09     0.10207E+02
 0.15500E-09     0.99104E+01
 0.16500E-09     0.96145E+01
 0.17500E-09     0.93394E+01
 0.18500E-09     0.90749E+01
 0.19500E-09     0.88490E+01
 0.20500E-09     0.86267E+01
 0.21500E-09     0.84149E+01
 0.22500E-09     0.82275E+01
 0.23500E-09     0.80586E+01
 0.24750E-09     0.78488E+01
 0.26250E-09     0.76191E+01
 0.27500E-09     0.74424E+01
 0.29000E-09     0.72527E+01
 0.31000E-09     0.70126E+01
 0.33000E-09     0.68060E+01
 0.35000E-09     0.66133E+01
 0.37000E-09     0.64212E+01
 0.39000E-09     0.62523E+01
 0.41250E-09     0.60772E+01
 0.43750E-09     0.59005E+01
 0.46250E-09     0.57394E+01
 0.48750E-09     0.55952E+01
 0.51250E-09     0.54558E+01
 0.53750E-09     0.53276E+01
 0.56250E-09     0.52149E+01
 0.58750E-09     0.51022E+01
 0.61500E-09     0.49793E+01
 0.64500E-09     0.48616E+01
 0.67500E-09     0.47516E+01
 0.70500E-09     0.46535E+01
 0.74000E-09     0.45403E+01
 0.78000E-09     0.44227E+01
 0.82000E-09     0.43158E+01
 0.86000E-09     0.42102E+01
 0.90000E-09     0.41167E+01
 0.94000E-09     0.40267E+01
 0.98000E-09     0.39458E+01
 0.10250E-08     0.38584E+01
 0.10750E-08     0.37660E+01
 0.11250E-08     0.36836E+01
 0.11750E-08     0.36021E+01
 0.12375E-08     0.35118E+01
 0.13125E-08     0.34085E+01
 0.13875E-08     0.33165E+01
 0.14625E-08     0.32288E+01
 0.15500E-08     0.31377E+01
 0.16500E-08     0.30398E+01
 0.17500E-08     0.29526E+01
 0.18500E-08     0.28705E+01
 0.19500E-08     0.27958E+01
 0.20500E-08     0.27291E+01
 0.21500E-08     0.26646E+01
 0.22500E-08     0.26028E+01
 0.23500E-08     0.25479E+01
 0.24750E-08     0.24818E+01
 0.26250E-08     0.24107E+01
 0.27500E-08     0.23539E+01
 0.29000E-08     0.22924E+01
 0.31000E-08     0.22185E+01
 0.33000E-08     0.21487E+01
 0.35000E-08     0.20876E+01
 0.37000E-08     0.20320E+01
 0.39000E-08     0.19771E+01
 0.41250E-08     0.19226E+01
 0.43750E-08     0.18666E+01
 0.46250E-08     0.18158E+01
 0.48750E-08     0.17683E+01
 0.51250E-08     0.17245E+01
 0.53750E-08     0.16848E+01
 0.56250E-08     0.16473E+01
 0.58750E-08     0.16105E+01
 0.61500E-08     0.15739E+01
 0.64500E-08     0.15375E+01
 0.67500E-08     0.15026E+01
 0.70500E-08     0.14712E+01
 0.74000E-08     0.14367E+01
 0.78000E-08     0.13978E+01
 0.82000E-08     0.13630E+01
 0.86000E-08     0.13313E+01
 0.90000E-08     0.13012E+01
 0.94000E-08     0.12736E+01
 0.98000E-08     0.12468E+01
 0.10250E-07     0.12194E+01
 0.10750E-07     0.11905E+01
 0.11250E-07     0.11638E+01
 0.11750E-07     0.11396E+01
 0.12375E-07     0.11118E+01
 0.13125E-07     0.10786E+01
 0.13875E-07     0.10487E+01
 0.14625E-07     0.10223E+01
 0.15500E-07     0.99198E+00
 0.16500E-07     0.96289E+00
 0.17500E-07     0.93532E+00
 0.18500E-07     0.90798E+00
 0.19500E-07     0.88399E+00
 0.20500E-07     0.86221E+00
 0.21500E-07     0.84187E+00
 0.22500E-07     0.82309E+00
 0.23500E-07     0.80527E+00
 0.24750E-07     0.78489E+00
 0.26250E-07     0.76227E+00
 0.27500E-07     0.74472E+00
 0.29000E-07     0.72617E+00
 0.31000E-07     0.70191E+00
 0.33000E-07     0.68100E+00
 0.35000E-07     0.66100E+00
 0.37000E-07     0.64268E+00
 0.39000E-07     0.62651E+00
 0.41250E-07     0.60856E+00
 0.43750E-07     0.59115E+00
 0.46250E-07     0.57459E+00
 0.48750E-07     0.56006E+00
 0.51250E-07     0.54638E+00
 0.53750E-07     0.53284E+00
 0.56250E-07     0.52121E+00
 0.58750E-07     0.51019E+00
 0.61500E-07     0.49813E+00
 0.64500E-07     0.48671E+00
 0.67500E-07     0.47630E+00
 0.70500E-07     0.46589E+00
 0.74000E-07     0.45403E+00
 0.78000E-07     0.44217E+00
 0.82000E-07     0.43116E+00
 0.86000E-07     0.42099E+00
 0.90000E-07     0.41165E+00
 0.94000E-07     0.40267E+00
 0.98000E-07     0.39442E+00
 0.10250E-06     0.38565E+00
 0.10750E-06     0.37659E+00
 0.11250E-06     0.36846E+00
 0.11750E-06     0.36080E+00
 0.12375E-06     0.35134E+00
 0.13125E-06     0.34111E+00
 0.13875E-06     0.33199E+00
 0.14625E-06     0.32362E+00
 0.15500E-06     0.31401E+00
 0.16500E-06     0.30450E+00
 0.17500E-06     0.29546E+00
 0.18500E-06     0.28753E+00
 0.19500E-06     0.28005E+00
 0.20500E-06     0.27296E+00
 0.21500E-06     0.26678E+00
 0.22500E-06     0.26064E+00
 0.23500E-06     0.25487E+00
 0.24750E-06     0.24838E+00
 0.26250E-06     0.24116E+00
 0.27500E-06     0.23579E+00
 0.29000E-06     0.22958E+00
 0.31000E-06     0.22209E+00
 0.33000E-06     0.21517E+00
 0.35000E-06     0.20898E+00
 0.37000E-06     0.20318E+00
 0.39000E-06     0.19804E+00
 0.41250E-06     0.19258E+00
 0.43750E-06     0.18687E+00
 0.46250E-06     0.18180E+00
 0.48750E-06     0.17695E+00
 0.51250E-06     0.17265E+00
 0.53750E-06     0.16855E+00
 0.56250E-06     0.16487E+00
 0.58750E-06     0.16131E+00
 0.61500E-06     0.15762E+00
 0.64500E-06     0.15400E+00
 0.67500E-06     0.15044E+00
 0.70500E-06     0.14728E+00
 0.74000E-06     0.14373E+00
 0.78000E-06     0.14014E+00
 0.82000E-06     0.13677E+00
 0.86000E-06     0.13340E+00
 0.90000E-06     0.13043E+00
 0.94000E-06     0.12772E+00
 0.98000E-06     0.12500E+00
 0.10250E-05     0.12214E+00
 0.10750E-05     0.11933E+00
 0.11250E-05     0.11666E+00
 0.11750E-05     0.11413E+00
 0.12375E-05     0.11128E+00
 0.13125E-05     0.10807E+00
 0.13875E-05     0.10515E+00
 0.14625E-05     0.10238E+00
 0.15500E-05     0.99478E-01
 0.16500E-05     0.96460E-01
 0.17500E-05     0.93675E-01
 0.18500E-05     0.91148E-01
 0.19500E-05     0.88790E-01
 0.20500E-05     0.86613E-01
 0.21500E-05     0.84630E-01
 0.22500E-05     0.82752E-01
 0.23500E-05     0.80966E-01
 0.24750E-05     0.78945E-01
 0.26250E-05     0.76752E-01
 0.27500E-05     0.75062E-01
 0.29000E-05     0.73221E-01
 0.31000E-05     0.70964E-01
 0.33000E-05     0.68890E-01
 0.35000E-05     0.67080E-01
 0.37000E-05     0.65397E-01
 0.39000E-05     0.63740E-01
 0.41250E-05     0.62157E-01
 0.43750E-05     0.60459E-01
 0.46250E-05     0.58905E-01
 0.48750E-05     0.57535E-01
 0.51250E-05     0.56173E-01
 0.53750E-05     0.54986E-01
 0.56250E-05     0.53876E-01
 0.58750E-05     0.52771E-01
 0.61500E-05     0.51718E-01
 0.64500E-05     0.50636E-01
 0.67500E-05     0.49567E-01
 0.70500E-05     0.48644E-01
 0.74000E-05     0.47617E-01
 0.78000E-05     0.46510E-01
 0.82000E-05     0.45615E-01
 0.86000E-05     0.44736E-01
 0.90000E-05     0.43856E-01
 0.94000E-05     0.42976E-01
 0.98000E-05     0.42139E-01
 0.10250E-04     0.41383E-01
 0.10750E-04     0.40558E-01
 0.11250E-04     0.39756E-01
 0.11750E-04     0.39100E-01
 0.12375E-04     0.38317E-01
 0.13125E-04     0.37380E-01
 0.13875E-04     0.36542E-01
 0.14625E-04     0.35799E-01
 0.15500E-04     0.35024E-01
 0.16500E-04     0.34211E-01
 0.17500E-04     0.33507E-01
 0.18500E-04     0.32864E-01
 0.19500E-04     0.32238E-01
 0.20500E-04     0.31834E-01
 0.21500E-04     0.31609E-01
 0.22500E-04     0.31384E-01
 0.23500E-04     0.31161E-01
 0.24750E-04     0.30946E-01
 0.26250E-04     0.30712E-01
 0.27500E-04     0.30516E-01
 0.29000E-04     0.30326E-01
 0.31000E-04     0.30114E-01
 0.33000E-04     0.29901E-01
 0.35000E-04     0.29733E-01
 0.37000E-04     0.29608E-01
 0.39000E-04     0.29483E-01
 0.41250E-04     0.29721E-01
 0.43750E-04     0.30331E-01
 0.46250E-04     0.30941E-01
 0.48750E-04     0.31550E-01
 0.51250E-04     0.33066E-01
 0.53750E-04     0.35505E-01
 0.56250E-04     0.38030E-01
 0.58750E-04     0.40654E-01
 0.61500E-04     0.48944E-01
 0.64500E-04     0.66126E-01
 0.67500E-04     0.89114E-01
 0.70500E-04     0.12166E+00
 0.74000E-04     0.18543E+00
 0.78000E-04     0.29525E+00
 0.82000E-04     0.46179E+00
 0.86000E-04     0.71022E+00
 0.90000E-04     0.10483E+01
 0.94000E-04     0.13764E+01
 0.98000E-04     0.15028E+01
 0.10250E-03     0.14817E+01
 0.10750E-03     0.14186E+01
 0.11250E-03     0.13728E+01
 0.11750E-03     0.13137E+01
 0.12375E-03     0.11456E+01
 0.13125E-03     0.91259E+00
 0.13875E-03     0.73499E+00
 0.14625E-03     0.60101E+00
 0.15500E-03     0.43530E+00
 0.16500E-03     0.27863E+00
 0.17500E-03     0.18585E+00
 0.18500E-03     0.14928E+00
 0.19500E-03     0.14356E+00
 0.20500E-03     0.14372E+00
 0.21500E-03     0.16239E+00
 0.22500E-03     0.19818E+00
 0.23500E-03     0.25047E+00
 0.24750E-03     0.34452E+00
 0.26250E-03     0.53082E+00
 0.27500E-03     0.72351E+00
 0.29000E-03     0.87062E+00
 0.31000E-03     0.93624E+00
 0.33000E-03     0.92805E+00
 0.35000E-03     0.88594E+00
 0.37000E-03     0.92050E+00
 0.39000E-03     0.94756E+00
 0.41250E-03     0.70574E+00
 0.43750E-03     0.59282E+00
 0.46250E-03     0.51982E+00
 0.48750E-03     0.45829E+00
 0.51250E-03     0.42638E+00
 0.53750E-03     0.42285E+00
 0.56250E-03     0.43233E+00
 0.58750E-03     0.44503E+00
 0.61500E-03     0.45898E+00
 0.64500E-03     0.47643E+00
 0.67500E-03     0.52299E+00
 0.70500E-03     0.57093E+00
 0.74000E-03     0.56685E+00
 0.78000E-03     0.50442E+00
 0.82000E-03     0.46603E+00
 0.86000E-03     0.42418E+00
 0.90000E-03     0.39042E+00
 0.94000E-03     0.36286E+00
 0.98000E-03     0.34127E+00
 0.10250E-02     0.34050E+00
 0.10750E-02     0.35198E+00
 0.11250E-02     0.36675E+00
 0.11750E-02     0.38488E+00
 0.12375E-02     0.40752E+00
 0.13125E-02     0.43527E+00
 0.13875E-02     0.46618E+00
 0.14625E-02     0.53740E+00
 0.15500E-02     0.63497E+00
 0.16500E-02     0.73377E+00
 0.17500E-02     0.73749E+00
 0.18500E-02     0.71051E+00
 0.19500E-02     0.68155E+00
 0.20500E-02     0.68386E+00
 0.21500E-02     0.69748E+00
 0.22500E-02     0.71140E+00
 0.23500E-02     0.72545E+00
 0.24750E-02     0.74301E+00
 0.26250E-02     0.76413E+00
 0.27500E-02     0.78166E+00
 0.29000E-02     0.80223E+00
 0.31000E-02     0.83054E+00
 0.33000E-02     0.85935E+00
 0.35000E-02     0.88671E+00
 0.37000E-02     0.91214E+00
 0.39000E-02     0.93731E+00
 0.41250E-02     0.10134E+01
 0.43750E-02     0.11419E+01
 0.46250E-02     0.12821E+01
 0.48750E-02     0.14284E+01
 0.51250E-02     0.15272E+01
 0.53750E-02     0.15761E+01
 0.56250E-02     0.16239E+01
 0.58750E-02     0.16697E+01
 0.61500E-02     0.17097E+01
 0.64500E-02     0.17441E+01
 0.67500E-02     0.17786E+01
 0.70500E-02     0.18109E+01
 0.74000E-02     0.18404E+01
 0.78000E-02     0.18679E+01
 0.82000E-02     0.18894E+01
 0.86000E-02     0.19040E+01
 0.90000E-02     0.19112E+01
 0.94000E-02     0.19132E+01
 0.98000E-02     0.19075E+01
 0.10250E-01     0.19492E+01
 0.10750E-01     0.20399E+01
 0.11250E-01     0.21305E+01
 0.11750E-01     0.22211E+01
 0.12375E-01     0.23340E+01
 0.13125E-01     0.24697E+01
 0.13875E-01     0.26053E+01
 0.14625E-01     0.27408E+01
 0.15500E-01     0.28982E+01
 0.16500E-01     0.30784E+01
 0.17500E-01     0.32583E+01
 0.18500E-01     0.34376E+01
 0.19500E-01     0.36167E+01
 0.20500E-01     0.37958E+01
 0.21500E-01     0.39748E+01
 0.22500E-01     0.41532E+01
 0.23500E-01     0.43314E+01
 0.24750E-01     0.45525E+01
 0.26250E-01     0.48180E+01
 0.27500E-01     0.50399E+01
 0.29000E-01     0.53036E+01
 0.31000E-01     0.56549E+01
 0.33000E-01     0.60054E+01
 0.35000E-01     0.63557E+01
 0.37000E-01     0.67030E+01
 0.39000E-01     0.70495E+01
 0.41250E-01     0.74385E+01
 0.43750E-01     0.78680E+01
 0.46250E-01     0.82953E+01
 0.48750E-01     0.87226E+01
 0.51250E-01     0.91464E+01
 0.53750E-01     0.95666E+01
 0.56250E-01     0.99867E+01
 0.58750E-01     0.10407E+02
 0.61500E-01     0.10864E+02
 0.64500E-01     0.11358E+02
 0.67500E-01     0.11852E+02
 0.70500E-01     0.12346E+02
 0.74000E-01     0.12912E+02
 0.78000E-01     0.13555E+02
 0.82000E-01     0.14198E+02
 0.86000E-01     0.14834E+02
 0.90000E-01     0.15452E+02
 0.94000E-01     0.16071E+02
 0.98000E-01     0.16689E+02
 0.10250E+00     0.17388E+02
 0.10750E+00     0.18160E+02
 0.11250E+00     0.18919E+02
 0.11750E+00     0.19659E+02
 0.12375E+00     0.20584E+02
 0.13125E+00     0.21673E+02
 0.13875E+00     0.22737E+02
 0.14625E+00     0.23791E+02
 0.15500E+00     0.24988E+02
 0.16500E+00     0.26328E+02
 0.17500E+00     0.27662E+02
 0.18500E+00     0.28948E+02
 0.19500E+00     0.30208E+02
 0.20500E+00     0.31432E+02
 0.21500E+00     0.32610E+02
 0.22500E+00     0.33747E+02
 0.23500E+00     0.34885E+02
 0.24750E+00     0.36290E+02
 0.26250E+00     0.37840E+02
 0.27500E+00     0.39104E+02
 0.29000E+00     0.40608E+02
 0.31000E+00     0.42410E+02
 0.33000E+00     0.44155E+02
 0.35000E+00     0.45786E+02
 0.37000E+00     0.47221E+02
 0.39000E+00     0.48653E+02
 0.41250E+00     0.50148E+02
 0.43750E+00     0.51655E+02
 0.46250E+00     0.52992E+02
 0.48750E+00     0.54174E+02
 0.51250E+00     0.55866E+02
 0.53750E+00     0.58102E+02
 0.56250E+00     0.60291E+02
 0.58750E+00     0.62428E+02
 0.61500E+00     0.64740E+02
 0.64500E+00     0.67187E+02
 0.67500E+00     0.69560E+02
 0.70500E+00     0.71885E+02
 0.74000E+00     0.74506E+02
 0.78000E+00     0.77395E+02
 0.82000E+00     0.80196E+02
 0.86000E+00     0.82927E+02
 0.90000E+00     0.85553E+02
 0.94000E+00     0.88066E+02
 0.98000E+00     0.90531E+02
 0.10500E+01     0.93708E+02
 0.11500E+01     0.97312E+02
 0.12500E+01     0.10028E+03
 0.13500E+01     0.10159E+03
 0.14500E+01     0.10229E+03
 0.15500E+01     0.10489E+03
 0.16500E+01     0.10959E+03
 0.17500E+01     0.11415E+03
 0.18500E+01     0.11849E+03
 0.19500E+01     0.12267E+03
 0.20500E+01     0.12573E+03
 0.21500E+01     0.12754E+03
 0.22500E+01     0.12917E+03
 0.23500E+01     0.13064E+03
 0.24500E+01     0.13199E+03
 0.25500E+01     0.13408E+03
 0.26500E+01     0.13690E+03
 0.27500E+01     0.13977E+03
 0.28500E+01     0.14341E+03
 0.29500E+01     0.14705E+03
 0.30500E+01     0.15291E+03
 0.31500E+01     0.16124E+03
 0.32500E+01     0.16970E+03
 0.33500E+01     0.17828E+03
 0.34500E+01     0.18699E+03
 0.35500E+01     0.19583E+03
 0.36500E+01     0.20479E+03
 0.37500E+01     0.21388E+03
 0.38500E+01     0.22307E+03
 0.39500E+01     0.23238E+03
 0.40500E+01     0.24111E+03
 0.41500E+01     0.24922E+03
 0.42500E+01     0.25738E+03
 0.43500E+01     0.26561E+03
 0.44500E+01     0.27388E+03
 0.45500E+01     0.28223E+03
 0.46500E+01     0.29060E+03
 0.47500E+01     0.29904E+03
 0.48500E+01     0.30753E+03
 0.49500E+01     0.31604E+03
 0.50500E+01     0.32462E+03
 0.51500E+01     0.33323E+03
 0.52500E+01     0.34191E+03
 0.53500E+01     0.35068E+03
 0.54500E+01     0.35946E+03
 0.55500E+01     0.36832E+03
 0.56500E+01     0.37729E+03
 0.57500E+01     0.38626E+03
 0.58500E+01     0.39527E+03
 0.59500E+01     0.40438E+03
 0.60500E+01     0.41304E+03
 0.61500E+01     0.42124E+03
 0.62500E+01     0.42951E+03
 0.63500E+01     0.43781E+03
 0.64500E+01     0.44619E+03
 0.65500E+01     0.45460E+03
 0.66500E+01     0.46308E+03
 0.67500E+01     0.47161E+03
 0.68500E+01     0.48021E+03
 0.69500E+01     0.48884E+03
 0.70500E+01     0.49777E+03
 0.71500E+01     0.50700E+03
 0.72500E+01     0.51630E+03
 0.73500E+01     0.52565E+03
 0.74500E+01     0.53509E+03
 0.75500E+01     0.54458E+03
 0.76500E+01     0.55416E+03
 0.77500E+01     0.56378E+03
 0.78500E+01     0.57349E+03
 0.79500E+01     0.58327E+03
 0.80500E+01     0.59262E+03
 0.81500E+01     0.60152E+03
 0.82500E+01     0.61045E+03
 0.83500E+01     0.61947E+03
 0.84500E+01     0.62853E+03
 0.85500E+01     0.63766E+03
 0.86500E+01     0.64684E+03
 0.87500E+01     0.65606E+03
 0.88500E+01     0.66534E+03
 0.89500E+01     0.67470E+03
 0.90500E+01     0.68415E+03
 0.91500E+01     0.69377E+03
 0.92500E+01     0.70343E+03
 0.93500E+01     0.71314E+03
 0.94500E+01     0.72280E+03
 0.95500E+01     0.73196E+03
 0.96500E+01     0.74116E+03
 0.97500E+01     0.75042E+03
 0.98500E+01     0.75978E+03
 0.99500E+01     0.76913E+03
 0.10050E+02     0.77854E+03
 0.10150E+02     0.78800E+03
 0.10250E+02     0.79747E+03
 0.10350E+02     0.80693E+03
 0.10450E+02     0.81639E+03
 0.10550E+02     0.82586E+03
 0.10650E+02     0.83532E+03
 0.10750E+02     0.84479E+03
 0.10850E+02     0.85425E+03
 0.10950E+02     0.86387E+03
 0.11050E+02     0.87449E+03
 0.11150E+02     0.88605E+03
 0.11250E+02     0.89761E+03
 0.11350E+02     0.90916E+03
 0.11450E+02     0.92072E+03
 0.11550E+02     0.93228E+03
 0.11650E+02     0.94384E+03
 0.11750E+02     0.95539E+03
 0.11850E+02     0.96697E+03
 0.11950E+02     0.97872E+03
 0.12050E+02     0.99123E+03
 0.12150E+02     0.10044E+04
 0.12250E+02     0.10175E+04
 0.12350E+02     0.10306E+04
 0.12450E+02     0.10437E+04
 0.12550E+02     0.10568E+04
 0.12650E+02     0.10700E+04
 0.12750E+02     0.10831E+04
 0.12850E+02     0.10962E+04
 0.12950E+02     0.11094E+04
 0.13050E+02     0.11232E+04
 0.13150E+02     0.11377E+04
 0.13250E+02     0.11522E+04
 0.13350E+02     0.11666E+04
 0.13450E+02     0.11811E+04
 0.13550E+02     0.11955E+04
 0.13650E+02     0.12100E+04
 0.13750E+02     0.12245E+04
 0.13850E+02     0.12389E+04
 0.13950E+02     0.12534E+04
 0.14050E+02     0.12646E+04
 0.14150E+02     0.12723E+04
 0.14250E+02     0.12801E+04
 0.14350E+02     0.12880E+04
 0.14450E+02     0.12960E+04
 0.14550E+02     0.13039E+04
 0.14650E+02     0.13118E+04
 0.14750E+02     0.13197E+04
 0.14850E+02     0.13276E+04
 0.14950E+02     0.13355E+04
 0.15050E+02     0.13424E+04
 0.15150E+02     0.13482E+04
 0.15250E+02     0.13539E+04
 0.15350E+02     0.13597E+04
 0.15450E+02     0.13655E+04
 0.15550E+02     0.13710E+04
 0.15650E+02     0.13766E+04
 0.15750E+02     0.13822E+04
 0.15850E+02     0.13878E+04
 0.15950E+02     0.13934E+04
 0.16050E+02     0.13982E+04
 0.16150E+02     0.14020E+04
 0.16250E+02     0.14058E+04
 0.16350E+02     0.14096E+04
 0.16450E+02     0.14135E+04
 0.16550E+02     0.14173E+04
 0.16650E+02     0.14211E+04
 0.16750E+02     0.14249E+04
 0.16850E+02     0.14286E+04
 0.16950E+02     0.14320E+04
 0.17050E+02     0.14354E+04
 0.17150E+02     0.14388E+04
 0.17250E+02     0.14422E+04
 0.17350E+02     0.14456E+04
 0.17450E+02     0.14490E+04
 0.17550E+02     0.14522E+04
 0.17650E+02     0.14552E+04
 0.17750E+02     0.14582E+04
 0.17850E+02     0.14613E+04
 0.17950E+02     0.14643E+04
 0.18050E+02     0.14673E+04
 0.18150E+02     0.14703E+04
 0.18250E+02     0.14733E+04
 0.18350E+02     0.14762E+04
 0.18450E+02     0.14786E+04
 0.18550E+02     0.14809E+04
 0.18650E+02     0.14833E+04
 0.18750E+02     0.14856E+04
 0.18850E+02     0.14879E+04
 0.18950E+02     0.14903E+04
 0.19050E+02     0.14926E+04
 0.19150E+02     0.14950E+04
 0.19250E+02     0.14973E+04
 0.19350E+02     0.14996E+04
 0.19450E+02     0.15020E+04
 0.19550E+02     0.15043E+04
 0.19650E+02     0.15067E+04
 0.19750E+02     0.15090E+04
 0.19850E+02     0.15113E+04
 0.19950E+02     0.15137E+04
