 0.10250E-09     0.10433E+02
 0.10750E-09     0.10186E+02
 0.11250E-09     0.99599E+01
 0.11750E-09     0.97430E+01
 0.12375E-09     0.94956E+01
 0.13125E-09     0.92194E+01
 0.13875E-09     0.89668E+01
 0.14625E-09     0.87341E+01
 0.15500E-09     0.84846E+01
 0.16500E-09     0.82289E+01
 0.17500E-09     0.79960E+01
 0.18500E-09     0.77680E+01
 0.19500E-09     0.75719E+01
 0.20500E-09     0.73815E+01
 0.21500E-09     0.72092E+01
 0.22500E-09     0.70544E+01
 0.23500E-09     0.68995E+01
 0.24750E-09     0.67174E+01
 0.26250E-09     0.65279E+01
 0.27500E-09     0.63720E+01
 0.29000E-09     0.62064E+01
 0.31000E-09     0.60021E+01
 0.33000E-09     0.58248E+01
 0.35000E-09     0.56511E+01
 0.37000E-09     0.54964E+01
 0.39000E-09     0.53552E+01
 0.41250E-09     0.52059E+01
 0.43750E-09     0.50680E+01
 0.46250E-09     0.49320E+01
 0.48750E-09     0.47961E+01
 0.51250E-09     0.46696E+01
 0.53750E-09     0.45672E+01
 0.56250E-09     0.44661E+01
 0.58750E-09     0.43650E+01
 0.61500E-09     0.42613E+01
 0.64500E-09     0.41627E+01
 0.67500E-09     0.40672E+01
 0.70500E-09     0.39830E+01
 0.74000E-09     0.38861E+01
 0.78000E-09     0.37848E+01
 0.82000E-09     0.36920E+01
 0.86000E-09     0.36036E+01
 0.90000E-09     0.35248E+01
 0.94000E-09     0.34468E+01
 0.98000E-09     0.33772E+01
 0.10250E-08     0.33024E+01
 0.10750E-08     0.32233E+01
 0.11250E-08     0.31528E+01
 0.11750E-08     0.30830E+01
 0.12375E-08     0.30057E+01
 0.13125E-08     0.29172E+01
 0.13875E-08     0.28367E+01
 0.14625E-08     0.27661E+01
 0.15500E-08     0.26859E+01
 0.16500E-08     0.26034E+01
 0.17500E-08     0.25282E+01
 0.18500E-08     0.24572E+01
 0.19500E-08     0.23934E+01
 0.20500E-08     0.23350E+01
 0.21500E-08     0.22803E+01
 0.22500E-08     0.22276E+01
 0.23500E-08     0.21797E+01
 0.24750E-08     0.21258E+01
 0.26250E-08     0.20643E+01
 0.27500E-08     0.20155E+01
 0.29000E-08     0.19654E+01
 0.31000E-08     0.18994E+01
 0.33000E-08     0.18429E+01
 0.35000E-08     0.17927E+01
 0.37000E-08     0.17424E+01
 0.39000E-08     0.16931E+01
 0.41250E-08     0.16488E+01
 0.43750E-08     0.16024E+01
 0.46250E-08     0.15559E+01
 0.48750E-08     0.15137E+01
 0.51250E-08     0.14761E+01
 0.53750E-08     0.14412E+01
 0.56250E-08     0.14092E+01
 0.58750E-08     0.13802E+01
 0.61500E-08     0.13485E+01
 0.64500E-08     0.13157E+01
 0.67500E-08     0.12861E+01
 0.70500E-08     0.12595E+01
 0.74000E-08     0.12302E+01
 0.78000E-08     0.11970E+01
 0.82000E-08     0.11685E+01
 0.86000E-08     0.11424E+01
 0.90000E-08     0.11163E+01
 0.94000E-08     0.10903E+01
 0.98000E-08     0.10678E+01
 0.10250E-07     0.10442E+01
 0.10750E-07     0.10195E+01
 0.11250E-07     0.99803E+00
 0.11750E-07     0.97661E+00
 0.12375E-07     0.95031E+00
 0.13125E-07     0.92384E+00
 0.13875E-07     0.89865E+00
 0.14625E-07     0.87391E+00
 0.15500E-07     0.84877E+00
 0.16500E-07     0.82279E+00
 0.17500E-07     0.79887E+00
 0.18500E-07     0.77709E+00
 0.19500E-07     0.75657E+00
 0.20500E-07     0.73815E+00
 0.21500E-07     0.72091E+00
 0.22500E-07     0.70431E+00
 0.23500E-07     0.68921E+00
 0.24750E-07     0.67174E+00
 0.26250E-07     0.65224E+00
 0.27500E-07     0.63713E+00
 0.29000E-07     0.62064E+00
 0.31000E-07     0.60084E+00
 0.33000E-07     0.58192E+00
 0.35000E-07     0.56516E+00
 0.37000E-07     0.54976E+00
 0.39000E-07     0.53570E+00
 0.41250E-07     0.52090E+00
 0.43750E-07     0.50662E+00
 0.46250E-07     0.49242E+00
 0.48750E-07     0.47894E+00
 0.51250E-07     0.46737E+00
 0.53750E-07     0.45598E+00
 0.56250E-07     0.44574E+00
 0.58750E-07     0.43599E+00
 0.61500E-07     0.42622E+00
 0.64500E-07     0.41615E+00
 0.67500E-07     0.40683E+00
 0.70500E-07     0.39800E+00
 0.74000E-07     0.38852E+00
 0.78000E-07     0.37851E+00
 0.82000E-07     0.36909E+00
 0.86000E-07     0.36038E+00
 0.90000E-07     0.35238E+00
 0.94000E-07     0.34469E+00
 0.98000E-07     0.33763E+00
 0.10250E-06     0.33026E+00
 0.10750E-06     0.32288E+00
 0.11250E-06     0.31550E+00
 0.11750E-06     0.30843E+00
 0.12375E-06     0.30094E+00
 0.13125E-06     0.29203E+00
 0.13875E-06     0.28383E+00
 0.14625E-06     0.27639E+00
 0.15500E-06     0.26856E+00
 0.16500E-06     0.26062E+00
 0.17500E-06     0.25291E+00
 0.18500E-06     0.24618E+00
 0.19500E-06     0.23989E+00
 0.20500E-06     0.23361E+00
 0.21500E-06     0.22808E+00
 0.22500E-06     0.22291E+00
 0.23500E-06     0.21810E+00
 0.24750E-06     0.21273E+00
 0.26250E-06     0.20637E+00
 0.27500E-06     0.20173E+00
 0.29000E-06     0.19643E+00
 0.31000E-06     0.18998E+00
 0.33000E-06     0.18408E+00
 0.35000E-06     0.17893E+00
 0.37000E-06     0.17391E+00
 0.39000E-06     0.16935E+00
 0.41250E-06     0.16470E+00
 0.43750E-06     0.15975E+00
 0.46250E-06     0.15546E+00
 0.48750E-06     0.15150E+00
 0.51250E-06     0.14762E+00
 0.53750E-06     0.14414E+00
 0.56250E-06     0.14101E+00
 0.58750E-06     0.13796E+00
 0.61500E-06     0.13474E+00
 0.64500E-06     0.13157E+00
 0.67500E-06     0.12863E+00
 0.70500E-06     0.12597E+00
 0.74000E-06     0.12293E+00
 0.78000E-06     0.11980E+00
 0.82000E-06     0.11691E+00
 0.86000E-06     0.11402E+00
 0.90000E-06     0.11145E+00
 0.94000E-06     0.10915E+00
 0.98000E-06     0.10684E+00
 0.10250E-05     0.10450E+00
 0.10750E-05     0.10213E+00
 0.11250E-05     0.99749E-01
 0.11750E-05     0.97521E-01
 0.12375E-05     0.95066E-01
 0.13125E-05     0.92291E-01
 0.13875E-05     0.89757E-01
 0.14625E-05     0.87435E-01
 0.15500E-05     0.84920E-01
 0.16500E-05     0.82315E-01
 0.17500E-05     0.79914E-01
 0.18500E-05     0.77735E-01
 0.19500E-05     0.75701E-01
 0.20500E-05     0.73822E-01
 0.21500E-05     0.72096E-01
 0.22500E-05     0.70458E-01
 0.23500E-05     0.68958E-01
 0.24750E-05     0.67195E-01
 0.26250E-05     0.65291E-01
 0.27500E-05     0.63824E-01
 0.29000E-05     0.62223E-01
 0.31000E-05     0.60249E-01
 0.33000E-05     0.58464E-01
 0.35000E-05     0.56876E-01
 0.37000E-05     0.55405E-01
 0.39000E-05     0.53956E-01
 0.41250E-05     0.52566E-01
 0.43750E-05     0.51075E-01
 0.46250E-05     0.49706E-01
 0.48750E-05     0.48496E-01
 0.51250E-05     0.47292E-01
 0.53750E-05     0.46239E-01
 0.56250E-05     0.45252E-01
 0.58750E-05     0.44269E-01
 0.61500E-05     0.43326E-01
 0.64500E-05     0.42355E-01
 0.67500E-05     0.41396E-01
 0.70500E-05     0.40562E-01
 0.74000E-05     0.39632E-01
 0.78000E-05     0.38610E-01
 0.82000E-05     0.37720E-01
 0.86000E-05     0.36840E-01
 0.90000E-05     0.36039E-01
 0.94000E-05     0.35311E-01
 0.98000E-05     0.34583E-01
 0.10250E-04     0.33852E-01
 0.10750E-04     0.33093E-01
 0.11250E-04     0.32349E-01
 0.11750E-04     0.31698E-01
 0.12375E-04     0.30908E-01
 0.13125E-04     0.30046E-01
 0.13875E-04     0.29247E-01
 0.14625E-04     0.28508E-01
 0.15500E-04     0.27728E-01
 0.16500E-04     0.26901E-01
 0.17500E-04     0.26144E-01
 0.18500E-04     0.25458E-01
 0.19500E-04     0.24823E-01
 0.20500E-04     0.24345E-01
 0.21500E-04     0.24028E-01
 0.22500E-04     0.23711E-01
 0.23500E-04     0.23393E-01
 0.24750E-04     0.23045E-01
 0.26250E-04     0.22671E-01
 0.27500E-04     0.22358E-01
 0.29000E-04     0.22007E-01
 0.31000E-04     0.21602E-01
 0.33000E-04     0.21203E-01
 0.35000E-04     0.20846E-01
 0.37000E-04     0.20529E-01
 0.39000E-04     0.20213E-01
 0.41250E-04     0.20195E-01
 0.43750E-04     0.20481E-01
 0.46250E-04     0.20767E-01
 0.48750E-04     0.21053E-01
 0.51250E-04     0.22120E-01
 0.53750E-04     0.23981E-01
 0.56250E-04     0.25922E-01
 0.58750E-04     0.27955E-01
 0.61500E-04     0.34809E-01
 0.64500E-04     0.49238E-01
 0.67500E-04     0.68625E-01
 0.70500E-04     0.96024E-01
 0.74000E-04     0.14941E+00
 0.78000E-04     0.24178E+00
 0.82000E-04     0.38237E+00
 0.86000E-04     0.59214E+00
 0.90000E-04     0.87699E+00
 0.94000E-04     0.11434E+01
 0.98000E-04     0.12506E+01
 0.10250E-03     0.12399E+01
 0.10750E-03     0.11850E+01
 0.11250E-03     0.11357E+01
 0.11750E-03     0.10907E+01
 0.12375E-03     0.95213E+00
 0.13125E-03     0.75591E+00
 0.13875E-03     0.60711E+00
 0.14625E-03     0.49341E+00
 0.15500E-03     0.35214E+00
 0.16500E-03     0.21870E+00
 0.17500E-03     0.13966E+00
 0.18500E-03     0.10662E+00
 0.19500E-03     0.97760E-01
 0.20500E-03     0.93614E-01
 0.21500E-03     0.10482E+00
 0.22500E-03     0.13018E+00
 0.23500E-03     0.16014E+00
 0.24750E-03     0.20510E+00
 0.26250E-03     0.27144E+00
 0.27500E-03     0.33854E+00
 0.29000E-03     0.43644E+00
 0.31000E-03     0.52742E+00
 0.33000E-03     0.56098E+00
 0.35000E-03     0.55301E+00
 0.37000E-03     0.50577E+00
 0.39000E-03     0.46439E+00
 0.41250E-03     0.42024E+00
 0.43750E-03     0.42777E+00
 0.46250E-03     0.41698E+00
 0.48750E-03     0.37230E+00
 0.51250E-03     0.34863E+00
 0.53750E-03     0.34596E+00
 0.56250E-03     0.35453E+00
 0.58750E-03     0.36588E+00
 0.61500E-03     0.37835E+00
 0.64500E-03     0.39325E+00
 0.67500E-03     0.42500E+00
 0.70500E-03     0.45759E+00
 0.74000E-03     0.44950E+00
 0.78000E-03     0.38820E+00
 0.82000E-03     0.35984E+00
 0.86000E-03     0.33446E+00
 0.90000E-03     0.31183E+00
 0.94000E-03     0.29337E+00
 0.98000E-03     0.28131E+00
 0.10250E-02     0.28290E+00
 0.10750E-02     0.28950E+00
 0.11250E-02     0.29998E+00
 0.11750E-02     0.31441E+00
 0.12375E-02     0.33269E+00
 0.13125E-02     0.35742E+00
 0.13875E-02     0.38548E+00
 0.14625E-02     0.44895E+00
 0.15500E-02     0.53570E+00
 0.16500E-02     0.62159E+00
 0.17500E-02     0.61716E+00
 0.18500E-02     0.59003E+00
 0.19500E-02     0.56191E+00
 0.20500E-02     0.56164E+00
 0.21500E-02     0.57217E+00
 0.22500E-02     0.58409E+00
 0.23500E-02     0.59815E+00
 0.24750E-02     0.61606E+00
 0.26250E-02     0.63691E+00
 0.27500E-02     0.65336E+00
 0.29000E-02     0.67279E+00
 0.31000E-02     0.69885E+00
 0.33000E-02     0.72424E+00
 0.35000E-02     0.74778E+00
 0.37000E-02     0.76993E+00
 0.39000E-02     0.79141E+00
 0.41250E-02     0.85705E+00
 0.43750E-02     0.96851E+00
 0.46250E-02     0.10871E+01
 0.48750E-02     0.12115E+01
 0.51250E-02     0.12968E+01
 0.53750E-02     0.13373E+01
 0.56250E-02     0.13772E+01
 0.58750E-02     0.14150E+01
 0.61500E-02     0.14488E+01
 0.64500E-02     0.14787E+01
 0.67500E-02     0.15049E+01
 0.70500E-02     0.15286E+01
 0.74000E-02     0.15516E+01
 0.78000E-02     0.15726E+01
 0.82000E-02     0.15886E+01
 0.86000E-02     0.15989E+01
 0.90000E-02     0.16028E+01
 0.94000E-02     0.16026E+01
 0.98000E-02     0.15962E+01
 0.10250E-01     0.16295E+01
 0.10750E-01     0.17037E+01
 0.11250E-01     0.17777E+01
 0.11750E-01     0.18515E+01
 0.12375E-01     0.19432E+01
 0.13125E-01     0.20532E+01
 0.13875E-01     0.21628E+01
 0.14625E-01     0.22722E+01
 0.15500E-01     0.23992E+01
 0.16500E-01     0.25442E+01
 0.17500E-01     0.26889E+01
 0.18500E-01     0.28331E+01
 0.19500E-01     0.29773E+01
 0.20500E-01     0.31213E+01
 0.21500E-01     0.32653E+01
 0.22500E-01     0.34086E+01
 0.23500E-01     0.35517E+01
 0.24750E-01     0.37299E+01
 0.26250E-01     0.39431E+01
 0.27500E-01     0.41209E+01
 0.29000E-01     0.43317E+01
 0.31000E-01     0.46131E+01
 0.33000E-01     0.48932E+01
 0.35000E-01     0.51729E+01
 0.37000E-01     0.54506E+01
 0.39000E-01     0.57280E+01
 0.41250E-01     0.60378E+01
 0.43750E-01     0.63813E+01
 0.46250E-01     0.67234E+01
 0.48750E-01     0.70647E+01
 0.51250E-01     0.74035E+01
 0.53750E-01     0.77399E+01
 0.56250E-01     0.80763E+01
 0.58750E-01     0.84126E+01
 0.61500E-01     0.87785E+01
 0.64500E-01     0.91749E+01
 0.67500E-01     0.95712E+01
 0.70500E-01     0.99663E+01
 0.74000E-01     0.10421E+02
 0.78000E-01     0.10942E+02
 0.82000E-01     0.11459E+02
 0.86000E-01     0.11971E+02
 0.90000E-01     0.12483E+02
 0.94000E-01     0.12995E+02
 0.98000E-01     0.13506E+02
 0.10250E+00     0.14067E+02
 0.10750E+00     0.14669E+02
 0.11250E+00     0.15271E+02
 0.11750E+00     0.15873E+02
 0.12375E+00     0.16622E+02
 0.13125E+00     0.17502E+02
 0.13875E+00     0.18380E+02
 0.14625E+00     0.19259E+02
 0.15500E+00     0.20253E+02
 0.16500E+00     0.21363E+02
 0.17500E+00     0.22467E+02
 0.18500E+00     0.23550E+02
 0.19500E+00     0.24631E+02
 0.20500E+00     0.25676E+02
 0.21500E+00     0.26684E+02
 0.22500E+00     0.27692E+02
 0.23500E+00     0.28700E+02
 0.24750E+00     0.29955E+02
 0.26250E+00     0.31370E+02
 0.27500E+00     0.32525E+02
 0.29000E+00     0.33915E+02
 0.31000E+00     0.35703E+02
 0.33000E+00     0.37430E+02
 0.35000E+00     0.39103E+02
 0.37000E+00     0.40617E+02
 0.39000E+00     0.42114E+02
 0.41250E+00     0.43640E+02
 0.43750E+00     0.45195E+02
 0.46250E+00     0.46695E+02
 0.48750E+00     0.48142E+02
 0.51250E+00     0.49494E+02
 0.53750E+00     0.50751E+02
 0.56250E+00     0.51925E+02
 0.58750E+00     0.53016E+02
 0.61500E+00     0.54127E+02
 0.64500E+00     0.55247E+02
 0.67500E+00     0.56248E+02
 0.70500E+00     0.57178E+02
 0.74000E+00     0.58267E+02
 0.78000E+00     0.62377E+02
 0.82000E+00     0.65695E+02
 0.86000E+00     0.66994E+02
 0.90000E+00     0.68170E+02
 0.94000E+00     0.69218E+02
 0.98000E+00     0.70159E+02
 0.10500E+01     0.70963E+02
 0.11500E+01     0.71371E+02
 0.12500E+01     0.71250E+02
 0.13500E+01     0.70716E+02
 0.14500E+01     0.81722E+02
 0.15500E+01     0.93192E+02
 0.16500E+01     0.93223E+02
 0.17500E+01     0.94239E+02
 0.18500E+01     0.97066E+02
 0.19500E+01     0.10102E+03
 0.20500E+01     0.98837E+02
 0.21500E+01     0.95226E+02
 0.22500E+01     0.92628E+02
 0.23500E+01     0.92959E+02
 0.24500E+01     0.93787E+02
 0.25500E+01     0.94304E+02
 0.26500E+01     0.94752E+02
 0.27500E+01     0.95059E+02
 0.28500E+01     0.95163E+02
 0.29500E+01     0.11252E+03
 0.30500E+01     0.13114E+03
 0.31500E+01     0.13289E+03
 0.32500E+01     0.13466E+03
 0.33500E+01     0.13640E+03
 0.34500E+01     0.13812E+03
 0.35500E+01     0.13985E+03
 0.36500E+01     0.14156E+03
 0.37500E+01     0.14321E+03
 0.38500E+01     0.14484E+03
 0.39500E+01     0.14647E+03
 0.40500E+01     0.14793E+03
 0.41500E+01     0.14920E+03
 0.42500E+01     0.15042E+03
 0.43500E+01     0.15157E+03
 0.44500E+01     0.15262E+03
 0.45500E+01     0.15357E+03
 0.46500E+01     0.15447E+03
 0.47500E+01     0.15533E+03
 0.48500E+01     0.15612E+03
 0.49500E+01     0.17214E+03
 0.50500E+01     0.20563E+03
 0.51500E+01     0.20622E+03
 0.52500E+01     0.20680E+03
 0.53500E+01     0.20728E+03
 0.54500E+01     0.20773E+03
 0.55500E+01     0.20815E+03
 0.56500E+01     0.20852E+03
 0.57500E+01     0.20887E+03
 0.58500E+01     0.20912E+03
 0.59500E+01     0.20935E+03
 0.60500E+01     0.20952E+03
 0.61500E+01     0.20964E+03
 0.62500E+01     0.20974E+03
 0.63500E+01     0.20977E+03
 0.64500E+01     0.20980E+03
 0.65500E+01     0.20976E+03
 0.66500E+01     0.20965E+03
 0.67500E+01     0.20954E+03
 0.68500E+01     0.20943E+03
 0.69500E+01     0.20931E+03
 0.70500E+01     0.20928E+03
 0.71500E+01     0.20934E+03
 0.72500E+01     0.20940E+03
 0.73500E+01     0.20945E+03
 0.74500E+01     0.20950E+03
 0.75500E+01     0.20954E+03
 0.76500E+01     0.20957E+03
 0.77500E+01     0.21159E+03
 0.78500E+01     0.22587E+03
 0.79500E+01     0.24230E+03
 0.80500E+01     0.25062E+03
 0.81500E+01     0.25046E+03
 0.82500E+01     0.25030E+03
 0.83500E+01     0.25011E+03
 0.84500E+01     0.24991E+03
 0.85500E+01     0.24966E+03
 0.86500E+01     0.24934E+03
 0.87500E+01     0.24901E+03
 0.88500E+01     0.24869E+03
 0.89500E+01     0.24835E+03
 0.90500E+01     0.24802E+03
 0.91500E+01     0.24768E+03
 0.92500E+01     0.24732E+03
 0.93500E+01     0.24689E+03
 0.94500E+01     0.24621E+03
 0.95500E+01     0.24445E+03
 0.96500E+01     0.24250E+03
 0.97500E+01     0.24092E+03
 0.98500E+01     0.23936E+03
 0.99500E+01     0.23778E+03
 0.10050E+02     0.23641E+03
 0.10150E+02     0.23467E+03
 0.10250E+02     0.23302E+03
 0.10350E+02     0.23131E+03
 0.10450E+02     0.22970E+03
 0.10550E+02     0.22817E+03
 0.10650E+02     0.22673E+03
 0.10750E+02     0.22548E+03
 0.10850E+02     0.22472E+03
 0.10950E+02     0.23614E+03
 0.11050E+02     0.24444E+03
 0.11150E+02     0.24316E+03
 0.11250E+02     0.24218E+03
 0.11350E+02     0.24121E+03
 0.11450E+02     0.24057E+03
 0.11550E+02     0.23985E+03
 0.11650E+02     0.23899E+03
 0.11750E+02     0.23835E+03
 0.11850E+02     0.23782E+03
 0.11950E+02     0.24336E+03
 0.12050E+02     0.24794E+03
 0.12150E+02     0.24842E+03
 0.12250E+02     0.24889E+03
 0.12350E+02     0.24918E+03
 0.12450E+02     0.24945E+03
 0.12550E+02     0.24958E+03
 0.12650E+02     0.24957E+03
 0.12750E+02     0.25031E+03
 0.12850E+02     0.25559E+03
 0.12950E+02     0.26171E+03
 0.13050E+02     0.26482E+03
 0.13150E+02     0.26472E+03
 0.13250E+02     0.26460E+03
 0.13350E+02     0.26435E+03
 0.13450E+02     0.26409E+03
 0.13550E+02     0.26375E+03
 0.13650E+02     0.26334E+03
 0.13750E+02     0.26288E+03
 0.13850E+02     0.26216E+03
 0.13950E+02     0.26138E+03
 0.14050E+02     0.26070E+03
 0.14150E+02     0.26013E+03
 0.14250E+02     0.25954E+03
 0.14350E+02     0.25884E+03
 0.14450E+02     0.25810E+03
 0.14550E+02     0.26063E+03
 0.14650E+02     0.26666E+03
 0.14750E+02     0.27268E+03
 0.14850E+02     0.27870E+03
 0.14950E+02     0.28473E+03
 0.15050E+02     0.28825E+03
 0.15150E+02     0.28911E+03
 0.15250E+02     0.28997E+03
 0.15350E+02     0.29083E+03
 0.15450E+02     0.29168E+03
 0.15550E+02     0.29239E+03
 0.15650E+02     0.29295E+03
 0.15750E+02     0.29351E+03
 0.15850E+02     0.29407E+03
 0.15950E+02     0.29463E+03
 0.16050E+02     0.29499E+03
 0.16150E+02     0.29515E+03
 0.16250E+02     0.29531E+03
 0.16350E+02     0.29547E+03
 0.16450E+02     0.29563E+03
 0.16550E+02     0.29571E+03
 0.16650E+02     0.29569E+03
 0.16750E+02     0.29568E+03
 0.16850E+02     0.29566E+03
 0.16950E+02     0.29565E+03
 0.17050E+02     0.29557E+03
 0.17150E+02     0.29542E+03
 0.17250E+02     0.29528E+03
 0.17350E+02     0.29513E+03
 0.17450E+02     0.29498E+03
 0.17550E+02     0.29694E+03
 0.17650E+02     0.30115E+03
 0.17750E+02     0.30536E+03
 0.17850E+02     0.30957E+03
 0.17950E+02     0.31378E+03
 0.18050E+02     0.31579E+03
 0.18150E+02     0.31544E+03
 0.18250E+02     0.31510E+03
 0.18350E+02     0.31475E+03
 0.18450E+02     0.31441E+03
 0.18550E+02     0.31400E+03
 0.18650E+02     0.31354E+03
 0.18750E+02     0.31307E+03
 0.18850E+02     0.31260E+03
 0.18950E+02     0.31214E+03
 0.19050E+02     0.31160E+03
 0.19150E+02     0.31098E+03
 0.19250E+02     0.31035E+03
 0.19350E+02     0.30973E+03
 0.19450E+02     0.30911E+03
 0.19550E+02     0.30845E+03
 0.19650E+02     0.30773E+03
 0.19750E+02     0.30701E+03
 0.19850E+02     0.30629E+03
 0.19950E+02     0.30557E+03
