 0.10250E-09     0.14119E+02
 0.10750E-09     0.11894E+02
 0.11250E-09     0.11164E+02
 0.11750E-09     0.10926E+02
 0.12375E-09     0.10656E+02
 0.13125E-09     0.10354E+02
 0.13875E-09     0.10077E+02
 0.14625E-09     0.98228E+01
 0.15500E-09     0.95505E+01
 0.16500E-09     0.92687E+01
 0.17500E-09     0.90130E+01
 0.18500E-09     0.87671E+01
 0.19500E-09     0.85559E+01
 0.20500E-09     0.83479E+01
 0.21500E-09     0.81537E+01
 0.22500E-09     0.79849E+01
 0.23500E-09     0.78168E+01
 0.24750E-09     0.76193E+01
 0.26250E-09     0.74147E+01
 0.27500E-09     0.72461E+01
 0.29000E-09     0.70595E+01
 0.31000E-09     0.68369E+01
 0.33000E-09     0.66377E+01
 0.35000E-09     0.64527E+01
 0.37000E-09     0.62797E+01
 0.39000E-09     0.61251E+01
 0.41250E-09     0.59615E+01
 0.43750E-09     0.58008E+01
 0.46250E-09     0.56423E+01
 0.48750E-09     0.55042E+01
 0.51250E-09     0.53724E+01
 0.53750E-09     0.52496E+01
 0.56250E-09     0.51392E+01
 0.58750E-09     0.50292E+01
 0.61500E-09     0.49216E+01
 0.64500E-09     0.48108E+01
 0.67500E-09     0.47032E+01
 0.70500E-09     0.46089E+01
 0.74000E-09     0.45005E+01
 0.78000E-09     0.43868E+01
 0.82000E-09     0.42824E+01
 0.86000E-09     0.41828E+01
 0.90000E-09     0.40936E+01
 0.94000E-09     0.40053E+01
 0.98000E-09     0.39264E+01
 0.10250E-08     0.38413E+01
 0.10750E-08     0.37512E+01
 0.11250E-08     0.36707E+01
 0.11750E-08     0.35909E+01
 0.12375E-08     0.35020E+01
 0.13125E-08     0.34006E+01
 0.13875E-08     0.33106E+01
 0.14625E-08     0.32237E+01
 0.15500E-08     0.31316E+01
 0.16500E-08     0.30401E+01
 0.17500E-08     0.29515E+01
 0.18500E-08     0.28696E+01
 0.19500E-08     0.27970E+01
 0.20500E-08     0.27256E+01
 0.21500E-08     0.26619E+01
 0.22500E-08     0.26020E+01
 0.23500E-08     0.25474E+01
 0.24750E-08     0.24821E+01
 0.26250E-08     0.24153E+01
 0.27500E-08     0.23609E+01
 0.29000E-08     0.22952E+01
 0.31000E-08     0.22198E+01
 0.33000E-08     0.21530E+01
 0.35000E-08     0.20873E+01
 0.37000E-08     0.20314E+01
 0.39000E-08     0.19778E+01
 0.41250E-08     0.19219E+01
 0.43750E-08     0.18665E+01
 0.46250E-08     0.18156E+01
 0.48750E-08     0.17675E+01
 0.51250E-08     0.17254E+01
 0.53750E-08     0.16858E+01
 0.56250E-08     0.16463E+01
 0.58750E-08     0.16100E+01
 0.61500E-08     0.15752E+01
 0.64500E-08     0.15390E+01
 0.67500E-08     0.15029E+01
 0.70500E-08     0.14712E+01
 0.74000E-08     0.14370E+01
 0.78000E-08     0.13981E+01
 0.82000E-08     0.13640E+01
 0.86000E-08     0.13319E+01
 0.90000E-08     0.13011E+01
 0.94000E-08     0.12735E+01
 0.98000E-08     0.12467E+01
 0.10250E-07     0.12193E+01
 0.10750E-07     0.11904E+01
 0.11250E-07     0.11637E+01
 0.11750E-07     0.11387E+01
 0.12375E-07     0.11095E+01
 0.13125E-07     0.10775E+01
 0.13875E-07     0.10479E+01
 0.14625E-07     0.10205E+01
 0.15500E-07     0.99146E+00
 0.16500E-07     0.96101E+00
 0.17500E-07     0.93330E+00
 0.18500E-07     0.90848E+00
 0.19500E-07     0.88413E+00
 0.20500E-07     0.86349E+00
 0.21500E-07     0.84386E+00
 0.22500E-07     0.82423E+00
 0.23500E-07     0.80547E+00
 0.24750E-07     0.78601E+00
 0.26250E-07     0.76299E+00
 0.27500E-07     0.74478E+00
 0.29000E-07     0.72626E+00
 0.31000E-07     0.70189E+00
 0.33000E-07     0.68087E+00
 0.35000E-07     0.66091E+00
 0.37000E-07     0.64229E+00
 0.39000E-07     0.62550E+00
 0.41250E-07     0.60825E+00
 0.43750E-07     0.59122E+00
 0.46250E-07     0.57474E+00
 0.48750E-07     0.55978E+00
 0.51250E-07     0.54634E+00
 0.53750E-07     0.53291E+00
 0.56250E-07     0.52062E+00
 0.58750E-07     0.50931E+00
 0.61500E-07     0.49794E+00
 0.64500E-07     0.48608E+00
 0.67500E-07     0.47520E+00
 0.70500E-07     0.46508E+00
 0.74000E-07     0.45430E+00
 0.78000E-07     0.44218E+00
 0.82000E-07     0.43195E+00
 0.86000E-07     0.42212E+00
 0.90000E-07     0.41230E+00
 0.94000E-07     0.40271E+00
 0.98000E-07     0.39438E+00
 0.10250E-06     0.38561E+00
 0.10750E-06     0.37656E+00
 0.11250E-06     0.36843E+00
 0.11750E-06     0.36077E+00
 0.12375E-06     0.35131E+00
 0.13125E-06     0.34107E+00
 0.13875E-06     0.33196E+00
 0.14625E-06     0.32359E+00
 0.15500E-06     0.31399E+00
 0.16500E-06     0.30447E+00
 0.17500E-06     0.29543E+00
 0.18500E-06     0.28751E+00
 0.19500E-06     0.28003E+00
 0.20500E-06     0.27293E+00
 0.21500E-06     0.26675E+00
 0.22500E-06     0.26062E+00
 0.23500E-06     0.25485E+00
 0.24750E-06     0.24836E+00
 0.26250E-06     0.24113E+00
 0.27500E-06     0.23576E+00
 0.29000E-06     0.22955E+00
 0.31000E-06     0.22207E+00
 0.33000E-06     0.21515E+00
 0.35000E-06     0.20896E+00
 0.37000E-06     0.20316E+00
 0.39000E-06     0.19802E+00
 0.41250E-06     0.19256E+00
 0.43750E-06     0.18685E+00
 0.46250E-06     0.18179E+00
 0.48750E-06     0.17694E+00
 0.51250E-06     0.17263E+00
 0.53750E-06     0.16854E+00
 0.56250E-06     0.16486E+00
 0.58750E-06     0.16129E+00
 0.61500E-06     0.15761E+00
 0.64500E-06     0.15398E+00
 0.67500E-06     0.15042E+00
 0.70500E-06     0.14727E+00
 0.74000E-06     0.14371E+00
 0.78000E-06     0.14013E+00
 0.82000E-06     0.13676E+00
 0.86000E-06     0.13339E+00
 0.90000E-06     0.13042E+00
 0.94000E-06     0.12770E+00
 0.98000E-06     0.12499E+00
 0.10250E-05     0.12213E+00
 0.10750E-05     0.11932E+00
 0.11250E-05     0.11665E+00
 0.11750E-05     0.11412E+00
 0.12375E-05     0.11127E+00
 0.13125E-05     0.10806E+00
 0.13875E-05     0.10514E+00
 0.14625E-05     0.10237E+00
 0.15500E-05     0.99468E-01
 0.16500E-05     0.96451E-01
 0.17500E-05     0.93666E-01
 0.18500E-05     0.91139E-01
 0.19500E-05     0.88781E-01
 0.20500E-05     0.86604E-01
 0.21500E-05     0.84621E-01
 0.22500E-05     0.82744E-01
 0.23500E-05     0.80958E-01
 0.24750E-05     0.78937E-01
 0.26250E-05     0.76744E-01
 0.27500E-05     0.75054E-01
 0.29000E-05     0.73213E-01
 0.31000E-05     0.70957E-01
 0.33000E-05     0.68884E-01
 0.35000E-05     0.67074E-01
 0.37000E-05     0.65391E-01
 0.39000E-05     0.63734E-01
 0.41250E-05     0.62150E-01
 0.43750E-05     0.60453E-01
 0.46250E-05     0.58899E-01
 0.48750E-05     0.57529E-01
 0.51250E-05     0.56167E-01
 0.53750E-05     0.54981E-01
 0.56250E-05     0.53871E-01
 0.58750E-05     0.52766E-01
 0.61500E-05     0.51713E-01
 0.64500E-05     0.50631E-01
 0.67500E-05     0.49562E-01
 0.70500E-05     0.48639E-01
 0.74000E-05     0.47612E-01
 0.78000E-05     0.46505E-01
 0.82000E-05     0.45611E-01
 0.86000E-05     0.44731E-01
 0.90000E-05     0.43852E-01
 0.94000E-05     0.42972E-01
 0.98000E-05     0.42135E-01
 0.10250E-04     0.41379E-01
 0.10750E-04     0.40555E-01
 0.11250E-04     0.39752E-01
 0.11750E-04     0.39097E-01
 0.12375E-04     0.38313E-01
 0.13125E-04     0.37377E-01
 0.13875E-04     0.36538E-01
 0.14625E-04     0.35796E-01
 0.15500E-04     0.35021E-01
 0.16500E-04     0.34208E-01
 0.17500E-04     0.33504E-01
 0.18500E-04     0.32861E-01
 0.19500E-04     0.32235E-01
 0.20500E-04     0.31831E-01
 0.21500E-04     0.31606E-01
 0.22500E-04     0.31381E-01
 0.23500E-04     0.31158E-01
 0.24750E-04     0.30944E-01
 0.26250E-04     0.30709E-01
 0.27500E-04     0.30513E-01
 0.29000E-04     0.30324E-01
 0.31000E-04     0.30111E-01
 0.33000E-04     0.29899E-01
 0.35000E-04     0.29731E-01
 0.37000E-04     0.29606E-01
 0.39000E-04     0.29481E-01
 0.41250E-04     0.29719E-01
 0.43750E-04     0.30329E-01
 0.46250E-04     0.30938E-01
 0.48750E-04     0.31548E-01
 0.51250E-04     0.33064E-01
 0.53750E-04     0.35502E-01
 0.56250E-04     0.38027E-01
 0.58750E-04     0.40651E-01
 0.61500E-04     0.48940E-01
 0.64500E-04     0.66121E-01
 0.67500E-04     0.89106E-01
 0.70500E-04     0.12165E+00
 0.74000E-04     0.18542E+00
 0.78000E-04     0.29522E+00
 0.82000E-04     0.46175E+00
 0.86000E-04     0.71015E+00
 0.90000E-04     0.10482E+01
 0.94000E-04     0.13762E+01
 0.98000E-04     0.15026E+01
 0.10250E-03     0.14815E+01
 0.10750E-03     0.14185E+01
 0.11250E-03     0.13727E+01
 0.11750E-03     0.13136E+01
 0.12375E-03     0.11455E+01
 0.13125E-03     0.91250E+00
 0.13875E-03     0.73492E+00
 0.14625E-03     0.60095E+00
 0.15500E-03     0.43526E+00
 0.16500E-03     0.27861E+00
 0.17500E-03     0.18583E+00
 0.18500E-03     0.14927E+00
 0.19500E-03     0.14355E+00
 0.20500E-03     0.14371E+00
 0.21500E-03     0.16238E+00
 0.22500E-03     0.19816E+00
 0.23500E-03     0.25045E+00
 0.24750E-03     0.34450E+00
 0.26250E-03     0.53079E+00
 0.27500E-03     0.72347E+00
 0.29000E-03     0.87057E+00
 0.31000E-03     0.93618E+00
 0.33000E-03     0.92799E+00
 0.35000E-03     0.88588E+00
 0.37000E-03     0.92044E+00
 0.39000E-03     0.94750E+00
 0.41250E-03     0.70569E+00
 0.43750E-03     0.59278E+00
 0.46250E-03     0.51979E+00
 0.48750E-03     0.45827E+00
 0.51250E-03     0.42636E+00
 0.53750E-03     0.42282E+00
 0.56250E-03     0.43230E+00
 0.58750E-03     0.44500E+00
 0.61500E-03     0.45895E+00
 0.64500E-03     0.47640E+00
 0.67500E-03     0.52296E+00
 0.70500E-03     0.57090E+00
 0.74000E-03     0.56682E+00
 0.78000E-03     0.50439E+00
 0.82000E-03     0.46601E+00
 0.86000E-03     0.42416E+00
 0.90000E-03     0.39041E+00
 0.94000E-03     0.36285E+00
 0.98000E-03     0.34126E+00
 0.10250E-02     0.34049E+00
 0.10750E-02     0.35197E+00
 0.11250E-02     0.36674E+00
 0.11750E-02     0.38487E+00
 0.12375E-02     0.40751E+00
 0.13125E-02     0.43525E+00
 0.13875E-02     0.46616E+00
 0.14625E-02     0.53738E+00
 0.15500E-02     0.63495E+00
 0.16500E-02     0.73375E+00
 0.17500E-02     0.73747E+00
 0.18500E-02     0.71049E+00
 0.19500E-02     0.68154E+00
 0.20500E-02     0.68385E+00
 0.21500E-02     0.69746E+00
 0.22500E-02     0.71138E+00
 0.23500E-02     0.72544E+00
 0.24750E-02     0.74300E+00
 0.26250E-02     0.76412E+00
 0.27500E-02     0.78165E+00
 0.29000E-02     0.80222E+00
 0.31000E-02     0.83053E+00
 0.33000E-02     0.85934E+00
 0.35000E-02     0.88670E+00
 0.37000E-02     0.91213E+00
 0.39000E-02     0.93730E+00
 0.41250E-02     0.10134E+01
 0.43750E-02     0.11419E+01
 0.46250E-02     0.12821E+01
 0.48750E-02     0.14284E+01
 0.51250E-02     0.15272E+01
 0.53750E-02     0.15761E+01
 0.56250E-02     0.16239E+01
 0.58750E-02     0.16697E+01
 0.61500E-02     0.17097E+01
 0.64500E-02     0.17441E+01
 0.67500E-02     0.17785E+01
 0.70500E-02     0.18109E+01
 0.74000E-02     0.18404E+01
 0.78000E-02     0.18678E+01
 0.82000E-02     0.18894E+01
 0.86000E-02     0.19040E+01
 0.90000E-02     0.19112E+01
 0.94000E-02     0.19132E+01
 0.98000E-02     0.19075E+01
 0.10250E-01     0.19492E+01
 0.10750E-01     0.20399E+01
 0.11250E-01     0.21305E+01
 0.11750E-01     0.22211E+01
 0.12375E-01     0.23339E+01
 0.13125E-01     0.24697E+01
 0.13875E-01     0.26053E+01
 0.14625E-01     0.27408E+01
 0.15500E-01     0.28982E+01
 0.16500E-01     0.30784E+01
 0.17500E-01     0.32583E+01
 0.18500E-01     0.34376E+01
 0.19500E-01     0.36167E+01
 0.20500E-01     0.37958E+01
 0.21500E-01     0.39748E+01
 0.22500E-01     0.41532E+01
 0.23500E-01     0.43314E+01
 0.24750E-01     0.45525E+01
 0.26250E-01     0.48180E+01
 0.27500E-01     0.50399E+01
 0.29000E-01     0.53036E+01
 0.31000E-01     0.56549E+01
 0.33000E-01     0.60054E+01
 0.35000E-01     0.63557E+01
 0.37000E-01     0.67030E+01
 0.39000E-01     0.70495E+01
 0.41250E-01     0.74385E+01
 0.43750E-01     0.78680E+01
 0.46250E-01     0.82953E+01
 0.48750E-01     0.87226E+01
 0.51250E-01     0.91464E+01
 0.53750E-01     0.95666E+01
 0.56250E-01     0.99867E+01
 0.58750E-01     0.10407E+02
 0.61500E-01     0.10864E+02
 0.64500E-01     0.11358E+02
 0.67500E-01     0.11852E+02
 0.70500E-01     0.12346E+02
 0.74000E-01     0.12912E+02
 0.78000E-01     0.13555E+02
 0.82000E-01     0.14198E+02
 0.86000E-01     0.14834E+02
 0.90000E-01     0.15452E+02
 0.94000E-01     0.16071E+02
 0.98000E-01     0.16689E+02
 0.10250E+00     0.17388E+02
 0.10750E+00     0.18160E+02
 0.11250E+00     0.18919E+02
 0.11750E+00     0.19659E+02
 0.12375E+00     0.20584E+02
 0.13125E+00     0.21673E+02
 0.13875E+00     0.22737E+02
 0.14625E+00     0.23791E+02
 0.15500E+00     0.24988E+02
 0.16500E+00     0.26328E+02
 0.17500E+00     0.27662E+02
 0.18500E+00     0.28948E+02
 0.19500E+00     0.30208E+02
 0.20500E+00     0.31432E+02
 0.21500E+00     0.32610E+02
 0.22500E+00     0.33747E+02
 0.23500E+00     0.34885E+02
 0.24750E+00     0.36290E+02
 0.26250E+00     0.37840E+02
 0.27500E+00     0.39104E+02
 0.29000E+00     0.40608E+02
 0.31000E+00     0.42410E+02
 0.33000E+00     0.44155E+02
 0.35000E+00     0.45786E+02
 0.37000E+00     0.47221E+02
 0.39000E+00     0.48653E+02
 0.41250E+00     0.50148E+02
 0.43750E+00     0.51655E+02
 0.46250E+00     0.52992E+02
 0.48750E+00     0.54174E+02
 0.51250E+00     0.55866E+02
 0.53750E+00     0.58102E+02
 0.56250E+00     0.60291E+02
 0.58750E+00     0.62427E+02
 0.61500E+00     0.64740E+02
 0.64500E+00     0.67187E+02
 0.67500E+00     0.69560E+02
 0.70500E+00     0.71885E+02
 0.74000E+00     0.74506E+02
 0.78000E+00     0.77395E+02
 0.82000E+00     0.80196E+02
 0.86000E+00     0.82927E+02
 0.90000E+00     0.85553E+02
 0.94000E+00     0.88067E+02
 0.98000E+00     0.90531E+02
 0.10500E+01     0.93708E+02
 0.11500E+01     0.97312E+02
 0.12500E+01     0.10028E+03
 0.13500E+01     0.10159E+03
 0.14500E+01     0.10229E+03
 0.15500E+01     0.10489E+03
 0.16500E+01     0.10959E+03
 0.17500E+01     0.11415E+03
 0.18500E+01     0.11849E+03
 0.19500E+01     0.12267E+03
 0.20500E+01     0.12573E+03
 0.21500E+01     0.12754E+03
 0.22500E+01     0.12917E+03
 0.23500E+01     0.13064E+03
 0.24500E+01     0.13199E+03
 0.25500E+01     0.13408E+03
 0.26500E+01     0.13690E+03
 0.27500E+01     0.13977E+03
 0.28500E+01     0.14341E+03
 0.29500E+01     0.14705E+03
 0.30500E+01     0.15291E+03
 0.31500E+01     0.16124E+03
 0.32500E+01     0.16970E+03
 0.33500E+01     0.17828E+03
 0.34500E+01     0.18699E+03
 0.35500E+01     0.19583E+03
 0.36500E+01     0.20479E+03
 0.37500E+01     0.21388E+03
 0.38500E+01     0.22307E+03
 0.39500E+01     0.23238E+03
 0.40500E+01     0.24111E+03
 0.41500E+01     0.24922E+03
 0.42500E+01     0.25738E+03
 0.43500E+01     0.26561E+03
 0.44500E+01     0.27388E+03
 0.45500E+01     0.28223E+03
 0.46500E+01     0.29060E+03
 0.47500E+01     0.29904E+03
 0.48500E+01     0.30753E+03
 0.49500E+01     0.31604E+03
 0.50500E+01     0.32462E+03
 0.51500E+01     0.33323E+03
 0.52500E+01     0.34191E+03
 0.53500E+01     0.35068E+03
 0.54500E+01     0.35946E+03
 0.55500E+01     0.36832E+03
 0.56500E+01     0.37729E+03
 0.57500E+01     0.38626E+03
 0.58500E+01     0.39527E+03
 0.59500E+01     0.40438E+03
 0.60500E+01     0.41304E+03
 0.61500E+01     0.42124E+03
 0.62500E+01     0.42951E+03
 0.63500E+01     0.43781E+03
 0.64500E+01     0.44619E+03
 0.65500E+01     0.45460E+03
 0.66500E+01     0.46308E+03
 0.67500E+01     0.47161E+03
 0.68500E+01     0.48021E+03
 0.69500E+01     0.48884E+03
 0.70500E+01     0.49777E+03
 0.71500E+01     0.50700E+03
 0.72500E+01     0.51630E+03
 0.73500E+01     0.52565E+03
 0.74500E+01     0.53509E+03
 0.75500E+01     0.54458E+03
 0.76500E+01     0.55416E+03
 0.77500E+01     0.56378E+03
 0.78500E+01     0.57349E+03
 0.79500E+01     0.58327E+03
 0.80500E+01     0.59262E+03
 0.81500E+01     0.60152E+03
 0.82500E+01     0.61045E+03
 0.83500E+01     0.61947E+03
 0.84500E+01     0.62853E+03
 0.85500E+01     0.63766E+03
 0.86500E+01     0.64684E+03
 0.87500E+01     0.65606E+03
 0.88500E+01     0.66534E+03
 0.89500E+01     0.67470E+03
 0.90500E+01     0.68415E+03
 0.91500E+01     0.69377E+03
 0.92500E+01     0.70343E+03
 0.93500E+01     0.71314E+03
 0.94500E+01     0.72280E+03
 0.95500E+01     0.73196E+03
 0.96500E+01     0.74116E+03
 0.97500E+01     0.75042E+03
 0.98500E+01     0.75978E+03
 0.99500E+01     0.76913E+03
 0.10050E+02     0.77854E+03
 0.10150E+02     0.78800E+03
 0.10250E+02     0.79747E+03
 0.10350E+02     0.80693E+03
 0.10450E+02     0.81639E+03
 0.10550E+02     0.82586E+03
 0.10650E+02     0.83532E+03
 0.10750E+02     0.84479E+03
 0.10850E+02     0.85425E+03
 0.10950E+02     0.86387E+03
 0.11050E+02     0.87449E+03
 0.11150E+02     0.88605E+03
 0.11250E+02     0.89761E+03
 0.11350E+02     0.90916E+03
 0.11450E+02     0.92072E+03
 0.11550E+02     0.93228E+03
 0.11650E+02     0.94384E+03
 0.11750E+02     0.95539E+03
 0.11850E+02     0.96697E+03
 0.11950E+02     0.97872E+03
 0.12050E+02     0.99123E+03
 0.12150E+02     0.10044E+04
 0.12250E+02     0.10175E+04
 0.12350E+02     0.10306E+04
 0.12450E+02     0.10437E+04
 0.12550E+02     0.10568E+04
 0.12650E+02     0.10700E+04
 0.12750E+02     0.10831E+04
 0.12850E+02     0.10962E+04
 0.12950E+02     0.11094E+04
 0.13050E+02     0.11232E+04
 0.13150E+02     0.11377E+04
 0.13250E+02     0.11522E+04
 0.13350E+02     0.11666E+04
 0.13450E+02     0.11811E+04
 0.13550E+02     0.11955E+04
 0.13650E+02     0.12100E+04
 0.13750E+02     0.12245E+04
 0.13850E+02     0.12389E+04
 0.13950E+02     0.12534E+04
 0.14050E+02     0.12646E+04
 0.14150E+02     0.12723E+04
 0.14250E+02     0.12801E+04
 0.14350E+02     0.12880E+04
 0.14450E+02     0.12960E+04
 0.14550E+02     0.13039E+04
 0.14650E+02     0.13118E+04
 0.14750E+02     0.13197E+04
 0.14850E+02     0.13276E+04
 0.14950E+02     0.13355E+04
 0.15050E+02     0.13424E+04
 0.15150E+02     0.13482E+04
 0.15250E+02     0.13539E+04
 0.15350E+02     0.13597E+04
 0.15450E+02     0.13655E+04
 0.15550E+02     0.13710E+04
 0.15650E+02     0.13766E+04
 0.15750E+02     0.13822E+04
 0.15850E+02     0.13878E+04
 0.15950E+02     0.13934E+04
 0.16050E+02     0.13982E+04
 0.16150E+02     0.14020E+04
 0.16250E+02     0.14058E+04
 0.16350E+02     0.14096E+04
 0.16450E+02     0.14135E+04
 0.16550E+02     0.14173E+04
 0.16650E+02     0.14211E+04
 0.16750E+02     0.14249E+04
 0.16850E+02     0.14286E+04
 0.16950E+02     0.14320E+04
 0.17050E+02     0.14354E+04
 0.17150E+02     0.14388E+04
 0.17250E+02     0.14422E+04
 0.17350E+02     0.14456E+04
 0.17450E+02     0.14490E+04
 0.17550E+02     0.14522E+04
 0.17650E+02     0.14552E+04
 0.17750E+02     0.14582E+04
 0.17850E+02     0.14613E+04
 0.17950E+02     0.14643E+04
 0.18050E+02     0.14673E+04
 0.18150E+02     0.14703E+04
 0.18250E+02     0.14733E+04
 0.18350E+02     0.14762E+04
 0.18450E+02     0.14786E+04
 0.18550E+02     0.14809E+04
 0.18650E+02     0.14833E+04
 0.18750E+02     0.14856E+04
 0.18850E+02     0.14879E+04
 0.18950E+02     0.14903E+04
 0.19050E+02     0.14926E+04
 0.19150E+02     0.14950E+04
 0.19250E+02     0.14973E+04
 0.19350E+02     0.14996E+04
 0.19450E+02     0.15020E+04
 0.19550E+02     0.15043E+04
 0.19650E+02     0.15067E+04
 0.19750E+02     0.15090E+04
 0.19850E+02     0.15113E+04
 0.19950E+02     0.15137E+04
