 0.10250E-09     0.10433E+02
 0.10750E-09     0.10187E+02
 0.11250E-09     0.99593E+01
 0.11750E-09     0.97436E+01
 0.12375E-09     0.94967E+01
 0.13125E-09     0.92275E+01
 0.13875E-09     0.89826E+01
 0.14625E-09     0.87385E+01
 0.15500E-09     0.84843E+01
 0.16500E-09     0.82309E+01
 0.17500E-09     0.79954E+01
 0.18500E-09     0.77690E+01
 0.19500E-09     0.75756E+01
 0.20500E-09     0.73853E+01
 0.21500E-09     0.72039E+01
 0.22500E-09     0.70436E+01
 0.23500E-09     0.68989E+01
 0.24750E-09     0.67193E+01
 0.26250E-09     0.65227E+01
 0.27500E-09     0.63714E+01
 0.29000E-09     0.62090E+01
 0.31000E-09     0.60034E+01
 0.33000E-09     0.58266E+01
 0.35000E-09     0.56616E+01
 0.37000E-09     0.54971E+01
 0.39000E-09     0.53526E+01
 0.41250E-09     0.52027E+01
 0.43750E-09     0.50514E+01
 0.46250E-09     0.49135E+01
 0.48750E-09     0.47901E+01
 0.51250E-09     0.46707E+01
 0.53750E-09     0.45609E+01
 0.56250E-09     0.44644E+01
 0.58750E-09     0.43680E+01
 0.61500E-09     0.42628E+01
 0.64500E-09     0.41620E+01
 0.67500E-09     0.40678E+01
 0.70500E-09     0.39838E+01
 0.74000E-09     0.38869E+01
 0.78000E-09     0.37863E+01
 0.82000E-09     0.36948E+01
 0.86000E-09     0.36043E+01
 0.90000E-09     0.35243E+01
 0.94000E-09     0.34473E+01
 0.98000E-09     0.33780E+01
 0.10250E-08     0.33031E+01
 0.10750E-08     0.32241E+01
 0.11250E-08     0.31535E+01
 0.11750E-08     0.30837E+01
 0.12375E-08     0.30064E+01
 0.13125E-08     0.29180E+01
 0.13875E-08     0.28392E+01
 0.14625E-08     0.27641E+01
 0.15500E-08     0.26862E+01
 0.16500E-08     0.26024E+01
 0.17500E-08     0.25277E+01
 0.18500E-08     0.24574E+01
 0.19500E-08     0.23935E+01
 0.20500E-08     0.23364E+01
 0.21500E-08     0.22811E+01
 0.22500E-08     0.22283E+01
 0.23500E-08     0.21812E+01
 0.24750E-08     0.21247E+01
 0.26250E-08     0.20638E+01
 0.27500E-08     0.20152E+01
 0.29000E-08     0.19625E+01
 0.31000E-08     0.18992E+01
 0.33000E-08     0.18395E+01
 0.35000E-08     0.17872E+01
 0.37000E-08     0.17396E+01
 0.39000E-08     0.16926E+01
 0.41250E-08     0.16460E+01
 0.43750E-08     0.15980E+01
 0.46250E-08     0.15545E+01
 0.48750E-08     0.15139E+01
 0.51250E-08     0.14764E+01
 0.53750E-08     0.14423E+01
 0.56250E-08     0.14102E+01
 0.58750E-08     0.13787E+01
 0.61500E-08     0.13474E+01
 0.64500E-08     0.13162E+01
 0.67500E-08     0.12864E+01
 0.70500E-08     0.12595E+01
 0.74000E-08     0.12299E+01
 0.78000E-08     0.11966E+01
 0.82000E-08     0.11668E+01
 0.86000E-08     0.11398E+01
 0.90000E-08     0.11139E+01
 0.94000E-08     0.10904E+01
 0.98000E-08     0.10674E+01
 0.10250E-07     0.10439E+01
 0.10750E-07     0.10192E+01
 0.11250E-07     0.99636E+00
 0.11750E-07     0.97557E+00
 0.12375E-07     0.95181E+00
 0.13125E-07     0.92336E+00
 0.13875E-07     0.89775E+00
 0.14625E-07     0.87516E+00
 0.15500E-07     0.84922E+00
 0.16500E-07     0.82432E+00
 0.17500E-07     0.80072E+00
 0.18500E-07     0.77731E+00
 0.19500E-07     0.75678E+00
 0.20500E-07     0.73813E+00
 0.21500E-07     0.72072E+00
 0.22500E-07     0.70464E+00
 0.23500E-07     0.68938E+00
 0.24750E-07     0.67194E+00
 0.26250E-07     0.65257E+00
 0.27500E-07     0.63755E+00
 0.29000E-07     0.62167E+00
 0.31000E-07     0.60090E+00
 0.33000E-07     0.58299E+00
 0.35000E-07     0.56587E+00
 0.37000E-07     0.55019E+00
 0.39000E-07     0.53634E+00
 0.41250E-07     0.52097E+00
 0.43750E-07     0.50607E+00
 0.46250E-07     0.49190E+00
 0.48750E-07     0.47946E+00
 0.51250E-07     0.46775E+00
 0.53750E-07     0.45615E+00
 0.56250E-07     0.44619E+00
 0.58750E-07     0.43676E+00
 0.61500E-07     0.42643E+00
 0.64500E-07     0.41666E+00
 0.67500E-07     0.40775E+00
 0.70500E-07     0.39883E+00
 0.74000E-07     0.38868E+00
 0.78000E-07     0.37853E+00
 0.82000E-07     0.36910E+00
 0.86000E-07     0.36039E+00
 0.90000E-07     0.35240E+00
 0.94000E-07     0.34471E+00
 0.98000E-07     0.33765E+00
 0.10250E-06     0.33013E+00
 0.10750E-06     0.32238E+00
 0.11250E-06     0.31542E+00
 0.11750E-06     0.30886E+00
 0.12375E-06     0.30076E+00
 0.13125E-06     0.29200E+00
 0.13875E-06     0.28420E+00
 0.14625E-06     0.27702E+00
 0.15500E-06     0.26880E+00
 0.16500E-06     0.26066E+00
 0.17500E-06     0.25291E+00
 0.18500E-06     0.24613E+00
 0.19500E-06     0.23972E+00
 0.20500E-06     0.23364E+00
 0.21500E-06     0.22835E+00
 0.22500E-06     0.22310E+00
 0.23500E-06     0.21816E+00
 0.24750E-06     0.21260E+00
 0.26250E-06     0.20641E+00
 0.27500E-06     0.20181E+00
 0.29000E-06     0.19649E+00
 0.31000E-06     0.19008E+00
 0.33000E-06     0.18416E+00
 0.35000E-06     0.17885E+00
 0.37000E-06     0.17388E+00
 0.39000E-06     0.16948E+00
 0.41250E-06     0.16480E+00
 0.43750E-06     0.15991E+00
 0.46250E-06     0.15557E+00
 0.48750E-06     0.15141E+00
 0.51250E-06     0.14772E+00
 0.53750E-06     0.14421E+00
 0.56250E-06     0.14105E+00
 0.58750E-06     0.13800E+00
 0.61500E-06     0.13484E+00
 0.64500E-06     0.13173E+00
 0.67500E-06     0.12868E+00
 0.70500E-06     0.12597E+00
 0.74000E-06     0.12292E+00
 0.78000E-06     0.11985E+00
 0.82000E-06     0.11695E+00
 0.86000E-06     0.11406E+00
 0.90000E-06     0.11151E+00
 0.94000E-06     0.10919E+00
 0.98000E-06     0.10686E+00
 0.10250E-05     0.10440E+00
 0.10750E-05     0.10198E+00
 0.11250E-05     0.99693E-01
 0.11750E-05     0.97520E-01
 0.12375E-05     0.95066E-01
 0.13125E-05     0.92304E-01
 0.13875E-05     0.89797E-01
 0.14625E-05     0.87411E-01
 0.15500E-05     0.84914E-01
 0.16500E-05     0.82315E-01
 0.17500E-05     0.79914E-01
 0.18500E-05     0.77735E-01
 0.19500E-05     0.75701E-01
 0.20500E-05     0.73822E-01
 0.21500E-05     0.72108E-01
 0.22500E-05     0.70486E-01
 0.23500E-05     0.68941E-01
 0.24750E-05     0.67191E-01
 0.26250E-05     0.65291E-01
 0.27500E-05     0.63824E-01
 0.29000E-05     0.62225E-01
 0.31000E-05     0.60262E-01
 0.33000E-05     0.58457E-01
 0.35000E-05     0.56876E-01
 0.37000E-05     0.55405E-01
 0.39000E-05     0.53956E-01
 0.41250E-05     0.52566E-01
 0.43750E-05     0.51075E-01
 0.46250E-05     0.49706E-01
 0.48750E-05     0.48496E-01
 0.51250E-05     0.47292E-01
 0.53750E-05     0.46239E-01
 0.56250E-05     0.45252E-01
 0.58750E-05     0.44269E-01
 0.61500E-05     0.43326E-01
 0.64500E-05     0.42355E-01
 0.67500E-05     0.41396E-01
 0.70500E-05     0.40562E-01
 0.74000E-05     0.39632E-01
 0.78000E-05     0.38626E-01
 0.82000E-05     0.37803E-01
 0.86000E-05     0.36992E-01
 0.90000E-05     0.36182E-01
 0.94000E-05     0.35372E-01
 0.98000E-05     0.34598E-01
 0.10250E-04     0.33887E-01
 0.10750E-04     0.33111E-01
 0.11250E-04     0.32355E-01
 0.11750E-04     0.31724E-01
 0.12375E-04     0.30968E-01
 0.13125E-04     0.30064E-01
 0.13875E-04     0.29244E-01
 0.14625E-04     0.28508E-01
 0.15500E-04     0.27728E-01
 0.16500E-04     0.26899E-01
 0.17500E-04     0.26164E-01
 0.18500E-04     0.25483E-01
 0.19500E-04     0.24817E-01
 0.20500E-04     0.24344E-01
 0.21500E-04     0.24026E-01
 0.22500E-04     0.23708E-01
 0.23500E-04     0.23391E-01
 0.24750E-04     0.23057E-01
 0.26250E-04     0.22676E-01
 0.27500E-04     0.22358E-01
 0.29000E-04     0.22023E-01
 0.31000E-04     0.21615E-01
 0.33000E-04     0.21207E-01
 0.35000E-04     0.20846E-01
 0.37000E-04     0.20529E-01
 0.39000E-04     0.20213E-01
 0.41250E-04     0.20195E-01
 0.43750E-04     0.20481E-01
 0.46250E-04     0.20767E-01
 0.48750E-04     0.21053E-01
 0.51250E-04     0.22120E-01
 0.53750E-04     0.23981E-01
 0.56250E-04     0.25922E-01
 0.58750E-04     0.27955E-01
 0.61500E-04     0.34809E-01
 0.64500E-04     0.49238E-01
 0.67500E-04     0.68625E-01
 0.70500E-04     0.96024E-01
 0.74000E-04     0.14941E+00
 0.78000E-04     0.24178E+00
 0.82000E-04     0.38237E+00
 0.86000E-04     0.59214E+00
 0.90000E-04     0.87699E+00
 0.94000E-04     0.11434E+01
 0.98000E-04     0.12506E+01
 0.10250E-03     0.12399E+01
 0.10750E-03     0.11850E+01
 0.11250E-03     0.11357E+01
 0.11750E-03     0.10907E+01
 0.12375E-03     0.95213E+00
 0.13125E-03     0.75591E+00
 0.13875E-03     0.60711E+00
 0.14625E-03     0.49341E+00
 0.15500E-03     0.35214E+00
 0.16500E-03     0.21870E+00
 0.17500E-03     0.13966E+00
 0.18500E-03     0.10662E+00
 0.19500E-03     0.97760E-01
 0.20500E-03     0.93614E-01
 0.21500E-03     0.10482E+00
 0.22500E-03     0.13018E+00
 0.23500E-03     0.16014E+00
 0.24750E-03     0.20510E+00
 0.26250E-03     0.27144E+00
 0.27500E-03     0.33854E+00
 0.29000E-03     0.43644E+00
 0.31000E-03     0.52742E+00
 0.33000E-03     0.56098E+00
 0.35000E-03     0.55301E+00
 0.37000E-03     0.50577E+00
 0.39000E-03     0.46439E+00
 0.41250E-03     0.42024E+00
 0.43750E-03     0.42776E+00
 0.46250E-03     0.41699E+00
 0.48750E-03     0.37281E+00
 0.51250E-03     0.34863E+00
 0.53750E-03     0.34596E+00
 0.56250E-03     0.35455E+00
 0.58750E-03     0.36592E+00
 0.61500E-03     0.37841E+00
 0.64500E-03     0.39379E+00
 0.67500E-03     0.43210E+00
 0.70500E-03     0.47147E+00
 0.74000E-03     0.46990E+00
 0.78000E-03     0.42059E+00
 0.82000E-03     0.38945E+00
 0.86000E-03     0.35471E+00
 0.90000E-03     0.32668E+00
 0.94000E-03     0.30387E+00
 0.98000E-03     0.28725E+00
 0.10250E-02     0.28818E+00
 0.10750E-02     0.29877E+00
 0.11250E-02     0.31148E+00
 0.11750E-02     0.32635E+00
 0.12375E-02     0.34490E+00
 0.13125E-02     0.36752E+00
 0.13875E-02     0.39293E+00
 0.14625E-02     0.45431E+00
 0.15500E-02     0.53886E+00
 0.16500E-02     0.62414E+00
 0.17500E-02     0.62608E+00
 0.18500E-02     0.60216E+00
 0.19500E-02     0.57656E+00
 0.20500E-02     0.57821E+00
 0.21500E-02     0.59000E+00
 0.22500E-02     0.60248E+00
 0.23500E-02     0.61569E+00
 0.24750E-02     0.63163E+00
 0.26250E-02     0.64953E+00
 0.27500E-02     0.66433E+00
 0.29000E-02     0.68166E+00
 0.31000E-02     0.70530E+00
 0.33000E-02     0.72915E+00
 0.35000E-02     0.75172E+00
 0.37000E-02     0.77260E+00
 0.39000E-02     0.79325E+00
 0.41250E-02     0.85840E+00
 0.43750E-02     0.96930E+00
 0.46250E-02     0.10892E+01
 0.48750E-02     0.12139E+01
 0.51250E-02     0.12974E+01
 0.53750E-02     0.13379E+01
 0.56250E-02     0.13773E+01
 0.58750E-02     0.14150E+01
 0.61500E-02     0.14475E+01
 0.64500E-02     0.14751E+01
 0.67500E-02     0.15027E+01
 0.70500E-02     0.15285E+01
 0.74000E-02     0.15516E+01
 0.78000E-02     0.15726E+01
 0.82000E-02     0.15886E+01
 0.86000E-02     0.15989E+01
 0.90000E-02     0.16028E+01
 0.94000E-02     0.16026E+01
 0.98000E-02     0.15962E+01
 0.10250E-01     0.16294E+01
 0.10750E-01     0.17035E+01
 0.11250E-01     0.17776E+01
 0.11750E-01     0.18515E+01
 0.12375E-01     0.19432E+01
 0.13125E-01     0.20535E+01
 0.13875E-01     0.21635E+01
 0.14625E-01     0.22732E+01
 0.15500E-01     0.24004E+01
 0.16500E-01     0.25458E+01
 0.17500E-01     0.26907E+01
 0.18500E-01     0.28346E+01
 0.19500E-01     0.29782E+01
 0.20500E-01     0.31218E+01
 0.21500E-01     0.32653E+01
 0.22500E-01     0.34079E+01
 0.23500E-01     0.35500E+01
 0.24750E-01     0.37260E+01
 0.26250E-01     0.39368E+01
 0.27500E-01     0.41130E+01
 0.29000E-01     0.43223E+01
 0.31000E-01     0.45997E+01
 0.33000E-01     0.48762E+01
 0.35000E-01     0.51524E+01
 0.37000E-01     0.54249E+01
 0.39000E-01     0.56964E+01
 0.41250E-01     0.60012E+01
 0.43750E-01     0.63363E+01
 0.46250E-01     0.66690E+01
 0.48750E-01     0.70016E+01
 0.51250E-01     0.73305E+01
 0.53750E-01     0.76554E+01
 0.56250E-01     0.79804E+01
 0.58750E-01     0.83054E+01
 0.61500E-01     0.86572E+01
 0.64500E-01     0.90363E+01
 0.67500E-01     0.94153E+01
 0.70500E-01     0.97943E+01
 0.74000E-01     0.10226E+02
 0.78000E-01     0.10716E+02
 0.82000E-01     0.11206E+02
 0.86000E-01     0.11689E+02
 0.90000E-01     0.12155E+02
 0.94000E-01     0.12621E+02
 0.98000E-01     0.13087E+02
 0.10250E+00     0.13614E+02
 0.10750E+00     0.14196E+02
 0.11250E+00     0.14766E+02
 0.11750E+00     0.15319E+02
 0.12375E+00     0.16009E+02
 0.13125E+00     0.16818E+02
 0.13875E+00     0.17606E+02
 0.14625E+00     0.18385E+02
 0.15500E+00     0.19266E+02
 0.16500E+00     0.20247E+02
 0.17500E+00     0.21225E+02
 0.18500E+00     0.22161E+02
 0.19500E+00     0.23074E+02
 0.20500E+00     0.23958E+02
 0.21500E+00     0.24805E+02
 0.22500E+00     0.25619E+02
 0.23500E+00     0.26433E+02
 0.24750E+00     0.27437E+02
 0.26250E+00     0.28531E+02
 0.27500E+00     0.29421E+02
 0.29000E+00     0.30478E+02
 0.31000E+00     0.31730E+02
 0.33000E+00     0.32936E+02
 0.35000E+00     0.34055E+02
 0.37000E+00     0.35024E+02
 0.39000E+00     0.35991E+02
 0.41250E+00     0.37003E+02
 0.43750E+00     0.38019E+02
 0.46250E+00     0.38890E+02
 0.48750E+00     0.39643E+02
 0.51250E+00     0.40927E+02
 0.53750E+00     0.42534E+02
 0.56250E+00     0.44076E+02
 0.58750E+00     0.45555E+02
 0.61500E+00     0.47136E+02
 0.64500E+00     0.48769E+02
 0.67500E+00     0.50311E+02
 0.70500E+00     0.51790E+02
 0.74000E+00     0.53796E+02
 0.78000E+00     0.60097E+02
 0.82000E+00     0.62311E+02
 0.86000E+00     0.64302E+02
 0.90000E+00     0.66138E+02
 0.94000E+00     0.67813E+02
 0.98000E+00     0.69418E+02
 0.10500E+01     0.71254E+02
 0.11500E+01     0.72913E+02
 0.12500E+01     0.73760E+02
 0.13500E+01     0.72981E+02
 0.14500E+01     0.81334E+02
 0.15500E+01     0.95634E+02
 0.16500E+01     0.97569E+02
 0.17500E+01     0.99352E+02
 0.18500E+01     0.10084E+03
 0.19500E+01     0.10215E+03
 0.20500E+01     0.10219E+03
 0.21500E+01     0.10087E+03
 0.22500E+01     0.99365E+02
 0.23500E+01     0.97786E+02
 0.24500E+01     0.96005E+02
 0.25500E+01     0.94755E+02
 0.26500E+01     0.93916E+02
 0.27500E+01     0.93087E+02
 0.28500E+01     0.92794E+02
 0.29500E+01     0.10514E+03
 0.30500E+01     0.12862E+03
 0.31500E+01     0.13058E+03
 0.32500E+01     0.13258E+03
 0.33500E+01     0.13459E+03
 0.34500E+01     0.13661E+03
 0.35500E+01     0.13865E+03
 0.36500E+01     0.14071E+03
 0.37500E+01     0.14276E+03
 0.38500E+01     0.14482E+03
 0.39500E+01     0.14692E+03
 0.40500E+01     0.14852E+03
 0.41500E+01     0.14961E+03
 0.42500E+01     0.15070E+03
 0.43500E+01     0.15180E+03
 0.44500E+01     0.15289E+03
 0.45500E+01     0.15393E+03
 0.46500E+01     0.15498E+03
 0.47500E+01     0.15601E+03
 0.48500E+01     0.15703E+03
 0.49500E+01     0.17336E+03
 0.50500E+01     0.20705E+03
 0.51500E+01     0.20774E+03
 0.52500E+01     0.20839E+03
 0.53500E+01     0.20901E+03
 0.54500E+01     0.20963E+03
 0.55500E+01     0.21023E+03
 0.56500E+01     0.21081E+03
 0.57500E+01     0.21139E+03
 0.58500E+01     0.21194E+03
 0.59500E+01     0.21242E+03
 0.60500E+01     0.21256E+03
 0.61500E+01     0.21237E+03
 0.62500E+01     0.21218E+03
 0.63500E+01     0.21197E+03
 0.64500E+01     0.21172E+03
 0.65500E+01     0.21144E+03
 0.66500E+01     0.21111E+03
 0.67500E+01     0.21079E+03
 0.68500E+01     0.21047E+03
 0.69500E+01     0.21014E+03
 0.70500E+01     0.20988E+03
 0.71500E+01     0.20967E+03
 0.72500E+01     0.20946E+03
 0.73500E+01     0.20925E+03
 0.74500E+01     0.20904E+03
 0.75500E+01     0.20882E+03
 0.76500E+01     0.20858E+03
 0.77500E+01     0.20839E+03
 0.78500E+01     0.21933E+03
 0.79500E+01     0.23887E+03
 0.80500E+01     0.24866E+03
 0.81500E+01     0.24828E+03
 0.82500E+01     0.24789E+03
 0.83500E+01     0.24747E+03
 0.84500E+01     0.24705E+03
 0.85500E+01     0.24660E+03
 0.86500E+01     0.24611E+03
 0.87500E+01     0.24560E+03
 0.88500E+01     0.24509E+03
 0.89500E+01     0.24459E+03
 0.90500E+01     0.24412E+03
 0.91500E+01     0.24367E+03
 0.92500E+01     0.24320E+03
 0.93500E+01     0.24273E+03
 0.94500E+01     0.24211E+03
 0.95500E+01     0.24111E+03
 0.96500E+01     0.24007E+03
 0.97500E+01     0.23933E+03
 0.98500E+01     0.23877E+03
 0.99500E+01     0.23822E+03
 0.10050E+02     0.23745E+03
 0.10150E+02     0.23646E+03
 0.10250E+02     0.23548E+03
 0.10350E+02     0.23449E+03
 0.10450E+02     0.23351E+03
 0.10550E+02     0.23252E+03
 0.10650E+02     0.23153E+03
 0.10750E+02     0.23055E+03
 0.10850E+02     0.22956E+03
 0.10950E+02     0.23862E+03
 0.11050E+02     0.24982E+03
 0.11150E+02     0.24906E+03
 0.11250E+02     0.24830E+03
 0.11350E+02     0.24754E+03
 0.11450E+02     0.24677E+03
 0.11550E+02     0.24601E+03
 0.11650E+02     0.24525E+03
 0.11750E+02     0.24449E+03
 0.11850E+02     0.24375E+03
 0.11950E+02     0.25041E+03
 0.12050E+02     0.25729E+03
 0.12150E+02     0.25769E+03
 0.12250E+02     0.25809E+03
 0.12350E+02     0.25849E+03
 0.12450E+02     0.25889E+03
 0.12550E+02     0.25930E+03
 0.12650E+02     0.25970E+03
 0.12750E+02     0.26010E+03
 0.12850E+02     0.26050E+03
 0.12950E+02     0.26315E+03
 0.13050E+02     0.27747E+03
 0.13150E+02     0.27700E+03
 0.13250E+02     0.27653E+03
 0.13350E+02     0.27606E+03
 0.13450E+02     0.27558E+03
 0.13550E+02     0.27511E+03
 0.13650E+02     0.27464E+03
 0.13750E+02     0.27417E+03
 0.13850E+02     0.27370E+03
 0.13950E+02     0.27322E+03
 0.14050E+02     0.27265E+03
 0.14150E+02     0.27257E+03
 0.14250E+02     0.27587E+03
 0.14350E+02     0.27972E+03
 0.14450E+02     0.28358E+03
 0.14550E+02     0.28743E+03
 0.14650E+02     0.29128E+03
 0.14750E+02     0.29513E+03
 0.14850E+02     0.29899E+03
 0.14950E+02     0.30284E+03
 0.15050E+02     0.30505E+03
 0.15150E+02     0.30549E+03
 0.15250E+02     0.30594E+03
 0.15350E+02     0.30639E+03
 0.15450E+02     0.30683E+03
 0.15550E+02     0.30726E+03
 0.15650E+02     0.30769E+03
 0.15750E+02     0.30813E+03
 0.15850E+02     0.30856E+03
 0.15950E+02     0.30899E+03
 0.16050E+02     0.30907E+03
 0.16150E+02     0.30878E+03
 0.16250E+02     0.30848E+03
 0.16350E+02     0.30818E+03
 0.16450E+02     0.30788E+03
 0.16550E+02     0.30759E+03
 0.16650E+02     0.30729E+03
 0.16750E+02     0.30699E+03
 0.16850E+02     0.30669E+03
 0.16950E+02     0.30638E+03
 0.17050E+02     0.30606E+03
 0.17150E+02     0.30575E+03
 0.17250E+02     0.30544E+03
 0.17350E+02     0.30512E+03
 0.17450E+02     0.30481E+03
 0.17550E+02     0.30582E+03
 0.17650E+02     0.30824E+03
 0.17750E+02     0.31067E+03
 0.17850E+02     0.31309E+03
 0.17950E+02     0.31552E+03
 0.18050E+02     0.31794E+03
 0.18150E+02     0.32037E+03
 0.18250E+02     0.32279E+03
 0.18350E+02     0.32471E+03
 0.18450E+02     0.32451E+03
 0.18550E+02     0.32409E+03
 0.18650E+02     0.32368E+03
 0.18750E+02     0.32327E+03
 0.18850E+02     0.32285E+03
 0.18950E+02     0.32244E+03
 0.19050E+02     0.32202E+03
 0.19150E+02     0.32161E+03
 0.19250E+02     0.32119E+03
 0.19350E+02     0.32078E+03
 0.19450E+02     0.32037E+03
 0.19550E+02     0.31995E+03
 0.19650E+02     0.31954E+03
 0.19750E+02     0.31912E+03
 0.19850E+02     0.31871E+03
 0.19950E+02     0.31829E+03
