 0.10250E-09     0.12177E+02
 0.10750E-09     0.11895E+02
 0.11250E-09     0.11637E+02
 0.11750E-09     0.11391E+02
 0.12375E-09     0.11091E+02
 0.13125E-09     0.10769E+02
 0.13875E-09     0.10483E+02
 0.14625E-09     0.10197E+02
 0.15500E-09     0.99100E+01
 0.16500E-09     0.96200E+01
 0.17500E-09     0.93435E+01
 0.18500E-09     0.90778E+01
 0.19500E-09     0.88516E+01
 0.20500E-09     0.86289E+01
 0.21500E-09     0.84181E+01
 0.22500E-09     0.82335E+01
 0.23500E-09     0.80644E+01
 0.24750E-09     0.78541E+01
 0.26250E-09     0.76215E+01
 0.27500E-09     0.74409E+01
 0.29000E-09     0.72491E+01
 0.31000E-09     0.70073E+01
 0.33000E-09     0.68031E+01
 0.35000E-09     0.66144E+01
 0.37000E-09     0.64262E+01
 0.39000E-09     0.62544E+01
 0.41250E-09     0.60741E+01
 0.43750E-09     0.59021E+01
 0.46250E-09     0.57406E+01
 0.48750E-09     0.55964E+01
 0.51250E-09     0.54573E+01
 0.53750E-09     0.53288E+01
 0.56250E-09     0.52149E+01
 0.58750E-09     0.51011E+01
 0.61500E-09     0.49771E+01
 0.64500E-09     0.48606E+01
 0.67500E-09     0.47525E+01
 0.70500E-09     0.46548E+01
 0.74000E-09     0.45419E+01
 0.78000E-09     0.44246E+01
 0.82000E-09     0.43181E+01
 0.86000E-09     0.42127E+01
 0.90000E-09     0.41191E+01
 0.94000E-09     0.40289E+01
 0.98000E-09     0.39482E+01
 0.10250E-08     0.38612E+01
 0.10750E-08     0.37689E+01
 0.11250E-08     0.36854E+01
 0.11750E-08     0.36029E+01
 0.12375E-08     0.35131E+01
 0.13125E-08     0.34110E+01
 0.13875E-08     0.33190E+01
 0.14625E-08     0.32310E+01
 0.15500E-08     0.31394E+01
 0.16500E-08     0.30408E+01
 0.17500E-08     0.29527E+01
 0.18500E-08     0.28698E+01
 0.19500E-08     0.27945E+01
 0.20500E-08     0.27278E+01
 0.21500E-08     0.26634E+01
 0.22500E-08     0.26019E+01
 0.23500E-08     0.25471E+01
 0.24750E-08     0.24812E+01
 0.26250E-08     0.24101E+01
 0.27500E-08     0.23533E+01
 0.29000E-08     0.22922E+01
 0.31000E-08     0.22192E+01
 0.33000E-08     0.21498E+01
 0.35000E-08     0.20881E+01
 0.37000E-08     0.20331E+01
 0.39000E-08     0.19788E+01
 0.41250E-08     0.19244E+01
 0.43750E-08     0.18678E+01
 0.46250E-08     0.18153E+01
 0.48750E-08     0.17670E+01
 0.51250E-08     0.17231E+01
 0.53750E-08     0.16840E+01
 0.56250E-08     0.16475E+01
 0.58750E-08     0.16114E+01
 0.61500E-08     0.15740E+01
 0.64500E-08     0.15376E+01
 0.67500E-08     0.15035E+01
 0.70500E-08     0.14723E+01
 0.74000E-08     0.14376E+01
 0.78000E-08     0.13985E+01
 0.82000E-08     0.13625E+01
 0.86000E-08     0.13317E+01
 0.90000E-08     0.13022E+01
 0.94000E-08     0.12742E+01
 0.98000E-08     0.12468E+01
 0.10250E-07     0.12189E+01
 0.10750E-07     0.11900E+01
 0.11250E-07     0.11642E+01
 0.11750E-07     0.11403E+01
 0.12375E-07     0.11125E+01
 0.13125E-07     0.10791E+01
 0.13875E-07     0.10489E+01
 0.14625E-07     0.10221E+01
 0.15500E-07     0.99131E+00
 0.16500E-07     0.96216E+00
 0.17500E-07     0.93468E+00
 0.18500E-07     0.90746E+00
 0.19500E-07     0.88429E+00
 0.20500E-07     0.86272E+00
 0.21500E-07     0.84159E+00
 0.22500E-07     0.82283E+00
 0.23500E-07     0.80534E+00
 0.24750E-07     0.78528E+00
 0.26250E-07     0.76239E+00
 0.27500E-07     0.74436E+00
 0.29000E-07     0.72579E+00
 0.31000E-07     0.70155E+00
 0.33000E-07     0.68085E+00
 0.35000E-07     0.66111E+00
 0.37000E-07     0.64286E+00
 0.39000E-07     0.62652E+00
 0.41250E-07     0.60839E+00
 0.43750E-07     0.59094E+00
 0.46250E-07     0.57438E+00
 0.48750E-07     0.55983E+00
 0.51250E-07     0.54613E+00
 0.53750E-07     0.53259E+00
 0.56250E-07     0.52111E+00
 0.58750E-07     0.51031E+00
 0.61500E-07     0.49848E+00
 0.64500E-07     0.48708E+00
 0.67500E-07     0.47655E+00
 0.70500E-07     0.46602E+00
 0.74000E-07     0.45404E+00
 0.78000E-07     0.44216E+00
 0.82000E-07     0.43119E+00
 0.86000E-07     0.42112E+00
 0.90000E-07     0.41175E+00
 0.94000E-07     0.40269E+00
 0.98000E-07     0.39435E+00
 0.10250E-06     0.38561E+00
 0.10750E-06     0.37679E+00
 0.11250E-06     0.36863E+00
 0.11750E-06     0.36079E+00
 0.12375E-06     0.35114E+00
 0.13125E-06     0.34086E+00
 0.13875E-06     0.33182E+00
 0.14625E-06     0.32356E+00
 0.15500E-06     0.31407E+00
 0.16500E-06     0.30448E+00
 0.17500E-06     0.29531E+00
 0.18500E-06     0.28740E+00
 0.19500E-06     0.28000E+00
 0.20500E-06     0.27295E+00
 0.21500E-06     0.26678E+00
 0.22500E-06     0.26064E+00
 0.23500E-06     0.25487E+00
 0.24750E-06     0.24838E+00
 0.26250E-06     0.24108E+00
 0.27500E-06     0.23575E+00
 0.29000E-06     0.22963E+00
 0.31000E-06     0.22214E+00
 0.33000E-06     0.21515E+00
 0.35000E-06     0.20889E+00
 0.37000E-06     0.20303E+00
 0.39000E-06     0.19788E+00
 0.41250E-06     0.19242E+00
 0.43750E-06     0.18675E+00
 0.46250E-06     0.18179E+00
 0.48750E-06     0.17691E+00
 0.51250E-06     0.17254E+00
 0.53750E-06     0.16859E+00
 0.56250E-06     0.16481E+00
 0.58750E-06     0.16109E+00
 0.61500E-06     0.15731E+00
 0.64500E-06     0.15373E+00
 0.67500E-06     0.15022E+00
 0.70500E-06     0.14718E+00
 0.74000E-06     0.14377E+00
 0.78000E-06     0.14025E+00
 0.82000E-06     0.13688E+00
 0.86000E-06     0.13353E+00
 0.90000E-06     0.13056E+00
 0.94000E-06     0.12784E+00
 0.98000E-06     0.12512E+00
 0.10250E-05     0.12225E+00
 0.10750E-05     0.11943E+00
 0.11250E-05     0.11674E+00
 0.11750E-05     0.11418E+00
 0.12375E-05     0.11127E+00
 0.13125E-05     0.10804E+00
 0.13875E-05     0.10517E+00
 0.14625E-05     0.10241E+00
 0.15500E-05     0.99428E-01
 0.16500E-05     0.96447E-01
 0.17500E-05     0.93691E-01
 0.18500E-05     0.91094E-01
 0.19500E-05     0.88756E-01
 0.20500E-05     0.86693E-01
 0.21500E-05     0.84767E-01
 0.22500E-05     0.82915E-01
 0.23500E-05     0.81108E-01
 0.24750E-05     0.78971E-01
 0.26250E-05     0.76715E-01
 0.27500E-05     0.74995E-01
 0.29000E-05     0.73134E-01
 0.31000E-05     0.70940E-01
 0.33000E-05     0.68888E-01
 0.35000E-05     0.67085E-01
 0.37000E-05     0.65438E-01
 0.39000E-05     0.63808E-01
 0.41250E-05     0.62167E-01
 0.43750E-05     0.60384E-01
 0.46250E-05     0.58793E-01
 0.48750E-05     0.57451E-01
 0.51250E-05     0.56115E-01
 0.53750E-05     0.54928E-01
 0.56250E-05     0.53806E-01
 0.58750E-05     0.52690E-01
 0.61500E-05     0.51646E-01
 0.64500E-05     0.50583E-01
 0.67500E-05     0.49532E-01
 0.70500E-05     0.48613E-01
 0.74000E-05     0.47587E-01
 0.78000E-05     0.46483E-01
 0.82000E-05     0.45603E-01
 0.86000E-05     0.44738E-01
 0.90000E-05     0.43874E-01
 0.94000E-05     0.43010E-01
 0.98000E-05     0.42181E-01
 0.10250E-04     0.41405E-01
 0.10750E-04     0.40557E-01
 0.11250E-04     0.39733E-01
 0.11750E-04     0.39074E-01
 0.12375E-04     0.38292E-01
 0.13125E-04     0.37358E-01
 0.13875E-04     0.36543E-01
 0.14625E-04     0.35812E-01
 0.15500E-04     0.35025E-01
 0.16500E-04     0.34201E-01
 0.17500E-04     0.33496E-01
 0.18500E-04     0.32866E-01
 0.19500E-04     0.32262E-01
 0.20500E-04     0.31884E-01
 0.21500E-04     0.31651E-01
 0.22500E-04     0.31418E-01
 0.23500E-04     0.31187E-01
 0.24750E-04     0.30969E-01
 0.26250E-04     0.30733E-01
 0.27500E-04     0.30536E-01
 0.29000E-04     0.30346E-01
 0.31000E-04     0.30132E-01
 0.33000E-04     0.29918E-01
 0.35000E-04     0.29750E-01
 0.37000E-04     0.29625E-01
 0.39000E-04     0.29500E-01
 0.41250E-04     0.29731E-01
 0.43750E-04     0.30325E-01
 0.46250E-04     0.30919E-01
 0.48750E-04     0.31513E-01
 0.51250E-04     0.33041E-01
 0.53750E-04     0.35522E-01
 0.56250E-04     0.38057E-01
 0.58750E-04     0.40660E-01
 0.61500E-04     0.49012E-01
 0.64500E-04     0.66181E-01
 0.67500E-04     0.89173E-01
 0.70500E-04     0.12174E+00
 0.74000E-04     0.18520E+00
 0.78000E-04     0.29508E+00
 0.82000E-04     0.46146E+00
 0.86000E-04     0.70989E+00
 0.90000E-04     0.10484E+01
 0.94000E-04     0.13762E+01
 0.98000E-04     0.15025E+01
 0.10250E-03     0.14820E+01
 0.10750E-03     0.14189E+01
 0.11250E-03     0.13731E+01
 0.11750E-03     0.13133E+01
 0.12375E-03     0.11460E+01
 0.13125E-03     0.91148E+00
 0.13875E-03     0.73461E+00
 0.14625E-03     0.60098E+00
 0.15500E-03     0.43503E+00
 0.16500E-03     0.27881E+00
 0.17500E-03     0.18571E+00
 0.18500E-03     0.14916E+00
 0.19500E-03     0.14345E+00
 0.20500E-03     0.14373E+00
 0.21500E-03     0.16244E+00
 0.22500E-03     0.19818E+00
 0.23500E-03     0.25029E+00
 0.24750E-03     0.34450E+00
 0.26250E-03     0.53103E+00
 0.27500E-03     0.72377E+00
 0.29000E-03     0.87089E+00
 0.31000E-03     0.93755E+00
 0.33000E-03     0.92855E+00
 0.35000E-03     0.88598E+00
 0.37000E-03     0.92167E+00
 0.39000E-03     0.94755E+00
 0.41250E-03     0.70603E+00
 0.43750E-03     0.59304E+00
 0.46250E-03     0.51974E+00
 0.48750E-03     0.45791E+00
 0.51250E-03     0.42618E+00
 0.53750E-03     0.42286E+00
 0.56250E-03     0.43240E+00
 0.58750E-03     0.44513E+00
 0.61500E-03     0.45911E+00
 0.64500E-03     0.47660E+00
 0.67500E-03     0.52327E+00
 0.70500E-03     0.57134E+00
 0.74000E-03     0.56717E+00
 0.78000E-03     0.50437E+00
 0.82000E-03     0.46575E+00
 0.86000E-03     0.42410E+00
 0.90000E-03     0.39054E+00
 0.94000E-03     0.36281E+00
 0.98000E-03     0.34124E+00
 0.10250E-02     0.34064E+00
 0.10750E-02     0.35201E+00
 0.11250E-02     0.36677E+00
 0.11750E-02     0.38495E+00
 0.12375E-02     0.40764E+00
 0.13125E-02     0.43538E+00
 0.13875E-02     0.46627E+00
 0.14625E-02     0.53749E+00
 0.15500E-02     0.63507E+00
 0.16500E-02     0.73384E+00
 0.17500E-02     0.73755E+00
 0.18500E-02     0.71065E+00
 0.19500E-02     0.68140E+00
 0.20500E-02     0.68369E+00
 0.21500E-02     0.69725E+00
 0.22500E-02     0.71101E+00
 0.23500E-02     0.72519E+00
 0.24750E-02     0.74283E+00
 0.26250E-02     0.76386E+00
 0.27500E-02     0.78150E+00
 0.29000E-02     0.80225E+00
 0.31000E-02     0.83065E+00
 0.33000E-02     0.85941E+00
 0.35000E-02     0.88680E+00
 0.37000E-02     0.91230E+00
 0.39000E-02     0.93752E+00
 0.41250E-02     0.10136E+01
 0.43750E-02     0.11419E+01
 0.46250E-02     0.12821E+01
 0.48750E-02     0.14285E+01
 0.51250E-02     0.15273E+01
 0.53750E-02     0.15761E+01
 0.56250E-02     0.16239E+01
 0.58750E-02     0.16698E+01
 0.61500E-02     0.17098E+01
 0.64500E-02     0.17441E+01
 0.67500E-02     0.17785E+01
 0.70500E-02     0.18108E+01
 0.74000E-02     0.18405E+01
 0.78000E-02     0.18679E+01
 0.82000E-02     0.18895E+01
 0.86000E-02     0.19041E+01
 0.90000E-02     0.19112E+01
 0.94000E-02     0.19132E+01
 0.98000E-02     0.19074E+01
 0.10250E-01     0.19492E+01
 0.10750E-01     0.20398E+01
 0.11250E-01     0.21304E+01
 0.11750E-01     0.22210E+01
 0.12375E-01     0.23339E+01
 0.13125E-01     0.24697E+01
 0.13875E-01     0.26053E+01
 0.14625E-01     0.27407E+01
 0.15500E-01     0.28982E+01
 0.16500E-01     0.30784E+01
 0.17500E-01     0.32584E+01
 0.18500E-01     0.34377E+01
 0.19500E-01     0.36167E+01
 0.20500E-01     0.37958E+01
 0.21500E-01     0.39749E+01
 0.22500E-01     0.41533E+01
 0.23500E-01     0.43314E+01
 0.24750E-01     0.45525E+01
 0.26250E-01     0.48180E+01
 0.27500E-01     0.50399E+01
 0.29000E-01     0.53036E+01
 0.31000E-01     0.56549E+01
 0.33000E-01     0.60055E+01
 0.35000E-01     0.63558E+01
 0.37000E-01     0.67031E+01
 0.39000E-01     0.70495E+01
 0.41250E-01     0.74385E+01
 0.43750E-01     0.78680E+01
 0.46250E-01     0.82953E+01
 0.48750E-01     0.87226E+01
 0.51250E-01     0.91463E+01
 0.53750E-01     0.95665E+01
 0.56250E-01     0.99867E+01
 0.58750E-01     0.10407E+02
 0.61500E-01     0.10864E+02
 0.64500E-01     0.11358E+02
 0.67500E-01     0.11852E+02
 0.70500E-01     0.12346E+02
 0.74000E-01     0.12912E+02
 0.78000E-01     0.13555E+02
 0.82000E-01     0.14198E+02
 0.86000E-01     0.14833E+02
 0.90000E-01     0.15452E+02
 0.94000E-01     0.16071E+02
 0.98000E-01     0.16689E+02
 0.10250E+00     0.17388E+02
 0.10750E+00     0.18160E+02
 0.11250E+00     0.18919E+02
 0.11750E+00     0.19659E+02
 0.12375E+00     0.20584E+02
 0.13125E+00     0.21673E+02
 0.13875E+00     0.22737E+02
 0.14625E+00     0.23791E+02
 0.15500E+00     0.24988E+02
 0.16500E+00     0.26327E+02
 0.17500E+00     0.27662E+02
 0.18500E+00     0.28948E+02
 0.19500E+00     0.30208E+02
 0.20500E+00     0.31432E+02
 0.21500E+00     0.32610E+02
 0.22500E+00     0.33747E+02
 0.23500E+00     0.34885E+02
 0.24750E+00     0.36290E+02
 0.26250E+00     0.37840E+02
 0.27500E+00     0.39104E+02
 0.29000E+00     0.40608E+02
 0.31000E+00     0.42409E+02
 0.33000E+00     0.44155E+02
 0.35000E+00     0.45786E+02
 0.37000E+00     0.47221E+02
 0.39000E+00     0.48653E+02
 0.41250E+00     0.50923E+02
 0.43750E+00     0.52537E+02
 0.46250E+00     0.47484E+02
 0.48750E+00     0.37733E+02
 0.51250E+00     0.33273E+02
 0.53750E+00     0.34966E+02
 0.56250E+00     0.37425E+02
 0.58750E+00     0.40745E+02
 0.61500E+00     0.45034E+02
 0.64500E+00     0.50990E+02
 0.67500E+00     0.58216E+02
 0.70500E+00     0.66278E+02
 0.74000E+00     0.76881E+02
 0.78000E+00     0.81753E+02
 0.82000E+00     0.83390E+02
 0.86000E+00     0.84719E+02
 0.90000E+00     0.85585E+02
 0.94000E+00     0.85941E+02
 0.98000E+00     0.86069E+02
 0.10500E+01     0.10995E+03
 0.11500E+01     0.16094E+03
 0.12500E+01     0.21078E+03
 0.13500E+01     0.22481E+03
 0.14500E+01     0.23197E+03
 0.15500E+01     0.23072E+03
 0.16500E+01     0.21935E+03
 0.17500E+01     0.20503E+03
 0.18500E+01     0.18649E+03
 0.19500E+01     0.16437E+03
 0.20500E+01     0.14335E+03
 0.21500E+01     0.12508E+03
 0.22500E+01     0.10914E+03
 0.23500E+01     0.95565E+02
 0.24500E+01     0.84345E+02
 0.25500E+01     0.76395E+02
 0.26500E+01     0.71889E+02
 0.27500E+01     0.69639E+02
 0.28500E+01     0.71156E+02
 0.29500E+01     0.74700E+02
 0.30500E+01     0.80509E+02
 0.31500E+01     0.88351E+02
 0.32500E+01     0.98062E+02
 0.33500E+01     0.10958E+03
 0.34500E+01     0.12330E+03
 0.35500E+01     0.13896E+03
 0.36500E+01     0.15646E+03
 0.37500E+01     0.17634E+03
 0.38500E+01     0.19773E+03
 0.39500E+01     0.22143E+03
 0.40500E+01     0.23874E+03
 0.41500E+01     0.24940E+03
 0.42500E+01     0.25938E+03
 0.43500E+01     0.26830E+03
 0.44500E+01     0.27685E+03
 0.45500E+01     0.28400E+03
 0.46500E+01     0.29099E+03
 0.47500E+01     0.29665E+03
 0.48500E+01     0.30166E+03
 0.49500E+01     0.30641E+03
 0.50500E+01     0.31380E+03
 0.51500E+01     0.32483E+03
 0.52500E+01     0.33503E+03
 0.53500E+01     0.34402E+03
 0.54500E+01     0.35301E+03
 0.55500E+01     0.36086E+03
 0.56500E+01     0.36736E+03
 0.57500E+01     0.37386E+03
 0.58500E+01     0.37974E+03
 0.59500E+01     0.38425E+03
 0.60500E+01     0.39345E+03
 0.61500E+01     0.40740E+03
 0.62500E+01     0.41997E+03
 0.63500E+01     0.43182E+03
 0.64500E+01     0.44215E+03
 0.65500E+01     0.45180E+03
 0.66500E+01     0.45996E+03
 0.67500E+01     0.46731E+03
 0.68500E+01     0.47328E+03
 0.69500E+01     0.47868E+03
 0.70500E+01     0.48177E+03
 0.71500E+01     0.48293E+03
 0.72500E+01     0.48274E+03
 0.73500E+01     0.48208E+03
 0.74500E+01     0.47954E+03
 0.75500E+01     0.47657E+03
 0.76500E+01     0.47170E+03
 0.77500E+01     0.46634E+03
 0.78500E+01     0.45955E+03
 0.79500E+01     0.45166E+03
 0.80500E+01     0.47013E+03
 0.81500E+01     0.51550E+03
 0.82500E+01     0.56092E+03
 0.83500E+01     0.60537E+03
 0.84500E+01     0.64941E+03
 0.85500E+01     0.69337E+03
 0.86500E+01     0.73592E+03
 0.87500E+01     0.77852E+03
 0.88500E+01     0.82065E+03
 0.89500E+01     0.86201E+03
 0.90500E+01     0.90304E+03
 0.91500E+01     0.94316E+03
 0.92500E+01     0.98284E+03
 0.93500E+01     0.10226E+04
 0.94500E+01     0.10419E+04
 0.95500E+01     0.97658E+03
 0.96500E+01     0.90101E+03
 0.97500E+01     0.82196E+03
 0.98500E+01     0.74030E+03
 0.99500E+01     0.65865E+03
 0.10050E+02     0.64736E+03
 0.10150E+02     0.71122E+03
 0.10250E+02     0.77509E+03
 0.10350E+02     0.83896E+03
 0.10450E+02     0.90282E+03
 0.10550E+02     0.96669E+03
 0.10650E+02     0.10306E+04
 0.10750E+02     0.10944E+04
 0.10850E+02     0.11583E+04
 0.10950E+02     0.12183E+04
 0.11050E+02     0.12258E+04
 0.11150E+02     0.11831E+04
 0.11250E+02     0.11405E+04
 0.11350E+02     0.10979E+04
 0.11450E+02     0.10552E+04
 0.11550E+02     0.10126E+04
 0.11650E+02     0.96997E+03
 0.11750E+02     0.92734E+03
 0.11850E+02     0.88461E+03
 0.11950E+02     0.83671E+03
 0.12050E+02     0.82249E+03
 0.12150E+02     0.84924E+03
 0.12250E+02     0.87600E+03
 0.12350E+02     0.90275E+03
 0.12450E+02     0.92950E+03
 0.12550E+02     0.95625E+03
 0.12650E+02     0.98301E+03
 0.12750E+02     0.10098E+04
 0.12850E+02     0.10365E+04
 0.12950E+02     0.10625E+04
 0.13050E+02     0.10695E+04
 0.13150E+02     0.10677E+04
 0.13250E+02     0.10658E+04
 0.13350E+02     0.10640E+04
 0.13450E+02     0.10621E+04
 0.13550E+02     0.10603E+04
 0.13650E+02     0.10585E+04
 0.13750E+02     0.10566E+04
 0.13850E+02     0.10548E+04
 0.13950E+02     0.10529E+04
 0.14050E+02     0.10534E+04
 0.14150E+02     0.10561E+04
 0.14250E+02     0.10574E+04
 0.14350E+02     0.10585E+04
 0.14450E+02     0.10596E+04
 0.14550E+02     0.10607E+04
 0.14650E+02     0.10618E+04
 0.14750E+02     0.10628E+04
 0.14850E+02     0.10639E+04
 0.14950E+02     0.10650E+04
 0.15050E+02     0.10703E+04
 0.15150E+02     0.10800E+04
 0.15250E+02     0.10897E+04
 0.15350E+02     0.10994E+04
 0.15450E+02     0.11094E+04
 0.15550E+02     0.11198E+04
 0.15650E+02     0.11302E+04
 0.15750E+02     0.11406E+04
 0.15850E+02     0.11511E+04
 0.15950E+02     0.11615E+04
 0.16050E+02     0.11680E+04
 0.16150E+02     0.11702E+04
 0.16250E+02     0.11725E+04
 0.16350E+02     0.11747E+04
 0.16450E+02     0.11770E+04
 0.16550E+02     0.11792E+04
 0.16650E+02     0.11815E+04
 0.16750E+02     0.11837E+04
 0.16850E+02     0.11856E+04
 0.16950E+02     0.11869E+04
 0.17050E+02     0.11882E+04
 0.17150E+02     0.11894E+04
 0.17250E+02     0.11907E+04
 0.17350E+02     0.11919E+04
 0.17450E+02     0.11932E+04
 0.17550E+02     0.11974E+04
 0.17650E+02     0.12047E+04
 0.17750E+02     0.12120E+04
 0.17850E+02     0.12193E+04
 0.17950E+02     0.12266E+04
 0.18050E+02     0.12340E+04
 0.18150E+02     0.12413E+04
 0.18250E+02     0.12486E+04
 0.18350E+02     0.12546E+04
 0.18450E+02     0.12553E+04
 0.18550E+02     0.12554E+04
 0.18650E+02     0.12555E+04
 0.18750E+02     0.12556E+04
 0.18850E+02     0.12557E+04
 0.18950E+02     0.12558E+04
 0.19050E+02     0.12559E+04
 0.19150E+02     0.12560E+04
 0.19250E+02     0.12561E+04
 0.19350E+02     0.12562E+04
 0.19450E+02     0.12563E+04
 0.19550E+02     0.12564E+04
 0.19650E+02     0.12565E+04
 0.19750E+02     0.12566E+04
 0.19850E+02     0.12567E+04
 0.19950E+02     0.12568E+04
