 0.10250E-09     0.12133E+05
 0.10750E-09     0.11846E+05
 0.11250E-09     0.11578E+05
 0.11750E-09     0.11330E+05
 0.12375E-09     0.11042E+05
 0.13125E-09     0.10720E+05
 0.13875E-09     0.10427E+05
 0.14625E-09     0.10157E+05
 0.15500E-09     0.98654E+04
 0.16500E-09     0.95682E+04
 0.17500E-09     0.92954E+04
 0.18500E-09     0.90309E+04
 0.19500E-09     0.88045E+04
 0.20500E-09     0.85830E+04
 0.21500E-09     0.83796E+04
 0.22500E-09     0.82003E+04
 0.23500E-09     0.80212E+04
 0.24750E-09     0.78070E+04
 0.26250E-09     0.75805E+04
 0.27500E-09     0.74063E+04
 0.29000E-09     0.72159E+04
 0.31000E-09     0.69753E+04
 0.33000E-09     0.67661E+04
 0.35000E-09     0.65682E+04
 0.37000E-09     0.63876E+04
 0.39000E-09     0.62247E+04
 0.41250E-09     0.60477E+04
 0.43750E-09     0.58777E+04
 0.46250E-09     0.57124E+04
 0.48750E-09     0.55640E+04
 0.51250E-09     0.54243E+04
 0.53750E-09     0.52995E+04
 0.56250E-09     0.51838E+04
 0.58750E-09     0.50683E+04
 0.61500E-09     0.49534E+04
 0.64500E-09     0.48390E+04
 0.67500E-09     0.47269E+04
 0.70500E-09     0.46252E+04
 0.74000E-09     0.45154E+04
 0.78000E-09     0.43974E+04
 0.82000E-09     0.42887E+04
 0.86000E-09     0.41890E+04
 0.90000E-09     0.40974E+04
 0.94000E-09     0.40065E+04
 0.98000E-09     0.39231E+04
 0.10250E-08     0.38361E+04
 0.10750E-08     0.37467E+04
 0.11250E-08     0.36648E+04
 0.11750E-08     0.35833E+04
 0.12375E-08     0.34927E+04
 0.13125E-08     0.33905E+04
 0.13875E-08     0.32968E+04
 0.14625E-08     0.32113E+04
 0.15500E-08     0.31197E+04
 0.16500E-08     0.30237E+04
 0.17500E-08     0.29375E+04
 0.18500E-08     0.28561E+04
 0.19500E-08     0.27818E+04
 0.20500E-08     0.27132E+04
 0.21500E-08     0.26500E+04
 0.22500E-08     0.25891E+04
 0.23500E-08     0.25335E+04
 0.24750E-08     0.24689E+04
 0.26250E-08     0.23984E+04
 0.27500E-08     0.23416E+04
 0.29000E-08     0.22807E+04
 0.31000E-08     0.22058E+04
 0.33000E-08     0.21381E+04
 0.35000E-08     0.20765E+04
 0.37000E-08     0.20198E+04
 0.39000E-08     0.19667E+04
 0.41250E-08     0.19127E+04
 0.43750E-08     0.18573E+04
 0.46250E-08     0.18067E+04
 0.48750E-08     0.17595E+04
 0.51250E-08     0.17159E+04
 0.53750E-08     0.16753E+04
 0.56250E-08     0.16373E+04
 0.58750E-08     0.16029E+04
 0.61500E-08     0.15664E+04
 0.64500E-08     0.15294E+04
 0.67500E-08     0.14950E+04
 0.70500E-08     0.14633E+04
 0.74000E-08     0.14279E+04
 0.78000E-08     0.13905E+04
 0.82000E-08     0.13562E+04
 0.86000E-08     0.13248E+04
 0.90000E-08     0.12946E+04
 0.94000E-08     0.12667E+04
 0.98000E-08     0.12406E+04
 0.10250E-07     0.12134E+04
 0.10750E-07     0.11844E+04
 0.11250E-07     0.11577E+04
 0.11750E-07     0.11332E+04
 0.12375E-07     0.11041E+04
 0.13125E-07     0.10721E+04
 0.13875E-07     0.10429E+04
 0.14625E-07     0.10156E+04
 0.15500E-07     0.98661E+03
 0.16500E-07     0.95638E+03
 0.17500E-07     0.92853E+03
 0.18500E-07     0.90302E+03
 0.19500E-07     0.87948E+03
 0.20500E-07     0.85793E+03
 0.21500E-07     0.83765E+03
 0.22500E-07     0.81872E+03
 0.23500E-07     0.80119E+03
 0.24750E-07     0.78084E+03
 0.26250E-07     0.75817E+03
 0.27500E-07     0.74063E+03
 0.29000E-07     0.72130E+03
 0.31000E-07     0.69762E+03
 0.33000E-07     0.67616E+03
 0.35000E-07     0.65677E+03
 0.37000E-07     0.63884E+03
 0.39000E-07     0.62245E+03
 0.41250E-07     0.60475E+03
 0.43750E-07     0.58791E+03
 0.46250E-07     0.57155E+03
 0.48750E-07     0.55642E+03
 0.51250E-07     0.54308E+03
 0.53750E-07     0.52988E+03
 0.56250E-07     0.51782E+03
 0.58750E-07     0.50671E+03
 0.61500E-07     0.49540E+03
 0.64500E-07     0.48367E+03
 0.67500E-07     0.47286E+03
 0.70500E-07     0.46251E+03
 0.74000E-07     0.45153E+03
 0.78000E-07     0.43993E+03
 0.82000E-07     0.42898E+03
 0.86000E-07     0.41885E+03
 0.90000E-07     0.40957E+03
 0.94000E-07     0.40064E+03
 0.98000E-07     0.39243E+03
 0.10250E-06     0.38368E+03
 0.10750E-06     0.37467E+03
 0.11250E-06     0.36628E+03
 0.11750E-06     0.35839E+03
 0.12375E-06     0.34958E+03
 0.13125E-06     0.33915E+03
 0.13875E-06     0.32989E+03
 0.14625E-06     0.32124E+03
 0.15500E-06     0.31209E+03
 0.16500E-06     0.30281E+03
 0.17500E-06     0.29379E+03
 0.18500E-06     0.28589E+03
 0.19500E-06     0.27846E+03
 0.20500E-06     0.27128E+03
 0.21500E-06     0.26506E+03
 0.22500E-06     0.25908E+03
 0.23500E-06     0.25335E+03
 0.24750E-06     0.24706E+03
 0.26250E-06     0.23978E+03
 0.27500E-06     0.23431E+03
 0.29000E-06     0.22823E+03
 0.31000E-06     0.22078E+03
 0.33000E-06     0.21387E+03
 0.35000E-06     0.20783E+03
 0.37000E-06     0.20208E+03
 0.39000E-06     0.19669E+03
 0.41250E-06     0.19136E+03
 0.43750E-06     0.18572E+03
 0.46250E-06     0.18063E+03
 0.48750E-06     0.17595E+03
 0.51250E-06     0.17159E+03
 0.53750E-06     0.16755E+03
 0.56250E-06     0.16390E+03
 0.58750E-06     0.16036E+03
 0.61500E-06     0.15663E+03
 0.64500E-06     0.15295E+03
 0.67500E-06     0.14952E+03
 0.70500E-06     0.14641E+03
 0.74000E-06     0.14287E+03
 0.78000E-06     0.13917E+03
 0.82000E-06     0.13574E+03
 0.86000E-06     0.13244E+03
 0.90000E-06     0.12949E+03
 0.94000E-06     0.12671E+03
 0.98000E-06     0.12418E+03
 0.10250E-05     0.12138E+03
 0.10750E-05     0.11853E+03
 0.11250E-05     0.11587E+03
 0.11750E-05     0.11334E+03
 0.12375E-05     0.11049E+03
 0.13125E-05     0.10727E+03
 0.13875E-05     0.10432E+03
 0.14625E-05     0.10163E+03
 0.15500E-05     0.98707E+02
 0.16500E-05     0.95680E+02
 0.17500E-05     0.92890E+02
 0.18500E-05     0.90358E+02
 0.19500E-05     0.87995E+02
 0.20500E-05     0.85812E+02
 0.21500E-05     0.83808E+02
 0.22500E-05     0.81904E+02
 0.23500E-05     0.80158E+02
 0.24750E-05     0.78107E+02
 0.26250E-05     0.75900E+02
 0.27500E-05     0.74200E+02
 0.29000E-05     0.72339E+02
 0.31000E-05     0.70045E+02
 0.33000E-05     0.67964E+02
 0.35000E-05     0.66113E+02
 0.37000E-05     0.64400E+02
 0.39000E-05     0.62713E+02
 0.41250E-05     0.61098E+02
 0.43750E-05     0.59366E+02
 0.46250E-05     0.57776E+02
 0.48750E-05     0.56370E+02
 0.51250E-05     0.54972E+02
 0.53750E-05     0.53749E+02
 0.56250E-05     0.52601E+02
 0.58750E-05     0.51459E+02
 0.61500E-05     0.50364E+02
 0.64500E-05     0.49236E+02
 0.67500E-05     0.48121E+02
 0.70500E-05     0.47153E+02
 0.74000E-05     0.46072E+02
 0.78000E-05     0.44884E+02
 0.82000E-05     0.43850E+02
 0.86000E-05     0.42828E+02
 0.90000E-05     0.41897E+02
 0.94000E-05     0.41050E+02
 0.98000E-05     0.40204E+02
 0.10250E-04     0.39355E+02
 0.10750E-04     0.38474E+02
 0.11250E-04     0.37609E+02
 0.11750E-04     0.36851E+02
 0.12375E-04     0.35933E+02
 0.13125E-04     0.34931E+02
 0.13875E-04     0.34004E+02
 0.14625E-04     0.33144E+02
 0.15500E-04     0.32238E+02
 0.16500E-04     0.31276E+02
 0.17500E-04     0.30397E+02
 0.18500E-04     0.29595E+02
 0.19500E-04     0.28851E+02
 0.20500E-04     0.28294E+02
 0.21500E-04     0.27928E+02
 0.22500E-04     0.27563E+02
 0.23500E-04     0.27198E+02
 0.24750E-04     0.26795E+02
 0.26250E-04     0.26360E+02
 0.27500E-04     0.25996E+02
 0.29000E-04     0.25588E+02
 0.31000E-04     0.25118E+02
 0.33000E-04     0.24654E+02
 0.35000E-04     0.24235E+02
 0.37000E-04     0.23861E+02
 0.39000E-04     0.23486E+02
 0.41250E-04     0.23458E+02
 0.43750E-04     0.23781E+02
 0.46250E-04     0.24105E+02
 0.48750E-04     0.24429E+02
 0.51250E-04     0.25678E+02
 0.53750E-04     0.27869E+02
 0.56250E-04     0.30134E+02
 0.58750E-04     0.32474E+02
 0.61500E-04     0.40431E+02
 0.64500E-04     0.57209E+02
 0.67500E-04     0.79711E+02
 0.70500E-04     0.11152E+03
 0.74000E-04     0.17356E+03
 0.78000E-04     0.28091E+03
 0.82000E-04     0.44413E+03
 0.86000E-04     0.68676E+03
 0.90000E-04     0.10202E+04
 0.94000E-04     0.13300E+04
 0.98000E-04     0.14547E+04
 0.10250E-03     0.14419E+04
 0.10750E-03     0.13773E+04
 0.11250E-03     0.13204E+04
 0.11750E-03     0.12686E+04
 0.12375E-03     0.11070E+04
 0.13125E-03     0.87861E+03
 0.13875E-03     0.70580E+03
 0.14625E-03     0.57377E+03
 0.15500E-03     0.40941E+03
 0.16500E-03     0.25417E+03
 0.17500E-03     0.16229E+03
 0.18500E-03     0.12394E+03
 0.19500E-03     0.11360E+03
 0.20500E-03     0.10872E+03
 0.21500E-03     0.12179E+03
 0.22500E-03     0.15133E+03
 0.23500E-03     0.18618E+03
 0.24750E-03     0.23845E+03
 0.26250E-03     0.31557E+03
 0.27500E-03     0.39360E+03
 0.29000E-03     0.50761E+03
 0.31000E-03     0.61460E+03
 0.33000E-03     0.65345E+03
 0.35000E-03     0.64331E+03
 0.37000E-03     0.58810E+03
 0.39000E-03     0.54010E+03
 0.41250E-03     0.48795E+03
 0.43750E-03     0.49258E+03
 0.46250E-03     0.47778E+03
 0.48750E-03     0.42587E+03
 0.51250E-03     0.39868E+03
 0.53750E-03     0.39655E+03
 0.56250E-03     0.40786E+03
 0.58750E-03     0.42247E+03
 0.61500E-03     0.43627E+03
 0.64500E-03     0.45173E+03
 0.67500E-03     0.48914E+03
 0.70500E-03     0.52823E+03
 0.74000E-03     0.51869E+03
 0.78000E-03     0.44385E+03
 0.82000E-03     0.41001E+03
 0.86000E-03     0.38065E+03
 0.90000E-03     0.35452E+03
 0.94000E-03     0.33317E+03
 0.98000E-03     0.31838E+03
 0.10250E-02     0.32017E+03
 0.10750E-02     0.32805E+03
 0.11250E-02     0.34028E+03
 0.11750E-02     0.35692E+03
 0.12375E-02     0.37813E+03
 0.13125E-02     0.40794E+03
 0.13875E-02     0.44175E+03
 0.14625E-02     0.51401E+03
 0.15500E-02     0.61201E+03
 0.16500E-02     0.70896E+03
 0.17500E-02     0.70375E+03
 0.18500E-02     0.67319E+03
 0.19500E-02     0.64145E+03
 0.20500E-02     0.64139E+03
 0.21500E-02     0.65376E+03
 0.22500E-02     0.66766E+03
 0.23500E-02     0.68403E+03
 0.24750E-02     0.70498E+03
 0.26250E-02     0.72975E+03
 0.27500E-02     0.75000E+03
 0.29000E-02     0.77318E+03
 0.31000E-02     0.80343E+03
 0.33000E-02     0.83281E+03
 0.35000E-02     0.86078E+03
 0.37000E-02     0.88722E+03
 0.39000E-02     0.91290E+03
 0.41250E-02     0.98799E+03
 0.43750E-02     0.11189E+04
 0.46250E-02     0.12581E+04
 0.48750E-02     0.14037E+04
 0.51250E-02     0.15048E+04
 0.53750E-02     0.15532E+04
 0.56250E-02     0.16006E+04
 0.58750E-02     0.16460E+04
 0.61500E-02     0.16874E+04
 0.64500E-02     0.17239E+04
 0.67500E-02     0.17562E+04
 0.70500E-02     0.17857E+04
 0.74000E-02     0.18146E+04
 0.78000E-02     0.18415E+04
 0.82000E-02     0.18626E+04
 0.86000E-02     0.18768E+04
 0.90000E-02     0.18836E+04
 0.94000E-02     0.18854E+04
 0.98000E-02     0.18797E+04
 0.10250E-01     0.19211E+04
 0.10750E-01     0.20110E+04
 0.11250E-01     0.21008E+04
 0.11750E-01     0.21905E+04
 0.12375E-01     0.23021E+04
 0.13125E-01     0.24362E+04
 0.13875E-01     0.25702E+04
 0.14625E-01     0.27040E+04
 0.15500E-01     0.28597E+04
 0.16500E-01     0.30378E+04
 0.17500E-01     0.32157E+04
 0.18500E-01     0.33936E+04
 0.19500E-01     0.35716E+04
 0.20500E-01     0.37498E+04
 0.21500E-01     0.39282E+04
 0.22500E-01     0.41063E+04
 0.23500E-01     0.42843E+04
 0.24750E-01     0.45059E+04
 0.26250E-01     0.47719E+04
 0.27500E-01     0.49940E+04
 0.29000E-01     0.52581E+04
 0.31000E-01     0.56114E+04
 0.33000E-01     0.59638E+04
 0.35000E-01     0.63160E+04
 0.37000E-01     0.66671E+04
 0.39000E-01     0.70180E+04
 0.41250E-01     0.74109E+04
 0.43750E-01     0.78474E+04
 0.46250E-01     0.82834E+04
 0.48750E-01     0.87190E+04
 0.51250E-01     0.91527E+04
 0.53750E-01     0.95846E+04
 0.56250E-01     0.10017E+05
 0.58750E-01     0.10448E+05
 0.61500E-01     0.10920E+05
 0.64500E-01     0.11432E+05
 0.67500E-01     0.11945E+05
 0.70500E-01     0.12457E+05
 0.74000E-01     0.13048E+05
 0.78000E-01     0.13726E+05
 0.82000E-01     0.14401E+05
 0.86000E-01     0.15075E+05
 0.90000E-01     0.15748E+05
 0.94000E-01     0.16418E+05
 0.98000E-01     0.17087E+05
 0.10250E+00     0.17820E+05
 0.10750E+00     0.18619E+05
 0.11250E+00     0.19418E+05
 0.11750E+00     0.20216E+05
 0.12375E+00     0.21208E+05
 0.13125E+00     0.22387E+05
 0.13875E+00     0.23563E+05
 0.14625E+00     0.24740E+05
 0.15500E+00     0.26076E+05
 0.16500E+00     0.27577E+05
 0.17500E+00     0.29074E+05
 0.18500E+00     0.30550E+05
 0.19500E+00     0.32025E+05
 0.20500E+00     0.33458E+05
 0.21500E+00     0.34850E+05
 0.22500E+00     0.36241E+05
 0.23500E+00     0.37632E+05
 0.24750E+00     0.39358E+05
 0.26250E+00     0.41333E+05
 0.27500E+00     0.42957E+05
 0.29000E+00     0.44888E+05
 0.31000E+00     0.47407E+05
 0.33000E+00     0.49853E+05
 0.35000E+00     0.52234E+05
 0.37000E+00     0.54413E+05
 0.39000E+00     0.56570E+05
 0.41250E+00     0.58785E+05
 0.43750E+00     0.61064E+05
 0.46250E+00     0.63278E+05
 0.48750E+00     0.65423E+05
 0.51250E+00     0.67441E+05
 0.53750E+00     0.69328E+05
 0.56250E+00     0.71103E+05
 0.58750E+00     0.72765E+05
 0.61500E+00     0.74468E+05
 0.64500E+00     0.76201E+05
 0.67500E+00     0.77768E+05
 0.70500E+00     0.80155E+05
 0.74000E+00     0.86172E+05
 0.78000E+00     0.89967E+05
 0.82000E+00     0.92229E+05
 0.86000E+00     0.94303E+05
 0.90000E+00     0.96197E+05
 0.94000E+00     0.97905E+05
 0.98000E+00     0.99453E+05
 0.10500E+01     0.10091E+06
 0.11500E+01     0.10190E+06
 0.12500E+01     0.10207E+06
 0.13500E+01     0.10159E+06
 0.14500E+01     0.11922E+06
 0.15500E+01     0.13776E+06
 0.16500E+01     0.13809E+06
 0.17500E+01     0.13983E+06
 0.18500E+01     0.14422E+06
 0.19500E+01     0.15030E+06
 0.20500E+01     0.14724E+06
 0.21500E+01     0.14202E+06
 0.22500E+01     0.13827E+06
 0.23500E+01     0.13887E+06
 0.24500E+01     0.14019E+06
 0.25500E+01     0.14104E+06
 0.26500E+01     0.14175E+06
 0.27500E+01     0.14222E+06
 0.28500E+01     0.14236E+06
 0.29500E+01     0.17176E+06
 0.30500E+01     0.20321E+06
 0.31500E+01     0.20603E+06
 0.32500E+01     0.20887E+06
 0.33500E+01     0.21169E+06
 0.34500E+01     0.21449E+06
 0.35500E+01     0.21730E+06
 0.36500E+01     0.22009E+06
 0.37500E+01     0.22281E+06
 0.38500E+01     0.22550E+06
 0.39500E+01     0.22819E+06
 0.40500E+01     0.23063E+06
 0.41500E+01     0.23277E+06
 0.42500E+01     0.23484E+06
 0.43500E+01     0.23681E+06
 0.44500E+01     0.23864E+06
 0.45500E+01     0.24031E+06
 0.46500E+01     0.24191E+06
 0.47500E+01     0.24346E+06
 0.48500E+01     0.24488E+06
 0.49500E+01     0.27413E+06
 0.50500E+01     0.33527E+06
 0.51500E+01     0.33639E+06
 0.52500E+01     0.33748E+06
 0.53500E+01     0.33841E+06
 0.54500E+01     0.33931E+06
 0.55500E+01     0.34014E+06
 0.56500E+01     0.34091E+06
 0.57500E+01     0.34165E+06
 0.58500E+01     0.34222E+06
 0.59500E+01     0.34276E+06
 0.60500E+01     0.34321E+06
 0.61500E+01     0.34356E+06
 0.62500E+01     0.34390E+06
 0.63500E+01     0.34412E+06
 0.64500E+01     0.34433E+06
 0.65500E+01     0.34443E+06
 0.66500E+01     0.34441E+06
 0.67500E+01     0.34440E+06
 0.68500E+01     0.34438E+06
 0.69500E+01     0.34436E+06
 0.70500E+01     0.34450E+06
 0.71500E+01     0.34480E+06
 0.72500E+01     0.34510E+06
 0.73500E+01     0.34540E+06
 0.74500E+01     0.34570E+06
 0.75500E+01     0.34598E+06
 0.76500E+01     0.34625E+06
 0.77500E+01     0.35040E+06
 0.78500E+01     0.37856E+06
 0.79500E+01     0.41094E+06
 0.80500E+01     0.42745E+06
 0.81500E+01     0.42737E+06
 0.82500E+01     0.42728E+06
 0.83500E+01     0.42715E+06
 0.84500E+01     0.42701E+06
 0.85500E+01     0.42674E+06
 0.86500E+01     0.42634E+06
 0.87500E+01     0.42595E+06
 0.88500E+01     0.42554E+06
 0.89500E+01     0.42513E+06
 0.90500E+01     0.42471E+06
 0.91500E+01     0.42429E+06
 0.92500E+01     0.42384E+06
 0.93500E+01     0.42323E+06
 0.94500E+01     0.42218E+06
 0.95500E+01     0.41922E+06
 0.96500E+01     0.41595E+06
 0.97500E+01     0.41329E+06
 0.98500E+01     0.41065E+06
 0.99500E+01     0.40801E+06
 0.10050E+02     0.40576E+06
 0.10150E+02     0.40285E+06
 0.10250E+02     0.40008E+06
 0.10350E+02     0.39717E+06
 0.10450E+02     0.39445E+06
 0.10550E+02     0.39186E+06
 0.10650E+02     0.38942E+06
 0.10750E+02     0.38731E+06
 0.10850E+02     0.38619E+06
 0.10950E+02     0.41072E+06
 0.11050E+02     0.42794E+06
 0.11150E+02     0.42567E+06
 0.11250E+02     0.42389E+06
 0.11350E+02     0.42213E+06
 0.11450E+02     0.42093E+06
 0.11550E+02     0.41958E+06
 0.11650E+02     0.41803E+06
 0.11750E+02     0.41685E+06
 0.11850E+02     0.41597E+06
 0.11950E+02     0.42856E+06
 0.12050E+02     0.43756E+06
 0.12150E+02     0.43867E+06
 0.12250E+02     0.43971E+06
 0.12350E+02     0.44048E+06
 0.12450E+02     0.44119E+06
 0.12550E+02     0.44164E+06
 0.12650E+02     0.44186E+06
 0.12750E+02     0.44394E+06
 0.12850E+02     0.45673E+06
 0.12950E+02     0.47121E+06
 0.13050E+02     0.47820E+06
 0.13150E+02     0.47801E+06
 0.13250E+02     0.47777E+06
 0.13350E+02     0.47733E+06
 0.13450E+02     0.47686E+06
 0.13550E+02     0.47625E+06
 0.13650E+02     0.47553E+06
 0.13750E+02     0.47472E+06
 0.13850E+02     0.47340E+06
 0.13950E+02     0.47200E+06
 0.14050E+02     0.47078E+06
 0.14150E+02     0.46972E+06
 0.14250E+02     0.46863E+06
 0.14350E+02     0.46730E+06
 0.14450E+02     0.46594E+06
 0.14550E+02     0.47232E+06
 0.14650E+02     0.48658E+06
 0.14750E+02     0.50083E+06
 0.14850E+02     0.51509E+06
 0.14950E+02     0.52935E+06
 0.15050E+02     0.53755E+06
 0.15150E+02     0.53947E+06
 0.15250E+02     0.54139E+06
 0.15350E+02     0.54330E+06
 0.15450E+02     0.54522E+06
 0.15550E+02     0.54685E+06
 0.15650E+02     0.54818E+06
 0.15750E+02     0.54949E+06
 0.15850E+02     0.55082E+06
 0.15950E+02     0.55215E+06
 0.16050E+02     0.55306E+06
 0.16150E+02     0.55348E+06
 0.16250E+02     0.55391E+06
 0.16350E+02     0.55434E+06
 0.16450E+02     0.55477E+06
 0.16550E+02     0.55505E+06
 0.16650E+02     0.55514E+06
 0.16750E+02     0.55523E+06
 0.16850E+02     0.55533E+06
 0.16950E+02     0.55542E+06
 0.17050E+02     0.55540E+06
 0.17150E+02     0.55525E+06
 0.17250E+02     0.55509E+06
 0.17350E+02     0.55493E+06
 0.17450E+02     0.55477E+06
 0.17550E+02     0.55940E+06
 0.17650E+02     0.56985E+06
 0.17750E+02     0.58031E+06
 0.17850E+02     0.59077E+06
 0.17950E+02     0.60123E+06
 0.18050E+02     0.60676E+06
 0.18150E+02     0.60618E+06
 0.18250E+02     0.60561E+06
 0.18350E+02     0.60503E+06
 0.18450E+02     0.60446E+06
 0.18550E+02     0.60378E+06
 0.18650E+02     0.60297E+06
 0.18750E+02     0.60215E+06
 0.18850E+02     0.60134E+06
 0.18950E+02     0.60053E+06
 0.19050E+02     0.59958E+06
 0.19150E+02     0.59847E+06
 0.19250E+02     0.59736E+06
 0.19350E+02     0.59625E+06
 0.19450E+02     0.59514E+06
 0.19550E+02     0.59395E+06
 0.19650E+02     0.59266E+06
 0.19750E+02     0.59137E+06
 0.19850E+02     0.59008E+06
 0.19950E+02     0.58880E+06
