 0.10250E-09     0.12188E+05
 0.10750E-09     0.11906E+05
 0.11250E-09     0.11630E+05
 0.11750E-09     0.11386E+05
 0.12375E-09     0.11090E+05
 0.13125E-09     0.10771E+05
 0.13875E-09     0.10472E+05
 0.14625E-09     0.10201E+05
 0.15500E-09     0.99087E+04
 0.16500E-09     0.96028E+04
 0.17500E-09     0.93256E+04
 0.18500E-09     0.90800E+04
 0.19500E-09     0.88393E+04
 0.20500E-09     0.86173E+04
 0.21500E-09     0.84139E+04
 0.22500E-09     0.82255E+04
 0.23500E-09     0.80471E+04
 0.24750E-09     0.78421E+04
 0.26250E-09     0.76142E+04
 0.27500E-09     0.74391E+04
 0.29000E-09     0.72515E+04
 0.31000E-09     0.70091E+04
 0.33000E-09     0.67965E+04
 0.35000E-09     0.65956E+04
 0.37000E-09     0.64175E+04
 0.39000E-09     0.62479E+04
 0.41250E-09     0.60763E+04
 0.43750E-09     0.58998E+04
 0.46250E-09     0.57372E+04
 0.48750E-09     0.55888E+04
 0.51250E-09     0.54528E+04
 0.53750E-09     0.53267E+04
 0.56250E-09     0.52030E+04
 0.58750E-09     0.50939E+04
 0.61500E-09     0.49767E+04
 0.64500E-09     0.48604E+04
 0.67500E-09     0.47503E+04
 0.70500E-09     0.46483E+04
 0.74000E-09     0.45365E+04
 0.78000E-09     0.44193E+04
 0.82000E-09     0.43092E+04
 0.86000E-09     0.42080E+04
 0.90000E-09     0.41164E+04
 0.94000E-09     0.40302E+04
 0.98000E-09     0.39440E+04
 0.10250E-08     0.38563E+04
 0.10750E-08     0.37671E+04
 0.11250E-08     0.36796E+04
 0.11750E-08     0.36025E+04
 0.12375E-08     0.35087E+04
 0.13125E-08     0.34079E+04
 0.13875E-08     0.33133E+04
 0.14625E-08     0.32276E+04
 0.15500E-08     0.31350E+04
 0.16500E-08     0.30382E+04
 0.17500E-08     0.29505E+04
 0.18500E-08     0.28727E+04
 0.19500E-08     0.27966E+04
 0.20500E-08     0.27263E+04
 0.21500E-08     0.26619E+04
 0.22500E-08     0.26023E+04
 0.23500E-08     0.25458E+04
 0.24750E-08     0.24810E+04
 0.26250E-08     0.24088E+04
 0.27500E-08     0.23534E+04
 0.29000E-08     0.22940E+04
 0.31000E-08     0.22173E+04
 0.33000E-08     0.21500E+04
 0.35000E-08     0.20864E+04
 0.37000E-08     0.20301E+04
 0.39000E-08     0.19764E+04
 0.41250E-08     0.19221E+04
 0.43750E-08     0.18662E+04
 0.46250E-08     0.18148E+04
 0.48750E-08     0.17678E+04
 0.51250E-08     0.17248E+04
 0.53750E-08     0.16849E+04
 0.56250E-08     0.16457E+04
 0.58750E-08     0.16112E+04
 0.61500E-08     0.15741E+04
 0.64500E-08     0.15363E+04
 0.67500E-08     0.15020E+04
 0.70500E-08     0.14702E+04
 0.74000E-08     0.14348E+04
 0.78000E-08     0.13971E+04
 0.82000E-08     0.13628E+04
 0.86000E-08     0.13309E+04
 0.90000E-08     0.13019E+04
 0.94000E-08     0.12746E+04
 0.98000E-08     0.12473E+04
 0.10250E-07     0.12196E+04
 0.10750E-07     0.11913E+04
 0.11250E-07     0.11637E+04
 0.11750E-07     0.11392E+04
 0.12375E-07     0.11096E+04
 0.13125E-07     0.10777E+04
 0.13875E-07     0.10478E+04
 0.14625E-07     0.10207E+04
 0.15500E-07     0.99143E+03
 0.16500E-07     0.96080E+03
 0.17500E-07     0.93306E+03
 0.18500E-07     0.90847E+03
 0.19500E-07     0.88439E+03
 0.20500E-07     0.86243E+03
 0.21500E-07     0.84259E+03
 0.22500E-07     0.82295E+03
 0.23500E-07     0.80563E+03
 0.24750E-07     0.78486E+03
 0.26250E-07     0.76165E+03
 0.27500E-07     0.74422E+03
 0.29000E-07     0.72510E+03
 0.31000E-07     0.70120E+03
 0.33000E-07     0.67962E+03
 0.35000E-07     0.65993E+03
 0.37000E-07     0.64198E+03
 0.39000E-07     0.62596E+03
 0.41250E-07     0.60811E+03
 0.43750E-07     0.59066E+03
 0.46250E-07     0.57432E+03
 0.48750E-07     0.55898E+03
 0.51250E-07     0.54549E+03
 0.53750E-07     0.53286E+03
 0.56250E-07     0.52048E+03
 0.58750E-07     0.50956E+03
 0.61500E-07     0.49786E+03
 0.64500E-07     0.48622E+03
 0.67500E-07     0.47521E+03
 0.70500E-07     0.46499E+03
 0.74000E-07     0.45387E+03
 0.78000E-07     0.44213E+03
 0.82000E-07     0.43110E+03
 0.86000E-07     0.42097E+03
 0.90000E-07     0.41179E+03
 0.94000E-07     0.40318E+03
 0.98000E-07     0.39457E+03
 0.10250E-06     0.38574E+03
 0.10750E-06     0.37681E+03
 0.11250E-06     0.36805E+03
 0.11750E-06     0.36033E+03
 0.12375E-06     0.35102E+03
 0.13125E-06     0.34092E+03
 0.13875E-06     0.33145E+03
 0.14625E-06     0.32287E+03
 0.15500E-06     0.31364E+03
 0.16500E-06     0.30395E+03
 0.17500E-06     0.29521E+03
 0.18500E-06     0.28744E+03
 0.19500E-06     0.27983E+03
 0.20500E-06     0.27278E+03
 0.21500E-06     0.26630E+03
 0.22500E-06     0.26032E+03
 0.23500E-06     0.25470E+03
 0.24750E-06     0.24850E+03
 0.26250E-06     0.24133E+03
 0.27500E-06     0.23546E+03
 0.29000E-06     0.22955E+03
 0.31000E-06     0.22186E+03
 0.33000E-06     0.21512E+03
 0.35000E-06     0.20876E+03
 0.37000E-06     0.20313E+03
 0.39000E-06     0.19777E+03
 0.41250E-06     0.19236E+03
 0.43750E-06     0.18676E+03
 0.46250E-06     0.18159E+03
 0.48750E-06     0.17690E+03
 0.51250E-06     0.17259E+03
 0.53750E-06     0.16860E+03
 0.56250E-06     0.16469E+03
 0.58750E-06     0.16124E+03
 0.61500E-06     0.15755E+03
 0.64500E-06     0.15387E+03
 0.67500E-06     0.15040E+03
 0.70500E-06     0.14718E+03
 0.74000E-06     0.14366E+03
 0.78000E-06     0.13994E+03
 0.82000E-06     0.13645E+03
 0.86000E-06     0.13326E+03
 0.90000E-06     0.13037E+03
 0.94000E-06     0.12768E+03
 0.98000E-06     0.12499E+03
 0.10250E-05     0.12220E+03
 0.10750E-05     0.11932E+03
 0.11250E-05     0.11665E+03
 0.11750E-05     0.11412E+03
 0.12375E-05     0.11124E+03
 0.13125E-05     0.10804E+03
 0.13875E-05     0.10514E+03
 0.14625E-05     0.10249E+03
 0.15500E-05     0.99503E+02
 0.16500E-05     0.96494E+02
 0.17500E-05     0.93674E+02
 0.18500E-05     0.91140E+02
 0.19500E-05     0.88740E+02
 0.20500E-05     0.86568E+02
 0.21500E-05     0.84611E+02
 0.22500E-05     0.82726E+02
 0.23500E-05     0.80978E+02
 0.24750E-05     0.78952E+02
 0.26250E-05     0.76813E+02
 0.27500E-05     0.75105E+02
 0.29000E-05     0.73253E+02
 0.31000E-05     0.70964E+02
 0.33000E-05     0.68932E+02
 0.35000E-05     0.67059E+02
 0.37000E-05     0.65369E+02
 0.39000E-05     0.63791E+02
 0.41250E-05     0.62130E+02
 0.43750E-05     0.60455E+02
 0.46250E-05     0.58959E+02
 0.48750E-05     0.57493E+02
 0.51250E-05     0.56177E+02
 0.53750E-05     0.55014E+02
 0.56250E-05     0.53861E+02
 0.58750E-05     0.52764E+02
 0.61500E-05     0.51706E+02
 0.64500E-05     0.50633E+02
 0.67500E-05     0.49578E+02
 0.70500E-05     0.48629E+02
 0.74000E-05     0.47608E+02
 0.78000E-05     0.46563E+02
 0.82000E-05     0.45562E+02
 0.86000E-05     0.44565E+02
 0.90000E-05     0.43705E+02
 0.94000E-05     0.42913E+02
 0.98000E-05     0.42121E+02
 0.10250E-04     0.41326E+02
 0.10750E-04     0.40526E+02
 0.11250E-04     0.39748E+02
 0.11750E-04     0.39066E+02
 0.12375E-04     0.38247E+02
 0.13125E-04     0.37372E+02
 0.13875E-04     0.36557E+02
 0.14625E-04     0.35822E+02
 0.15500E-04     0.35032E+02
 0.16500E-04     0.34211E+02
 0.17500E-04     0.33492E+02
 0.18500E-04     0.32865E+02
 0.19500E-04     0.32253E+02
 0.20500E-04     0.31826E+02
 0.21500E-04     0.31586E+02
 0.22500E-04     0.31353E+02
 0.23500E-04     0.31159E+02
 0.24750E-04     0.30929E+02
 0.26250E-04     0.30705E+02
 0.27500E-04     0.30531E+02
 0.29000E-04     0.30325E+02
 0.31000E-04     0.30093E+02
 0.33000E-04     0.29907E+02
 0.35000E-04     0.29729E+02
 0.37000E-04     0.29601E+02
 0.39000E-04     0.29480E+02
 0.41250E-04     0.29723E+02
 0.43750E-04     0.30336E+02
 0.46250E-04     0.30945E+02
 0.48750E-04     0.31552E+02
 0.51250E-04     0.33067E+02
 0.53750E-04     0.35506E+02
 0.56250E-04     0.38024E+02
 0.58750E-04     0.40642E+02
 0.61500E-04     0.48965E+02
 0.64500E-04     0.66141E+02
 0.67500E-04     0.89110E+02
 0.70500E-04     0.12165E+03
 0.74000E-04     0.18555E+03
 0.78000E-04     0.29537E+03
 0.82000E-04     0.46177E+03
 0.86000E-04     0.70911E+03
 0.90000E-04     0.10483E+04
 0.94000E-04     0.13763E+04
 0.98000E-04     0.15031E+04
 0.10250E-03     0.14816E+04
 0.10750E-03     0.14178E+04
 0.11250E-03     0.13725E+04
 0.11750E-03     0.13139E+04
 0.12375E-03     0.11460E+04
 0.13125E-03     0.91266E+03
 0.13875E-03     0.73520E+03
 0.14625E-03     0.60122E+03
 0.15500E-03     0.43539E+03
 0.16500E-03     0.27872E+03
 0.17500E-03     0.18588E+03
 0.18500E-03     0.14925E+03
 0.19500E-03     0.14355E+03
 0.20500E-03     0.14372E+03
 0.21500E-03     0.16242E+03
 0.22500E-03     0.19814E+03
 0.23500E-03     0.25044E+03
 0.24750E-03     0.34453E+03
 0.26250E-03     0.53119E+03
 0.27500E-03     0.72362E+03
 0.29000E-03     0.87075E+03
 0.31000E-03     0.93888E+03
 0.33000E-03     0.93075E+03
 0.35000E-03     0.88594E+03
 0.37000E-03     0.92020E+03
 0.39000E-03     0.94789E+03
 0.41250E-03     0.70571E+03
 0.43750E-03     0.59289E+03
 0.46250E-03     0.52005E+03
 0.48750E-03     0.45755E+03
 0.51250E-03     0.42639E+03
 0.53750E-03     0.42284E+03
 0.56250E-03     0.43230E+03
 0.58750E-03     0.44498E+03
 0.61500E-03     0.45891E+03
 0.64500E-03     0.47577E+03
 0.67500E-03     0.51438E+03
 0.70500E-03     0.55406E+03
 0.74000E-03     0.54238E+03
 0.78000E-03     0.46521E+03
 0.82000E-03     0.42978E+03
 0.86000E-03     0.39937E+03
 0.90000E-03     0.37222E+03
 0.94000E-03     0.35004E+03
 0.98000E-03     0.33398E+03
 0.10250E-02     0.33392E+03
 0.10750E-02     0.34039E+03
 0.11250E-02     0.35234E+03
 0.11750E-02     0.36987E+03
 0.12375E-02     0.39210E+03
 0.13125E-02     0.42233E+03
 0.13875E-02     0.45604E+03
 0.14625E-02     0.52528E+03
 0.15500E-02     0.62513E+03
 0.16500E-02     0.72967E+03
 0.17500E-02     0.72572E+03
 0.18500E-02     0.69459E+03
 0.19500E-02     0.66202E+03
 0.20500E-02     0.66148E+03
 0.21500E-02     0.67339E+03
 0.22500E-02     0.68639E+03
 0.23500E-02     0.70144E+03
 0.24750E-02     0.72144E+03
 0.26250E-02     0.74657E+03
 0.27500E-02     0.76737E+03
 0.29000E-02     0.79095E+03
 0.31000E-02     0.82196E+03
 0.33000E-02     0.85203E+03
 0.35000E-02     0.88068E+03
 0.37000E-02     0.90792E+03
 0.39000E-02     0.93386E+03
 0.41250E-02     0.10112E+04
 0.43750E-02     0.11415E+04
 0.46250E-02     0.12783E+04
 0.48750E-02     0.14257E+04
 0.51250E-02     0.15266E+04
 0.53750E-02     0.15760E+04
 0.56250E-02     0.16236E+04
 0.58750E-02     0.16695E+04
 0.61500E-02     0.17112E+04
 0.64500E-02     0.17484E+04
 0.67500E-02     0.17811E+04
 0.70500E-02     0.18111E+04
 0.74000E-02     0.18406E+04
 0.78000E-02     0.18683E+04
 0.82000E-02     0.18875E+04
 0.86000E-02     0.19004E+04
 0.90000E-02     0.19113E+04
 0.94000E-02     0.19098E+04
 0.98000E-02     0.19061E+04
 0.10250E-01     0.19492E+04
 0.10750E-01     0.20397E+04
 0.11250E-01     0.21303E+04
 0.11750E-01     0.22208E+04
 0.12375E-01     0.23335E+04
 0.13125E-01     0.24693E+04
 0.13875E-01     0.26051E+04
 0.14625E-01     0.27408E+04
 0.15500E-01     0.28986E+04
 0.16500E-01     0.30786E+04
 0.17500E-01     0.32585E+04
 0.18500E-01     0.34379E+04
 0.19500E-01     0.36171E+04
 0.20500E-01     0.37961E+04
 0.21500E-01     0.39749E+04
 0.22500E-01     0.41533E+04
 0.23500E-01     0.43316E+04
 0.24750E-01     0.45535E+04
 0.26250E-01     0.48199E+04
 0.27500E-01     0.50423E+04
 0.29000E-01     0.53067E+04
 0.31000E-01     0.56605E+04
 0.33000E-01     0.60133E+04
 0.35000E-01     0.63659E+04
 0.37000E-01     0.67174E+04
 0.39000E-01     0.70687E+04
 0.41250E-01     0.74622E+04
 0.43750E-01     0.78995E+04
 0.46250E-01     0.83363E+04
 0.48750E-01     0.87726E+04
 0.51250E-01     0.92073E+04
 0.53750E-01     0.96404E+04
 0.56250E-01     0.10073E+05
 0.58750E-01     0.10506E+05
 0.61500E-01     0.10979E+05
 0.64500E-01     0.11494E+05
 0.67500E-01     0.12008E+05
 0.70500E-01     0.12522E+05
 0.74000E-01     0.13116E+05
 0.78000E-01     0.13796E+05
 0.82000E-01     0.14474E+05
 0.86000E-01     0.15150E+05
 0.90000E-01     0.15825E+05
 0.94000E-01     0.16497E+05
 0.98000E-01     0.17169E+05
 0.10250E+00     0.17909E+05
 0.10750E+00     0.18709E+05
 0.11250E+00     0.19510E+05
 0.11750E+00     0.20310E+05
 0.12375E+00     0.21311E+05
 0.13125E+00     0.22494E+05
 0.13875E+00     0.23673E+05
 0.14625E+00     0.24852E+05
 0.15500E+00     0.26195E+05
 0.16500E+00     0.27699E+05
 0.17500E+00     0.29200E+05
 0.18500E+00     0.30681E+05
 0.19500E+00     0.32158E+05
 0.20500E+00     0.33594E+05
 0.21500E+00     0.34989E+05
 0.22500E+00     0.36383E+05
 0.23500E+00     0.37778E+05
 0.24750E+00     0.39515E+05
 0.26250E+00     0.41493E+05
 0.27500E+00     0.43114E+05
 0.29000E+00     0.45064E+05
 0.31000E+00     0.47587E+05
 0.33000E+00     0.50038E+05
 0.35000E+00     0.52424E+05
 0.37000E+00     0.54608E+05
 0.39000E+00     0.56770E+05
 0.41250E+00     0.58981E+05
 0.43750E+00     0.61240E+05
 0.46250E+00     0.63410E+05
 0.48750E+00     0.65489E+05
 0.51250E+00     0.67423E+05
 0.53750E+00     0.69213E+05
 0.56250E+00     0.70921E+05
 0.58750E+00     0.72547E+05
 0.61500E+00     0.74248E+05
 0.64500E+00     0.76014E+05
 0.67500E+00     0.77665E+05
 0.70500E+00     0.79247E+05
 0.74000E+00     0.80966E+05
 0.78000E+00     0.82918E+05
 0.82000E+00     0.84805E+05
 0.86000E+00     0.86596E+05
 0.90000E+00     0.88293E+05
 0.94000E+00     0.89908E+05
 0.98000E+00     0.91445E+05
 0.10500E+01     0.93181E+05
 0.11500E+01     0.94993E+05
 0.12500E+01     0.96639E+05
 0.13500E+01     0.98252E+05
 0.14500E+01     0.99746E+05
 0.15500E+01     0.10126E+06
 0.16500E+01     0.10317E+06
 0.17500E+01     0.10663E+06
 0.18500E+01     0.11294E+06
 0.19500E+01     0.12101E+06
 0.20500E+01     0.12085E+06
 0.21500E+01     0.11926E+06
 0.22500E+01     0.11925E+06
 0.23500E+01     0.12366E+06
 0.24500E+01     0.12890E+06
 0.25500E+01     0.13369E+06
 0.26500E+01     0.13847E+06
 0.27500E+01     0.14314E+06
 0.28500E+01     0.14743E+06
 0.29500E+01     0.15138E+06
 0.30500E+01     0.15727E+06
 0.31500E+01     0.16533E+06
 0.32500E+01     0.17348E+06
 0.33500E+01     0.18171E+06
 0.34500E+01     0.19004E+06
 0.35500E+01     0.19844E+06
 0.36500E+01     0.20691E+06
 0.37500E+01     0.21543E+06
 0.38500E+01     0.22401E+06
 0.39500E+01     0.23264E+06
 0.40500E+01     0.24120E+06
 0.41500E+01     0.24963E+06
 0.42500E+01     0.25802E+06
 0.43500E+01     0.26635E+06
 0.44500E+01     0.27464E+06
 0.45500E+01     0.28288E+06
 0.46500E+01     0.29108E+06
 0.47500E+01     0.29924E+06
 0.48500E+01     0.30738E+06
 0.49500E+01     0.31551E+06
 0.50500E+01     0.32383E+06
 0.51500E+01     0.33236E+06
 0.52500E+01     0.34089E+06
 0.53500E+01     0.34947E+06
 0.54500E+01     0.35806E+06
 0.55500E+01     0.36668E+06
 0.56500E+01     0.37533E+06
 0.57500E+01     0.38399E+06
 0.58500E+01     0.39267E+06
 0.59500E+01     0.40137E+06
 0.60500E+01     0.41009E+06
 0.61500E+01     0.41882E+06
 0.62500E+01     0.42756E+06
 0.63500E+01     0.43634E+06
 0.64500E+01     0.44512E+06
 0.65500E+01     0.45395E+06
 0.66500E+01     0.46282E+06
 0.67500E+01     0.47172E+06
 0.68500E+01     0.48069E+06
 0.69500E+01     0.48969E+06
 0.70500E+01     0.49903E+06
 0.71500E+01     0.50873E+06
 0.72500E+01     0.51846E+06
 0.73500E+01     0.52829E+06
 0.74500E+01     0.53815E+06
 0.75500E+01     0.54810E+06
 0.76500E+01     0.55815E+06
 0.77500E+01     0.56823E+06
 0.78500E+01     0.57838E+06
 0.79500E+01     0.58856E+06
 0.80500E+01     0.59832E+06
 0.81500E+01     0.60763E+06
 0.82500E+01     0.61699E+06
 0.83500E+01     0.62636E+06
 0.84500E+01     0.63577E+06
 0.85500E+01     0.64525E+06
 0.86500E+01     0.65480E+06
 0.87500E+01     0.66440E+06
 0.88500E+01     0.67400E+06
 0.89500E+01     0.68367E+06
 0.90500E+01     0.69339E+06
 0.91500E+01     0.70318E+06
 0.92500E+01     0.71304E+06
 0.93500E+01     0.72286E+06
 0.94500E+01     0.73249E+06
 0.95500E+01     0.74059E+06
 0.96500E+01     0.74842E+06
 0.97500E+01     0.75684E+06
 0.98500E+01     0.76529E+06
 0.99500E+01     0.77369E+06
 0.10050E+02     0.78198E+06
 0.10150E+02     0.79010E+06
 0.10250E+02     0.79836E+06
 0.10350E+02     0.80664E+06
 0.10450E+02     0.81511E+06
 0.10550E+02     0.82372E+06
 0.10650E+02     0.83249E+06
 0.10750E+02     0.84156E+06
 0.10850E+02     0.85080E+06
 0.10950E+02     0.86045E+06
 0.11050E+02     0.87037E+06
 0.11150E+02     0.88066E+06
 0.11250E+02     0.89147E+06
 0.11350E+02     0.90232E+06
 0.11450E+02     0.91372E+06
 0.11550E+02     0.92515E+06
 0.11650E+02     0.93650E+06
 0.11750E+02     0.94826E+06
 0.11850E+02     0.95984E+06
 0.11950E+02     0.97178E+06
 0.12050E+02     0.98415E+06
 0.12150E+02     0.99672E+06
 0.12250E+02     0.10094E+07
 0.12350E+02     0.10218E+07
 0.12450E+02     0.10344E+07
 0.12550E+02     0.10469E+07
 0.12650E+02     0.10593E+07
 0.12750E+02     0.10718E+07
 0.12850E+02     0.10837E+07
 0.12950E+02     0.10956E+07
 0.13050E+02     0.11088E+07
 0.13150E+02     0.11233E+07
 0.13250E+02     0.11379E+07
 0.13350E+02     0.11522E+07
 0.13450E+02     0.11667E+07
 0.13550E+02     0.11811E+07
 0.13650E+02     0.11954E+07
 0.13750E+02     0.12099E+07
 0.13850E+02     0.12237E+07
 0.13950E+02     0.12375E+07
 0.14050E+02     0.12483E+07
 0.14150E+02     0.12559E+07
 0.14250E+02     0.12635E+07
 0.14350E+02     0.12707E+07
 0.14450E+02     0.12779E+07
 0.14550E+02     0.12852E+07
 0.14650E+02     0.12926E+07
 0.14750E+02     0.13000E+07
 0.14850E+02     0.13074E+07
 0.14950E+02     0.13148E+07
 0.15050E+02     0.13215E+07
 0.15150E+02     0.13277E+07
 0.15250E+02     0.13338E+07
 0.15350E+02     0.13399E+07
 0.15450E+02     0.13460E+07
 0.15550E+02     0.13518E+07
 0.15650E+02     0.13574E+07
 0.15750E+02     0.13629E+07
 0.15850E+02     0.13685E+07
 0.15950E+02     0.13740E+07
 0.16050E+02     0.13790E+07
 0.16150E+02     0.13833E+07
 0.16250E+02     0.13877E+07
 0.16350E+02     0.13921E+07
 0.16450E+02     0.13964E+07
 0.16550E+02     0.14005E+07
 0.16650E+02     0.14044E+07
 0.16750E+02     0.14083E+07
 0.16850E+02     0.14122E+07
 0.16950E+02     0.14161E+07
 0.17050E+02     0.14197E+07
 0.17150E+02     0.14231E+07
 0.17250E+02     0.14266E+07
 0.17350E+02     0.14300E+07
 0.17450E+02     0.14334E+07
 0.17550E+02     0.14367E+07
 0.17650E+02     0.14397E+07
 0.17750E+02     0.14428E+07
 0.17850E+02     0.14458E+07
 0.17950E+02     0.14488E+07
 0.18050E+02     0.14518E+07
 0.18150E+02     0.14546E+07
 0.18250E+02     0.14574E+07
 0.18350E+02     0.14602E+07
 0.18450E+02     0.14630E+07
 0.18550E+02     0.14656E+07
 0.18650E+02     0.14679E+07
 0.18750E+02     0.14702E+07
 0.18850E+02     0.14726E+07
 0.18950E+02     0.14749E+07
 0.19050E+02     0.14769E+07
 0.19150E+02     0.14787E+07
 0.19250E+02     0.14804E+07
 0.19350E+02     0.14822E+07
 0.19450E+02     0.14839E+07
 0.19550E+02     0.14854E+07
 0.19650E+02     0.14866E+07
 0.19750E+02     0.14879E+07
 0.19850E+02     0.14891E+07
 0.19950E+02     0.14903E+07
