 0.10250E-09     0.12177E+02
 0.10750E-09     0.11895E+02
 0.11250E-09     0.11632E+02
 0.11750E-09     0.11370E+02
 0.12375E-09     0.11081E+02
 0.13125E-09     0.10766E+02
 0.13875E-09     0.10465E+02
 0.14625E-09     0.10192E+02
 0.15500E-09     0.99004E+01
 0.16500E-09     0.96052E+01
 0.17500E-09     0.93366E+01
 0.18500E-09     0.90694E+01
 0.19500E-09     0.88396E+01
 0.20500E-09     0.86196E+01
 0.21500E-09     0.84192E+01
 0.22500E-09     0.82359E+01
 0.23500E-09     0.80525E+01
 0.24750E-09     0.78380E+01
 0.26250E-09     0.76185E+01
 0.27500E-09     0.74402E+01
 0.29000E-09     0.72502E+01
 0.31000E-09     0.70123E+01
 0.33000E-09     0.68001E+01
 0.35000E-09     0.65960E+01
 0.37000E-09     0.64170E+01
 0.39000E-09     0.62551E+01
 0.41250E-09     0.60752E+01
 0.43750E-09     0.59043E+01
 0.46250E-09     0.57405E+01
 0.48750E-09     0.55868E+01
 0.51250E-09     0.54454E+01
 0.53750E-09     0.53272E+01
 0.56250E-09     0.52099E+01
 0.58750E-09     0.50926E+01
 0.61500E-09     0.49731E+01
 0.64500E-09     0.48613E+01
 0.67500E-09     0.47511E+01
 0.70500E-09     0.46470E+01
 0.74000E-09     0.45336E+01
 0.78000E-09     0.44153E+01
 0.82000E-09     0.43078E+01
 0.86000E-09     0.42064E+01
 0.90000E-09     0.41134E+01
 0.94000E-09     0.40213E+01
 0.98000E-09     0.39381E+01
 0.10250E-08     0.38511E+01
 0.10750E-08     0.37618E+01
 0.11250E-08     0.36815E+01
 0.11750E-08     0.36011E+01
 0.12375E-08     0.35062E+01
 0.13125E-08     0.34034E+01
 0.13875E-08     0.33138E+01
 0.14625E-08     0.32244E+01
 0.15500E-08     0.31321E+01
 0.16500E-08     0.30396E+01
 0.17500E-08     0.29527E+01
 0.18500E-08     0.28708E+01
 0.19500E-08     0.27972E+01
 0.20500E-08     0.27261E+01
 0.21500E-08     0.26626E+01
 0.22500E-08     0.26019E+01
 0.23500E-08     0.25473E+01
 0.24750E-08     0.24819E+01
 0.26250E-08     0.24103E+01
 0.27500E-08     0.23531E+01
 0.29000E-08     0.22904E+01
 0.31000E-08     0.22148E+01
 0.33000E-08     0.21466E+01
 0.35000E-08     0.20847E+01
 0.37000E-08     0.20278E+01
 0.39000E-08     0.19742E+01
 0.41250E-08     0.19196E+01
 0.43750E-08     0.18645E+01
 0.46250E-08     0.18142E+01
 0.48750E-08     0.17674E+01
 0.51250E-08     0.17232E+01
 0.53750E-08     0.16828E+01
 0.56250E-08     0.16447E+01
 0.58750E-08     0.16099E+01
 0.61500E-08     0.15736E+01
 0.64500E-08     0.15361E+01
 0.67500E-08     0.15031E+01
 0.70500E-08     0.14713E+01
 0.74000E-08     0.14349E+01
 0.78000E-08     0.13959E+01
 0.82000E-08     0.13620E+01
 0.86000E-08     0.13317E+01
 0.90000E-08     0.13018E+01
 0.94000E-08     0.12721E+01
 0.98000E-08     0.12461E+01
 0.10250E-07     0.12188E+01
 0.10750E-07     0.11898E+01
 0.11250E-07     0.11631E+01
 0.11750E-07     0.11376E+01
 0.12375E-07     0.11085E+01
 0.13125E-07     0.10776E+01
 0.13875E-07     0.10480E+01
 0.14625E-07     0.10196E+01
 0.15500E-07     0.99076E+00
 0.16500E-07     0.96073E+00
 0.17500E-07     0.93308E+00
 0.18500E-07     0.90695E+00
 0.19500E-07     0.88273E+00
 0.20500E-07     0.86124E+00
 0.21500E-07     0.84120E+00
 0.22500E-07     0.82246E+00
 0.23500E-07     0.80554E+00
 0.24750E-07     0.78407E+00
 0.26250E-07     0.76120E+00
 0.27500E-07     0.74394E+00
 0.29000E-07     0.72419E+00
 0.31000E-07     0.70027E+00
 0.33000E-07     0.67948E+00
 0.35000E-07     0.65934E+00
 0.37000E-07     0.64092E+00
 0.39000E-07     0.62470E+00
 0.41250E-07     0.60710E+00
 0.43750E-07     0.59031E+00
 0.46250E-07     0.57412E+00
 0.48750E-07     0.55905E+00
 0.51250E-07     0.54569E+00
 0.53750E-07     0.53241E+00
 0.56250E-07     0.52012E+00
 0.58750E-07     0.50919E+00
 0.61500E-07     0.49787E+00
 0.64500E-07     0.48616E+00
 0.67500E-07     0.47504E+00
 0.70500E-07     0.46469E+00
 0.74000E-07     0.45382E+00
 0.78000E-07     0.44216E+00
 0.82000E-07     0.43111E+00
 0.86000E-07     0.42096E+00
 0.90000E-07     0.41164E+00
 0.94000E-07     0.40252E+00
 0.98000E-07     0.39428E+00
 0.10250E-06     0.38522E+00
 0.10750E-06     0.37593E+00
 0.11250E-06     0.36763E+00
 0.11750E-06     0.35971E+00
 0.12375E-06     0.35107E+00
 0.13125E-06     0.34098E+00
 0.13875E-06     0.33166E+00
 0.14625E-06     0.32312E+00
 0.15500E-06     0.31376E+00
 0.16500E-06     0.30436E+00
 0.17500E-06     0.29520E+00
 0.18500E-06     0.28702E+00
 0.19500E-06     0.27955E+00
 0.20500E-06     0.27246E+00
 0.21500E-06     0.26628E+00
 0.22500E-06     0.26014E+00
 0.23500E-06     0.25438E+00
 0.24750E-06     0.24821E+00
 0.26250E-06     0.24102E+00
 0.27500E-06     0.23549E+00
 0.29000E-06     0.22921E+00
 0.31000E-06     0.22160E+00
 0.33000E-06     0.21475E+00
 0.35000E-06     0.20883E+00
 0.37000E-06     0.20284E+00
 0.39000E-06     0.19766E+00
 0.41250E-06     0.19235E+00
 0.43750E-06     0.18659E+00
 0.46250E-06     0.18136E+00
 0.48750E-06     0.17665E+00
 0.51250E-06     0.17251E+00
 0.53750E-06     0.16819E+00
 0.56250E-06     0.16448E+00
 0.58750E-06     0.16095E+00
 0.61500E-06     0.15732E+00
 0.64500E-06     0.15375E+00
 0.67500E-06     0.15021E+00
 0.70500E-06     0.14712E+00
 0.74000E-06     0.14362E+00
 0.78000E-06     0.14001E+00
 0.82000E-06     0.13663E+00
 0.86000E-06     0.13327E+00
 0.90000E-06     0.13023E+00
 0.94000E-06     0.12749E+00
 0.98000E-06     0.12499E+00
 0.10250E-05     0.12212E+00
 0.10750E-05     0.11924E+00
 0.11250E-05     0.11666E+00
 0.11750E-05     0.11418E+00
 0.12375E-05     0.11127E+00
 0.13125E-05     0.10798E+00
 0.13875E-05     0.10496E+00
 0.14625E-05     0.10226E+00
 0.15500E-05     0.99389E-01
 0.16500E-05     0.96312E-01
 0.17500E-05     0.93488E-01
 0.18500E-05     0.91024E-01
 0.19500E-05     0.88756E-01
 0.20500E-05     0.86693E-01
 0.21500E-05     0.84745E-01
 0.22500E-05     0.82863E-01
 0.23500E-05     0.81087E-01
 0.24750E-05     0.78967E-01
 0.26250E-05     0.76715E-01
 0.27500E-05     0.74995E-01
 0.29000E-05     0.73136E-01
 0.31000E-05     0.70967E-01
 0.33000E-05     0.68909E-01
 0.35000E-05     0.67058E-01
 0.37000E-05     0.65364E-01
 0.39000E-05     0.63695E-01
 0.41250E-05     0.62085E-01
 0.43750E-05     0.60354E-01
 0.46250E-05     0.58793E-01
 0.48750E-05     0.57451E-01
 0.51250E-05     0.56115E-01
 0.53750E-05     0.54928E-01
 0.56250E-05     0.53806E-01
 0.58750E-05     0.52690E-01
 0.61500E-05     0.51646E-01
 0.64500E-05     0.50583E-01
 0.67500E-05     0.49532E-01
 0.70500E-05     0.48613E-01
 0.74000E-05     0.47587E-01
 0.78000E-05     0.46454E-01
 0.82000E-05     0.45458E-01
 0.86000E-05     0.44471E-01
 0.90000E-05     0.43598E-01
 0.94000E-05     0.42828E-01
 0.98000E-05     0.42059E-01
 0.10250E-04     0.41292E-01
 0.10750E-04     0.40499E-01
 0.11250E-04     0.39721E-01
 0.11750E-04     0.39042E-01
 0.12375E-04     0.38219E-01
 0.13125E-04     0.37327E-01
 0.13875E-04     0.36505E-01
 0.14625E-04     0.35734E-01
 0.15500E-04     0.34976E-01
 0.16500E-04     0.34226E-01
 0.17500E-04     0.33537E-01
 0.18500E-04     0.32900E-01
 0.19500E-04     0.32302E-01
 0.20500E-04     0.31885E-01
 0.21500E-04     0.31654E-01
 0.22500E-04     0.31423E-01
 0.23500E-04     0.31192E-01
 0.24750E-04     0.30942E-01
 0.26250E-04     0.30679E-01
 0.27500E-04     0.30459E-01
 0.29000E-04     0.30237E-01
 0.31000E-04     0.30060E-01
 0.33000E-04     0.29895E-01
 0.35000E-04     0.29739E-01
 0.37000E-04     0.29594E-01
 0.39000E-04     0.29448E-01
 0.41250E-04     0.29669E-01
 0.43750E-04     0.30263E-01
 0.46250E-04     0.30857E-01
 0.48750E-04     0.31450E-01
 0.51250E-04     0.32995E-01
 0.53750E-04     0.35506E-01
 0.56250E-04     0.38053E-01
 0.58750E-04     0.40636E-01
 0.61500E-04     0.48917E-01
 0.64500E-04     0.66089E-01
 0.67500E-04     0.89028E-01
 0.70500E-04     0.12154E+00
 0.74000E-04     0.18525E+00
 0.78000E-04     0.29491E+00
 0.82000E-04     0.46091E+00
 0.86000E-04     0.70883E+00
 0.90000E-04     0.10485E+01
 0.94000E-04     0.13765E+01
 0.98000E-04     0.15055E+01
 0.10250E-03     0.14835E+01
 0.10750E-03     0.14172E+01
 0.11250E-03     0.13722E+01
 0.11750E-03     0.13115E+01
 0.12375E-03     0.11455E+01
 0.13125E-03     0.91139E+00
 0.13875E-03     0.73359E+00
 0.14625E-03     0.60059E+00
 0.15500E-03     0.43541E+00
 0.16500E-03     0.27872E+00
 0.17500E-03     0.18573E+00
 0.18500E-03     0.14918E+00
 0.19500E-03     0.14345E+00
 0.20500E-03     0.14360E+00
 0.21500E-03     0.16229E+00
 0.22500E-03     0.19822E+00
 0.23500E-03     0.25048E+00
 0.24750E-03     0.34425E+00
 0.26250E-03     0.53079E+00
 0.27500E-03     0.72335E+00
 0.29000E-03     0.87101E+00
 0.31000E-03     0.93880E+00
 0.33000E-03     0.93030E+00
 0.35000E-03     0.88703E+00
 0.37000E-03     0.92101E+00
 0.39000E-03     0.94825E+00
 0.41250E-03     0.70583E+00
 0.43750E-03     0.59268E+00
 0.46250E-03     0.52031E+00
 0.48750E-03     0.45764E+00
 0.51250E-03     0.42568E+00
 0.53750E-03     0.42242E+00
 0.56250E-03     0.43259E+00
 0.58750E-03     0.44607E+00
 0.61500E-03     0.45992E+00
 0.64500E-03     0.47617E+00
 0.67500E-03     0.51432E+00
 0.70500E-03     0.55395E+00
 0.74000E-03     0.54268E+00
 0.78000E-03     0.46483E+00
 0.82000E-03     0.42972E+00
 0.86000E-03     0.39911E+00
 0.90000E-03     0.37206E+00
 0.94000E-03     0.34987E+00
 0.98000E-03     0.33399E+00
 0.10250E-02     0.33397E+00
 0.10750E-02     0.34047E+00
 0.11250E-02     0.35242E+00
 0.11750E-02     0.36991E+00
 0.12375E-02     0.39210E+00
 0.13125E-02     0.42239E+00
 0.13875E-02     0.45652E+00
 0.14625E-02     0.53054E+00
 0.15500E-02     0.63135E+00
 0.16500E-02     0.73092E+00
 0.17500E-02     0.72557E+00
 0.18500E-02     0.69481E+00
 0.19500E-02     0.66194E+00
 0.20500E-02     0.66141E+00
 0.21500E-02     0.67324E+00
 0.22500E-02     0.68607E+00
 0.23500E-02     0.70117E+00
 0.24750E-02     0.72131E+00
 0.26250E-02     0.74656E+00
 0.27500E-02     0.76736E+00
 0.29000E-02     0.79102E+00
 0.31000E-02     0.82184E+00
 0.33000E-02     0.85185E+00
 0.35000E-02     0.88039E+00
 0.37000E-02     0.90750E+00
 0.39000E-02     0.93367E+00
 0.41250E-02     0.10087E+01
 0.43750E-02     0.11398E+01
 0.46250E-02     0.12795E+01
 0.48750E-02     0.14258E+01
 0.51250E-02     0.15273E+01
 0.53750E-02     0.15761E+01
 0.56250E-02     0.16239E+01
 0.58750E-02     0.16698E+01
 0.61500E-02     0.17115E+01
 0.64500E-02     0.17484E+01
 0.67500E-02     0.17811E+01
 0.70500E-02     0.18110E+01
 0.74000E-02     0.18405E+01
 0.78000E-02     0.18680E+01
 0.82000E-02     0.18895E+01
 0.86000E-02     0.19040E+01
 0.90000E-02     0.19112E+01
 0.94000E-02     0.19132E+01
 0.98000E-02     0.19073E+01
 0.10250E-01     0.19490E+01
 0.10750E-01     0.20396E+01
 0.11250E-01     0.21302E+01
 0.11750E-01     0.22210E+01
 0.12375E-01     0.23340E+01
 0.13125E-01     0.24699E+01
 0.13875E-01     0.26057E+01
 0.14625E-01     0.27412E+01
 0.15500E-01     0.28986E+01
 0.16500E-01     0.30787E+01
 0.17500E-01     0.32585E+01
 0.18500E-01     0.34379E+01
 0.19500E-01     0.36171E+01
 0.20500E-01     0.37961E+01
 0.21500E-01     0.39749E+01
 0.22500E-01     0.41533E+01
 0.23500E-01     0.43315E+01
 0.24750E-01     0.45535E+01
 0.26250E-01     0.48199E+01
 0.27500E-01     0.50423E+01
 0.29000E-01     0.53067E+01
 0.31000E-01     0.56605E+01
 0.33000E-01     0.60133E+01
 0.35000E-01     0.63660E+01
 0.37000E-01     0.67174E+01
 0.39000E-01     0.70687E+01
 0.41250E-01     0.74622E+01
 0.43750E-01     0.78995E+01
 0.46250E-01     0.83363E+01
 0.48750E-01     0.87726E+01
 0.51250E-01     0.92073E+01
 0.53750E-01     0.96404E+01
 0.56250E-01     0.10073E+02
 0.58750E-01     0.10506E+02
 0.61500E-01     0.10979E+02
 0.64500E-01     0.11494E+02
 0.67500E-01     0.12008E+02
 0.70500E-01     0.12522E+02
 0.74000E-01     0.13116E+02
 0.78000E-01     0.13796E+02
 0.82000E-01     0.14474E+02
 0.86000E-01     0.15150E+02
 0.90000E-01     0.15825E+02
 0.94000E-01     0.16497E+02
 0.98000E-01     0.17169E+02
 0.10250E+00     0.17909E+02
 0.10750E+00     0.18710E+02
 0.11250E+00     0.19511E+02
 0.11750E+00     0.20312E+02
 0.12375E+00     0.21311E+02
 0.13125E+00     0.22492E+02
 0.13875E+00     0.23672E+02
 0.14625E+00     0.24851E+02
 0.15500E+00     0.26195E+02
 0.16500E+00     0.27700E+02
 0.17500E+00     0.29200E+02
 0.18500E+00     0.30680E+02
 0.19500E+00     0.32158E+02
 0.20500E+00     0.33594E+02
 0.21500E+00     0.34988E+02
 0.22500E+00     0.36383E+02
 0.23500E+00     0.37777E+02
 0.24750E+00     0.39514E+02
 0.26250E+00     0.41493E+02
 0.27500E+00     0.43113E+02
 0.29000E+00     0.45063E+02
 0.31000E+00     0.47586E+02
 0.33000E+00     0.50037E+02
 0.35000E+00     0.52422E+02
 0.37000E+00     0.54607E+02
 0.39000E+00     0.56768E+02
 0.41250E+00     0.58867E+02
 0.43750E+00     0.60902E+02
 0.46250E+00     0.57523E+02
 0.48750E+00     0.48748E+02
 0.51250E+00     0.44983E+02
 0.53750E+00     0.46215E+02
 0.56250E+00     0.48187E+02
 0.58750E+00     0.50897E+02
 0.61500E+00     0.54776E+02
 0.64500E+00     0.59924E+02
 0.67500E+00     0.66378E+02
 0.70500E+00     0.73640E+02
 0.74000E+00     0.83333E+02
 0.78000E+00     0.87294E+02
 0.82000E+00     0.88025E+02
 0.86000E+00     0.88367E+02
 0.90000E+00     0.88311E+02
 0.94000E+00     0.87868E+02
 0.98000E+00     0.87043E+02
 0.10500E+01     0.10952E+03
 0.11500E+01     0.15860E+03
 0.12500E+01     0.20099E+03
 0.13500E+01     0.22141E+03
 0.14500E+01     0.22933E+03
 0.15500E+01     0.22698E+03
 0.16500E+01     0.21325E+03
 0.17500E+01     0.19748E+03
 0.18500E+01     0.18123E+03
 0.19500E+01     0.16330E+03
 0.20500E+01     0.13812E+03
 0.21500E+01     0.11660E+03
 0.22500E+01     0.98833E+02
 0.23500E+01     0.88302E+02
 0.24500E+01     0.80978E+02
 0.25500E+01     0.75722E+02
 0.26500E+01     0.72992E+02
 0.27500E+01     0.72666E+02
 0.28500E+01     0.74498E+02
 0.29500E+01     0.78518E+02
 0.30500E+01     0.84273E+02
 0.31500E+01     0.91609E+02
 0.32500E+01     0.10090E+03
 0.33500E+01     0.11215E+03
 0.34500E+01     0.12535E+03
 0.35500E+01     0.14050E+03
 0.36500E+01     0.15758E+03
 0.37500E+01     0.17658E+03
 0.38500E+01     0.19749E+03
 0.39500E+01     0.22034E+03
 0.40500E+01     0.23799E+03
 0.41500E+01     0.24904E+03
 0.42500E+01     0.25917E+03
 0.43500E+01     0.26825E+03
 0.44500E+01     0.27657E+03
 0.45500E+01     0.28400E+03
 0.46500E+01     0.29052E+03
 0.47500E+01     0.29615E+03
 0.48500E+01     0.30073E+03
 0.49500E+01     0.30449E+03
 0.50500E+01     0.31136E+03
 0.51500E+01     0.32204E+03
 0.52500E+01     0.33247E+03
 0.53500E+01     0.34142E+03
 0.54500E+01     0.35012E+03
 0.55500E+01     0.35778E+03
 0.56500E+01     0.36435E+03
 0.57500E+01     0.37065E+03
 0.58500E+01     0.37523E+03
 0.59500E+01     0.37950E+03
 0.60500E+01     0.38858E+03
 0.61500E+01     0.40260E+03
 0.62500E+01     0.41631E+03
 0.63500E+01     0.42799E+03
 0.64500E+01     0.43934E+03
 0.65500E+01     0.44912E+03
 0.66500E+01     0.45727E+03
 0.67500E+01     0.46514E+03
 0.68500E+01     0.47120E+03
 0.69500E+01     0.47695E+03
 0.70500E+01     0.48060E+03
 0.71500E+01     0.48206E+03
 0.72500E+01     0.48316E+03
 0.73500E+01     0.48193E+03
 0.74500E+01     0.48029E+03
 0.75500E+01     0.47746E+03
 0.76500E+01     0.47338E+03
 0.77500E+01     0.46889E+03
 0.78500E+01     0.46191E+03
 0.79500E+01     0.45448E+03
 0.80500E+01     0.47319E+03
 0.81500E+01     0.51920E+03
 0.82500E+01     0.56517E+03
 0.83500E+01     0.60960E+03
 0.84500E+01     0.65397E+03
 0.85500E+01     0.69780E+03
 0.86500E+01     0.74104E+03
 0.87500E+01     0.78431E+03
 0.88500E+01     0.82617E+03
 0.89500E+01     0.86804E+03
 0.90500E+01     0.90924E+03
 0.91500E+01     0.94974E+03
 0.92500E+01     0.99016E+03
 0.93500E+01     0.10282E+04
 0.94500E+01     0.10481E+04
 0.95500E+01     0.98283E+03
 0.96500E+01     0.90357E+03
 0.97500E+01     0.82228E+03
 0.98500E+01     0.73830E+03
 0.99500E+01     0.65130E+03
 0.10050E+02     0.63863E+03
 0.10150E+02     0.70286E+03
 0.10250E+02     0.76467E+03
 0.10350E+02     0.82403E+03
 0.10450E+02     0.88136E+03
 0.10550E+02     0.93672E+03
 0.10650E+02     0.99045E+03
 0.10750E+02     0.10429E+04
 0.10850E+02     0.10943E+04
 0.10950E+02     0.11450E+04
 0.11050E+02     0.11491E+04
 0.11150E+02     0.11036E+04
 0.11250E+02     0.10580E+04
 0.11350E+02     0.10112E+04
 0.11450E+02     0.96531E+03
 0.11550E+02     0.91664E+03
 0.11650E+02     0.86464E+03
 0.11750E+02     0.81295E+03
 0.11850E+02     0.75875E+03
 0.11950E+02     0.70480E+03
 0.12050E+02     0.69788E+03
 0.12150E+02     0.74133E+03
 0.12250E+02     0.78344E+03
 0.12350E+02     0.81438E+03
 0.12450E+02     0.84374E+03
 0.12550E+02     0.86587E+03
 0.12650E+02     0.88024E+03
 0.12750E+02     0.89256E+03
 0.12850E+02     0.89127E+03
 0.12950E+02     0.88761E+03
 0.13050E+02     0.88656E+03
 0.13150E+02     0.88832E+03
 0.13250E+02     0.88978E+03
 0.13350E+02     0.88937E+03
 0.13450E+02     0.88863E+03
 0.13550E+02     0.88669E+03
 0.13650E+02     0.88348E+03
 0.13750E+02     0.87953E+03
 0.13850E+02     0.87131E+03
 0.13950E+02     0.86225E+03
 0.14050E+02     0.85864E+03
 0.14150E+02     0.86085E+03
 0.14250E+02     0.86265E+03
 0.14350E+02     0.86178E+03
 0.14450E+02     0.86044E+03
 0.14550E+02     0.85634E+03
 0.14650E+02     0.84927E+03
 0.14750E+02     0.84220E+03
 0.14850E+02     0.83513E+03
 0.14950E+02     0.82806E+03
 0.15050E+02     0.83018E+03
 0.15150E+02     0.84214E+03
 0.15250E+02     0.85411E+03
 0.15350E+02     0.86607E+03
 0.15450E+02     0.87803E+03
 0.15550E+02     0.88914E+03
 0.15650E+02     0.89932E+03
 0.15750E+02     0.90950E+03
 0.15850E+02     0.91969E+03
 0.15950E+02     0.92987E+03
 0.16050E+02     0.93836E+03
 0.16150E+02     0.94503E+03
 0.16250E+02     0.95170E+03
 0.16350E+02     0.95838E+03
 0.16450E+02     0.96505E+03
 0.16550E+02     0.97063E+03
 0.16650E+02     0.97505E+03
 0.16750E+02     0.97946E+03
 0.16850E+02     0.98388E+03
 0.16950E+02     0.98829E+03
 0.17050E+02     0.99162E+03
 0.17150E+02     0.99378E+03
 0.17250E+02     0.99595E+03
 0.17350E+02     0.99811E+03
 0.17450E+02     0.10003E+04
 0.17550E+02     0.10081E+04
 0.17650E+02     0.10220E+04
 0.17750E+02     0.10360E+04
 0.17850E+02     0.10499E+04
 0.17950E+02     0.10638E+04
 0.18050E+02     0.10691E+04
 0.18150E+02     0.10652E+04
 0.18250E+02     0.10613E+04
 0.18350E+02     0.10573E+04
 0.18450E+02     0.10534E+04
 0.18550E+02     0.10488E+04
 0.18650E+02     0.10433E+04
 0.18750E+02     0.10379E+04
 0.18850E+02     0.10324E+04
 0.18950E+02     0.10270E+04
 0.19050E+02     0.10202E+04
 0.19150E+02     0.10120E+04
 0.19250E+02     0.10038E+04
 0.19350E+02     0.99557E+03
 0.19450E+02     0.98736E+03
 0.19550E+02     0.97814E+03
 0.19650E+02     0.96784E+03
 0.19750E+02     0.95754E+03
 0.19850E+02     0.94725E+03
 0.19950E+02     0.93695E+03
