    19.95000           1443450.    
    19.85000           1441350.    
    19.75000           1439300.    
    19.65000           1437150.    
    19.55000           1435050.    
    19.45000           1432850.    
    19.35000           1430500.    
    19.25000           1428100.    
    19.15000           1425800.    
    19.05000           1423400.    
    18.95000           1420900.    
    18.85000           1418300.    
    18.75000           1415600.    
    18.65000           1412950.    
    18.55000           1410350.    
    18.45000           1407550.    
    18.35000           1404650.    
    18.25000           1401800.    
    18.15000           1398900.    
    18.05000           1396000.    
    17.95000           1393000.    
    17.85000           1390050.    
    17.75000           1387050.    
    17.65000           1384000.    
    17.55000           1381050.    
    17.45000           1377800.    
    17.35000           1374350.    
    17.25000           1370950.    
    17.15000           1367450.    
    17.05000           1364050.    
    16.95000           1360500.    
    16.85000           1356850.    
    16.75000           1353200.    
    16.65000           1349500.    
    16.55000           1345850.    
    16.45000           1342050.    
    16.35000           1338200.    
    16.25000           1334250.    
    16.15000           1330350.    
    16.05000           1326450.    
    15.95000           1322250.    
    15.85000           1317800.    
    15.75000           1313250.    
    15.65000           1308800.    
    15.55000           1304250.    
    15.45000           1299650.    
    15.35000           1294850.    
    15.25000           1290100.    
    15.15000           1285300.    
    15.05000           1280500.    
    14.95000           1274700.    
    14.85000           1267850.    
    14.75000           1261000.    
    14.65000           1254150.    
    14.55000           1247350.    
    14.45000           1240550.    
    14.35000           1233800.    
    14.25000           1227050.    
    14.15000           1220100.    
    14.05000           1213150.    
    13.95000           1204650.    
    13.85000           1194600.    
    13.75000           1184550.    
    13.65000           1174150.    
    13.55000           1163850.    
    13.45000           1153500.    
    13.35000           1143150.    
    13.25000           1132850.    
    13.15000           1122400.    
    13.05000           1112000.    
    12.95000           1102250.    
    12.85000           1093200.    
    12.75000           1084100.    
    12.65000           1074700.    
    12.55000           1065350.    
    12.45000           1055950.    
    12.35000           1046500.    
    12.25000           1037200.    
    12.15000           1027710.    
    12.05000           1018275.    
    11.95000           1008440.    
    11.85000           998370.0    
    11.75000           988480.0    
    11.65000           978500.0    
    11.55000           968675.0    
    11.45000           958860.0    
    11.35000           949065.0    
    11.25000           939530.0    
    11.15000           930015.0    
    11.05000           920765.0    
    10.95000           911695.0    
    10.85000           902760.0    
    10.75000           894030.0    
    10.65000           885390.0    
    10.55000           876895.0    
    10.45000           868480.0    
    10.35000           860140.0    
    10.25000           851890.0    
    10.15000           843650.0    
    10.05000           835480.0    
    9.950000           827105.0    
    9.850000           818550.0    
    9.750000           809975.0    
    9.650000           801415.0    
    9.550000           793145.0    
    9.450000           784745.0    
    9.350000           775575.0    
    9.250000           766340.0    
    9.150000           757025.0    
    9.050000           747770.0    
    8.950000           738550.0    
    8.850000           729365.0    
    8.750000           720185.0    
    8.650000           711020.0    
    8.550000           701875.0    
    8.450000           692765.0    
    8.350000           683690.0    
    8.250000           674630.0    
    8.150000           665580.0    
    8.050000           656540.0    
    7.950000           647280.0    
    7.850000           637810.0    
    7.750000           628360.0    
    7.650000           618920.0    
    7.550000           609505.0    
    7.450000           600135.0    
    7.350000           590810.0    
    7.250000           581495.0    
    7.150000           572225.0    
    7.050000           562970.0    
    6.950000           553640.0    
    6.850000           544230.0    
    6.750000           534840.0    
    6.650000           525480.0    
    6.550000           516135.0    
    6.450000           506820.0    
    6.350000           497540.0    
    6.250000           488275.0    
    6.150000           479025.0    
    6.050000           469775.0    
    5.950000           460520.0    
    5.850000           451285.0    
    5.750000           442100.0    
    5.650000           432930.0    
    5.550000           423755.0    
    5.450000           414575.0    
    5.350000           405420.0    
    5.250000           396300.0    
    5.150000           387250.0    
    5.050000           378175.0    
    4.950000           369190.0    
    4.850000           360280.0    
    4.750000           351365.0    
    4.650000           342440.0    
    4.550000           333495.0    
    4.450000           324500.0    
    4.350000           315440.0    
    4.250000           306365.0    
    4.150000           297255.0    
    4.050000           288125.0    
    3.950000           279025.0    
    3.850000           269980.0    
    3.750000           260945.0    
    3.650000           251875.0    
    3.550000           242815.0    
    3.450000           233750.0    
    3.350000           224680.0    
    3.250000           215660.0    
    3.150000           206660.0    
    3.050000           197700.0    
    2.950000           190415.0    
    2.850000           184665.0    
    2.750000           178745.0    
    2.650000           172640.0    
    2.550000           166475.0    
    2.450000           160305.0    
    2.350000           153915.0    
    2.250000           147935.0    
    2.150000           144165.0    
    2.050000           141190.0    
    1.950000           137975.0    
    1.850000           131070.0    
    1.750000           124600.0    
    1.650000           119555.0    
    1.550000           115795.0    
    1.450000           112448.0    
    1.350000           109306.0    
    1.250000           105869.5    
    1.150000           102256.5    
    1.050000           98430.50    
   0.9800000           95238.50    
   0.9400000           93192.00    
   0.9000000           91141.50    
   0.8600000           89099.00    
   0.8200000           86972.00    
   0.7800000           84724.00    
   0.7400000           82441.50    
   0.7050000           80435.00    
   0.6750000           78612.50    
   0.6450000           76740.50    
   0.6150000           74763.50    
   0.5875000           72837.00    
   0.5625000           70983.00    
   0.5375000           69056.50    
   0.5125000           67086.50    
   0.4875000           65042.50    
   0.4625000           62904.00    
   0.4375000           60692.50    
   0.4125000           58409.50    
   0.3900000           56211.50    
   0.3700000           54128.00    
   0.3500000           51981.00    
   0.3300000           49743.00    
   0.3100000           47492.50    
   0.2900000           45155.00    
   0.2750000           43319.00    
   0.2625000           41759.00    
   0.2475000           39845.00    
   0.2350000           38198.50    
   0.2250000           36875.00    
   0.2150000           35552.50    
   0.2050000           34229.50    
   0.1950000           32841.00    
   0.1850000           31396.00    
   0.1750000           29946.50    
   0.1650000           28473.50    
   0.1550000           26996.00    
   0.1462500           25681.50    
   0.1387500           24531.50    
   0.1312500           23381.50    
   0.1237500           22225.50    
   0.1175000           21241.00    
   0.1125000           20454.00    
   0.1075000           19666.00    
   0.1025000           18879.00    
   0.9800000E-01       18150.50    
   0.9400000E-01       17489.50    
   0.9000000E-01       16828.00    
   0.8600000E-01       16162.50    
   0.8200000E-01       15492.00    
   0.7800000E-01       14820.00    
   0.7400000E-01       14144.50    
   0.7050000E-01       13549.00    
   0.6750000E-01       13035.50    
   0.6450000E-01       12522.00    
   0.6150001E-01       12005.50    
   0.5875000E-01       11526.50    
   0.5625000E-01       11089.00    
   0.5375000E-01       10652.20    
   0.5125000E-01       10214.65    
   0.4875000E-01       9774.800    
   0.4625000E-01       9332.650    
   0.4375000E-01       8890.100    
   0.4125000E-01       8443.850    
   0.3900000E-01       8039.650    
   0.3700000E-01       7679.250    
   0.3500000E-01       7318.100    
   0.3300000E-01       6952.800    
   0.3100000E-01       6586.050    
   0.2900000E-01       6216.050    
   0.2750000E-01       5939.400    
   0.2625000E-01       5704.600    
   0.2475000E-01       5423.150    
   0.2350000E-01       5188.450    
   0.2250000E-01       4998.100    
   0.2150000E-01       4807.650    
   0.2050000E-01       4617.000    
   0.1950000E-01       4427.050    
   0.1850000E-01       4237.750    
   0.1750000E-01       4048.050    
   0.1650000E-01       3856.300    
   0.1550000E-01       3664.250    
   0.1462500E-01       3495.300    
   0.1387500E-01       3348.900    
   0.1312500E-01       3202.450    
   0.1237500E-01       3055.650    
   0.1175000E-01       2932.850    
   0.1125000E-01       2834.100    
   0.1075000E-01       2734.700    
   0.1025000E-01       2635.300    
   0.9800000E-02       2566.250    
   0.9400000E-02       2527.150    
   0.9000000E-02       2486.950    
   0.8600000E-02       2440.400    
   0.8200000E-02       2392.550    
   0.7800000E-02       2341.550    
   0.7400000E-02       2286.250    
   0.7050000E-02       2235.250    
   0.6750000E-02       2189.100    
   0.6450000E-02       2141.600    
   0.6150000E-02       2091.900    
   0.5875000E-02       2042.700    
   0.5625000E-02       1993.950    
   0.5375000E-02       1944.650    
   0.5125000E-02       1894.500    
   0.4875000E-02       1818.850    
   0.4625000E-02       1720.250    
   0.4375000E-02       1627.350    
   0.4125000E-02       1538.150    
   0.3900000E-02       1478.430    
   0.3700000E-02       1447.310    
   0.3500000E-02       1415.790    
   0.3300000E-02       1384.915    
   0.3100000E-02       1353.530    
   0.2900000E-02       1324.175    
   0.2750000E-02       1303.735    
   0.2625000E-02       1079.685    
   0.2475000E-02       674.0850    
   0.2350000E-02       635.2200    
   0.2250000E-02       560.4200    
   0.2150000E-02       497.7750    
   0.2050000E-02       780.9750    
   0.1950000E-02       1932.810    
   0.1850000E-02       1055.395    
   0.1750000E-02       591.7150    
   0.1650000E-02       2158.835    
   0.1550000E-02       398.4050    
   0.1462500E-02       2160.090    
   0.1387500E-02       1028.570    
   0.1312500E-02       2266.265    
   0.1237500E-02       250.2100    
   0.1175000E-02       237.9800    
   0.1125000E-02       913.4700    
   0.1075000E-02       230.0800    
   0.1025000E-02       231.1000    
   0.9800000E-03       249.1650    
   0.9400000E-03       3462.070    
   0.9000000E-03       1362.060    
   0.8600000E-03       330.9350    
   0.8200000E-03       296.3650    
   0.7800000E-03       399.8300    
   0.7400000E-03       9347.690    
   0.7050000E-03       434.9600    
   0.6750000E-03       3607.940    
   0.6450000E-03       339.9600    
   0.6150000E-03       299.0250    
   0.5875000E-03       331.5950    
   0.5625000E-03       520.6150    
   0.5375000E-03       12284.92    
   0.5125000E-03       700.7700    
   0.4875000E-03       644.3200    
   0.4625000E-03       1352.625    
   0.4375000E-03       334.6930    
   0.4125000E-03       383.4220    
   0.3900000E-03       509.9280    
   0.3700000E-03       512.8300    
   0.3500000E-03       575.6900    
   0.3300000E-03       11775.88    
   0.3100000E-03       13696.44    
   0.2900000E-03       519.8350    
   0.2750000E-03       409.6975    
   0.2625000E-03       401.3250    
   0.2475000E-03       5025.015    
   0.2350000E-03       157.7220    
   0.2250000E-03       121.8595    
   0.2150000E-03       100.5105    
   0.2050000E-03       89.33400    
   0.1950000E-03       88.11700    
   0.1850000E-03       90.22400    
   0.1750000E-03       108.0590    
   0.1650000E-03       154.2040    
   0.1550000E-03       232.4405    
   0.1462500E-03       315.4640    
   0.1387500E-03       382.7595    
   0.1312500E-03       472.0825    
   0.1237500E-03       589.8950    
   0.1175000E-03       675.6245    
   0.1125000E-03       707.6905    
   0.1075000E-03       736.2045    
   0.1025000E-03       785.1010    
   0.9800000E-04       869.9650    
   0.9400000E-04       14391.65    
   0.9000000E-04       2972.050    
   0.8600000E-04       452.7500    
   0.8200000E-04       281.3200    
   0.7800000E-04       187.7050    
   0.7400000E-04       131.7155    
   0.7050000E-04       103.1565    
   0.6750000E-04       93.50400    
   0.6450000E-04       93.67050    
   0.6150000E-04       105.9125    
   0.5875000E-04       137.5910    
   0.5625000E-04       202.8120    
   0.5375000E-04       361.4480    
   0.5125000E-04       932.5335    
   0.4875000E-04       11838.28    
   0.4625000E-04       109415.5    
   0.4375000E-04       1784.468    
   0.4125000E-04       545.4615    
   0.3900000E-04       295.8050    
   0.3700000E-04       204.3755    
   0.3500000E-04       154.7245    
   0.3300000E-04       124.8035    
   0.3100000E-04       105.5065    
   0.2900000E-04       92.50750    
   0.2750000E-04       85.53550    
   0.2625000E-04       80.81250    
   0.2475000E-04       76.33450    
   0.2350000E-04       73.37450    
   0.2250000E-04       71.48650    
   0.2150000E-04       69.85800    
   0.2050000E-04       68.57300    
   0.1950000E-04       67.65649    
   0.1850000E-04       67.08250    
   0.1750000E-04       66.57500    
   0.1650000E-04       66.50450    
   0.1550000E-04       66.54850    
   0.1462500E-04       66.81950    
   0.1387500E-04       67.29950    
   0.1312500E-04       67.82000    
   0.1237500E-04       68.47400    
   0.1175000E-04       69.33450    
   0.1125000E-04       70.05901    
   0.1075000E-04       70.82800    
   0.1025000E-04       71.61300    
   0.9800000E-05       72.47550    
   0.9400000E-05       73.42650    
   0.9000000E-05       74.37750    
   0.8600000E-05       75.45250    
   0.8200000E-05       76.73600    
   0.7800000E-05       78.03150    
   0.7400000E-05       79.43900    
   0.7050000E-05       80.92450    
   0.6750000E-05       82.23900    
   0.6450000E-05       83.61150    
   0.6150000E-05       85.12801    
   0.5875000E-05       86.78200    
   0.5625000E-05       88.35550    
   0.5375000E-05       89.96201    
   0.5125000E-05       91.56850    
   0.4875000E-05       93.46149    
   0.4625000E-05       95.63450    
   0.4375000E-05       97.81750    
   0.4125000E-05       100.3500    
   0.3900000E-05       102.9255    
   0.3700000E-05       105.2695    
   0.3500000E-05       107.7495    
   0.3300000E-05       110.8060    
   0.3100000E-05       114.0270    
   0.2900000E-05       117.3715    
   0.2750000E-05       119.9925    
   0.2625000E-05       122.6765    
   0.2475000E-05       125.9910    
   0.2350000E-05       128.9890    
   0.2250000E-05       131.7730    
   0.2150000E-05       134.6405    
   0.2050000E-05       137.5440    
   0.1950000E-05       140.8150    
   0.1850000E-05       144.4550    
   0.1750000E-05       148.2370    
   0.1650000E-05       152.6270    
   0.1550000E-05       157.1865    
   0.1462500E-05       161.6850    
   0.1387500E-05       165.9750    
   0.1312500E-05       170.3950    
   0.1237500E-05       175.2000    
   0.1175000E-05       179.9250    
   0.1125000E-05       183.8750    
   0.1075000E-05       187.8900    
   0.1025000E-05       192.0150    
   0.9800000E-06       196.1550    
   0.9400000E-06       200.3100    
   0.9000000E-06       204.4700    
   0.8600000E-06       209.0000    
   0.8200000E-06       214.1100    
   0.7800000E-06       219.3750    
   0.7400000E-06       225.0500    
   0.7050000E-06       230.7500    
   0.6750000E-06       235.7700    
   0.6450000E-06       240.9200    
   0.6150000E-06       246.5900    
   0.5875000E-06       252.6400    
   0.5625000E-06       258.2100    
   0.5375000E-06       264.0050    
   0.5125000E-06       269.8450    
   0.4875000E-06       276.5000    
   0.4625000E-06       283.9850    
   0.4375000E-06       291.7150    
   0.4125000E-06       300.4500    
   0.3900000E-06       309.1850    
   0.3700000E-06       317.2350    
   0.3500000E-06       325.5950    
   0.3300000E-06       335.3450    
   0.3100000E-06       345.7450    
   0.2900000E-06       357.6650    
   0.2750000E-06       366.8300    
   0.2625000E-06       375.9550    
   0.2475000E-06       387.0850    
   0.2350000E-06       396.7350    
   0.2250000E-06       405.5300    
   0.2150000E-06       414.7950    
   0.2050000E-06       424.7200    
   0.1950000E-06       435.5900    
   0.1850000E-06       447.3800    
   0.1750000E-06       459.5100    
   0.1650000E-06       473.6250    
   0.1550000E-06       488.4600    
   0.1462500E-06       502.5650    
   0.1387500E-06       515.9550    
   0.1312500E-06       530.7300    
   0.1237500E-06       546.5000    
   0.1175000E-06       561.0900    
   0.1125000E-06       573.1500    
   0.1075000E-06       586.6150    
   0.1025000E-06       600.3100    
   0.9800000E-07       613.8850    
   0.9400000E-07       627.1650    
   0.9000000E-07       640.4400    
   0.8600000E-07       654.6550    
   0.8200000E-07       670.4150    
   0.7800000E-07       687.6000    
   0.7400000E-07       705.9150    
   0.7050000E-07       723.2750    
   0.6750000E-07       739.2050    
   0.6450000E-07       756.4600    
   0.6150000E-07       774.6300    
   0.5875000E-07       792.8300    
   0.5625000E-07       809.8400    
   0.5375000E-07       828.9800    
   0.5125000E-07       848.4450    
   0.4875000E-07       869.7400    
   0.4625000E-07       893.2600    
   0.4375000E-07       917.7300    
   0.4125000E-07       944.9550    
   0.3900000E-07       972.1801    
   0.3700000E-07       997.7900    
   0.3500000E-07       1025.915    
   0.3300000E-07       1056.910    
   0.3100000E-07       1090.400    
   0.2900000E-07       1127.450    
   0.2750000E-07       1157.710    
   0.2625000E-07       1184.825    
   0.2475000E-07       1219.980    
   0.2350000E-07       1252.115    
   0.2250000E-07       1278.875    
   0.2150000E-07       1309.345    
   0.2050000E-07       1340.115    
   0.1950000E-07       1374.195    
   0.1850000E-07       1411.635    
   0.1750000E-07       1449.930    
   0.1650000E-07       1493.100    
   0.1550000E-07       1540.865    
   0.1462500E-07       1586.450    
   0.1387500E-07       1628.700    
   0.1312500E-07       1675.250    
   0.1237500E-07       1724.950    
   0.1175000E-07       1771.000    
   0.1125000E-07       1809.000    
   0.1075000E-07       1851.950    
   0.1025000E-07       1895.850    
   0.9800000E-08       1938.950    
   0.9400000E-08       1981.300    
   0.9000000E-08       2023.650    
   0.8600000E-08       2068.700    
   0.8200000E-08       2118.400    
   0.7800000E-08       2172.250    
   0.7400001E-08       2230.200    
   0.7050000E-08       2285.200    
   0.6750000E-08       2335.100    
   0.6450000E-08       2389.000    
   0.6150000E-08       2446.700    
   0.5875000E-08       2504.350    
   0.5625000E-08       2558.000    
   0.5375000E-08       2618.850    
   0.5125000E-08       2680.850    
   0.4875000E-08       2747.700    
   0.4625000E-08       2820.650    
   0.4375000E-08       2900.550    
   0.4125000E-08       2987.350    
   0.3900000E-08       3071.600    
   0.3700000E-08       3155.000    
   0.3500000E-08       3242.450    
   0.3300000E-08       3341.200    
   0.3100000E-08       3445.650    
   0.2900000E-08       3564.800    
   0.2750000E-08       3657.000    
   0.2625000E-08       3743.050    
   0.2475000E-08       3855.150    
   0.2350000E-08       3955.900    
   0.2250000E-08       4043.600    
   0.2150000E-08       4136.250    
   0.2050000E-08       4236.300    
   0.1950000E-08       4345.500    
   0.1850000E-08       4463.850    
   0.1750000E-08       4584.700    
   0.1650000E-08       4721.050    
   0.1550000E-08       4871.500    
   0.1462500E-08       5015.450    
   0.1387500E-08       5148.600    
   0.1312500E-08       5295.650    
   0.1237500E-08       5452.400    
   0.1175000E-08       5598.150    
   0.1125000E-08       5718.050    
   0.1075000E-08       5854.050    
   0.1025000E-08       5992.700    
   0.9800000E-09       6129.100    
   0.9400000E-09       6263.000    
   0.9000000E-09       6396.950    
   0.8600000E-09       6539.400    
   0.8200000E-09       6696.700    
   0.7800000E-09       6867.800    
   0.7400000E-09       7050.000    
   0.7050000E-09       7223.800    
   0.6750000E-09       7382.150    
   0.6450000E-09       7553.200    
   0.6150000E-09       7734.350    
   0.5875000E-09       7916.450    
   0.5625000E-09       8086.000    
   0.5375000E-09       8278.350    
   0.5125000E-09       8473.900    
   0.4875000E-09       8685.400    
   0.4625000E-09       8916.100    
   0.4375000E-09       9168.900    
   0.4125000E-09       9443.150    
   0.3900000E-09       9709.950    
   0.3700000E-09       9973.250    
   0.3500000E-09       10249.80    
   0.3300000E-09       10562.25    
   0.3100000E-09       10892.55    
   0.2900000E-09       11269.25    
   0.2750000E-09       11561.05    
   0.2625000E-09       11833.10    
   0.2475000E-09       12187.05    
   0.2350000E-09       12505.55    
   0.2250000E-09       12782.75    
   0.2150000E-09       13075.45    
   0.2050000E-09       13391.65    
   0.1950000E-09       13736.65    
   0.1850000E-09       14110.50    
   0.1750000E-09       14492.30    
   0.1650000E-09       14922.90    
   0.1550000E-09       15398.35    
   0.1462500E-09       15853.00    
   0.1387500E-09       16273.50    
   0.1312500E-09       16738.00    
   0.1237500E-09       17233.50    
   0.1175000E-09       17694.00    
   0.1125000E-09       18073.00    
   0.1075000E-09       18502.00    
   0.1025000E-09       18940.50    
