    19.95000           576010.0    
    19.85000           576285.0    
    19.75000           576565.0    
    19.65000           576840.0    
    19.55000           577120.0    
    19.45000           577350.0    
    19.35000           577540.0    
    19.25000           577730.0    
    19.15000           577915.0    
    19.05000           578105.0    
    18.95000           578270.0    
    18.85000           578410.0    
    18.75000           578555.0    
    18.65000           578700.0    
    18.55000           578840.0    
    18.45000           579020.0    
    18.35000           579305.0    
    18.25000           579600.0    
    18.15000           579890.0    
    18.05000           580190.0    
    17.95000           577420.0    
    17.85000           572185.0    
    17.75000           566945.0    
    17.65000           561710.0    
    17.55000           556475.0    
    17.45000           554155.0    
    17.35000           554225.0    
    17.25000           554300.0    
    17.15000           554370.0    
    17.05000           554440.0    
    16.95000           552505.0    
    16.85000           548895.0    
    16.75000           545280.0    
    16.65000           541670.0    
    16.55000           538060.0    
    16.45000           534355.0    
    16.35000           530575.0    
    16.25000           526795.0    
    16.15000           523020.0    
    16.05000           519245.0    
    15.95000           517160.0    
    15.85000           516580.0    
    15.75000           515995.0    
    15.65000           515420.0    
    15.55000           514840.0    
    15.45000           514105.0    
    15.35000           513230.0    
    15.25000           512355.0    
    15.15000           511480.0    
    15.05000           510600.0    
    14.95000           505350.0    
    14.85000           495885.0    
    14.75000           486420.0    
    14.65000           476960.0    
    14.55000           467490.0    
    14.45000           461965.0    
    14.35000           460310.0    
    14.25000           458640.0    
    14.15000           456845.0    
    14.05000           455040.0    
    13.95000           453670.0    
    13.85000           452745.0    
    13.75000           451785.0    
    13.65000           450570.0    
    13.55000           449310.0    
    13.45000           447995.0    
    13.35000           447795.0    
    13.25000           448805.0    
    13.15000           449715.0    
    13.05000           450595.0    
    12.95000           447790.0    
    12.85000           441130.0    
    12.75000           435315.0    
    12.65000           434855.0    
    12.55000           435320.0    
    12.45000           435670.0    
    12.35000           435895.0    
    12.25000           436090.0    
    12.15000           436150.0    
    12.05000           436175.0    
    11.95000           431225.0    
    11.85000           423325.0    
    11.75000           422165.0    
    11.65000           421150.0    
    11.55000           420320.0    
    11.45000           419390.0    
    11.35000           418380.0    
    11.25000           417655.0    
    11.15000           416940.0    
    11.05000           416465.0    
    10.95000           407015.0    
    10.85000           394665.0    
    10.75000           395140.0    
    10.65000           396105.0    
    10.55000           397240.0    
    10.45000           398450.0    
    10.35000           399890.0    
    10.25000           401715.0    
    10.15000           403480.0    
    10.05000           405310.0    
    9.950000           404995.0    
    9.850000           403170.0    
    9.750000           401345.0    
    9.650000           399530.0    
    9.550000           398020.0    
    9.450000           396355.0    
    9.350000           393735.0    
    9.250000           390895.0    
    9.150000           387975.0    
    9.050000           385040.0    
    8.950000           383855.0    
    8.850000           384325.0    
    8.750000           384795.0    
    8.650000           385250.0    
    8.550000           385715.0    
    8.450000           386115.0    
    8.350000           386450.0    
    8.250000           386775.0    
    8.150000           387085.0    
    8.050000           387390.0    
    7.950000           377830.0    
    7.850000           358840.0    
    7.750000           341955.0    
    7.650000           337080.0    
    7.550000           334140.0    
    7.450000           331200.0    
    7.350000           328245.0    
    7.250000           325295.0    
    7.150000           322340.0    
    7.050000           319390.0    
    6.950000           317975.0    
    6.850000           318045.0    
    6.750000           318110.0    
    6.650000           318175.0    
    6.550000           318245.0    
    6.450000           318255.0    
    6.350000           318210.0    
    6.250000           318160.0    
    6.150000           318050.0    
    6.050000           317935.0    
    5.950000           316275.0    
    5.850000           313130.0    
    5.750000           309970.0    
    5.650000           306725.0    
    5.550000           303465.0    
    5.450000           300175.0    
    5.350000           296850.0    
    5.250000           293510.0    
    5.150000           290090.0    
    5.050000           286655.0    
    4.950000           254595.0    
    4.850000           239820.0    
    4.750000           238960.0    
    4.650000           238035.0    
    4.550000           237090.0    
    4.450000           236105.0    
    4.350000           235040.0    
    4.250000           233905.0    
    4.150000           232720.0    
    4.050000           231505.0    
    3.950000           227350.0    
    3.850000           220355.0    
    3.750000           213365.0    
    3.650000           206355.0    
    3.550000           199310.0    
    3.450000           194930.0    
    3.350000           193170.0    
    3.250000           191395.0    
    3.150000           189615.0    
    3.050000           187840.0    
    2.950000           171765.0    
    2.850000           156735.0    
    2.750000           156330.0    
    2.650000           155760.0    
    2.550000           155070.0    
    2.450000           154255.0    
    2.350000           153155.0    
    2.250000           152410.0    
    2.150000           153845.0    
    2.050000           156015.0    
    1.950000           152580.0    
    1.850000           140125.0    
    1.750000           128520.0    
    1.650000           122785.0    
    1.550000           122215.0    
    1.450000           112560.0    
    1.350000           103225.0    
    1.250000           102785.0    
    1.150000           101355.0    
    1.050000           98873.00    
   0.9800000           94385.50    
   0.9400000           88090.00    
   0.9000000           82380.50    
   0.8600000           80510.50    
   0.8200000           79195.00    
   0.7800000           77725.50    
   0.7400000           75401.00    
   0.7050000           71917.50    
   0.6750000           69799.50    
   0.6450000           67938.00    
   0.6150000           65993.00    
   0.5875000           64407.00    
   0.5625000           63179.00    
   0.5375000           61894.00    
   0.5125000           60553.50    
   0.4875000           58976.50    
   0.4625000           57167.50    
   0.4375000           55324.50    
   0.4125000           53449.00    
   0.3900000           51710.50    
   0.3700000           50103.00    
   0.3500000           48470.00    
   0.3300000           46651.50    
   0.3100000           44786.00    
   0.2900000           42783.00    
   0.2750000           41189.00    
   0.2625000           39848.50    
   0.2475000           38192.50    
   0.2350000           36681.00    
   0.2250000           35458.00    
   0.2150000           34235.00    
   0.2050000           33011.00    
   0.1950000           31879.00    
   0.1850000           30837.50    
   0.1750000           29780.00    
   0.1650000           28619.00    
   0.1550000           27440.50    
   0.1462500           26260.00    
   0.1387500           25074.00    
   0.1312500           23888.50    
   0.1237500           22691.00    
   0.1175000           21663.00    
   0.1125000           20835.00    
   0.1075000           20006.00    
   0.1025000           19177.50    
   0.9800000E-01       18380.00    
   0.9400000E-01       17612.50    
   0.9000000E-01       16845.00    
   0.8600000E-01       16078.50    
   0.8200000E-01       15315.50    
   0.7800000E-01       14555.00    
   0.7400000E-01       13797.50    
   0.7050000E-01       13140.50    
   0.6750000E-01       12574.00    
   0.6450000E-01       12007.00    
   0.6150001E-01       11442.00    
   0.5875000E-01       10927.50    
   0.5625000E-01       10460.50    
   0.5375000E-01       9992.800    
   0.5125000E-01       9525.200    
   0.4875000E-01       9063.800    
   0.4625000E-01       8608.301    
   0.4375000E-01       8152.600    
   0.4125000E-01       7696.650    
   0.3900000E-01       7326.900    
   0.3700000E-01       7041.000    
   0.3500000E-01       6755.000    
   0.3300000E-01       6467.800    
   0.3100000E-01       6161.950    
   0.2900000E-01       5846.300    
   0.2750000E-01       5601.950    
   0.2625000E-01       5393.050    
   0.2475000E-01       5140.850    
   0.2350000E-01       4924.250    
   0.2250000E-01       4749.650    
   0.2150000E-01       4574.950    
   0.2050000E-01       4394.900    
   0.1950000E-01       4211.000    
   0.1850000E-01       4027.150    
   0.1750000E-01       3843.100    
   0.1650000E-01       3654.200    
   0.1550000E-01       3463.200    
   0.1462500E-01       3293.300    
   0.1387500E-01       3145.350    
   0.1312500E-01       2995.950    
   0.1237500E-01       2845.100    
   0.1175000E-01       2719.350    
   0.1125000E-01       2616.950    
   0.1075000E-01       2513.900    
   0.1025000E-01       2410.850    
   0.9800000E-02       2422.700    
   0.9400000E-02       2505.750    
   0.9000000E-02       2655.250    
   0.8600000E-02       2148.150    
   0.8200000E-02       2416.000    
   0.7800000E-02       2038.150    
   0.7400000E-02       1970.650    
   0.7050000E-02       2254.600    
   0.6750000E-02       1652.050    
   0.6450000E-02       2784.200    
   0.6150000E-02       3060.350    
   0.5875000E-02       2459.150    
   0.5625000E-02       3455.150    
   0.5375000E-02       1420.250    
   0.5125000E-02       1890.100    
   0.4875000E-02       1973.100    
   0.4625000E-02       1714.200    
   0.4375000E-02       1140.450    
   0.4125000E-02       1147.745    
   0.3900000E-02       2442.050    
   0.3700000E-02       1553.060    
   0.3500000E-02       2309.890    
   0.3300000E-02       782.7250    
   0.3100000E-02       1064.015    
   0.2900000E-02       1185.740    
   0.2750000E-02       2219.400    
   0.2625000E-02       1638.175    
   0.2475000E-02       803.4750    
   0.2350000E-02       653.8800    
   0.2250000E-02       607.6600    
   0.2150000E-02       592.2800    
   0.2050000E-02       770.9000    
   0.1950000E-02       998.8250    
   0.1850000E-02       1590.695    
   0.1750000E-02       690.6650    
   0.1650000E-02       1914.730    
   0.1550000E-02       511.2100    
   0.1462500E-02       1568.105    
   0.1387500E-02       557.4750    
   0.1312500E-02       2124.220    
   0.1237500E-02       355.1000    
   0.1175000E-02       356.6750    
   0.1125000E-02       731.4400    
   0.1075000E-02       357.2100    
   0.1025000E-02       355.0100    
   0.9800000E-03       370.7650    
   0.9400000E-03       2169.385    
   0.9000000E-03       374.5800    
   0.8600000E-03       392.2000    
   0.8200000E-03       1015.155    
   0.7800000E-03       512.4250    
   0.7400000E-03       5724.845    
   0.7050000E-03       465.6400    
   0.6750000E-03       2092.820    
   0.6450000E-03       426.9250    
   0.6150000E-03       404.0700    
   0.5875000E-03       425.0050    
   0.5625000E-03       540.4800    
   0.5375000E-03       7393.775    
   0.5125000E-03       560.3300    
   0.4875000E-03       525.5550    
   0.4625000E-03       972.9400    
   0.4375000E-03       408.5450    
   0.4125000E-03       390.6000    
   0.3900000E-03       419.6850    
   0.3700000E-03       449.9450    
   0.3500000E-03       530.0550    
   0.3300000E-03       5885.725    
   0.3100000E-03       6408.800    
   0.2900000E-03       436.7250    
   0.2750000E-03       362.0800    
   0.2625000E-03       389.7400    
   0.2475000E-03       2776.925    
   0.2350000E-03       286.0650    
   0.2250000E-03       232.5950    
   0.2150000E-03       216.0550    
   0.2050000E-03       208.4500    
   0.1950000E-03       210.5750    
   0.1850000E-03       217.0500    
   0.1750000E-03       237.5900    
   0.1650000E-03       284.8950    
   0.1550000E-03       363.8800    
   0.1462500E-03       447.2500    
   0.1387500E-03       514.2850    
   0.1312500E-03       601.7150    
   0.1237500E-03       717.0600    
   0.1175000E-03       799.2700    
   0.1125000E-03       831.3650    
   0.1075000E-03       906.8000    
   0.1025000E-03       1000.655    
   0.9800000E-04       1066.235    
   0.9400000E-04       7596.500    
   0.9000000E-04       1927.600    
   0.8600000E-04       578.3350    
   0.8200000E-04       409.5250    
   0.7800000E-04       321.8050    
   0.7400000E-04       269.4600    
   0.7050000E-04       241.3300    
   0.6750000E-04       228.7605    
   0.6450000E-04       224.6295    
   0.6150000E-04       229.9355    
   0.5875000E-04       248.2470    
   0.5625000E-04       295.7170    
   0.5375000E-04       461.4595    
   0.5125000E-04       858.5890    
   0.4875000E-04       7103.214    
   0.4625000E-04       54682.05    
   0.4375000E-04       1134.941    
   0.4125000E-04       465.3690    
   0.3900000E-04       210.0280    
   0.3700000E-04       212.1405    
   0.3500000E-04       214.2525    
   0.3300000E-04       216.3870    
   0.3100000E-04       218.5440    
   0.2900000E-04       220.7040    
   0.2750000E-04       222.3480    
   0.2625000E-04       223.7350    
   0.2475000E-04       225.3975    
   0.2350000E-04       226.7990    
   0.2250000E-04       227.9415    
   0.2150000E-04       229.0890    
   0.2050000E-04       230.2320    
   0.1950000E-04       231.4755    
   0.1850000E-04       232.8075    
   0.1750000E-04       234.1735    
   0.1650000E-04       235.5730    
   0.1550000E-04       237.0190    
   0.1462500E-04       238.3120    
   0.1387500E-04       239.4620    
   0.1312500E-04       240.6505    
   0.1237500E-04       241.8715    
   0.1175000E-04       242.9305    
   0.1125000E-04       243.7895    
   0.1075000E-04       244.7070    
   0.1025000E-04       245.6275    
   0.9800000E-05       246.9120    
   0.9400000E-05       248.5650    
   0.9000000E-05       250.2235    
   0.8600000E-05       251.9190    
   0.8200000E-05       253.6600    
   0.7800000E-05       255.4120    
   0.7400000E-05       257.2360    
   0.7050000E-05       258.8515    
   0.6750000E-05       260.2605    
   0.6450000E-05       261.7430    
   0.6150000E-05       263.2320    
   0.5875000E-05       264.6245    
   0.5625000E-05       265.9655    
   0.5375000E-05       267.3095    
   0.5125000E-05       268.6910    
   0.4875000E-05       271.0800    
   0.4625000E-05       274.3680    
   0.4375000E-05       277.7480    
   0.4125000E-05       281.2040    
   0.3900000E-05       284.3365    
   0.3700000E-05       287.2500    
   0.3500000E-05       290.1765    
   0.3300000E-05       293.1720    
   0.3100000E-05       296.2825    
   0.2900000E-05       299.4995    
   0.2750000E-05       301.9700    
   0.2625000E-05       304.1200    
   0.2475000E-05       306.7735    
   0.2350000E-05       309.0890    
   0.2250000E-05       310.9970    
   0.2150000E-05       312.9840    
   0.2050000E-05       315.0210    
   0.1950000E-05       317.1475    
   0.1850000E-05       319.3640    
   0.1750000E-05       321.6650    
   0.1650000E-05       324.0950    
   0.1550000E-05       326.6435    
   0.1462500E-05       329.0100    
   0.1387500E-05       331.1300    
   0.1312500E-05       333.3800    
   0.1237500E-05       335.7650    
   0.1175000E-05       337.8350    
   0.1125000E-05       339.6200    
   0.1075000E-05       341.4650    
   0.1025000E-05       343.4100    
   0.9800000E-06       345.8400    
   0.9400000E-06       348.6450    
   0.9000000E-06       351.5750    
   0.8600000E-06       354.5900    
   0.8200000E-06       357.7800    
   0.7800000E-06       361.0350    
   0.7400000E-06       364.4250    
   0.7050000E-06       367.5400    
   0.6750000E-06       370.2500    
   0.6450000E-06       373.1200    
   0.6150000E-06       376.1200    
   0.5875000E-06       379.0400    
   0.5625000E-06       381.7750    
   0.5375000E-06       384.5600    
   0.5125000E-06       387.5450    
   0.4875000E-06       391.8100    
   0.4625000E-06       397.3400    
   0.4375000E-06       403.0700    
   0.4125000E-06       409.0800    
   0.3900000E-06       414.6100    
   0.3700000E-06       419.8550    
   0.3500000E-06       425.2800    
   0.3300000E-06       430.8550    
   0.3100000E-06       436.8600    
   0.2900000E-06       443.1350    
   0.2750000E-06       448.0800    
   0.2625000E-06       452.4150    
   0.2475000E-06       457.9650    
   0.2350000E-06       462.7000    
   0.2250000E-06       466.8400    
   0.2150000E-06       471.1050    
   0.2050000E-06       475.4900    
   0.1950000E-06       480.3600    
   0.1850000E-06       485.3500    
   0.1750000E-06       490.5750    
   0.1650000E-06       496.3600    
   0.1550000E-06       502.2750    
   0.1462500E-06       507.9650    
   0.1387500E-06       513.2450    
   0.1312500E-06       518.8300    
   0.1237500E-06       525.0050    
   0.1175000E-06       530.2050    
   0.1125000E-06       534.7850    
   0.1075000E-06       539.6200    
   0.1025000E-06       544.7600    
   0.9800000E-07       550.8250    
   0.9400000E-07       557.6650    
   0.9000000E-07       564.8600    
   0.8600000E-07       572.2300    
   0.8200000E-07       580.0250    
   0.7800000E-07       588.2300    
   0.7400000E-07       596.7650    
   0.7050000E-07       604.6400    
   0.6750000E-07       611.8650    
   0.6450000E-07       619.3150    
   0.6150000E-07       627.2300    
   0.5875000E-07       634.7650    
   0.5625000E-07       642.0250    
   0.5375000E-07       649.7600    
   0.5125000E-07       658.0700    
   0.4875000E-07       666.4449    
   0.4625000E-07       675.7150    
   0.4375000E-07       685.6050    
   0.4125000E-07       695.7300    
   0.3900000E-07       706.1150    
   0.3700000E-07       715.6801    
   0.3500000E-07       726.0100    
   0.3300000E-07       737.0699    
   0.3100000E-07       749.1650    
   0.2900000E-07       762.3700    
   0.2750000E-07       773.0600    
   0.2625000E-07       782.6850    
   0.2475000E-07       796.0350    
   0.2350000E-07       809.2550    
   0.2250000E-07       820.4750    
   0.2150000E-07       832.3900    
   0.2050000E-07       844.9850    
   0.1950000E-07       858.2150    
   0.1850000E-07       872.4350    
   0.1750000E-07       887.6450    
   0.1650000E-07       904.0200    
   0.1550000E-07       921.5900    
   0.1462500E-07       938.2350    
   0.1387500E-07       953.7250    
   0.1312500E-07       970.1650    
   0.1237500E-07       988.0050    
   0.1175000E-07       1004.090    
   0.1125000E-07       1017.565    
   0.1075000E-07       1032.145    
   0.1025000E-07       1047.870    
   0.9800000E-08       1063.310    
   0.9400000E-08       1078.825    
   0.9000000E-08       1095.240    
   0.8600000E-08       1112.805    
   0.8200000E-08       1130.965    
   0.7800000E-08       1150.580    
   0.7400001E-08       1171.745    
   0.7050000E-08       1191.605    
   0.6750000E-08       1209.300    
   0.6450000E-08       1228.350    
   0.6150000E-08       1248.695    
   0.5875000E-08       1268.640    
   0.5625000E-08       1287.380    
   0.5375000E-08       1307.920    
   0.5125000E-08       1329.760    
   0.4875000E-08       1354.815    
   0.4625000E-08       1383.405    
   0.4375000E-08       1413.695    
   0.4125000E-08       1446.390    
   0.3900000E-08       1477.890    
   0.3700000E-08       1508.435    
   0.3500000E-08       1540.800    
   0.3300000E-08       1575.550    
   0.3100000E-08       1613.400    
   0.2900000E-08       1654.850    
   0.2750000E-08       1688.300    
   0.2625000E-08       1719.200    
   0.2475000E-08       1757.450    
   0.2350000E-08       1792.250    
   0.2250000E-08       1822.050    
   0.2150000E-08       1854.500    
   0.2050000E-08       1888.100    
   0.1950000E-08       1924.400    
   0.1850000E-08       1963.550    
   0.1750000E-08       2006.250    
   0.1650000E-08       2051.350    
   0.1550000E-08       2101.350    
   0.1462500E-08       2148.900    
   0.1387500E-08       2193.150    
   0.1312500E-08       2241.500    
   0.1237500E-08       2294.050    
   0.1175000E-08       2340.650    
   0.1125000E-08       2382.350    
   0.1075000E-08       2424.300    
   0.1025000E-08       2470.000    
   0.9800000E-09       2515.550    
   0.9400000E-09       2560.350    
   0.9000000E-09       2608.850    
   0.8600000E-09       2657.750    
   0.8200000E-09       2710.650    
   0.7800000E-09       2768.100    
   0.7400000E-09       2830.200    
   0.7050000E-09       2887.800    
   0.6750000E-09       2940.950    
   0.6450000E-09       2999.300    
   0.6150000E-09       3058.800    
   0.5875000E-09       3118.400    
   0.5625000E-09       3178.050    
   0.5375000E-09       3237.850    
   0.5125000E-09       3302.150    
   0.4875000E-09       3376.100    
   0.4625000E-09       3456.550    
   0.4375000E-09       3545.450    
   0.4125000E-09       3636.700    
   0.3900000E-09       3730.850    
   0.3700000E-09       3817.300    
   0.3500000E-09       3912.600    
   0.3300000E-09       4016.550    
   0.3100000E-09       4126.150    
   0.2900000E-09       4251.450    
   0.2750000E-09       4350.400    
   0.2625000E-09       4440.650    
   0.2475000E-09       4557.650    
   0.2350000E-09       4667.900    
   0.2250000E-09       4759.950    
   0.2150000E-09       4852.100    
   0.2050000E-09       4956.300    
   0.1950000E-09       5069.550    
   0.1850000E-09       5185.250    
   0.1750000E-09       5320.000    
   0.1650000E-09       5458.900    
   0.1550000E-09       5610.000    
   0.1462500E-09       5758.000    
   0.1387500E-09       5894.850    
   0.1312500E-09       6043.250    
   0.1237500E-09       6206.100    
   0.1175000E-09       5835.380    
   0.1125000E-09       5789.000    
   0.1075000E-09       5923.000    
   0.1025000E-09       6066.500    
